TOB3,67953,CR1000,67953,CR1000.Std.32.05,CPU:1301269T.CR1,25943,2021-09-29 05:09:10,


Scan Number,Date,Time,X_Accel,Y_Accel,Z_Accel,Wave_Radar
,,,mm/s^2,mm/s^2,mm/s^2,Meters
11227960,29/9/2021,5:08:36 AM,-3.1039604E+1,-1.6235664E+1,3.8282915E+3,2.1861797E+1
11227961,29/9/2021,5:08:36 AM,-3.5667614E+1,-1.6565321E+1,3.8291846E+3,2.1883892E+1
11227962,29/9/2021,5:08:36 AM,-4.1040367E+1,-1.6480249E+1,3.8273987E+3,2.1883892E+1
11227963,29/9/2021,5:08:36 AM,-4.5056633E+1,-1.7477200E+1,3.8273987E+3,2.1928082E+1
11227964,29/9/2021,5:08:36 AM,-4.7955788E+1,-1.7849392E+1,3.8291846E+3,2.1928082E+1
11227965,29/9/2021,5:08:36 AM,-5.0588966E+1,-2.0802277E+1,3.8247205E+3,2.1928082E+1
11227966,29/9/2021,5:08:37 AM,-5.0429382E+1,-2.3274900E+1,3.8265059E+3,2.1950172E+1
11227967,29/9/2021,5:08:37 AM,-4.9418667E+1,-2.6096914E+1,3.8238276E+3,2.1972267E+1
11227968,29/9/2021,5:08:37 AM,-4.6891876E+1,-2.8757671E+1,3.8247205E+3,2.2038548E+1
11227969,29/9/2021,5:08:37 AM,-4.0774391E+1,-3.1176540E+1,3.8273987E+3,2.2038548E+1
11227970,29/9/2021,5:08:37 AM,-3.4976074E+1,-3.3864174E+1,3.8247205E+3,2.2016457E+1
11227971,29/9/2021,5:08:37 AM,-2.8193642E+1,-3.5960529E+1,3.8265059E+3,2.2016457E+1
11227972,29/9/2021,5:08:37 AM,-2.1145231E+1,-3.8110634E+1,3.8256133E+3,2.2016457E+1
11227973,29/9/2021,5:08:37 AM,-1.7559158E+1,-3.8325645E+1,3.8256133E+3,2.1994362E+1
11227974,29/9/2021,5:08:37 AM,-1.2455058E+1,-3.7922501E+1,3.8273987E+3,2.1994362E+1
11227975,29/9/2021,5:08:37 AM,-7.1773129E+0,-3.7304344E+1,3.8291846E+3,2.1972267E+1
11227976,29/9/2021,5:08:38 AM,-3.9668059E+0,-3.5933651E+1,3.8291846E+3,2.1972267E+1
11227977,29/9/2021,5:08:38 AM,-1.4535939E+0,-3.5288620E+1,3.8291846E+3,2.1950172E+1
11227978,29/9/2021,5:08:38 AM,8.2956964E-1,-3.3487904E+1,3.8291846E+3,2.1928082E+1
11227979,29/9/2021,5:08:38 AM,2.4646962E+0,-3.1203417E+1,3.8309702E+3,2.1928082E+1
11227980,29/9/2021,5:08:38 AM,5.6013560E+0,-3.0101488E+1,3.8309702E+3,2.1905987E+1
11227981,29/9/2021,5:08:38 AM,8.7664251E+0,-2.8865177E+1,3.8309702E+3,2.1905987E+1
11227982,29/9/2021,5:08:38 AM,1.1205342E+1,-2.7333225E+1,3.8309702E+3,2.1928082E+1
11227983,29/9/2021,5:08:38 AM,1.2754990E+1,-2.5344379E+1,3.8309702E+3,2.1928082E+1
11227984,29/9/2021,5:08:38 AM,1.4159932E+1,-2.3839302E+1,3.8309702E+3,2.1928082E+1
11227985,29/9/2021,5:08:38 AM,1.6427679E+1,-2.1285568E+1,3.8327556E+3,2.1950184E+1
11227986,29/9/2021,5:08:39 AM,1.7387976E+1,-1.7522224E+1,3.8327556E+3,2.1950184E+1
11227987,29/9/2021,5:08:39 AM,1.6509237E+1,-1.4903594E+1,3.8327556E+3,2.1928089E+1
11227988,29/9/2021,5:08:39 AM,1.4778069E+1,-1.1806433E+1,3.8345413E+3,2.1905994E+1
11227989,29/9/2021,5:08:39 AM,1.0836901E+1,-8.0047665E+0,3.8327556E+3,2.1905994E+1
11227990,29/9/2021,5:08:39 AM,6.2853498E+0,-4.3182135E+0,3.8345413E+3,2.1861805E+1
11227991,29/9/2021,5:08:39 AM,1.6566188E+0,-6.0150284E-1,3.8354341E+3,2.1839714E+1
11227992,29/9/2021,5:08:39 AM,-5.0688891E+0,3.0381203E+0,3.8363269E+3,2.1817619E+1
11227993,29/9/2021,5:08:39 AM,-1.2368115E+1,6.2793951E+0,3.8354341E+3,2.1751339E+1
11227994,29/9/2021,5:08:39 AM,-1.9619026E+1,8.4194946E+0,3.8345413E+3,2.1751339E+1
11227995,29/9/2021,5:08:39 AM,-2.6517382E+1,1.0144865E+1,3.8363269E+3,2.1707150E+1
11227996,29/9/2021,5:08:40 AM,-3.1278276E+1,8.9246101E+0,3.8363269E+3,2.1662964E+1
11227997,29/9/2021,5:08:40 AM,-3.5454029E+1,5.7609863E+0,3.8327556E+3,2.1685055E+1
11227998,29/9/2021,5:08:40 AM,-4.1358604E+1,1.5274659E+0,3.8309702E+3,2.1729244E+1
11227999,29/9/2021,5:08:40 AM,-4.5401375E+1,-3.5056465E+0,3.8282915E+3,2.1729244E+1
11228000,29/9/2021,5:08:40 AM,-4.7981300E+1,-7.0583382E+0,3.8318628E+3,2.1662964E+1
11228001,29/9/2021,5:08:40 AM,-5.0375046E+1,-1.1684141E+1,3.8273987E+3,2.1640869E+1
11228002,29/9/2021,5:08:40 AM,-5.2901775E+1,-1.8043291E+1,3.8256133E+3,2.1662964E+1
11228003,29/9/2021,5:08:40 AM,-5.4151840E+1,-2.2790609E+1,3.8273987E+3,2.1662964E+1
11228004,29/9/2021,5:08:40 AM,-5.6651978E+1,-2.6391956E+1,3.8238276E+3,2.1662964E+1
11228005,29/9/2021,5:08:40 AM,-5.8939335E+1,-2.9187031E+1,3.8238276E+3,2.1662964E+1
11228006,29/9/2021,5:08:41 AM,-6.0162804E+1,-3.1982105E+1,3.8238276E+3,2.1685055E+1
11228007,29/9/2021,5:08:41 AM,-6.0083012E+1,-3.3836533E+1,3.8238276E+3,2.1685055E+1
11228008,29/9/2021,5:08:41 AM,-6.0295788E+1,-3.5771584E+1,3.8220420E+3,2.1707150E+1
11228009,29/9/2021,5:08:41 AM,-5.8008430E+1,-3.6658482E+1,3.8247205E+3,2.1707150E+1
11228010,29/9/2021,5:08:41 AM,-5.5162533E+1,-3.8056019E+1,3.8238276E+3,2.1707150E+1
11228011,29/9/2021,5:08:41 AM,-4.9284561E+1,-3.9211674E+1,3.8238276E+3,2.1707150E+1
11228012,29/9/2021,5:08:41 AM,-4.5161999E+1,-3.9561058E+1,3.8238276E+3,2.1707150E+1
11228013,29/9/2021,5:08:41 AM,-4.1039436E+1,-4.0770466E+1,3.8238276E+3,2.1729244E+1
11228014,29/9/2021,5:08:41 AM,-3.3672020E+1,-4.1737991E+1,3.8273987E+3,2.1751339E+1
11228015,29/9/2021,5:08:41 AM,-2.5320509E+1,-4.2839893E+1,3.8273987E+3,2.1773430E+1
11228016,29/9/2021,5:08:42 AM,-1.9771622E+1,-4.5043705E+1,3.8238276E+3,2.1795525E+1
11228017,29/9/2021,5:08:42 AM,-1.4725451E+1,-4.7086262E+1,3.8238276E+3,2.1795525E+1
11228018,29/9/2021,5:08:42 AM,-8.5821733E+0,-4.6683121E+1,3.8273987E+3,2.1817619E+1
11228019,29/9/2021,5:08:42 AM,-3.4756513E+0,-4.3646168E+1,3.8282915E+3,2.1839714E+1
11228020,29/9/2021,5:08:42 AM,-5.4935706E-1,-4.1657364E+1,3.8282915E+3,2.1861805E+1
11228021,29/9/2021,5:08:42 AM,4.3312936E+0,-4.0743587E+1,3.8273987E+3,2.1883900E+1
11228022,29/9/2021,5:08:42 AM,7.1167312E+0,-3.7464752E+1,3.8273987E+3,2.1883900E+1
11228023,29/9/2021,5:08:42 AM,7.9244342E+0,-3.3084011E+1,3.8291846E+3,2.1928089E+1
11228024,29/9/2021,5:08:42 AM,1.0602746E+1,-2.7305731E+1,3.8327556E+3,2.1928089E+1
11228025,29/9/2021,5:08:42 AM,1.3667808E+1,-2.3596880E+1,3.8327556E+3,2.1928089E+1
11228026,29/9/2021,5:08:43 AM,1.6193523E+1,-2.0559925E+1,3.8327556E+3,2.1928089E+1
11228027,29/9/2021,5:08:43 AM,1.9061264E+1,-1.7671101E+1,3.8327556E+3,2.1950184E+1
11228028,29/9/2021,5:08:43 AM,2.0300444E+1,-1.4898278E+1,3.8309702E+3,2.1950184E+1
11228029,29/9/2021,5:08:43 AM,2.1038363E+1,-1.0134231E+1,3.8363269E+3,2.1950184E+1
11228030,29/9/2021,5:08:43 AM,2.2448013E+1,-6.6515861E+0,3.8354341E+3,2.1928089E+1
11228031,29/9/2021,5:08:43 AM,2.3192734E+1,-5.1331825E+0,3.8354341E+3,2.1928089E+1
11228032,29/9/2021,5:08:43 AM,2.4495995E+1,-3.5232589E+0,3.8363269E+3,2.1928089E+1
11228033,29/9/2021,5:08:43 AM,2.2554403E+1,-8.4199733E-1,3.8354341E+3,2.1905994E+1
11228034,29/9/2021,5:08:43 AM,1.8821846E+1,2.4256928E+0,3.8363269E+3,2.1905994E+1
11228035,29/9/2021,5:08:43 AM,1.5441071E+1,4.5239573E+0,3.8363269E+3,2.1883900E+1
11228036,29/9/2021,5:08:44 AM,1.1560413E+1,6.3990283E+0,3.8381123E+3,2.1883900E+1
11228037,29/9/2021,5:08:44 AM,6.4063735E+0,7.5288939E+0,3.8354341E+3,2.1883900E+1
11228038,29/9/2021,5:08:44 AM,9.3407637E-1,7.7947450E+0,3.8345413E+3,2.1861805E+1
11228039,29/9/2021,5:08:44 AM,-2.6279314E+0,9.5068235E+0,3.8363269E+3,2.1861805E+1
11228040,29/9/2021,5:08:44 AM,-7.1588264E+0,1.1774530E+1,3.8354341E+3,2.1861805E+1
11228041,29/9/2021,5:08:44 AM,-1.1520948E+1,1.1290682E+1,3.8354341E+3,2.1883900E+1
11228042,29/9/2021,5:08:44 AM,-1.3181081E+1,1.0317669E+1,3.8363269E+3,2.1883900E+1
11228043,29/9/2021,5:08:44 AM,-1.6085653E+1,7.7016969E+0,3.8318628E+3,2.1883900E+1
11228044,29/9/2021,5:08:44 AM,-1.8535074E+1,5.9417648E+0,3.8336484E+3,2.1883900E+1
11228045,29/9/2021,5:08:44 AM,-2.1517113E+1,5.5935001E+0,3.8345413E+3,2.1883900E+1
11228046,29/9/2021,5:08:45 AM,-2.4123636E+1,1.7724370E+0,3.8318628E+3,2.1905994E+1
11228047,29/9/2021,5:08:45 AM,-2.5480089E+1,-1.4173712E+0,3.8327556E+3,2.1905994E+1
11228048,29/9/2021,5:08:45 AM,-2.8485573E+1,-4.5759935E+0,3.8309702E+3,2.1928089E+1
11228049,29/9/2021,5:08:45 AM,-3.2182579E+1,-7.6591611E+0,3.8309702E+3,2.1928089E+1
11228050,29/9/2021,5:08:45 AM,-3.5134865E+1,-1.0272473E+1,3.8309702E+3,2.1950184E+1
11228051,29/9/2021,5:08:45 AM,-3.7608402E+1,-1.5004617E+1,3.8291846E+3,2.1972275E+1
11228052,29/9/2021,5:08:45 AM,-3.8778679E+1,-1.8654749E+1,3.8282915E+3,2.1972275E+1
11228053,29/9/2021,5:08:45 AM,-4.1757561E+1,-2.1742456E+1,3.8273987E+3,2.1994370E+1
11228054,29/9/2021,5:08:45 AM,-4.3778946E+1,-2.6257576E+1,3.8256133E+3,2.1994370E+1
11228055,29/9/2021,5:08:45 AM,-4.3645958E+1,-2.9670794E+1,3.8273987E+3,2.1972275E+1
11228056,29/9/2021,5:08:46 AM,-4.4443874E+1,-3.3487148E+1,3.8256133E+3,2.1972275E+1
11228057,29/9/2021,5:08:46 AM,-4.3512974E+1,-3.7464752E+1,3.8256133E+3,2.1972275E+1
11228058,29/9/2021,5:08:46 AM,-4.1996937E+1,-4.1764866E+1,3.8238276E+3,2.1972275E+1
11228059,29/9/2021,5:08:46 AM,-4.0906452E+1,-4.6118732E+1,3.8220420E+3,2.1972275E+1
11228060,29/9/2021,5:08:46 AM,-3.8645691E+1,-4.8752556E+1,3.8238276E+3,2.1972275E+1
11228061,29/9/2021,5:08:46 AM,-3.7422222E+1,-5.0580105E+1,3.8220420E+3,2.1972275E+1
11228062,29/9/2021,5:08:46 AM,-3.5932781E+1,-5.1870140E+1,3.8238276E+3,2.1950184E+1
11228063,29/9/2021,5:08:46 AM,-3.5427433E+1,-5.2703285E+1,3.8220420E+3,2.1928089E+1
11228064,29/9/2021,5:08:46 AM,-3.4257156E+1,-5.3079548E+1,3.8220420E+3,2.1905994E+1
11228065,29/9/2021,5:08:46 AM,-3.3539036E+1,-5.0795109E+1,3.8238276E+3,2.1861805E+1
11228066,29/9/2021,5:08:47 AM,-3.2874104E+1,-4.8779430E+1,3.8256133E+3,2.1817619E+1
11228067,29/9/2021,5:08:47 AM,-3.2129387E+1,-4.6468117E+1,3.8256133E+3,2.1795525E+1
11228068,29/9/2021,5:08:47 AM,-3.2315563E+1,-4.4909328E+1,3.8238276E+3,2.1751339E+1
11228069,29/9/2021,5:08:47 AM,-3.0613346E+1,-4.2356133E+1,3.8273987E+3,2.1707150E+1
11228070,29/9/2021,5:08:47 AM,-2.7155712E+1,-3.9883568E+1,3.8282915E+3,2.1729244E+1
11228071,29/9/2021,5:08:47 AM,-2.5825855E+1,-3.9050419E+1,3.8256133E+3,2.1751339E+1
11228072,29/9/2021,5:08:47 AM,-2.2421415E+1,-3.8136642E+1,3.8273987E+3,2.1729244E+1
11228073,29/9/2021,5:08:47 AM,-2.0107462E+1,-3.6040337E+1,3.8256133E+3,2.1707150E+1
11228074,29/9/2021,5:08:47 AM,-1.6354012E+1,-3.4535297E+1,3.8273987E+3,2.1707150E+1
11228075,29/9/2021,5:08:47 AM,-1.1681437E+1,-3.1659597E+1,3.8291846E+3,2.1685055E+1
11228076,29/9/2021,5:08:48 AM,-8.9347200E+0,-2.9025776E+1,3.8291846E+3,2.1662964E+1
11228077,29/9/2021,5:08:48 AM,-7.5429459E+0,-2.5558809E+1,3.8300774E+3,2.1640869E+1
11228078,29/9/2021,5:08:48 AM,-5.3636103E+0,-2.2468102E+1,3.8291846E+3,2.1640869E+1
11228079,29/9/2021,5:08:48 AM,-5.5418692E+0,-1.7875805E+1,3.8309702E+3,2.1618774E+1
11228080,29/9/2021,5:08:48 AM,-4.1189675E+0,-1.3574341E+1,3.8327556E+3,2.1618774E+1
11228081,29/9/2021,5:08:48 AM,-4.0500407E+0,-9.0628529E+0,3.8345413E+3,2.1640869E+1
11228082,29/9/2021,5:08:48 AM,-5.2249646E+0,-5.5670853E+0,3.8336484E+3,2.1640869E+1
11228083,29/9/2021,5:08:48 AM,-5.5907774E+0,-3.4456048E+0,3.8345413E+3,2.1662964E+1
11228084,29/9/2021,5:08:48 AM,-5.1702986E+0,-1.0566293E+0,3.8345413E+3,2.1662964E+1
11228085,29/9/2021,5:08:48 AM,-6.2090521E+0,1.2576777E+0,3.8345413E+3,2.1662964E+1
11228086,29/9/2021,5:08:49 AM,-4.8042736E+0,2.3816621E+0,3.8363269E+3,2.1662964E+1
11228087,29/9/2021,5:08:49 AM,-4.0587559E+0,2.7667308E+0,3.8354341E+3,2.1662964E+1
11228088,29/9/2021,5:08:49 AM,-4.1157985E+0,1.4930419E+0,3.8327556E+3,2.1707150E+1
11228089,29/9/2021,5:08:49 AM,-3.3583963E+0,5.0711811E-1,3.8345413E+3,2.1729244E+1
11228090,29/9/2021,5:08:49 AM,-2.8521414E+0,-5.4071265E-1,3.8327556E+3,2.1729244E+1
11228091,29/9/2021,5:08:49 AM,-2.9828646E+0,5.9457064E-2,3.8354341E+3,2.1773430E+1
11228092,29/9/2021,5:08:49 AM,-4.0357800E+0,-8.1853442E-2,3.8336484E+3,2.1795525E+1
11228093,29/9/2021,5:08:49 AM,-6.3169212E+0,-1.9909894E+0,3.8318628E+3,2.1839714E+1
11228094,29/9/2021,5:08:49 AM,-8.0612440E+0,-3.2110410E+0,3.8309702E+3,2.1883900E+1
11228095,29/9/2021,5:08:49 AM,-1.1055270E+1,-3.2686810E+0,3.8318628E+3,2.1883900E+1
11228096,29/9/2021,5:08:50 AM,-1.3702010E+1,-3.7890444E+0,3.8309702E+3,2.1928089E+1
11228097,29/9/2021,5:08:50 AM,-1.4880677E+1,-4.5920048E+0,3.8327556E+3,2.1928089E+1
11228098,29/9/2021,5:08:50 AM,-1.7080156E+1,-5.4486027E+0,3.8318628E+3,2.1928089E+1
11228099,29/9/2021,5:08:50 AM,-1.9253325E+1,-6.7366586E+0,3.8309702E+3,2.1928089E+1
11228100,29/9/2021,5:08:50 AM,-1.9200705E+1,-8.9538536E+0,3.8291846E+3,2.1928089E+1
11228101,29/9/2021,5:08:50 AM,-1.9287527E+1,-9.5041647E+0,3.8327556E+3,2.1905994E+1
11228102,29/9/2021,5:08:50 AM,-1.8813953E+1,-1.1997846E+1,3.8309702E+3,2.1905994E+1
11228103,29/9/2021,5:08:50 AM,-1.7148560E+1,-1.4565964E+1,3.8291846E+3,2.1861805E+1
11228104,29/9/2021,5:08:50 AM,-1.6272451E+1,-1.7091547E+1,3.8291846E+3,2.1861805E+1
11228105,29/9/2021,5:08:50 AM,-1.4867522E+1,-2.0989937E+1,3.8273987E+3,2.1839714E+1
11228106,29/9/2021,5:08:51 AM,-1.3112676E+1,-2.1688705E+1,3.8309702E+3,2.1839714E+1
11228107,29/9/2021,5:08:51 AM,-1.2607533E+1,-2.2790609E+1,3.8291846E+3,2.1817619E+1
11228108,29/9/2021,5:08:51 AM,-1.3149509E+1,-2.4241899E+1,3.8291846E+3,2.1861805E+1
11228109,29/9/2021,5:08:51 AM,-1.3023224E+1,-2.6203825E+1,3.8291846E+3,2.1883900E+1
11228110,29/9/2021,5:08:51 AM,-1.4559702E+1,-2.6795092E+1,3.8273987E+3,2.1883900E+1
11228111,29/9/2021,5:08:51 AM,-1.6503975E+1,-2.5720064E+1,3.8291846E+3,2.1905994E+1
11228112,29/9/2021,5:08:51 AM,-1.7816822E+1,-2.5961946E+1,3.8300774E+3,2.1905994E+1
11228113,29/9/2021,5:08:51 AM,-1.8340382E+1,-2.6956347E+1,3.8291846E+3,2.1928089E+1
11228114,29/9/2021,5:08:51 AM,-1.9453276E+1,-2.8219503E+1,3.8291846E+3,2.1928089E+1
11228115,29/9/2021,5:08:51 AM,-1.9782145E+1,-3.0154558E+1,3.8273987E+3,2.1928089E+1
11228116,29/9/2021,5:08:52 AM,-1.9324358E+1,-3.0530815E+1,3.8273987E+3,2.1905994E+1
11228117,29/9/2021,5:08:52 AM,-1.9200705E+1,-3.1820852E+1,3.8273987E+3,2.1905994E+1
11228118,29/9/2021,5:08:52 AM,-1.7861549E+1,-3.3433392E+1,3.8273987E+3,2.1905994E+1
11228119,29/9/2021,5:08:52 AM,-1.6377691E+1,-3.4911560E+1,3.8273987E+3,2.1905994E+1
11228120,29/9/2021,5:08:52 AM,-1.6296131E+1,-3.5798458E+1,3.8265059E+3,2.1905994E+1
11228121,29/9/2021,5:08:52 AM,-1.6188261E+1,-3.5879086E+1,3.8273987E+3,2.1928089E+1
11228122,29/9/2021,5:08:52 AM,-1.6225096E+1,-3.5449074E+1,3.8282915E+3,2.1928089E+1
11228123,29/9/2021,5:08:52 AM,-1.7127512E+1,-3.3890282E+1,3.8282915E+3,2.1928089E+1
11228124,29/9/2021,5:08:52 AM,-1.8900776E+1,-3.2976509E+1,3.8273987E+3,2.1928089E+1
11228125,29/9/2021,5:08:52 AM,-2.0772390E+1,-3.1390841E+1,3.8291846E+3,2.1950184E+1
11228126,29/9/2021,5:08:53 AM,-2.2926762E+1,-2.8649515E+1,3.8291846E+3,2.2016464E+1
11228127,29/9/2021,5:08:53 AM,-2.5639673E+1,-2.6848843E+1,3.8291846E+3,2.2016464E+1
11228128,29/9/2021,5:08:53 AM,-2.5825855E+1,-2.6365080E+1,3.8291846E+3,2.2016464E+1
11228129,29/9/2021,5:08:53 AM,-2.7022728E+1,-2.6096325E+1,3.8273987E+3,2.2016464E+1
11228130,29/9/2021,5:08:53 AM,-2.7474880E+1,-2.6123198E+1,3.8273987E+3,2.2016464E+1
11228131,29/9/2021,5:08:53 AM,-2.7208906E+1,-2.6633837E+1,3.8265059E+3,2.2016464E+1
11228132,29/9/2021,5:08:53 AM,-2.6065228E+1,-2.6123198E+1,3.8265059E+3,2.2016464E+1
11228133,29/9/2021,5:08:53 AM,-2.5240717E+1,-2.4107519E+1,3.8291846E+3,2.1972275E+1
11228134,29/9/2021,5:08:53 AM,-2.3059750E+1,-2.4053768E+1,3.8256133E+3,2.1950184E+1
11228135,29/9/2021,5:08:53 AM,-2.1064960E+1,-2.2414351E+1,3.8291846E+3,2.1950184E+1
11228136,29/9/2021,5:08:54 AM,-2.0061026E+1,-1.9173157E+1,3.8273987E+3,2.1928089E+1
11228137,29/9/2021,5:08:54 AM,-1.9700586E+1,-1.6171701E+1,3.8300774E+3,2.1928089E+1
11228138,29/9/2021,5:08:54 AM,-1.7906275E+1,-1.2391304E+1,3.8318628E+3,2.1883900E+1
11228139,29/9/2021,5:08:54 AM,-1.7045954E+1,-8.7571249E+0,3.8327556E+3,2.1817619E+1
11228140,29/9/2021,5:08:54 AM,-1.7138035E+1,-4.5711904E+0,3.8336484E+3,2.1839714E+1
11228141,29/9/2021,5:08:54 AM,-1.7722107E+1,-1.2296680E+0,3.8327556E+3,2.1795525E+1
11228142,29/9/2021,5:08:54 AM,-1.8750811E+1,1.8909196E+0,3.8336484E+3,2.1795525E+1
11228143,29/9/2021,5:08:54 AM,-1.8527180E+1,4.0788465E+0,3.8363269E+3,2.1795525E+1
11228144,29/9/2021,5:08:54 AM,-1.6748655E+1,4.6576505E+0,3.8345413E+3,2.1795525E+1
11228145,29/9/2021,5:08:54 AM,-1.5712059E+1,5.3077040E+0,3.8363269E+3,2.1795525E+1
11228146,29/9/2021,5:08:55 AM,-1.3431022E+1,2.2463677E+0,3.8318628E+3,2.1773430E+1
11228147,29/9/2021,5:08:55 AM,-1.1318365E+1,-1.2381999E+0,3.8336484E+3,2.1773430E+1
11228148,29/9/2021,5:08:55 AM,-8.2480421E+0,-4.9258375E+0,3.8309702E+3,2.1795525E+1
11228149,29/9/2021,5:08:55 AM,-6.0038376E+0,-7.6219416E+0,3.8327556E+3,2.1795525E+1
11228150,29/9/2021,5:08:55 AM,-3.9058492E+0,-1.1298657E+1,3.8327556E+3,2.1795525E+1
11228151,29/9/2021,5:08:55 AM,-2.5336523E+0,-1.4483550E+1,3.8309702E+3,2.1795525E+1
11228152,29/9/2021,5:08:55 AM,-1.9457942E+0,-1.6854939E+1,3.8309702E+3,2.1795525E+1
11228153,29/9/2021,5:08:55 AM,-2.9075997E+0,-1.8333069E+1,3.8309702E+3,2.1817619E+1
11228154,29/9/2021,5:08:55 AM,-4.1530347E+0,-1.9375204E+1,3.8327556E+3,2.1817619E+1
11228155,29/9/2021,5:08:55 AM,-5.8301945E+0,-2.0326950E+1,3.8309702E+3,2.1817619E+1
11228156,29/9/2021,5:08:56 AM,-7.9638987E+0,-2.2038090E+1,3.8309702E+3,2.1839714E+1
11228157,29/9/2021,5:08:56 AM,-1.0397531E+1,-2.3489378E+1,3.8300774E+3,2.1839714E+1
11228158,29/9/2021,5:08:56 AM,-1.3020593E+1,-2.5961946E+1,3.8291846E+3,2.1795525E+1
11228159,29/9/2021,5:08:56 AM,-1.4267665E+1,-2.7896997E+1,3.8291846E+3,2.1795525E+1
11228160,29/9/2021,5:08:56 AM,-1.5854131E+1,-2.9993303E+1,3.8291846E+3,2.1795525E+1
11228161,29/9/2021,5:08:56 AM,-1.7472166E+1,-3.3755905E+1,3.8265059E+3,2.1795525E+1
11228162,29/9/2021,5:08:56 AM,-1.6772333E+1,-3.6792858E+1,3.8273987E+3,2.1795525E+1
11228163,29/9/2021,5:08:56 AM,-1.7872072E+1,-3.9292301E+1,3.8238276E+3,2.1795525E+1
11228164,29/9/2021,5:08:56 AM,-1.8845526E+1,-4.0071697E+1,3.8265059E+3,2.1795525E+1
11228165,29/9/2021,5:08:56 AM,-1.9400658E+1,-4.0340454E+1,3.8256133E+3,2.1795525E+1
11228166,29/9/2021,5:08:57 AM,-2.1118155E+1,-4.0313576E+1,3.8238276E+3,2.1751339E+1
11228167,29/9/2021,5:08:57 AM,-2.3458706E+1,-3.7276623E+1,3.8265059E+3,2.1751339E+1
11228168,29/9/2021,5:08:57 AM,-2.6703560E+1,-3.4830933E+1,3.8256133E+3,2.1751339E+1
11228169,29/9/2021,5:08:57 AM,-3.0693138E+1,-3.0638319E+1,3.8273987E+3,2.1729244E+1
11228170,29/9/2021,5:08:57 AM,-3.3352856E+1,-2.6176952E+1,3.8291846E+3,2.1729244E+1
11228171,29/9/2021,5:08:57 AM,-3.8379723E+1,-2.2763733E+1,3.8282915E+3,2.1707150E+1
11228172,29/9/2021,5:08:57 AM,-4.2050129E+1,-1.9890955E+1,3.8291846E+3,2.1707150E+1
11228173,29/9/2021,5:08:57 AM,-4.3167213E+1,-1.8378263E+1,3.8282915E+3,2.1707150E+1
11228174,29/9/2021,5:08:57 AM,-4.5029015E+1,-1.6036118E+1,3.8291846E+3,2.1685055E+1
11228175,29/9/2021,5:08:57 AM,-4.5427971E+1,-1.4847766E+1,3.8291846E+3,2.1685055E+1
11228176,29/9/2021,5:08:58 AM,-4.3965126E+1,-1.5592147E+1,3.8291846E+3,2.1685055E+1
11228177,29/9/2021,5:08:58 AM,-4.2342697E+1,-1.5863315E+1,3.8282915E+3,2.1707150E+1
11228178,29/9/2021,5:08:58 AM,-3.9523399E+1,-1.7280300E+1,3.8273987E+3,2.1685055E+1
11228179,29/9/2021,5:08:58 AM,-3.6650906E+1,-1.8739820E+1,3.8291846E+3,2.1685055E+1
11228180,29/9/2021,5:08:58 AM,-3.3911396E+1,-2.0100977E+1,3.8273987E+3,2.1685055E+1
11228181,29/9/2021,5:08:58 AM,-3.1757025E+1,-2.0855558E+1,3.8273987E+3,2.1707150E+1
11228182,29/9/2021,5:08:58 AM,-2.7448282E+1,-2.0252512E+1,3.8291846E+3,2.1707150E+1
11228183,29/9/2021,5:08:58 AM,-2.5320509E+1,-2.0310999E+1,3.8273987E+3,2.1729244E+1
11228184,29/9/2021,5:08:58 AM,-2.2049057E+1,-2.0344919E+1,3.8291846E+3,2.1751339E+1
11228185,29/9/2021,5:08:58 AM,-1.7982573E+1,-2.0066416E+1,3.8291846E+3,2.1773430E+1
11228186,29/9/2021,5:08:59 AM,-1.5751523E+1,-1.9282156E+1,3.8309702E+3,2.1817619E+1
11228187,29/9/2021,5:08:59 AM,-1.1434127E+1,-1.9263546E+1,3.8309702E+3,2.1817619E+1
11228188,29/9/2021,5:08:59 AM,-5.1948586E+0,-1.9446983E+1,3.8309702E+3,2.1817619E+1
11228189,29/9/2021,5:08:59 AM,-1.2171873E+0,-1.9957417E+1,3.8309702E+3,2.1839714E+1
11228190,29/9/2021,5:08:59 AM,4.2282996E+0,-2.1500574E+1,3.8309702E+3,2.1861805E+1
11228191,29/9/2021,5:08:59 AM,9.2478046E+0,-2.3328125E+1,3.8318628E+3,2.1883900E+1
11228192,29/9/2021,5:08:59 AM,1.2768022E+1,-2.3838762E+1,3.8327556E+3,2.1905994E+1
11228193,29/9/2021,5:08:59 AM,1.6198784E+1,-2.4806288E+1,3.8318628E+3,2.1928089E+1
11228194,29/9/2021,5:08:59 AM,1.8982336E+1,-2.5397554E+1,3.8309702E+3,2.1950184E+1
11228195,29/9/2021,5:08:59 AM,1.9213860E+1,-2.5612558E+1,3.8309702E+3,2.1950184E+1
11228196,29/9/2021,5:09:00 AM,1.8495609E+1,-2.4510656E+1,3.8309702E+3,2.1950184E+1
11228197,29/9/2021,5:09:00 AM,1.6182999E+1,-2.1715580E+1,3.8318628E+3,2.1950184E+1
11228198,29/9/2021,5:09:00 AM,1.2867997E+1,-1.8434092E+1,3.8309702E+3,2.1950184E+1
11228199,29/9/2021,5:09:00 AM,9.5135307E+0,-1.5326297E+1,3.8327556E+3,2.1950184E+1
11228200,29/9/2021,5:09:00 AM,6.8852077E+0,-1.2705008E+1,3.8318628E+3,2.1950184E+1
11228201,29/9/2021,5:09:00 AM,3.1777608E+0,-9.4855556E+0,3.8327556E+3,2.1950184E+1
11228202,29/9/2021,5:09:00 AM,-9.8287940E-1,-6.1331773E+0,3.8327556E+3,2.1950184E+1
11228203,29/9/2021,5:09:00 AM,-3.3908789E+0,-4.8177619E+0,3.8327556E+3,2.1950184E+1
11228204,29/9/2021,5:09:00 AM,-5.1409850E+0,-3.1742153E+0,3.8327556E+3,2.1950184E+1
11228205,29/9/2021,5:09:00 AM,-5.8854446E+0,-2.1158767E+0,3.8345413E+3,2.1950184E+1
11228206,29/9/2021,5:09:01 AM,-5.7144327E+0,-8.6386049E-1,3.8345413E+3,2.1950184E+1
11228207,29/9/2021,5:09:01 AM,-8.2533035E+0,2.2876304E-1,3.8327556E+3,2.1950184E+1
11228208,29/9/2021,5:09:01 AM,-1.0021304E+1,4.1619945E-1,3.8336484E+3,2.1950184E+1
11228209,29/9/2021,5:09:01 AM,-1.1770889E+1,6.3136464E-1,3.8363269E+3,2.1950184E+1
11228210,29/9/2021,5:09:01 AM,-1.4549177E+1,-2.9488569E-1,3.8327556E+3,2.1950184E+1
11228211,29/9/2021,5:09:01 AM,-1.8337751E+1,-2.0142057E+0,3.8318628E+3,2.1950184E+1
11228212,29/9/2021,5:09:01 AM,-2.1224545E+1,-3.0589347E+0,3.8327556E+3,2.1950184E+1
11228213,29/9/2021,5:09:01 AM,-2.7235504E+1,-2.8475871E+0,3.8318628E+3,2.1950184E+1
11228214,29/9/2021,5:09:01 AM,-3.2129387E+1,-3.9563611E+0,3.8327556E+3,2.1950184E+1
11228215,29/9/2021,5:09:01 AM,-3.5533821E+1,-7.3614078E+0,3.8291846E+3,2.1950184E+1
11228216,29/9/2021,5:09:02 AM,-3.9603188E+1,-1.0272473E+1,3.8291846E+3,2.1972275E+1
11228217,29/9/2021,5:09:02 AM,-4.1039436E+1,-1.3061248E+1,3.8291846E+3,2.1972275E+1
11228218,29/9/2021,5:09:02 AM,-4.1092632E+1,-1.6546553E+1,3.8291846E+3,2.1972275E+1
11228219,29/9/2021,5:09:02 AM,-4.2262905E+1,-2.1016813E+1,3.8256133E+3,2.1972275E+1
11228220,29/9/2021,5:09:02 AM,-4.0587284E+1,-2.5827564E+1,3.8273987E+3,2.1972275E+1
11228221,29/9/2021,5:09:02 AM,-3.8406315E+1,-2.9536415E+1,3.8256133E+3,2.1928089E+1
11228222,29/9/2021,5:09:02 AM,-3.6624306E+1,-3.3218388E+1,3.8238276E+3,2.1928089E+1
11228223,29/9/2021,5:09:02 AM,-3.4070980E+1,-3.6067215E+1,3.8273987E+3,2.1883900E+1
11228224,29/9/2021,5:09:02 AM,-3.2209175E+1,-3.7706635E+1,3.8247205E+3,2.1817619E+1
11228225,29/9/2021,5:09:02 AM,-3.1517649E+1,-3.8916042E+1,3.8273987E+3,2.1817619E+1
11228226,29/9/2021,5:09:03 AM,-2.9203697E+1,-4.0582336E+1,3.8247205E+3,2.1817619E+1
11228227,29/9/2021,5:09:03 AM,-2.8113213E+1,-4.0179199E+1,3.8273987E+3,2.1817619E+1
11228228,29/9/2021,5:09:03 AM,-2.8299391E+1,-3.9695438E+1,3.8265059E+3,2.1795525E+1
11228229,29/9/2021,5:09:03 AM,-2.7315296E+1,-3.9722313E+1,3.8273987E+3,2.1795525E+1
11228230,29/9/2021,5:09:03 AM,-2.7262102E+1,-3.9372929E+1,3.8273987E+3,2.1795525E+1
11228231,29/9/2021,5:09:03 AM,-2.6809950E+1,-3.9319176E+1,3.8256133E+3,2.1773430E+1
11228232,29/9/2021,5:09:03 AM,-2.4283218E+1,-3.9372929E+1,3.8273987E+3,2.1751339E+1
11228233,29/9/2021,5:09:03 AM,-2.3644886E+1,-3.8942917E+1,3.8256133E+3,2.1729244E+1
11228234,29/9/2021,5:09:03 AM,-2.2288431E+1,-3.9050419E+1,3.8265059E+3,2.1685055E+1
11228235,29/9/2021,5:09:03 AM,-2.0054268E+1,-3.8217270E+1,3.8265059E+3,2.1707150E+1
11228236,29/9/2021,5:09:04 AM,-1.9282265E+1,-3.6739109E+1,3.8256133E+3,2.1707150E+1
11228237,29/9/2021,5:09:04 AM,-1.5656809E+1,-3.5664082E+1,3.8291846E+3,2.1685055E+1
11228238,29/9/2021,5:09:04 AM,-1.2962711E+1,-3.5502827E+1,3.8265059E+3,2.1685055E+1
11228239,29/9/2021,5:09:04 AM,-1.2141854E+1,-3.3970909E+1,3.8273987E+3,2.1662964E+1
11228240,29/9/2021,5:09:04 AM,-1.0102864E+1,-3.0692070E+1,3.8291846E+3,2.1662964E+1
11228241,29/9/2021,5:09:04 AM,-9.2793751E+0,-2.7601364E+1,3.8291846E+3,2.1618774E+1
11228242,29/9/2021,5:09:04 AM,-8.2901373E+0,-2.4510656E+1,3.8309702E+3,2.1596680E+1
11228243,29/9/2021,5:09:04 AM,-7.3640409E+0,-2.1715580E+1,3.8309702E+3,2.1596680E+1
11228244,29/9/2021,5:09:04 AM,-8.7452917E+0,-1.8649431E+1,3.8318628E+3,2.1596680E+1
11228245,29/9/2021,5:09:04 AM,-9.0373278E+0,-1.4988667E+1,3.8327556E+3,2.1596680E+1
11228246,29/9/2021,5:09:05 AM,-1.0584329E+1,-1.1795799E+1,3.8327556E+3,2.1596680E+1
11228247,29/9/2021,5:09:05 AM,-1.1597246E+1,-1.0469204E+1,3.8318628E+3,2.1596680E+1
11228248,29/9/2021,5:09:05 AM,-1.1744579E+1,-9.1053886E+0,3.8336484E+3,2.1618774E+1
11228249,29/9/2021,5:09:05 AM,-1.3320522E+1,-8.4832983E+0,3.8309702E+3,2.1640869E+1
11228250,29/9/2021,5:09:05 AM,-1.5204285E+1,-7.8612075E+0,3.8327556E+3,2.1640869E+1
11228251,29/9/2021,5:09:05 AM,-1.5783094E+1,-8.4726639E+0,3.8309702E+3,2.1707150E+1
11228252,29/9/2021,5:09:05 AM,-1.6851261E+1,-8.7012959E+0,3.8309702E+3,2.1707150E+1
11228253,29/9/2021,5:09:05 AM,-1.8285133E+1,-8.9644880E+0,3.8309702E+3,2.1729244E+1
11228254,29/9/2021,5:09:05 AM,-1.9308573E+1,-9.6397486E+0,3.8291846E+3,2.1751339E+1
11228255,29/9/2021,5:09:05 AM,-2.1517113E+1,-9.5945539E+0,3.8291846E+3,2.1751339E+1
11228256,29/9/2021,5:09:06 AM,-2.3325720E+1,-9.0734863E+0,3.8291846E+3,2.1751339E+1
11228257,29/9/2021,5:09:06 AM,-2.4363010E+1,-8.1084480E+0,3.8309702E+3,2.1751339E+1
11228258,29/9/2021,5:09:06 AM,-2.6730158E+1,-6.6755128E+0,3.8309702E+3,2.1773430E+1
11228259,29/9/2021,5:09:06 AM,-2.7900434E+1,-6.5771480E+0,3.8309702E+3,2.1795525E+1
11228260,29/9/2021,5:09:06 AM,-2.8512169E+1,-5.8726435E+0,3.8309702E+3,2.1817619E+1
11228261,29/9/2021,5:09:06 AM,-2.8804737E+1,-5.3949647E+0,3.8309702E+3,2.1861805E+1
11228262,29/9/2021,5:09:06 AM,-2.8698351E+1,-5.5710878E+0,3.8318628E+3,2.1883900E+1
11228263,29/9/2021,5:09:06 AM,-2.7607866E+1,-7.6378922E+0,3.8309702E+3,2.1883900E+1
11228264,29/9/2021,5:09:06 AM,-2.4389606E+1,-9.6477242E+0,3.8309702E+3,2.1928089E+1
11228265,29/9/2021,5:09:06 AM,-2.3086346E+1,-1.1085978E+1,3.8309702E+3,2.1928089E+1
11228266,29/9/2021,5:09:07 AM,-2.1916069E+1,-1.3569023E+1,3.8309702E+3,2.1928089E+1
11228267,29/9/2021,5:09:07 AM,-1.7682644E+1,-1.7314859E+1,3.8291846E+3,2.1950184E+1
11228268,29/9/2021,5:09:07 AM,-1.5159559E+1,-1.9295448E+1,3.8291846E+3,2.1972275E+1
11228269,29/9/2021,5:09:07 AM,-1.4099284E+1,-2.1715580E+1,3.8291846E+3,2.1994370E+1
11228270,29/9/2021,5:09:07 AM,-1.1513056E+1,-2.4295650E+1,3.8273987E+3,0.0000000E+0
11228271,29/9/2021,5:09:07 AM,-9.2214947E+0,-2.5478182E+1,3.8291846E+3,0.0000000E+0
11228272,29/9/2021,5:09:07 AM,-7.4061360E+0,-2.6069447E+1,3.8291846E+3,0.0000000E+0
11228273,29/9/2021,5:09:07 AM,-5.5486827E+0,-2.7036974E+1,3.8282915E+3,0.0000000E+0
11228274,29/9/2021,5:09:07 AM,-3.1611235E+0,-2.7117601E+1,3.8291846E+3,0.0000000E+0
11228275,29/9/2021,5:09:07 AM,-5.4381597E-1,-2.7466986E+1,3.8291846E+3,0.0000000E+0
11228276,29/9/2021,5:09:08 AM,3.4740665E+0,-2.7735743E+1,3.8309702E+3,0.0000000E+0
11228277,29/9/2021,5:09:08 AM,7.0351720E+0,-2.8112003E+1,3.8300774E+3,0.0000000E+0
11228278,29/9/2021,5:09:08 AM,9.9476376E+0,-2.8945148E+1,3.8291846E+3,0.0000000E+0
11228279,29/9/2021,5:09:08 AM,1.4272927E+1,-2.8568892E+1,3.8327556E+3,0.0000000E+0
11228280,29/9/2021,5:09:08 AM,1.5896226E+1,-2.7923870E+1,3.8309702E+3,0.0000000E+0
11228281,29/9/2021,5:09:08 AM,1.7661596E+1,-2.8568892E+1,3.8309702E+3,0.0000000E+0
11228282,29/9/2021,5:09:08 AM,1.9232275E+1,-2.7198227E+1,3.8318628E+3,0.0000000E+0
11228283,29/9/2021,5:09:08 AM,1.7014381E+1,-2.5531931E+1,3.8309702E+3,0.0000000E+0
11228284,29/9/2021,5:09:08 AM,1.4643892E+1,-2.4295650E+1,3.8309702E+3,0.0000000E+0
11228285,29/9/2021,5:09:08 AM,1.2502295E+1,-2.1876835E+1,3.8318628E+3,0.0000000E+0
11228286,29/9/2021,5:09:09 AM,8.7400303E+0,-1.8840843E+1,3.8309702E+3,0.0000000E+0
11228287,29/9/2021,5:09:09 AM,4.5879860E+0,-1.4573939E+1,3.8327556E+3,0.0000000E+0
11228288,29/9/2021,5:09:09 AM,-1.6042702E-1,-1.1572484E+1,3.8327556E+3,0.0000000E+0
11228289,29/9/2021,5:09:09 AM,-5.6249800E+0,-8.0393276E+0,3.8327556E+3,0.0000000E+0
11228290,29/9/2021,5:09:09 AM,-9.8608170E+0,-5.2836871E+0,3.8345413E+3,0.0000000E+0
11228291,29/9/2021,5:09:09 AM,-1.4749129E+1,-3.0389206E+0,3.8327556E+3,0.0000000E+0
11228292,29/9/2021,5:09:09 AM,-1.8532442E+1,-2.2751877E+0,3.8327556E+3,0.0000000E+0
11228293,29/9/2021,5:09:09 AM,-2.1384127E+1,-2.1006660E+0,3.8336484E+3,0.0000000E+0
11228294,29/9/2021,5:09:09 AM,-2.5533287E+1,-2.3968728E+0,3.8327556E+3,0.0000000E+0
11228295,29/9/2021,5:09:09 AM,-2.9788832E+1,-3.8514879E+0,3.8309702E+3,0.0000000E+0
11228296,29/9/2021,5:09:10 AM,-3.3539036E+1,-6.1252017E+0,3.8309702E+3,0.0000000E+0
11228297,29/9/2021,5:09:10 AM,-3.7980762E+1,-7.4836988E+0,3.8291846E+3,0.0000000E+0
11228298,29/9/2021,5:09:10 AM,-4.1305408E+1,-9.1505833E+0,3.8291846E+3,0.0000000E+0
11228299,29/9/2021,5:09:10 AM,-4.6571648E+1,-9.2462902E+0,3.8309702E+3,0.0000000E+0
11228300,29/9/2021,5:09:10 AM,-5.1332542E+1,-1.2032406E+1,3.8265059E+3,0.0000000E+0
11228301,29/9/2021,5:09:10 AM,-5.4816776E+1,-1.4350625E+1,3.8273987E+3,0.0000000E+0
11228302,29/9/2021,5:09:10 AM,-5.9870232E+1,-1.4805229E+1,3.8273987E+3,0.0000000E+0
11228303,29/9/2021,5:09:10 AM,-6.3274677E+1,-1.6328554E+1,3.8273987E+3,0.0000000E+0
11228304,29/9/2021,5:09:10 AM,-6.3992798E+1,-1.8875404E+1,3.8273987E+3,0.0000000E+0
11228305,29/9/2021,5:09:10 AM,-6.5083282E+1,-2.1957462E+1,3.8256133E+3,0.0000000E+0
11228306,29/9/2021,5:09:11 AM,-6.4976891E+1,-2.6526335E+1,3.8247205E+3,0.0000000E+0
11228307,29/9/2021,5:09:11 AM,-6.2370369E+1,-3.1202709E+1,3.8238276E+3,0.0000000E+0
11228308,29/9/2021,5:09:11 AM,-5.9684055E+1,-3.4911560E+1,3.8247205E+3,0.0000000E+0
11228309,29/9/2021,5:09:11 AM,-5.4923161E+1,-3.8754787E+1,3.8247205E+3,0.0000000E+0
11228310,29/9/2021,5:09:11 AM,-4.8646229E+1,-4.3081776E+1,3.8238276E+3,0.0000000E+0
11228311,29/9/2021,5:09:11 AM,-4.3512974E+1,-4.7247517E+1,3.8220420E+3,0.0000000E+0
11228312,29/9/2021,5:09:11 AM,-3.8698887E+1,-4.9451321E+1,3.8220420E+3,0.0000000E+0
11228313,29/9/2021,5:09:11 AM,-3.4789104E+1,-5.0499477E+1,3.8220420E+3,0.0000000E+0
11228314,29/9/2021,5:09:11 AM,-3.2049595E+1,-5.0821983E+1,3.8238276E+3,0.0000000E+0
11228315,29/9/2021,5:09:11 AM,-2.7102520E+1,-5.1117619E+1,3.8247205E+3,0.0000000E+0
11228316,29/9/2021,5:09:12 AM,-2.5001341E+1,-5.1359497E+1,3.8220420E+3,0.0000000E+0
11228317,29/9/2021,5:09:12 AM,-2.4708775E+1,-4.9155689E+1,3.8229348E+3,0.0000000E+0
11228318,29/9/2021,5:09:12 AM,-2.2421415E+1,-4.5930603E+1,3.8265059E+3,0.0000000E+0
11228319,29/9/2021,5:09:12 AM,-1.8732395E+1,-4.2571136E+1,3.8273987E+3,0.0000000E+0
11228320,29/9/2021,5:09:12 AM,-1.5151666E+1,-4.0770466E+1,3.8265059E+3,0.0000000E+0
11228321,29/9/2021,5:09:12 AM,-8.6321611E+0,-3.9883568E+1,3.8256133E+3,0.0000000E+0
11228322,29/9/2021,5:09:12 AM,-2.4845321E+0,-3.7115368E+1,3.8291846E+3,0.0000000E+0
11228323,29/9/2021,5:09:12 AM,3.7505658E+0,-3.4508423E+1,3.8273987E+3,0.0000000E+0
11228324,29/9/2021,5:09:12 AM,1.0205471E+1,-3.2143360E+1,3.8309702E+3,0.0000000E+0
11228325,29/9/2021,5:09:12 AM,1.8414049E+1,-2.9617043E+1,3.8318628E+3,0.0000000E+0
11228326,29/9/2021,5:09:13 AM,2.3432108E+1,-2.6499458E+1,3.8291846E+3,0.0000000E+0
11228327,29/9/2021,5:09:13 AM,2.7581266E+1,-2.2494978E+1,3.8327556E+3,0.0000000E+0
11228328,29/9/2021,5:09:13 AM,2.9895222E+1,-1.6442869E+1,3.8327556E+3,0.0000000E+0
11228329,29/9/2021,5:09:13 AM,2.9256889E+1,-1.0179426E+1,3.8345413E+3,0.0000000E+0
11228330,29/9/2021,5:09:13 AM,2.9097307E+1,-4.3966684E+0,3.8363269E+3,0.0000000E+0
11228331,29/9/2021,5:09:13 AM,2.8857931E+1,8.8065779E-1,3.8381123E+3,0.0000000E+0
11228332,29/9/2021,5:09:13 AM,2.4549191E+1,5.8088393E+0,3.8381123E+3,0.0000000E+0
11228333,29/9/2021,5:09:13 AM,2.2102249E+1,1.0333619E+1,3.8363269E+3,0.0000000E+0
11228334,29/9/2021,5:09:13 AM,1.8674513E+1,1.4877009E+1,3.8398979E+3,0.0000000E+0
11228335,29/9/2021,5:09:13 AM,1.5175344E+1,1.7721611E+1,3.8381123E+3,0.0000000E+0
11228336,29/9/2021,5:09:14 AM,1.2991652E+1,1.8742479E+1,3.8398979E+3,0.0000000E+0
11228337,29/9/2021,5:09:14 AM,1.0439627E+1,1.8545750E+1,3.8372195E+3,0.0000000E+0
11228338,29/9/2021,5:09:14 AM,6.9772911E+0,1.9470911E+1,3.8381123E+3,0.0000000E+0
11228339,29/9/2021,5:09:14 AM,5.5276351E+0,1.8848820E+1,3.8398979E+3,0.0000000E+0
11228340,29/9/2021,5:09:14 AM,3.8194926E+0,1.6857597E+1,3.8372195E+3,0.0000000E+0
11228341,29/9/2021,5:09:14 AM,5.0397307E-1,1.5140201E+1,3.8354341E+3,0.0000000E+0
11228342,29/9/2021,5:09:14 AM,-2.2476459E+0,1.1500705E+1,3.8345413E+3,0.0000000E+0
11228343,29/9/2021,5:09:14 AM,-4.6529517E+0,9.2516069E+0,3.8363269E+3,0.0000000E+0
11228344,29/9/2021,5:09:14 AM,-1.0005519E+1,7.0051675E+0,3.8354341E+3,0.0000000E+0
11228345,29/9/2021,5:09:14 AM,-1.7430073E+1,3.7706313E+0,3.8309702E+3,0.0000000E+0
11228346,29/9/2021,5:09:15 AM,-2.2315027E+1,-3.2154804E-1,3.8327556E+3,0.0000000E+0
11228347,29/9/2021,5:09:15 AM,-3.0108000E+1,-3.2558722E+0,3.8291846E+3,0.0000000E+0
11228348,29/9/2021,5:09:15 AM,-3.7049862E+1,-7.2018976E+0,3.8309702E+3,0.0000000E+0
11228349,29/9/2021,5:09:15 AM,-4.3300198E+1,-1.0844052E+1,3.8291846E+3,0.0000000E+0
11228350,29/9/2021,5:09:15 AM,-5.0960178E+1,-1.4520769E+1,3.8265059E+3,0.0000000E+0
11228351,29/9/2021,5:09:15 AM,-5.6971146E+1,-1.9625105E+1,3.8256133E+3,0.0000000E+0
11228352,29/9/2021,5:09:15 AM,-5.9870232E+1,-2.5182549E+1,3.8247205E+3,0.0000000E+0
11228353,29/9/2021,5:09:15 AM,-6.3992798E+1,-2.9267658E+1,3.8238276E+3,0.0000000E+0
11228354,29/9/2021,5:09:15 AM,-6.6812096E+1,-3.3997787E+1,3.8229348E+3,0.0000000E+0
11228355,29/9/2021,5:09:15 AM,-6.7875984E+1,-3.8647282E+1,3.8220420E+3,0.0000000E+0
11228356,29/9/2021,5:09:16 AM,-6.8115356E+1,-4.2705517E+1,3.8193638E+3,0.0000000E+0
11228357,29/9/2021,5:09:16 AM,-6.6918488E+1,-4.7704399E+1,3.8202566E+3,0.0000000E+0
11228358,29/9/2021,5:09:16 AM,-6.3620434E+1,-5.0526352E+1,3.8211492E+3,0.0000000E+0
11228359,29/9/2021,5:09:16 AM,-6.1333080E+1,-5.2676407E+1,3.8202566E+3,0.0000000E+0
11228360,29/9/2021,5:09:16 AM,-5.7290306E+1,-5.4369583E+1,3.8211492E+3,0.0000000E+0
11228361,29/9/2021,5:09:16 AM,-5.2635807E+1,-5.4584583E+1,3.8220420E+3,0.0000000E+0
11228362,29/9/2021,5:09:16 AM,-4.7874908E+1,-5.6546516E+1,3.8202566E+3,0.0000000E+0
11228363,29/9/2021,5:09:16 AM,-4.3858738E+1,-5.6734642E+1,3.8193638E+3,0.0000000E+0
11228364,29/9/2021,5:09:16 AM,-3.9922356E+1,-5.4073948E+1,3.8220420E+3,0.0000000E+0
11228365,29/9/2021,5:09:16 AM,-3.4017784E+1,-5.2219521E+1,3.8247205E+3,0.0000000E+0
11228366,29/9/2021,5:09:17 AM,-2.7953629E+1,-5.1413250E+1,3.8238276E+3,0.0000000E+0
11228367,29/9/2021,5:09:17 AM,-2.2315027E+1,-4.9182568E+1,3.8238276E+3,0.0000000E+0
11228368,29/9/2021,5:09:17 AM,-1.6972286E+1,-4.6763752E+1,3.8220420E+3,0.0000000E+0
11228369,29/9/2021,5:09:17 AM,-9.0636377E+0,-4.4129932E+1,3.8273987E+3,0.0000000E+0
11228370,29/9/2021,5:09:17 AM,-2.9288486E-2,-4.0394203E+1,3.8291846E+3,0.0000000E+0
11228371,29/9/2021,5:09:17 AM,7.6718631E+0,-3.7948517E+1,3.8291846E+3,0.0000000E+0
11228372,29/9/2021,5:09:17 AM,1.6677620E+1,-3.5529697E+1,3.8291846E+3,0.0000000E+0
11228373,29/9/2021,5:09:17 AM,2.3777872E+1,-3.1767099E+1,3.8309702E+3,0.0000000E+0
11228374,29/9/2021,5:09:17 AM,2.9576056E+1,-2.8058252E+1,3.8327556E+3,0.0000000E+0
11228375,29/9/2021,5:09:17 AM,3.6970070E+1,-2.3838762E+1,3.8354341E+3,0.0000000E+0
11228376,29/9/2021,5:09:18 AM,4.1996937E+1,-1.9319376E+1,3.8363269E+3,0.0000000E+0
11228377,29/9/2021,5:09:18 AM,4.4896027E+1,-1.6395018E+1,3.8345413E+3,0.0000000E+0
11228378,29/9/2021,5:09:18 AM,4.6438663E+1,-1.2513596E+1,3.8381123E+3,0.0000000E+0
11228379,29/9/2021,5:09:18 AM,4.5826931E+1,-7.5129428E+0,3.8363269E+3,0.0000000E+0
11228380,29/9/2021,5:09:18 AM,4.4124706E+1,-2.4272938E+0,3.8398979E+3,0.0000000E+0
11228381,29/9/2021,5:09:18 AM,4.2103325E+1,1.2480710E+0,3.8390051E+3,0.0000000E+0
11228382,29/9/2021,5:09:18 AM,3.7688194E+1,3.5360675E+0,3.8372195E+3,0.0000000E+0
11228383,29/9/2021,5:09:18 AM,3.0187792E+1,6.6037335E+0,3.8363269E+3,0.0000000E+0
11228384,29/9/2021,5:09:18 AM,2.3485304E+1,9.0920963E+0,3.8363269E+3,0.0000000E+0
11228385,29/9/2021,5:09:18 AM,1.8029930E+1,1.3218101E+1,3.8416836E+3,0.0000000E+0
11228386,29/9/2021,5:09:19 AM,1.2141854E+1,1.6177019E+1,3.8390051E+3,0.0000000E+0
11228387,29/9/2021,5:09:19 AM,3.8519754E+0,1.6825695E+1,3.8345413E+3,0.0000000E+0
11228388,29/9/2021,5:09:19 AM,-2.8204510E+0,1.8027340E+1,3.8363269E+3,0.0000000E+0
11228389,29/9/2021,5:09:19 AM,-1.0523817E+1,2.1473700E+1,3.8390051E+3,0.0000000E+0
11228390,29/9/2021,5:09:19 AM,-1.9355930E+1,2.3059366E+1,3.8381123E+3,0.0000000E+0
11228391,29/9/2021,5:09:19 AM,-2.6676964E+1,2.1393072E+1,3.8363269E+3,0.0000000E+0
11228392,29/9/2021,5:09:19 AM,-3.5108269E+1,1.8152290E+1,3.8336484E+3,0.0000000E+0
11228393,29/9/2021,5:09:19 AM,-4.2528881E+1,1.4297454E+1,3.8309702E+3,0.0000000E+0
11228394,29/9/2021,5:09:19 AM,-4.8406857E+1,1.2279647E+1,3.8345413E+3,0.0000000E+0
11228395,29/9/2021,5:09:19 AM,-5.6226425E+1,1.0506422E+1,3.8318628E+3,0.0000000E+0
11228396,29/9/2021,5:09:20 AM,-6.2902313E+1,5.8992286E+0,3.8300774E+3,0.0000000E+0
11228397,29/9/2021,5:09:20 AM,-6.7610008E+1,5.8923818E-2,3.8282915E+3,0.0000000E+0
11228398,29/9/2021,5:09:20 AM,-7.2291115E+1,-5.2428589E+0,3.8256133E+3,0.0000000E+0
11228399,29/9/2021,5:09:20 AM,-7.4950829E+1,-1.1104587E+1,3.8273987E+3,0.0000000E+0
11228400,29/9/2021,5:09:20 AM,-7.5828537E+1,-1.7282959E+1,3.8256133E+3,0.0000000E+0
11228401,29/9/2021,5:09:20 AM,-7.6998817E+1,-2.2602480E+1,3.8256133E+3,0.0000000E+0
11228402,29/9/2021,5:09:20 AM,-7.6466873E+1,-2.9240782E+1,3.8238276E+3,0.0000000E+0
11228403,29/9/2021,5:09:20 AM,-7.4764648E+1,-3.5529697E+1,3.8211492E+3,0.0000000E+0
11228404,29/9/2021,5:09:20 AM,-7.3062431E+1,-4.2006748E+1,3.8193638E+3,0.0000000E+0
11228405,29/9/2021,5:09:20 AM,-7.1041046E+1,-4.5796227E+1,3.8220420E+3,0.0000000E+0
11228406,29/9/2021,5:09:21 AM,-6.8567513E+1,-4.8161289E+1,3.8220420E+3,0.0000000E+0
11228407,29/9/2021,5:09:21 AM,-6.4498146E+1,-5.2434528E+1,3.8211492E+3,0.0000000E+0
11228408,29/9/2021,5:09:21 AM,-5.8114822E+1,-5.6922771E+1,3.8220420E+3,0.0000000E+0
11228409,29/9/2021,5:09:21 AM,-5.2981564E+1,-5.9744724E+1,3.8193638E+3,0.0000000E+0
11228410,29/9/2021,5:09:21 AM,-4.8486645E+1,-6.2163540E+1,3.8202566E+3,0.0000000E+0
11228411,29/9/2021,5:09:21 AM,-4.1704365E+1,-6.5496132E+1,3.8202566E+3,0.0000000E+0
11228412,29/9/2021,5:09:21 AM,-3.3352856E+1,-6.9070595E+1,3.8220420E+3,0.0000000E+0
11228413,29/9/2021,5:09:21 AM,-2.3884262E+1,-7.2053802E+1,3.8220420E+3,0.0000000E+0
11228414,29/9/2021,5:09:21 AM,-1.5833082E+1,-7.6138908E+1,3.8184709E+3,0.0000000E+0
11228415,29/9/2021,5:09:21 AM,-1.0729032E+1,-7.8020210E+1,3.8166853E+3,0.0000000E+0
11228416,29/9/2021,5:09:22 AM,-3.4756513E+0,-7.6515175E+1,3.8229348E+3,0.0000000E+0
11228417,29/9/2021,5:09:22 AM,4.0191426E+0,-7.2833199E+1,3.8256133E+3,0.0000000E+0
11228418,29/9/2021,5:09:22 AM,9.5608883E+0,-7.0091873E+1,3.8238276E+3,0.0000000E+0
11228419,29/9/2021,5:09:22 AM,1.3817772E+1,-6.8129951E+1,3.8220420E+3,0.0000000E+0
11228420,29/9/2021,5:09:22 AM,1.6824953E+1,-6.4152344E+1,3.8238276E+3,0.0000000E+0
11228421,29/9/2021,5:09:22 AM,1.9079679E+1,-5.6197128E+1,3.8247205E+3,0.0000000E+0
11228422,29/9/2021,5:09:22 AM,2.0985168E+1,-4.7623772E+1,3.8300774E+3,0.0000000E+0
11228423,29/9/2021,5:09:22 AM,2.3405512E+1,-3.9856693E+1,3.8309702E+3,0.0000000E+0
11228424,29/9/2021,5:09:22 AM,2.4363010E+1,-3.1982105E+1,3.8291846E+3,0.0000000E+0
11228425,29/9/2021,5:09:22 AM,2.2634193E+1,-2.3758135E+1,3.8309702E+3,0.0000000E+0
11228426,29/9/2021,5:09:23 AM,2.2315027E+1,-1.4262894E+1,3.8309702E+3,0.0000000E+0
11228427,29/9/2021,5:09:23 AM,2.1809681E+1,-3.3615460E+0,3.8363269E+3,0.0000000E+0
11228428,29/9/2021,5:09:23 AM,1.9726894E+1,6.7074146E+0,3.8381123E+3,0.0000000E+0
11228429,29/9/2021,5:09:23 AM,1.8179893E+1,1.5350224E+1,3.8390051E+3,0.0000000E+0
11228430,29/9/2021,5:09:23 AM,1.6285606E+1,2.3059366E+1,3.8381123E+3,0.0000000E+0
11228431,29/9/2021,5:09:23 AM,1.2023461E+1,3.1256460E+1,3.8390051E+3,0.0000000E+0
11228432,29/9/2021,5:09:23 AM,1.1234175E+1,3.9399803E+1,3.8452546E+3,0.0000000E+0
11228433,29/9/2021,5:09:23 AM,8.5532322E+0,4.5419964E+1,3.8425762E+3,0.0000000E+0
11228434,29/9/2021,5:09:23 AM,5.9038615E+0,4.9693203E+1,3.8452546E+3,0.0000000E+0
11228435,29/9/2021,5:09:23 AM,3.7846334E+0,5.2515152E+1,3.8452546E+3,0.0000000E+0
11228436,29/9/2021,5:09:24 AM,4.8708603E-1,5.2085140E+1,3.8416836E+3,0.0000000E+0
11228437,29/9/2021,5:09:24 AM,-1.7127169E+0,5.0499477E+1,3.8443618E+3,0.0000000E+0
11228438,29/9/2021,5:09:24 AM,-3.2918465E+0,4.8537548E+1,3.8434690E+3,0.0000000E+0
11228439,29/9/2021,5:09:24 AM,-5.8144088E+0,4.3216156E+1,3.8381123E+3,0.0000000E+0
11228440,29/9/2021,5:09:24 AM,-4.6735506E+0,3.5207191E+1,3.8381123E+3,0.0000000E+0
11228441,29/9/2021,5:09:24 AM,-6.3879566E+0,3.0073931E+1,3.8398979E+3,0.0000000E+0
11228442,29/9/2021,5:09:24 AM,-1.0016043E+1,2.2844360E+1,3.8345413E+3,0.0000000E+0
11228443,29/9/2021,5:09:24 AM,-1.1015805E+1,1.4090090E+1,3.8345413E+3,0.0000000E+0
11228444,29/9/2021,5:09:24 AM,-1.4191368E+1,7.8239880E+0,3.8327556E+3,0.0000000E+0
11228445,29/9/2021,5:09:24 AM,-1.6343489E+1,5.2791470E-1,3.8318628E+3,0.0000000E+0
11228446,29/9/2021,5:09:25 AM,-1.8140429E+1,-5.8221321E+0,3.8327556E+3,0.0000000E+0
11228447,29/9/2021,5:09:25 AM,-2.2128847E+1,-1.1689458E+1,3.8309702E+3,0.0000000E+0
11228448,29/9/2021,5:09:25 AM,-2.6012033E+1,-1.8378263E+1,3.8273987E+3,0.0000000E+0
11228449,29/9/2021,5:09:25 AM,-2.9576056E+1,-2.4215023E+1,3.8273987E+3,0.0000000E+0
11228450,29/9/2021,5:09:25 AM,-3.2448551E+1,-3.0235186E+1,3.8247205E+3,0.0000000E+0
11228451,29/9/2021,5:09:25 AM,-3.4257156E+1,-3.5126564E+1,3.8291846E+3,0.0000000E+0
11228452,29/9/2021,5:09:25 AM,-3.6890278E+1,-4.0904842E+1,3.8238276E+3,0.0000000E+0
11228453,29/9/2021,5:09:25 AM,-3.9310623E+1,-4.7892532E+1,3.8238276E+3,0.0000000E+0
11228454,29/9/2021,5:09:25 AM,-4.0241524E+1,-5.4262074E+1,3.8220420E+3,0.0000000E+0
11228455,29/9/2021,5:09:25 AM,-3.9789371E+1,-6.1276638E+1,3.8184709E+3,0.0000000E+0
11228456,29/9/2021,5:09:26 AM,-3.8672287E+1,-6.6275520E+1,3.8202566E+3,0.0000000E+0
11228457,29/9/2021,5:09:26 AM,-3.7847778E+1,-6.9796242E+1,3.8193638E+3,0.0000000E+0
11228458,29/9/2021,5:09:26 AM,-3.8698887E+1,-7.3881355E+1,3.8175781E+3,0.0000000E+0
11228459,29/9/2021,5:09:26 AM,-3.8140347E+1,-7.5950783E+1,3.8166853E+3,0.0000000E+0
11228460,29/9/2021,5:09:26 AM,-3.8353123E+1,-7.5037010E+1,3.8175781E+3,0.0000000E+0
11228461,29/9/2021,5:09:26 AM,-3.9762772E+1,-7.2134430E+1,3.8175781E+3,0.0000000E+0
11228462,29/9/2021,5:09:26 AM,-3.9284023E+1,-6.8398705E+1,3.8202566E+3,0.0000000E+0
11228463,29/9/2021,5:09:26 AM,-3.8007359E+1,-6.2620426E+1,3.8220420E+3,0.0000000E+0
11228464,29/9/2021,5:09:26 AM,-3.8486107E+1,-5.5605862E+1,3.8247205E+3,0.0000000E+0
11228465,29/9/2021,5:09:26 AM,-3.8512707E+1,-5.1601383E+1,3.8220420E+3,0.0000000E+0
11228466,29/9/2021,5:09:27 AM,-3.7236038E+1,-4.7220638E+1,3.8238276E+3,0.0000000E+0
11228467,29/9/2021,5:09:27 AM,-3.3432648E+1,-4.0098572E+1,3.8300774E+3,0.0000000E+0
11228468,29/9/2021,5:09:27 AM,-3.1491053E+1,-3.5449074E+1,3.8291846E+3,0.0000000E+0
11228469,29/9/2021,5:09:27 AM,-3.0108000E+1,-3.3137760E+1,3.8273987E+3,0.0000000E+0
11228470,29/9/2021,5:09:27 AM,-2.7661058E+1,-3.0933952E+1,3.8265059E+3,0.0000000E+0
11228471,29/9/2021,5:09:27 AM,-2.3325720E+1,-2.9160154E+1,3.8273987E+3,0.0000000E+0
11228472,29/9/2021,5:09:27 AM,-1.7745787E+1,-2.5773813E+1,3.8309702E+3,0.0000000E+0
11228473,29/9/2021,5:09:27 AM,-1.3167926E+1,-2.3113119E+1,3.8309702E+3,0.0000000E+0
11228474,29/9/2021,5:09:27 AM,-1.1439389E+1,-2.1231819E+1,3.8291846E+3,0.0000000E+0
11228475,29/9/2021,5:09:27 AM,-9.5608883E+0,-1.9454960E+1,3.8291846E+3,0.0000000E+0
11228476,29/9/2021,5:09:28 AM,-8.9478760E+0,-1.6626307E+1,3.8291846E+3,0.0000000E+0
11228477,29/9/2021,5:09:28 AM,-6.6984096E+0,-1.2463084E+1,3.8327556E+3,0.0000000E+0
11228478,29/9/2021,5:09:28 AM,-5.1283083E+0,-8.0526199E+0,3.8345413E+3,0.0000000E+0
11228479,29/9/2021,5:09:28 AM,-7.4324455E+0,-4.5775943E+0,3.8327556E+3,0.0000000E+0
11228480,29/9/2021,5:09:28 AM,-8.7268753E+0,-1.2000729E+0,3.8327556E+3,0.0000000E+0
11228481,29/9/2021,5:09:28 AM,-1.0155483E+1,2.3984737E+0,3.8327556E+3,0.0000000E+0
11228482,29/9/2021,5:09:28 AM,-1.1878758E+1,6.3272481E+0,3.8354341E+3,0.0000000E+0
11228483,29/9/2021,5:09:28 AM,-1.0936877E+1,8.4460783E+0,3.8363269E+3,0.0000000E+0
11228484,29/9/2021,5:09:28 AM,-1.1663020E+1,9.8125525E+0,3.8363269E+3,0.0000000E+0
11228485,29/9/2021,5:09:28 AM,-1.2391795E+1,9.7593822E+0,3.8363269E+3,0.0000000E+0
11228486,29/9/2021,5:09:29 AM,-1.2791699E+1,9.2941427E+0,3.8345413E+3,0.0000000E+0
11228487,29/9/2021,5:09:29 AM,-1.3362617E+1,8.4221525E+0,3.8345413E+3,0.0000000E+0
11228488,29/9/2021,5:09:29 AM,-1.1878758E+1,5.9630327E+0,3.8345413E+3,0.0000000E+0
11228489,29/9/2021,5:09:29 AM,-1.0871103E+1,3.3063073E+0,3.8345413E+3,0.0000000E+0
11228490,29/9/2021,5:09:29 AM,-1.1634080E+1,4.1220009E-1,3.8327556E+3,0.0000000E+0
11228491,29/9/2021,5:09:29 AM,-1.3065319E+1,-3.6273313E+0,3.8291846E+3,0.0000000E+0
11228492,29/9/2021,5:09:29 AM,-1.3383664E+1,-6.1703963E+0,3.8309702E+3,0.0000000E+0
11228493,29/9/2021,5:09:29 AM,-1.2478616E+1,-7.5501623E+0,3.8309702E+3,0.0000000E+0
11228494,29/9/2021,5:09:29 AM,-1.1765628E+1,-9.8258448E+0,3.8309702E+3,0.0000000E+0
11228495,29/9/2021,5:09:29 AM,-1.1242067E+1,-1.1649581E+1,3.8291846E+3,0.0000000E+0
11228496,29/9/2021,5:09:30 AM,-1.0689567E+1,-1.3539780E+1,3.8291846E+3,0.0000000E+0
11228497,29/9/2021,5:09:30 AM,-8.5900660E+0,-1.5557587E+1,3.8309702E+3,0.0000000E+0
11228498,29/9/2021,5:09:30 AM,-5.8591352E+0,-1.6115873E+1,3.8309702E+3,0.0000000E+0
11228499,29/9/2021,5:09:30 AM,-2.5502899E+0,-1.8115072E+1,3.8318628E+3,0.0000000E+0
11228500,29/9/2021,5:09:30 AM,-3.1742388E-1,-2.0308340E+1,3.8291846E+3,0.0000000E+0
11228501,29/9/2021,5:09:30 AM,1.1931459E+0,-2.1446825E+1,3.8327556E+3,0.0000000E+0
11228502,29/9/2021,5:09:30 AM,2.0178900E+0,-2.2656231E+1,3.8309702E+3,0.0000000E+0
11228503,29/9/2021,5:09:30 AM,2.5891106E+0,-2.4000017E+1,3.8318628E+3,0.0000000E+0
11228504,29/9/2021,5:09:30 AM,1.6613724E+0,-2.4886917E+1,3.8309702E+3,0.0000000E+0
11228505,29/9/2021,5:09:30 AM,-8.0873168E-1,-2.6150074E+1,3.8291846E+3,0.0000000E+0
11228506,29/9/2021,5:09:31 AM,-4.2924728E+0,-2.6606962E+1,3.8309702E+3,0.0000000E+0
11228507,29/9/2021,5:09:31 AM,-6.8378496E+0,-2.6365080E+1,3.8291846E+3,0.0000000E+0
11228508,29/9/2021,5:09:31 AM,-1.1221020E+1,-2.6069447E+1,3.8300774E+3,0.0000000E+0
11228509,29/9/2021,5:09:31 AM,-1.4980653E+1,-2.7628241E+1,3.8273987E+3,0.0000000E+0
11228510,29/9/2021,5:09:31 AM,-1.8569275E+1,-2.8649515E+1,3.8273987E+3,0.0000000E+0
11228511,29/9/2021,5:09:31 AM,-2.2182041E+1,-2.9106403E+1,3.8256133E+3,0.0000000E+0
11228512,29/9/2021,5:09:31 AM,-2.5852451E+1,-2.8783895E+1,3.8273987E+3,0.0000000E+0
11228513,29/9/2021,5:09:31 AM,-2.8166405E+1,-2.9617043E+1,3.8273987E+3,0.0000000E+0
11228514,29/9/2021,5:09:31 AM,-3.0639940E+1,-3.0235186E+1,3.8256133E+3,0.0000000E+0
11228515,29/9/2021,5:09:31 AM,-3.2927299E+1,-2.9697670E+1,3.8273987E+3,0.0000000E+0
11228516,29/9/2021,5:09:32 AM,-3.5507225E+1,-2.9536415E+1,3.8247205E+3,0.0000000E+0
11228517,29/9/2021,5:09:32 AM,-3.7342430E+1,-2.8945148E+1,3.8273987E+3,0.0000000E+0
11228518,29/9/2021,5:09:32 AM,-3.8991455E+1,-2.7171352E+1,3.8273987E+3,0.0000000E+0
11228519,29/9/2021,5:09:32 AM,-4.0853256E+1,-2.6042570E+1,3.8273987E+3,0.0000000E+0
11228520,29/9/2021,5:09:32 AM,-4.2555473E+1,-2.4940666E+1,3.8273987E+3,0.0000000E+0
11228521,29/9/2021,5:09:32 AM,-4.3965126E+1,-2.4349401E+1,3.8273987E+3,0.0000000E+0
11228522,29/9/2021,5:09:32 AM,-4.4869431E+1,-2.2790609E+1,3.8282915E+3,0.0000000E+0
11228523,29/9/2021,5:09:32 AM,-4.3539574E+1,-2.1903711E+1,3.8291846E+3,0.0000000E+0
11228524,29/9/2021,5:09:32 AM,-4.3007629E+1,-2.3381876E+1,3.8273987E+3,0.0000000E+0
11228525,29/9/2021,5:09:32 AM,-4.1491589E+1,-2.5424431E+1,3.8256133E+3,0.0000000E+0
11228526,29/9/2021,5:09:33 AM,-3.7927567E+1,-2.7144476E+1,3.8256133E+3,0.0000000E+0
11228527,29/9/2021,5:09:33 AM,-3.4416740E+1,-2.7870119E+1,3.8265059E+3,0.0000000E+0
11228528,29/9/2021,5:09:33 AM,-3.1065498E+1,-2.8138876E+1,3.8273987E+3,0.0000000E+0
11228529,29/9/2021,5:09:33 AM,-2.7129114E+1,-2.9993303E+1,3.8238276E+3,0.0000000E+0
11228530,29/9/2021,5:09:33 AM,-2.1224545E+1,-3.1390841E+1,3.8256133E+3,0.0000000E+0
11228531,29/9/2021,5:09:33 AM,-1.4509713E+1,-3.0342686E+1,3.8273987E+3,0.0000000E+0
11228532,29/9/2021,5:09:33 AM,-8.9136734E+0,-2.7708864E+1,3.8291846E+3,0.0000000E+0
11228533,29/9/2021,5:09:33 AM,-3.7561116E+0,-2.5558809E+1,3.8309702E+3,0.0000000E+0
11228534,29/9/2021,5:09:33 AM,1.0339013E+0,-2.4215023E+1,3.8291846E+3,0.0000000E+0
11228535,29/9/2021,5:09:33 AM,6.0906591E+0,-2.1661829E+1,3.8309702E+3,0.0000000E+0
11228536,29/9/2021,5:09:34 AM,1.1128937E+1,-1.8394215E+1,3.8327556E+3,0.0000000E+0
11228537,29/9/2021,5:09:34 AM,1.4985915E+1,-1.4879668E+1,3.8363269E+3,0.0000000E+0
11228538,29/9/2021,5:09:34 AM,1.8224621E+1,-1.2747544E+1,3.8363269E+3,0.0000000E+0
11228539,29/9/2021,5:09:34 AM,1.9619026E+1,-1.1136489E+1,3.8345413E+3,0.0000000E+0
11228540,29/9/2021,5:09:34 AM,2.0266241E+1,-9.5467014E+0,3.8354341E+3,0.0000000E+0
11228541,29/9/2021,5:09:34 AM,2.0533016E+1,-8.9139767E+0,3.8345413E+3,0.0000000E+0
11228542,29/9/2021,5:09:34 AM,2.0479824E+1,-7.8346224E+0,3.8354341E+3,0.0000000E+0
11228543,29/9/2021,5:09:34 AM,1.8832371E+1,-6.6648784E+0,3.8363269E+3,0.0000000E+0
11228544,29/9/2021,5:09:34 AM,1.5446332E+1,-7.5102839E+0,3.8327556E+3,0.0000000E+0
11228545,29/9/2021,5:09:34 AM,1.1299949E+1,-8.6534424E+0,3.8327556E+3,0.0000000E+0
11228546,29/9/2021,5:09:35 AM,7.9638987E+0,-8.4487371E+0,3.8309702E+3,0.0000000E+0
11228547,29/9/2021,5:09:35 AM,4.9025140E+0,-6.8669257E+0,3.8336484E+3,0.0000000E+0
11228548,29/9/2021,5:09:35 AM,9.7289711E-1,-5.9763255E+0,3.8345413E+3,0.0000000E+0
11228549,29/9/2021,5:09:35 AM,-3.9922056E+0,-5.7609863E+0,3.8291846E+3,0.0000000E+0
11228550,29/9/2021,5:09:35 AM,-8.3953753E+0,-4.2693791E+0,3.8327556E+3,0.0000000E+0
11228551,29/9/2021,5:09:35 AM,-1.2444413E+1,-3.4071777E+0,3.8318628E+3,0.0000000E+0
11228552,29/9/2021,5:09:35 AM,-1.6503975E+1,-3.1013644E+0,3.8345413E+3,0.0000000E+0
11228553,29/9/2021,5:09:35 AM,-2.1118155E+1,-2.8780084E+0,3.8318628E+3,0.0000000E+0
11228554,29/9/2021,5:09:35 AM,-2.5559881E+1,-3.2830911E+0,3.8327556E+3,0.0000000E+0
11228555,29/9/2021,5:09:35 AM,-3.0666540E+1,-4.8193631E+0,3.8309702E+3,0.0000000E+0
11228556,29/9/2021,5:09:36 AM,-3.5134865E+1,-6.7579265E+0,3.8291846E+3,0.0000000E+0
11228557,29/9/2021,5:09:36 AM,-4.0507496E+1,-6.8509741E+0,3.8318628E+3,0.0000000E+0
11228558,29/9/2021,5:09:36 AM,-4.5481163E+1,-8.7970018E+0,3.8291846E+3,0.0000000E+0
11228559,29/9/2021,5:09:36 AM,-5.0401638E+1,-1.1256122E+1,3.8282915E+3,0.0000000E+0
11228560,29/9/2021,5:09:36 AM,-5.3859272E+1,-1.3848167E+1,3.8273987E+3,0.0000000E+0
11228561,29/9/2021,5:09:36 AM,-5.7130722E+1,-1.6496040E+1,3.8256133E+3,0.0000000E+0
11228562,29/9/2021,5:09:36 AM,-5.8008430E+1,-1.9909565E+1,3.8256133E+3,0.0000000E+0
11228563,29/9/2021,5:09:36 AM,-5.8114822E+1,-2.2468102E+1,3.8256133E+3,0.0000000E+0
11228564,29/9/2021,5:09:36 AM,-5.7343502E+1,-2.5746937E+1,3.8238276E+3,0.0000000E+0
11228565,29/9/2021,5:09:36 AM,-5.4896564E+1,-2.9079527E+1,3.8247205E+3,0.0000000E+0
11228566,29/9/2021,5:09:37 AM,-5.0906990E+1,-3.2143360E+1,3.8238276E+3,0.0000000E+0
11228567,29/9/2021,5:09:37 AM,-4.6385468E+1,-3.4615925E+1,3.8238276E+3,0.0000000E+0
11228568,29/9/2021,5:09:37 AM,-4.0321312E+1,-3.5556576E+1,3.8265059E+3,0.0000000E+0
11228569,29/9/2021,5:09:37 AM,-3.4177364E+1,-3.6309097E+1,3.8273987E+3,0.0000000E+0
11228570,29/9/2021,5:09:37 AM,-2.9443069E+1,-3.7142242E+1,3.8265059E+3,0.0000000E+0
11228571,29/9/2021,5:09:37 AM,-2.3804470E+1,-3.8647282E+1,3.8273987E+3,0.0000000E+0
11228572,29/9/2021,5:09:37 AM,-1.9421705E+1,-3.9265427E+1,3.8273987E+3,0.0000000E+0
11228573,29/9/2021,5:09:37 AM,-1.6956501E+1,-4.0152325E+1,3.8282915E+3,0.0000000E+0
11228574,29/9/2021,5:09:37 AM,-1.2907461E+1,-4.2141129E+1,3.8291846E+3,0.0000000E+0
11228575,29/9/2021,5:09:37 AM,-8.6374226E+0,-4.4398689E+1,3.8291846E+3,0.0000000E+0
11228576,29/9/2021,5:09:38 AM,-6.8431120E+0,-4.5957478E+1,3.8273987E+3,0.0000000E+0
11228577,29/9/2021,5:09:38 AM,-6.6221118E+0,-4.8000034E+1,3.8247205E+3,0.0000000E+0
11228578,29/9/2021,5:09:38 AM,-4.5531268E+0,-4.9746956E+1,3.8273987E+3,0.0000000E+0
11228579,29/9/2021,5:09:38 AM,-4.0595479E+0,-4.9424450E+1,3.8247205E+3,0.0000000E+0
11228580,29/9/2021,5:09:38 AM,-4.7971435E+0,-4.8833183E+1,3.8273987E+3,0.0000000E+0
11228581,29/9/2021,5:09:38 AM,-5.1702986E+0,-4.8134411E+1,3.8256133E+3,0.0000000E+0
11228582,29/9/2021,5:09:38 AM,-6.9904451E+0,-4.7973160E+1,3.8229348E+3,0.0000000E+0
11228583,29/9/2021,5:09:38 AM,-8.9005184E+0,-4.5688721E+1,3.8256133E+3,0.0000000E+0
11228584,29/9/2021,5:09:38 AM,-1.0289662E+1,-4.1334854E+1,3.8273987E+3,0.0000000E+0
11228585,29/9/2021,5:09:38 AM,-1.2673306E+1,-3.7384125E+1,3.8265059E+3,0.0000000E+0
11228586,29/9/2021,5:09:39 AM,-1.4801748E+1,-3.3540897E+1,3.8273987E+3,0.0000000E+0
11228587,29/9/2021,5:09:39 AM,-1.6375059E+1,-2.8998901E+1,3.8273987E+3,0.0000000E+0
11228588,29/9/2021,5:09:39 AM,-1.8800800E+1,-2.3946266E+1,3.8273987E+3,0.0000000E+0
11228589,29/9/2021,5:09:39 AM,-1.9800562E+1,-1.8657408E+1,3.8309702E+3,0.0000000E+0
11228590,29/9/2021,5:09:39 AM,-2.0016300E+1,-1.3640803E+1,3.8309702E+3,0.0000000E+0
11228591,29/9/2021,5:09:39 AM,-2.1570307E+1,-8.8714399E+0,3.8309702E+3,0.0000000E+0
11228592,29/9/2021,5:09:39 AM,-2.2793777E+1,-5.4157796E+0,3.8309702E+3,0.0000000E+0
11228593,29/9/2021,5:09:39 AM,-2.2660791E+1,-2.4969425E+0,3.8309702E+3,0.0000000E+0
11228594,29/9/2021,5:09:39 AM,-2.3777872E+1,1.5610894E+0,3.8318628E+3,0.0000000E+0
11228595,29/9/2021,5:09:39 AM,-2.4761967E+1,5.5164037E+0,3.8327556E+3,0.0000000E+0
11228596,29/9/2021,5:09:40 AM,-2.4868357E+1,9.1452665E+0,3.8354341E+3,0.0000000E+0
11228597,29/9/2021,5:09:40 AM,-2.6038633E+1,1.1989870E+1,3.8327556E+3,0.0000000E+0
11228598,29/9/2021,5:09:40 AM,-2.5533287E+1,1.3452048E+1,3.8318628E+3,0.0000000E+0
11228599,29/9/2021,5:09:40 AM,-2.3299124E+1,1.6828354E+1,3.8345413E+3,0.0000000E+0
11228600,29/9/2021,5:09:40 AM,-2.2288431E+1,2.0366829E+1,3.8363269E+3,0.0000000E+0
11228601,29/9/2021,5:09:40 AM,-1.9240168E+1,2.0608751E+1,3.8363269E+3,0.0000000E+0
11228602,29/9/2021,5:09:40 AM,-1.3273165E+1,2.0271120E+1,3.8363269E+3,0.0000000E+0
11228603,29/9/2021,5:09:40 AM,-7.7008028E+0,1.9056183E+1,3.8354341E+3,0.0000000E+0
11228604,29/9/2021,5:09:40 AM,-7.2614342E-1,1.5541636E+1,3.8345413E+3,0.0000000E+0
11228605,29/9/2021,5:09:40 AM,7.7718391E+0,1.3220759E+1,3.8363269E+3,0.0000000E+0
11228606,29/9/2021,5:09:41 AM,1.4367641E+1,1.1678824E+1,3.8381123E+3,0.0000000E+0
11228607,29/9/2021,5:09:41 AM,2.0337276E+1,7.7894273E+0,3.8381123E+3,0.0000000E+0
11228608,29/9/2021,5:09:41 AM,2.6809950E+1,2.9588649E+0,3.8354341E+3,0.0000000E+0
11228609,29/9/2021,5:09:41 AM,2.8990919E+1,-1.0971562E+0,3.8345413E+3,0.0000000E+0
11228610,29/9/2021,5:09:41 AM,3.0373970E+1,-3.4392002E+0,3.8363269E+3,0.0000000E+0
11228611,29/9/2021,5:09:41 AM,3.2342163E+1,-4.4118786E+0,3.8398979E+3,0.0000000E+0
11228612,29/9/2021,5:09:41 AM,3.0294178E+1,-7.5714297E+0,3.8354341E+3,0.0000000E+0
11228613,29/9/2021,5:09:41 AM,2.8006823E+1,-1.2051015E+1,3.8345413E+3,0.0000000E+0
11228614,29/9/2021,5:09:41 AM,2.4309816E+1,-1.5682537E+1,3.8327556E+3,0.0000000E+0
11228615,29/9/2021,5:09:41 AM,2.0852182E+1,-1.8774382E+1,3.8309702E+3,0.0000000E+0
11228616,29/9/2021,5:09:42 AM,1.9429598E+1,-2.0936186E+1,3.8381123E+3,0.0000000E+0
11228617,29/9/2021,5:09:42 AM,1.6072500E+1,-2.5048170E+1,3.8327556E+3,0.0000000E+0
11228618,29/9/2021,5:09:42 AM,1.2586486E+1,-3.0933952E+1,3.8291846E+3,0.0000000E+0
11228619,29/9/2021,5:09:42 AM,8.8715782E+0,-3.6954113E+1,3.8282915E+3,0.0000000E+0
11228620,29/9/2021,5:09:42 AM,5.3145275E+0,-4.1603615E+1,3.8256133E+3,0.0000000E+0
11228621,29/9/2021,5:09:42 AM,1.8610222E+0,-4.4533066E+1,3.8273987E+3,0.0000000E+0
11228622,29/9/2021,5:09:42 AM,-3.1405244E+0,-4.6898129E+1,3.8282915E+3,0.0000000E+0
11228623,29/9/2021,5:09:42 AM,-9.8108292E+0,-4.9505074E+1,3.8256133E+3,0.0000000E+0
11228624,29/9/2021,5:09:42 AM,-1.7803667E+1,-5.3052670E+1,3.8211492E+3,0.0000000E+0
11228625,29/9/2021,5:09:42 AM,-2.6384396E+1,-5.4047073E+1,3.8202566E+3,0.0000000E+0
11228626,29/9/2021,5:09:43 AM,-3.3352856E+1,-5.2434528E+1,3.8238276E+3,0.0000000E+0
11228627,29/9/2021,5:09:43 AM,-4.2422489E+1,-4.9585701E+1,3.8220420E+3,0.0000000E+0
11228628,29/9/2021,5:09:43 AM,-5.3540104E+1,-4.5796227E+1,3.8247205E+3,0.0000000E+0
11228629,29/9/2021,5:09:43 AM,-6.4338562E+1,-4.2974277E+1,3.8229348E+3,0.0000000E+0
11228630,29/9/2021,5:09:43 AM,-7.3620972E+1,-4.1307980E+1,3.8193638E+3,0.0000000E+0
11228631,29/9/2021,5:09:43 AM,-8.0828804E+1,-3.8271027E+1,3.8220420E+3,0.0000000E+0
11228632,29/9/2021,5:09:43 AM,-8.4977966E+1,-3.4992187E+1,3.8238276E+3,0.0000000E+0
11228633,29/9/2021,5:09:43 AM,-8.9978233E+1,-3.2707748E+1,3.8238276E+3,0.0000000E+0
11228634,29/9/2021,5:09:43 AM,-9.4366768E+1,-3.2815254E+1,3.8202566E+3,0.0000000E+0
11228635,29/9/2021,5:09:43 AM,-9.5723221E+1,-3.3030258E+1,3.8202566E+3,0.0000000E+0
11228636,29/9/2021,5:09:44 AM,-9.2770935E+1,-3.1955231E+1,3.8220420E+3,0.0000000E+0
11228637,29/9/2021,5:09:44 AM,-8.8967537E+1,-3.1256460E+1,3.8220420E+3,0.0000000E+0
11228638,29/9/2021,5:09:44 AM,-8.5270531E+1,-3.2197109E+1,3.8202566E+3,0.0000000E+0
11228639,29/9/2021,5:09:44 AM,-8.0296867E+1,-3.1847727E+1,3.8211492E+3,0.0000000E+0
11228640,29/9/2021,5:09:44 AM,-7.2610275E+1,-2.9563292E+1,3.8247205E+3,0.0000000E+0
11228641,29/9/2021,5:09:44 AM,-6.6865295E+1,-2.8300131E+1,3.8238276E+3,0.0000000E+0
11228642,29/9/2021,5:09:44 AM,-6.0348984E+1,-2.6983221E+1,3.8247205E+3,0.0000000E+0
11228643,29/9/2021,5:09:44 AM,-5.4178440E+1,-2.4322525E+1,3.8238276E+3,0.0000000E+0
11228644,29/9/2021,5:09:44 AM,-4.5933315E+1,-2.1178066E+1,3.8273987E+3,0.0000000E+0
11228645,29/9/2021,5:09:44 AM,-3.6331738E+1,-1.7990122E+1,3.8300774E+3,0.0000000E+0
11228646,29/9/2021,5:09:45 AM,-2.7953629E+1,-1.4528744E+1,3.8300774E+3,0.0000000E+0
11228647,29/9/2021,5:09:45 AM,-2.0160656E+1,-1.2106844E+1,3.8318628E+3,0.0000000E+0
11228648,29/9/2021,5:09:45 AM,-1.1631449E+1,-9.8604050E+0,3.8309702E+3,0.0000000E+0
11228649,29/9/2021,5:09:45 AM,-2.1501977E+0,-7.3693833E+0,3.8327556E+3,0.0000000E+0
11228650,29/9/2021,5:09:45 AM,8.2690887E+0,-5.7795959E+0,3.8363269E+3,0.0000000E+0
11228651,29/9/2021,5:09:45 AM,1.8411417E+1,-4.7232962E+0,3.8363269E+3,0.0000000E+0
11228652,29/9/2021,5:09:45 AM,2.5932243E+1,-5.0667362E+0,3.8363269E+3,0.0000000E+0
11228653,29/9/2021,5:09:45 AM,3.3060287E+1,-5.1227751E+0,3.8381123E+3,0.0000000E+0
11228654,29/9/2021,5:09:45 AM,4.0108536E+1,-6.1863475E+0,3.8363269E+3,0.0000000E+0
11228655,29/9/2021,5:09:45 AM,4.4922623E+1,-7.7548666E+0,3.8381123E+3,0.0000000E+0
11228656,29/9/2021,5:09:46 AM,4.9444141E+1,-8.1509848E+0,3.8390051E+3,0.0000000E+0
11228657,29/9/2021,5:09:46 AM,5.0348450E+1,-8.2679596E+0,3.8381123E+3,0.0000000E+0
11228658,29/9/2021,5:09:46 AM,4.7715328E+1,-9.5520182E+0,3.8381123E+3,0.0000000E+0
11228659,29/9/2021,5:09:46 AM,4.5534359E+1,-1.0857346E+1,3.8363269E+3,0.0000000E+0
11228660,29/9/2021,5:09:46 AM,4.1385201E+1,-1.1615020E+1,3.8354341E+3,0.0000000E+0
11228661,29/9/2021,5:09:46 AM,3.4868893E+1,-1.2205209E+1,3.8336484E+3,0.0000000E+0
11228662,29/9/2021,5:09:46 AM,2.8272795E+1,-1.2742227E+1,3.8327556E+3,0.0000000E+0
11228663,29/9/2021,5:09:46 AM,2.1570307E+1,-1.2423206E+1,3.8345413E+3,0.0000000E+0
11228664,29/9/2021,5:09:46 AM,1.4059819E+1,-1.2074943E+1,3.8318628E+3,0.0000000E+0
11228665,29/9/2021,5:09:46 AM,7.0720048E+0,-1.2439157E+1,3.8300774E+3,0.0000000E+0
11228666,29/9/2021,5:09:47 AM,1.6122522E+0,-1.2484352E+1,3.8309702E+3,0.0000000E+0
11228667,29/9/2021,5:09:47 AM,-1.3514922E+0,-1.2261037E+1,3.8309702E+3,0.0000000E+0
11228668,29/9/2021,5:09:47 AM,-3.5929060E+0,-1.1471460E+1,3.8345413E+3,0.0000000E+0
11228669,29/9/2021,5:09:47 AM,-8.3427553E+0,-1.2362062E+1,3.8291846E+3,0.0000000E+0
11228670,29/9/2021,5:09:47 AM,-1.2967974E+1,-1.4129969E+1,3.8309702E+3,0.0000000E+0
11228671,29/9/2021,5:09:47 AM,-1.6098808E+1,-1.4550013E+1,3.8309702E+3,0.0000000E+0
11228672,29/9/2021,5:09:47 AM,-2.0346836E+1,-1.4783961E+1,3.8300774E+3,0.0000000E+0
11228673,29/9/2021,5:09:47 AM,-2.3884262E+1,-1.5552270E+1,3.8318628E+3,0.0000000E+0
11228674,29/9/2021,5:09:47 AM,-2.8884529E+1,-1.7280300E+1,3.8291846E+3,0.0000000E+0
11228675,29/9/2021,5:09:47 AM,-3.5454029E+1,-1.9981342E+1,3.8256133E+3,0.0000000E+0
11228676,29/9/2021,5:09:48 AM,-3.8991455E+1,-2.1204941E+1,3.8256133E+3,0.0000000E+0
11228677,29/9/2021,5:09:48 AM,-4.2715057E+1,-2.1957462E+1,3.8265059E+3,0.0000000E+0
11228678,29/9/2021,5:09:48 AM,-4.5002415E+1,-2.2333721E+1,3.8256133E+3,0.0000000E+0
11228679,29/9/2021,5:09:48 AM,-4.6757832E+1,-2.3032492E+1,3.8256133E+3,0.0000000E+0
11228680,29/9/2021,5:09:48 AM,-4.8752617E+1,-2.4053768E+1,3.8238276E+3,0.0000000E+0
11228681,29/9/2021,5:09:48 AM,-4.8912201E+1,-2.4268774E+1,3.8238276E+3,0.0000000E+0
11228682,29/9/2021,5:09:48 AM,-4.7076996E+1,-2.3892513E+1,3.8256133E+3,0.0000000E+0
11228683,29/9/2021,5:09:48 AM,-4.4177906E+1,-2.2360598E+1,3.8265059E+3,0.0000000E+0
11228684,29/9/2021,5:09:48 AM,-4.2289505E+1,-2.1151192E+1,3.8282915E+3,0.0000000E+0
11228685,29/9/2021,5:09:48 AM,-3.8672287E+1,-2.1554327E+1,3.8273987E+3,0.0000000E+0
11228686,29/9/2021,5:09:49 AM,-3.4416740E+1,-2.1419947E+1,3.8282915E+3,0.0000000E+0
11228687,29/9/2021,5:09:49 AM,-3.0826122E+1,-2.1258694E+1,3.8291846E+3,0.0000000E+0
11228688,29/9/2021,5:09:49 AM,-2.6730158E+1,-2.0667427E+1,3.8318628E+3,0.0000000E+0
11228689,29/9/2021,5:09:49 AM,-2.3751274E+1,-2.1231819E+1,3.8318628E+3,0.0000000E+0
11228690,29/9/2021,5:09:49 AM,-2.2368221E+1,-2.2790609E+1,3.8291846E+3,0.0000000E+0
11228691,29/9/2021,5:09:49 AM,-2.0745794E+1,-2.4564407E+1,3.8291846E+3,0.0000000E+0
11228692,29/9/2021,5:09:49 AM,-2.1038363E+1,-2.5155672E+1,3.8291846E+3,0.0000000E+0
11228693,29/9/2021,5:09:49 AM,-2.1463919E+1,-2.6230701E+1,3.8273987E+3,0.0000000E+0
11228694,29/9/2021,5:09:49 AM,-2.1889473E+1,-2.7036974E+1,3.8273987E+3,0.0000000E+0
11228695,29/9/2021,5:09:49 AM,-2.2102249E+1,-2.7950748E+1,3.8273987E+3,0.0000000E+0
11228696,29/9/2021,5:09:50 AM,-2.2900166E+1,-2.8515137E+1,3.8256133E+3,0.0000000E+0
11228697,29/9/2021,5:09:50 AM,-2.3325720E+1,-2.8407635E+1,3.8256133E+3,0.0000000E+0
11228698,29/9/2021,5:09:50 AM,-2.2261833E+1,-2.7386358E+1,3.8273987E+3,0.0000000E+0
11228699,29/9/2021,5:09:50 AM,-2.1543711E+1,-2.6257576E+1,3.8273987E+3,0.0000000E+0
11228700,29/9/2021,5:09:50 AM,-1.8761335E+1,-2.5128798E+1,3.8291846E+3,0.0000000E+0
11228701,29/9/2021,5:09:50 AM,-1.6582905E+1,-2.4376278E+1,3.8282915E+3,0.0000000E+0
11228702,29/9/2021,5:09:50 AM,-1.3449438E+1,-2.3892513E+1,3.8291846E+3,0.0000000E+0
11228703,29/9/2021,5:09:50 AM,-9.0767918E+0,-2.3032492E+1,3.8309702E+3,0.0000000E+0
11228704,29/9/2021,5:09:50 AM,-5.2582393E+0,-2.3086243E+1,3.8318628E+3,0.0000000E+0
11228705,29/9/2021,5:09:50 AM,-1.7873418E+0,-2.2656231E+1,3.8327556E+3,0.0000000E+0
11228706,29/9/2021,5:09:51 AM,-3.7204292E-2,-2.3274372E+1,3.8309702E+3,0.0000000E+0
11228707,29/9/2021,5:09:51 AM,8.7232196E-1,-2.4107519E+1,3.8327556E+3,0.0000000E+0
11228708,29/9/2021,5:09:51 AM,2.3300409E+0,-2.4967545E+1,3.8309702E+3,0.0000000E+0
11228709,29/9/2021,5:09:51 AM,1.4926206E+0,-2.5827564E+1,3.8309702E+3,0.0000000E+0
11228710,29/9/2021,5:09:51 AM,8.3511764E-1,-2.5988819E+1,3.8291846E+3,0.0000000E+0
11228711,29/9/2021,5:09:51 AM,-8.5332406E-1,-2.5827564E+1,3.8291846E+3,0.0000000E+0
11228712,29/9/2021,5:09:51 AM,-3.5691381E+0,-2.5558809E+1,3.8273987E+3,0.0000000E+0
11228713,29/9/2021,5:09:51 AM,-5.7591586E+0,-2.3973141E+1,3.8291846E+3,0.0000000E+0
11228714,29/9/2021,5:09:51 AM,-7.9875774E+0,-2.2172468E+1,3.8291846E+3,0.0000000E+0
11228715,29/9/2021,5:09:51 AM,-9.6450777E+0,-2.0721180E+1,3.8291846E+3,0.0000000E+0
11228716,29/9/2021,5:09:52 AM,-9.6766500E+0,-1.9141254E+1,3.8309702E+3,0.0000000E+0
11228717,29/9/2021,5:09:52 AM,-1.0636949E+1,-1.7979488E+1,3.8273987E+3,0.0000000E+0
11228718,29/9/2021,5:09:52 AM,-1.0031829E+1,-1.6169043E+1,3.8309702E+3,0.0000000E+0
11228719,29/9/2021,5:09:52 AM,-1.0102864E+1,-1.4922203E+1,3.8309702E+3,0.0000000E+0
11228720,29/9/2021,5:09:52 AM,-9.4451256E+0,-1.2330158E+1,3.8327556E+3,0.0000000E+0
11228721,29/9/2021,5:09:52 AM,-9.5451021E+0,-1.0437302E+1,3.8327556E+3,0.0000000E+0
11228722,29/9/2021,5:09:52 AM,-1.0971080E+1,-1.0057135E+1,3.8309702E+3,0.0000000E+0
11228723,29/9/2021,5:09:52 AM,-1.2194473E+1,-8.7624416E+0,3.8318628E+3,0.0000000E+0
11228724,29/9/2021,5:09:52 AM,-1.4514975E+1,-6.2076154E+0,3.8309702E+3,0.0000000E+0
11228725,29/9/2021,5:09:52 AM,-1.8040453E+1,-3.0621369E+0,3.8345413E+3,0.0000000E+0
11228726,29/9/2021,5:09:53 AM,-2.1091557E+1,-1.7908498E+0,3.8345413E+3,0.0000000E+0
11228727,29/9/2021,5:09:53 AM,-2.4363010E+1,-2.1687133E+0,3.8327556E+3,0.0000000E+0
11228728,29/9/2021,5:09:53 AM,-2.7501476E+1,-2.0822532E+0,3.8318628E+3,0.0000000E+0
11228729,29/9/2021,5:09:53 AM,-3.0320776E+1,-2.8676012E+0,3.8309702E+3,0.0000000E+0
11228730,29/9/2021,5:09:53 AM,-3.2581535E+1,-4.1773152E+0,3.8318628E+3,0.0000000E+0
11228731,29/9/2021,5:09:53 AM,-3.4789104E+1,-6.1597624E+0,3.8291846E+3,0.0000000E+0
11228732,29/9/2021,5:09:53 AM,-3.6571114E+1,-8.8953667E+0,3.8291846E+3,0.0000000E+0
11228733,29/9/2021,5:09:53 AM,-3.7821178E+1,-1.0984954E+1,3.8291846E+3,0.0000000E+0
11228734,29/9/2021,5:09:53 AM,-3.8326523E+1,-1.4573939E+1,3.8273987E+3,0.0000000E+0
11228735,29/9/2021,5:09:53 AM,-3.8512707E+1,-1.6865572E+1,3.8273987E+3,0.0000000E+0
11228736,29/9/2021,5:09:54 AM,-3.9310623E+1,-1.8915283E+1,3.8273987E+3,0.0000000E+0
11228737,29/9/2021,5:09:54 AM,-3.9230831E+1,-2.1446825E+1,3.8273987E+3,0.0000000E+0
11228738,29/9/2021,5:09:54 AM,-3.9124439E+1,-2.3381876E+1,3.8256133E+3,0.0000000E+0
11228739,29/9/2021,5:09:54 AM,-3.9018051E+1,-2.5693186E+1,3.8265059E+3,0.0000000E+0
11228740,29/9/2021,5:09:54 AM,-3.7395622E+1,-2.7144476E+1,3.8273987E+3,0.0000000E+0
11228741,29/9/2021,5:09:54 AM,-3.6358334E+1,-2.8730143E+1,3.8273987E+3,0.0000000E+0
11228742,29/9/2021,5:09:54 AM,-3.4709312E+1,-3.1202709E+1,3.8273987E+3,0.0000000E+0
11228743,29/9/2021,5:09:54 AM,-3.2022995E+1,-3.3863403E+1,3.8273987E+3,0.0000000E+0
11228744,29/9/2021,5:09:54 AM,-3.0932510E+1,-3.7195995E+1,3.8256133E+3,0.0000000E+0
11228745,29/9/2021,5:09:54 AM,-2.9363277E+1,-3.9372929E+1,3.8256133E+3,0.0000000E+0
11228746,29/9/2021,5:09:55 AM,-2.5400301E+1,-4.1899246E+1,3.8273987E+3,0.0000000E+0
11228747,29/9/2021,5:09:55 AM,-2.4389606E+1,-4.4237434E+1,3.8229348E+3,0.0000000E+0
11228748,29/9/2021,5:09:55 AM,-2.2554403E+1,-4.6226238E+1,3.8256133E+3,0.0000000E+0
11228749,29/9/2021,5:09:55 AM,-1.9905800E+1,-4.8000034E+1,3.8220420E+3,0.0000000E+0
11228750,29/9/2021,5:09:55 AM,-1.9163872E+1,-4.7301266E+1,3.8220420E+3,0.0000000E+0
11228751,29/9/2021,5:09:55 AM,-1.8906036E+1,-4.5043705E+1,3.8238276E+3,0.0000000E+0
11228752,29/9/2021,5:09:55 AM,-1.5751523E+1,-4.2490509E+1,3.8273987E+3,0.0000000E+0
11228753,29/9/2021,5:09:55 AM,-1.2297080E+1,-4.1039223E+1,3.8238276E+3,0.0000000E+0
11228754,29/9/2021,5:09:55 AM,-9.9318523E+0,-3.8942917E+1,3.8256133E+3,0.0000000E+0
11228755,29/9/2021,5:09:55 AM,-6.6931477E+0,-3.4777180E+1,3.8273987E+3,0.0000000E+0
11228756,29/9/2021,5:09:56 AM,-2.0812709E+0,-2.9885798E+1,3.8300774E+3,0.0000000E+0
11228757,29/9/2021,5:09:56 AM,2.5906951E+0,-2.6176952E+1,3.8309702E+3,0.0000000E+0
11228758,29/9/2021,5:09:56 AM,7.9954700E+0,-2.3247498E+1,3.8327556E+3,0.0000000E+0
11228759,29/9/2021,5:09:56 AM,1.3062688E+1,-2.0452421E+1,3.8309702E+3,0.0000000E+0
11228760,29/9/2021,5:09:56 AM,1.6588167E+1,-1.6716696E+1,3.8327556E+3,0.0000000E+0
11228761,29/9/2021,5:09:56 AM,2.0003145E+1,-1.2909713E+1,3.8345413E+3,0.0000000E+0
11228762,29/9/2021,5:09:56 AM,2.3964052E+1,-9.8205280E+0,3.8345413E+3,0.0000000E+0
11228763,29/9/2021,5:09:56 AM,2.5879049E+1,-6.7552681E+0,3.8363269E+3,0.0000000E+0
11228764,29/9/2021,5:09:56 AM,2.7182310E+1,-3.9891839E+0,3.8363269E+3,0.0000000E+0
11228765,29/9/2021,5:09:56 AM,2.6198214E+1,-1.9133352E+0,3.8354341E+3,0.0000000E+0
11228766,29/9/2021,5:09:57 AM,2.4761967E+1,1.0719481E+0,3.8363269E+3,0.0000000E+0
11228767,29/9/2021,5:09:57 AM,2.1197947E+1,4.6312323E+0,3.8381123E+3,0.0000000E+0
11228768,29/9/2021,5:09:57 AM,1.7053844E+1,6.3139558E+0,3.8363269E+3,0.0000000E+0
11228769,29/9/2021,5:09:57 AM,1.2615426E+1,6.5399289E+0,3.8363269E+3,0.0000000E+0
11228770,29/9/2021,5:09:57 AM,7.6218748E+0,7.4385047E+0,3.8345413E+3,0.0000000E+0
11228771,29/9/2021,5:09:57 AM,4.1609573E+0,9.6051884E+0,3.8381123E+3,0.0000000E+0
11228772,29/9/2021,5:09:57 AM,2.1082434E-1,1.0171451E+1,3.8336484E+3,0.0000000E+0
11228773,29/9/2021,5:09:57 AM,-3.9383318E+0,1.0054476E+1,3.8363269E+3,0.0000000E+0
11228774,29/9/2021,5:09:57 AM,-6.9588742E+0,1.0386790E+1,3.8363269E+3,0.0000000E+0
11228775,29/9/2021,5:09:57 AM,-1.0702723E+1,7.7708178E+0,3.8336484E+3,0.0000000E+0
11228776,29/9/2021,5:09:58 AM,-1.3851974E+1,4.8786044E+0,3.8327556E+3,0.0000000E+0
11228777,29/9/2021,5:09:58 AM,-1.7490583E+1,3.2318554E+0,3.8327556E+3,0.0000000E+0
11228778,29/9/2021,5:09:58 AM,-2.2155445E+1,9.4225758E-1,3.8327556E+3,0.0000000E+0
11228779,29/9/2021,5:09:58 AM,-2.5506687E+1,-1.5037571E+0,3.8336484E+3,0.0000000E+0
11228780,29/9/2021,5:09:58 AM,-3.1597441E+1,-5.0763426E+0,3.8291846E+3,0.0000000E+0
11228781,29/9/2021,5:09:58 AM,-3.8166943E+1,-7.4650898E+0,3.8291846E+3,0.0000000E+0
11228782,29/9/2021,5:09:58 AM,-4.3114014E+1,-9.9800377E+0,3.8291846E+3,0.0000000E+0
11228783,29/9/2021,5:09:58 AM,-4.9816505E+1,-1.2003162E+1,3.8273987E+3,0.0000000E+0
11228784,29/9/2021,5:09:58 AM,-5.4763577E+1,-1.4268211E+1,3.8291846E+3,0.0000000E+0
11228785,29/9/2021,5:09:58 AM,-5.9524475E+1,-1.7601978E+1,3.8256133E+3,0.0000000E+0
11228786,29/9/2021,5:09:59 AM,-6.4125786E+1,-2.0300365E+1,3.8256133E+3,0.0000000E+0
11228787,29/9/2021,5:09:59 AM,-6.7370636E+1,-2.3355000E+1,3.8238276E+3,0.0000000E+0
11228788,29/9/2021,5:09:59 AM,-6.9099457E+1,-2.7655115E+1,3.8238276E+3,0.0000000E+0
11228789,29/9/2021,5:09:59 AM,-6.8434525E+1,-3.1014580E+1,3.8229348E+3,0.0000000E+0
11228790,29/9/2021,5:09:59 AM,-6.7955772E+1,-3.3540897E+1,3.8247205E+3,0.0000000E+0
11228791,29/9/2021,5:09:59 AM,-6.6173759E+1,-3.6685356E+1,3.8211492E+3,0.0000000E+0
11228792,29/9/2021,5:09:59 AM,-6.2716129E+1,-4.0286705E+1,3.8229348E+3,0.0000000E+0
11228793,29/9/2021,5:09:59 AM,-5.8513779E+1,-4.4022427E+1,3.8211492E+3,0.0000000E+0
11228794,29/9/2021,5:09:59 AM,-5.1305946E+1,-4.6360615E+1,3.8238276E+3,0.0000000E+0
11228795,29/9/2021,5:09:59 AM,-4.6279079E+1,-4.6817505E+1,3.8247205E+3,0.0000000E+0
11228796,29/9/2021,5:10:00 AM,-4.1996937E+1,-4.8752556E+1,3.8238276E+3,0.0000000E+0
11228797,29/9/2021,5:10:00 AM,-3.6970070E+1,-5.1682007E+1,3.8220420E+3,0.0000000E+0
11228798,29/9/2021,5:10:00 AM,-3.1703831E+1,-5.4073948E+1,3.8220420E+3,0.0000000E+0
11228799,29/9/2021,5:10:00 AM,-2.5426895E+1,-5.4208328E+1,3.8256133E+3,0.0000000E+0
11228800,29/9/2021,5:10:00 AM,-2.0479824E+1,-5.4772717E+1,3.8256133E+3,0.0000000E+0
11228801,29/9/2021,5:10:00 AM,-1.8129906E+1,-5.5659615E+1,3.8220420E+3,0.0000000E+0
11228802,29/9/2021,5:10:00 AM,-1.4735975E+1,-5.5578983E+1,3.8229348E+3,0.0000000E+0
11228803,29/9/2021,5:10:00 AM,-9.6819115E+0,-5.4369583E+1,3.8256133E+3,0.0000000E+0
11228804,29/9/2021,5:10:00 AM,-3.9866600E+0,-5.3106419E+1,3.8273987E+3,0.0000000E+0
11228805,29/9/2021,5:10:00 AM,1.3072314E+0,-5.1708881E+1,3.8273987E+3,0.0000000E+0
11228806,29/9/2021,5:10:01 AM,5.8933377E+0,-4.9881332E+1,3.8256133E+3,0.0000000E+0
11228807,29/9/2021,5:10:01 AM,9.0320663E+0,-4.7140011E+1,3.8273987E+3,0.0000000E+0
11228808,29/9/2021,5:10:01 AM,1.5417392E+1,-4.6038105E+1,3.8256133E+3,0.0000000E+0
11228809,29/9/2021,5:10:01 AM,2.2474611E+1,-4.2920521E+1,3.8291846E+3,0.0000000E+0
11228810,29/9/2021,5:10:01 AM,2.7581266E+1,-3.8163521E+1,3.8327556E+3,0.0000000E+0
11228811,29/9/2021,5:10:01 AM,3.0586748E+1,-3.3702152E+1,3.8309702E+3,0.0000000E+0
11228812,29/9/2021,5:10:01 AM,3.0852722E+1,-2.9670794E+1,3.8309702E+3,0.0000000E+0
11228813,29/9/2021,5:10:01 AM,3.0294178E+1,-2.4833164E+1,3.8309702E+3,0.0000000E+0
11228814,29/9/2021,5:10:01 AM,3.0187792E+1,-1.8465994E+1,3.8354341E+3,0.0000000E+0
11228815,29/9/2021,5:10:01 AM,2.6331202E+1,-1.2064308E+1,3.8336484E+3,0.0000000E+0
11228816,29/9/2021,5:10:02 AM,2.1064960E+1,-5.1363845E+0,3.8363269E+3,0.0000000E+0
11228817,29/9/2021,5:10:02 AM,1.4149272E+1,2.6586554E+0,3.8363269E+3,0.0000000E+0
11228818,29/9/2021,5:10:02 AM,5.9591112E+0,8.2493496E+0,3.8345413E+3,0.0000000E+0
11228819,29/9/2021,5:10:02 AM,8.4534299E-1,1.4260235E+1,3.8381123E+3,0.0000000E+0
11228820,29/9/2021,5:10:02 AM,-5.3604412E+0,2.0571531E+1,3.8363269E+3,0.0000000E+0
11228821,29/9/2021,5:10:02 AM,-1.2912724E+1,2.5612558E+1,3.8363269E+3,0.0000000E+0
11228822,29/9/2021,5:10:02 AM,-1.7901014E+1,2.9160154E+1,3.8381123E+3,0.0000000E+0
11228823,29/9/2021,5:10:02 AM,-2.3644886E+1,3.2412117E+1,3.8381123E+3,0.0000000E+0
11228824,29/9/2021,5:10:02 AM,-2.6065228E+1,3.3379642E+1,3.8381123E+3,0.0000000E+0
11228825,29/9/2021,5:10:02 AM,-2.8485573E+1,3.3890282E+1,3.8390051E+3,0.0000000E+0
11228826,29/9/2021,5:10:03 AM,-3.3512436E+1,3.3084011E+1,3.8363269E+3,0.0000000E+0
11228827,29/9/2021,5:10:03 AM,-3.5852989E+1,3.0530815E+1,3.8363269E+3,0.0000000E+0
11228828,29/9/2021,5:10:03 AM,-3.8140347E+1,2.7332607E+1,3.8345413E+3,0.0000000E+0
11228829,29/9/2021,5:10:03 AM,-4.0135132E+1,2.2736858E+1,3.8354341E+3,0.0000000E+0
11228830,29/9/2021,5:10:03 AM,-4.1066032E+1,1.7479689E+1,3.8345413E+3,0.0000000E+0
11228831,29/9/2021,5:10:03 AM,-4.3911930E+1,1.1968601E+1,3.8309702E+3,0.0000000E+0
11228832,29/9/2021,5:10:03 AM,-4.6864216E+1,6.1517868E+0,3.8291846E+3,0.0000000E+0
11228833,29/9/2021,5:10:03 AM,-4.7422756E+1,3.3887860E-1,3.8291846E+3,0.0000000E+0
11228834,29/9/2021,5:10:03 AM,-4.6119499E+1,-5.1628027E+0,3.8291846E+3,0.0000000E+0
11228835,29/9/2021,5:10:03 AM,-4.4443874E+1,-1.0155499E+1,3.8282915E+3,0.0000000E+0
11228836,29/9/2021,5:10:04 AM,-4.3060822E+1,-1.5509733E+1,3.8273987E+3,0.0000000E+0
11228837,29/9/2021,5:10:04 AM,-4.0401104E+1,-2.1715580E+1,3.8238276E+3,0.0000000E+0
11228838,29/9/2021,5:10:04 AM,-3.6384930E+1,-2.6526335E+1,3.8256133E+3,0.0000000E+0
11228839,29/9/2021,5:10:04 AM,-3.0613346E+1,-3.0584570E+1,3.8256133E+3,0.0000000E+0
11228840,29/9/2021,5:10:04 AM,-2.5506687E+1,-3.4212791E+1,3.8273987E+3,0.0000000E+0
11228841,29/9/2021,5:10:04 AM,-2.1384127E+1,-3.8512905E+1,3.8273987E+3,0.0000000E+0
11228842,29/9/2021,5:10:04 AM,-1.6622370E+1,-4.3135529E+1,3.8256133E+3,0.0000000E+0
11228843,29/9/2021,5:10:04 AM,-1.3123200E+1,-4.6709999E+1,3.8256133E+3,0.0000000E+0
11228844,29/9/2021,5:10:04 AM,-9.4214468E+0,-5.1225117E+1,3.8256133E+3,0.0000000E+0
11228845,29/9/2021,5:10:04 AM,-2.0963240E+0,-5.6627140E+1,3.8273987E+3,0.0000000E+0
11228846,29/9/2021,5:10:05 AM,3.3639421E+0,-6.0658497E+1,3.8265059E+3,0.0000000E+0
11228847,29/9/2021,5:10:05 AM,6.5458140E+0,-6.4528603E+1,3.8238276E+3,0.0000000E+0
11228848,29/9/2021,5:10:05 AM,9.1504593E+0,-6.8129951E+1,3.8229348E+3,0.0000000E+0
11228849,29/9/2021,5:10:05 AM,1.2723294E+1,-7.0683144E+1,3.8229348E+3,0.0000000E+0
11228850,29/9/2021,5:10:05 AM,1.6511869E+1,-7.1758171E+1,3.8238276E+3,0.0000000E+0
11228851,29/9/2021,5:10:05 AM,1.9363823E+1,-7.0978775E+1,3.8238276E+3,0.0000000E+0
11228852,29/9/2021,5:10:05 AM,2.0384634E+1,-6.8586830E+1,3.8238276E+3,0.0000000E+0
11228853,29/9/2021,5:10:05 AM,1.8479822E+1,-6.4716728E+1,3.8256133E+3,0.0000000E+0
11228854,29/9/2021,5:10:05 AM,1.6440834E+1,-5.9852226E+1,3.8238276E+3,0.0000000E+0
11228855,29/9/2021,5:10:05 AM,1.4570225E+1,-5.3509560E+1,3.8282915E+3,0.0000000E+0
11228856,29/9/2021,5:10:06 AM,1.1005282E+1,-4.7220638E+1,3.8273987E+3,0.0000000E+0
11228857,29/9/2021,5:10:06 AM,7.7560534E+0,-4.1200478E+1,3.8291846E+3,0.0000000E+0
11228858,29/9/2021,5:10:06 AM,2.0361121E+0,-3.4185913E+1,3.8291846E+3,0.0000000E+0
11228859,29/9/2021,5:10:06 AM,-4.5650105E+0,-2.6069447E+1,3.8291846E+3,0.0000000E+0
11228860,29/9/2021,5:10:06 AM,-8.8400068E+0,-1.9462934E+1,3.8327556E+3,0.0000000E+0
11228861,29/9/2021,5:10:06 AM,-1.2528604E+1,-1.3574341E+1,3.8327556E+3,0.0000000E+0
11228862,29/9/2021,5:10:06 AM,-1.7751049E+1,-7.8293047E+0,3.8318628E+3,0.0000000E+0
11228863,29/9/2021,5:10:06 AM,-2.2474611E+1,-2.6186273E+0,3.8318628E+3,0.0000000E+0
11228864,29/9/2021,5:10:06 AM,-2.8724945E+1,2.4425046E+0,3.8318628E+3,0.0000000E+0
11228865,29/9/2021,5:10:06 AM,-3.2953896E+1,6.7552681E+0,3.8327556E+3,0.0000000E+0
11228866,29/9/2021,5:10:07 AM,-3.7954163E+1,1.1561850E+1,3.8336484E+3,0.0000000E+0
11228867,29/9/2021,5:10:07 AM,-4.3433182E+1,1.5190713E+1,3.8327556E+3,0.0000000E+0
11228868,29/9/2021,5:10:07 AM,-4.8699425E+1,1.7764149E+1,3.8327556E+3,0.0000000E+0
11228869,29/9/2021,5:10:07 AM,-5.3167747E+1,2.0388096E+1,3.8327556E+3,0.0000000E+0
11228870,29/9/2021,5:10:07 AM,-5.7902042E+1,2.3328125E+1,3.8327556E+3,0.0000000E+0
11228871,29/9/2021,5:10:07 AM,-6.1492661E+1,2.4860039E+1,3.8345413E+3,0.0000000E+0
11228872,29/9/2021,5:10:07 AM,-6.2795925E+1,2.4322525E+1,3.8336484E+3,0.0000000E+0
11228873,29/9/2021,5:10:07 AM,-6.3088493E+1,2.2790609E+1,3.8327556E+3,0.0000000E+0
11228874,29/9/2021,5:10:07 AM,-6.3327866E+1,2.0586800E+1,3.8327556E+3,0.0000000E+0
11228875,29/9/2021,5:10:07 AM,-6.0747940E+1,1.5990924E+1,3.8309702E+3,0.0000000E+0
11228876,29/9/2021,5:10:08 AM,-5.6838154E+1,1.0998246E+1,3.8309702E+3,0.0000000E+0
11228877,29/9/2021,5:10:08 AM,-5.1465530E+1,6.1571035E+0,3.8309702E+3,0.0000000E+0
11228878,29/9/2021,5:10:08 AM,-4.5507763E+1,8.3738440E-1,3.8318628E+3,0.0000000E+0
11228879,29/9/2021,5:10:08 AM,-4.0613880E+1,-4.8762031E+0,3.8291846E+3,0.0000000E+0
11228880,29/9/2021,5:10:08 AM,-3.6172153E+1,-9.6663342E+0,3.8291846E+3,0.0000000E+0
11228881,29/9/2021,5:10:08 AM,-3.1783623E+1,-1.3547756E+1,3.8291846E+3,0.0000000E+0
11228882,29/9/2021,5:10:08 AM,-2.6730158E+1,-1.6998499E+1,3.8291846E+3,0.0000000E+0
11228883,29/9/2021,5:10:08 AM,-2.2580999E+1,-1.9728785E+1,3.8309702E+3,0.0000000E+0
11228884,29/9/2021,5:10:08 AM,-2.0479824E+1,-2.2683107E+1,3.8291846E+3,0.0000000E+0
11228885,29/9/2021,5:10:08 AM,-1.6951239E+1,-2.6768215E+1,3.8273987E+3,0.0000000E+0
11228886,29/9/2021,5:10:09 AM,-1.2499664E+1,-2.9509541E+1,3.8291846E+3,0.0000000E+0
11228887,29/9/2021,5:10:09 AM,-7.4377079E+0,-3.2788376E+1,3.8291846E+3,0.0000000E+0
11228888,29/9/2021,5:10:09 AM,-6.4408290E-1,-3.7599133E+1,3.8291846E+3,0.0000000E+0
11228889,29/9/2021,5:10:09 AM,4.7694139E+0,-4.2168003E+1,3.8291846E+3,0.0000000E+0
11228890,29/9/2021,5:10:09 AM,9.1425667E+0,-4.7570023E+1,3.8273987E+3,0.0000000E+0
11228891,29/9/2021,5:10:09 AM,1.5162189E+1,-5.3536430E+1,3.8256133E+3,0.0000000E+0
11228892,29/9/2021,5:10:09 AM,2.1490515E+1,-5.8132183E+1,3.8273987E+3,0.0000000E+0
11228893,29/9/2021,5:10:09 AM,2.7182310E+1,-6.3077316E+1,3.8256133E+3,0.0000000E+0
11228894,29/9/2021,5:10:09 AM,3.2315563E+1,-6.6732407E+1,3.8265059E+3,0.0000000E+0
11228895,29/9/2021,5:10:09 AM,3.4469936E+1,-6.9393105E+1,3.8247205E+3,0.0000000E+0
11228896,29/9/2021,5:10:10 AM,3.4948685E+1,-7.1086273E+1,3.8229348E+3,0.0000000E+0
11228897,29/9/2021,5:10:10 AM,3.5081673E+1,-6.9446861E+1,3.8256133E+3,0.0000000E+0
11228898,29/9/2021,5:10:10 AM,3.2448551E+1,-6.4636108E+1,3.8273987E+3,0.0000000E+0
11228899,29/9/2021,5:10:10 AM,2.7395088E+1,-6.0201607E+1,3.8273987E+3,0.0000000E+0
11228900,29/9/2021,5:10:10 AM,2.2075653E+1,-5.7003399E+1,3.8256133E+3,0.0000000E+0
11228901,29/9/2021,5:10:10 AM,1.4372904E+1,-5.1789509E+1,3.8265059E+3,0.0000000E+0
11228902,29/9/2021,5:10:10 AM,6.1301231E+0,-4.5285587E+1,3.8256133E+3,0.0000000E+0
11228903,29/9/2021,5:10:10 AM,-2.1636540E-2,-3.8566654E+1,3.8291846E+3,0.0000000E+0
11228904,29/9/2021,5:10:10 AM,-6.9299331E+0,-3.1901480E+1,3.8273987E+3,0.0000000E+0
11228905,29/9/2021,5:10:10 AM,-1.5491059E+1,-2.5612558E+1,3.8282915E+3,0.0000000E+0
11228906,29/9/2021,5:10:11 AM,-2.2022457E+1,-2.0023880E+1,3.8273987E+3,0.0000000E+0
11228907,29/9/2021,5:10:11 AM,-2.7581266E+1,-1.3962482E+1,3.8282915E+3,0.0000000E+0
11228908,29/9/2021,5:10:11 AM,-3.2528343E+1,-7.3082376E+0,3.8291846E+3,0.0000000E+0
11228909,29/9/2021,5:10:11 AM,-3.7581806E+1,-9.5131302E-1,3.8318628E+3,0.0000000E+0
11228910,29/9/2021,5:10:11 AM,-4.2369297E+1,4.3854604E+0,3.8291846E+3,0.0000000E+0
11228911,29/9/2021,5:10:11 AM,-4.9124977E+1,1.0535666E+1,3.8309702E+3,0.0000000E+0
11228912,29/9/2021,5:10:11 AM,-5.4205040E+1,1.6745939E+1,3.8318628E+3,0.0000000E+0
11228913,29/9/2021,5:10:11 AM,-5.7104130E+1,2.2387474E+1,3.8345413E+3,0.0000000E+0
11228914,29/9/2021,5:10:11 AM,-6.0588356E+1,2.7278854E+1,3.8345413E+3,0.0000000E+0
11228915,29/9/2021,5:10:11 AM,-6.2556553E+1,3.0799574E+1,3.8345413E+3,0.0000000E+0
11228916,29/9/2021,5:10:12 AM,-6.4391754E+1,3.3325893E+1,3.8363269E+3,0.0000000E+0
11228917,29/9/2021,5:10:12 AM,-6.5030083E+1,3.3110886E+1,3.8327556E+3,0.0000000E+0
11228918,29/9/2021,5:10:12 AM,-6.0934124E+1,3.1686472E+1,3.8363269E+3,0.0000000E+0
11228919,29/9/2021,5:10:12 AM,-5.5774269E+1,2.8488264E+1,3.8354341E+3,0.0000000E+0
11228920,29/9/2021,5:10:12 AM,-5.0242062E+1,2.3166870E+1,3.8318628E+3,0.0000000E+0
11228921,29/9/2021,5:10:12 AM,-4.2768253E+1,1.6870890E+1,3.8327556E+3,0.0000000E+0
11228922,29/9/2021,5:10:12 AM,-3.5879585E+1,1.0873297E+1,3.8309702E+3,0.0000000E+0
11228923,29/9/2021,5:10:12 AM,-2.8884529E+1,5.0323119E+0,3.8309702E+3,0.0000000E+0
11228924,29/9/2021,5:10:12 AM,-2.0905378E+1,-6.8255639E-1,3.8309702E+3,0.0000000E+0
11228925,29/9/2021,5:10:12 AM,-1.4620213E+1,-4.4150815E+0,3.8309702E+3,0.0000000E+0
11228926,29/9/2021,5:10:13 AM,-8.7847557E+0,-8.6959791E+0,3.8318628E+3,0.0000000E+0
11228927,29/9/2021,5:10:13 AM,-3.2252965E+0,-1.2409914E+1,3.8309702E+3,0.0000000E+0
11228928,29/9/2021,5:10:13 AM,7.7337438E-1,-1.5788877E+1,3.8327556E+3,0.0000000E+0
11228929,29/9/2021,5:10:13 AM,4.6291838E+0,-1.7801369E+1,3.8327556E+3,0.0000000E+0
11228930,29/9/2021,5:10:13 AM,7.6639700E+0,-2.1231819E+1,3.8327556E+3,0.0000000E+0
11228931,29/9/2021,5:10:13 AM,1.1294686E+1,-2.6230701E+1,3.8327556E+3,0.0000000E+0
11228932,29/9/2021,5:10:13 AM,1.4630736E+1,-3.1256460E+1,3.8309702E+3,0.0000000E+0
11228933,29/9/2021,5:10:13 AM,1.7561621E+1,-3.5180317E+1,3.8327556E+3,0.0000000E+0
11228934,29/9/2021,5:10:13 AM,2.0389896E+1,-4.0340454E+1,3.8318628E+3,0.0000000E+0
11228935,29/9/2021,5:10:13 AM,2.3059750E+1,-4.5769348E+1,3.8291846E+3,0.0000000E+0
11228936,29/9/2021,5:10:14 AM,2.5666271E+1,-5.2031395E+1,3.8273987E+3,0.0000000E+0
11228937,29/9/2021,5:10:14 AM,2.8379183E+1,-5.8212807E+1,3.8273987E+3,0.0000000E+0
11228938,29/9/2021,5:10:14 AM,3.0400568E+1,-6.3399818E+1,3.8256133E+3,0.0000000E+0
11228939,29/9/2021,5:10:14 AM,2.9017515E+1,-6.6168022E+1,3.8256133E+3,0.0000000E+0
11228940,29/9/2021,5:10:14 AM,2.6836548E+1,-6.7699936E+1,3.8238276E+3,0.0000000E+0
11228941,29/9/2021,5:10:14 AM,2.4017246E+1,-6.7807442E+1,3.8238276E+3,0.0000000E+0
11228942,29/9/2021,5:10:14 AM,1.8969181E+1,-6.6194893E+1,3.8238276E+3,0.0000000E+0
11228943,29/9/2021,5:10:14 AM,1.3678330E+1,-6.2163540E+1,3.8238276E+3,0.0000000E+0
11228944,29/9/2021,5:10:14 AM,7.2535410E+0,-5.5175850E+1,3.8291846E+3,0.0000000E+0
11228945,29/9/2021,5:10:14 AM,-1.3950291E+0,-4.9048187E+1,3.8238276E+3,0.0000000E+0
11228946,29/9/2021,5:10:15 AM,-8.1664820E+0,-4.3592415E+1,3.8273987E+3,0.0000000E+0
11228947,29/9/2021,5:10:15 AM,-1.4975392E+1,-3.6685356E+1,3.8291846E+3,0.0000000E+0
11228948,29/9/2021,5:10:15 AM,-2.2075653E+1,-2.9778297E+1,3.8291846E+3,0.0000000E+0
11228949,29/9/2021,5:10:15 AM,-2.7767448E+1,-2.6445707E+1,3.8291846E+3,0.0000000E+0
11228950,29/9/2021,5:10:15 AM,-3.3831604E+1,-2.2333721E+1,3.8282915E+3,0.0000000E+0
11228951,29/9/2021,5:10:15 AM,-4.1464989E+1,-1.7918343E+1,3.8291846E+3,0.0000000E+0
11228952,29/9/2021,5:10:15 AM,-4.7662132E+1,-1.5778242E+1,3.8273987E+3,0.0000000E+0
11228953,29/9/2021,5:10:15 AM,-5.4178440E+1,-1.2875153E+1,3.8273987E+3,0.0000000E+0
11228954,29/9/2021,5:10:15 AM,-5.9098919E+1,-1.0285766E+1,3.8282915E+3,0.0000000E+0
11228955,29/9/2021,5:10:15 AM,-6.4498146E+1,-7.9888158E+0,3.8273987E+3,0.0000000E+0
11228956,29/9/2021,5:10:16 AM,-7.0455910E+1,-5.2836871E+0,3.8256133E+3,0.0000000E+0
11228957,29/9/2021,5:10:16 AM,-7.5988121E+1,-2.2727861E+0,3.8273987E+3,0.0000000E+0
11228958,29/9/2021,5:10:16 AM,-7.9685127E+1,1.1744196E+0,3.8282915E+3,0.0000000E+0
11228959,29/9/2021,5:10:16 AM,-8.0350052E+1,3.0989628E+0,3.8291846E+3,0.0000000E+0
11228960,29/9/2021,5:10:16 AM,-8.0137283E+1,4.4519067E+0,3.8282915E+3,0.0000000E+0
11228961,29/9/2021,5:10:16 AM,-7.9605339E+1,3.3439338E+0,3.8256133E+3,0.0000000E+0
11228962,29/9/2021,5:10:16 AM,-7.5562569E+1,4.4182835E+0,3.8291846E+3,0.0000000E+0
11228963,29/9/2021,5:10:16 AM,-6.9392021E+1,4.5183535E+0,3.8318628E+3,0.0000000E+0
11228964,29/9/2021,5:10:16 AM,-6.2636341E+1,1.8476895E+0,3.8300774E+3,0.0000000E+0
11228965,29/9/2021,5:10:16 AM,-5.5800869E+1,-8.8065779E-1,3.8291846E+3,0.0000000E+0
11228966,29/9/2021,5:10:17 AM,-5.0295254E+1,-4.7937455E+0,3.8273987E+3,0.0000000E+0
11228967,29/9/2021,5:10:17 AM,-4.3273598E+1,-7.9196944E+0,3.8291846E+3,0.0000000E+0
11228968,29/9/2021,5:10:17 AM,-3.5879585E+1,-8.1749115E+0,3.8300774E+3,0.0000000E+0
11228969,29/9/2021,5:10:17 AM,-3.1304871E+1,-9.6397486E+0,3.8291846E+3,0.0000000E+0
11228970,29/9/2021,5:10:17 AM,-2.6863144E+1,-1.0083719E+1,3.8309702E+3,0.0000000E+0
11228971,29/9/2021,5:10:17 AM,-2.3458706E+1,-1.1048758E+1,3.8273987E+3,0.0000000E+0
11228972,29/9/2021,5:10:17 AM,-2.0213852E+1,-1.1482095E+1,3.8309702E+3,0.0000000E+0
11228973,29/9/2021,5:10:17 AM,-1.3652021E+1,-1.2330158E+1,3.8318628E+3,0.0000000E+0
11228974,29/9/2021,5:10:17 AM,-5.8591352E+0,-1.3066566E+1,3.8327556E+3,0.0000000E+0
11228975,29/9/2021,5:10:17 AM,4.6544948E-1,-1.4518110E+1,3.8336484E+3,0.0000000E+0
11228976,29/9/2021,5:10:18 AM,8.4479942E+0,-1.8883379E+1,3.8309702E+3,0.0000000E+0
11228977,29/9/2021,5:10:18 AM,1.8048347E+1,-2.3166870E+1,3.8327556E+3,0.0000000E+0
11228978,29/9/2021,5:10:18 AM,2.7262102E+1,-2.7117601E+1,3.8318628E+3,0.0000000E+0
11228979,29/9/2021,5:10:18 AM,3.8406315E+1,-3.1363964E+1,3.8345413E+3,0.0000000E+0
11228980,29/9/2021,5:10:18 AM,4.7954700E+1,-3.5019062E+1,3.8345413E+3,0.0000000E+0
11228981,29/9/2021,5:10:18 AM,5.3992256E+1,-3.9695438E+1,3.8327556E+3,0.0000000E+0
11228982,29/9/2021,5:10:18 AM,5.9311691E+1,-4.3484913E+1,3.8318628E+3,0.0000000E+0
11228983,29/9/2021,5:10:18 AM,6.2317173E+1,-4.5608093E+1,3.8309702E+3,0.0000000E+0
11228984,29/9/2021,5:10:18 AM,6.1678844E+1,-4.5312462E+1,3.8327556E+3,0.0000000E+0
11228985,29/9/2021,5:10:18 AM,5.8673363E+1,-4.4559944E+1,3.8327556E+3,0.0000000E+0
11228986,29/9/2021,5:10:19 AM,5.1545319E+1,-4.3323658E+1,3.8309702E+3,0.0000000E+0
11228987,29/9/2021,5:10:19 AM,4.1624573E+1,-3.9561058E+1,3.8309702E+3,0.0000000E+0
11228988,29/9/2021,5:10:19 AM,3.3326256E+1,-3.6174721E+1,3.8327556E+3,0.0000000E+0
11228989,29/9/2021,5:10:19 AM,2.5240717E+1,-3.3540897E+1,3.8291846E+3,0.0000000E+0
11228990,29/9/2021,5:10:19 AM,1.7895752E+1,-3.0745821E+1,3.8291846E+3,0.0000000E+0
11228991,29/9/2021,5:10:19 AM,1.2162902E+1,-2.7574488E+1,3.8327556E+3,0.0000000E+0
11228992,29/9/2021,5:10:19 AM,6.7720761E+0,-2.5397554E+1,3.8309702E+3,0.0000000E+0
11228993,29/9/2021,5:10:19 AM,2.2761674E+0,-2.5316925E+1,3.8282915E+3,0.0000000E+0
11228994,29/9/2021,5:10:19 AM,-2.0678027E+0,-2.4913792E+1,3.8273987E+3,0.0000000E+0
11228995,29/9/2021,5:10:19 AM,-6.0827665E+0,-2.2494978E+1,3.8291846E+3,0.0000000E+0
11228996,29/9/2021,5:10:20 AM,-1.1186817E+1,-1.8617529E+1,3.8309702E+3,0.0000000E+0
11228997,29/9/2021,5:10:20 AM,-1.8711346E+1,-1.4954105E+1,3.8309702E+3,0.0000000E+0
11228998,29/9/2021,5:10:20 AM,-2.7687656E+1,-1.1000905E+1,3.8291846E+3,0.0000000E+0
11228999,29/9/2021,5:10:20 AM,-3.7581806E+1,-7.2789941E+0,3.8265059E+3,0.0000000E+0
11229000,29/9/2021,5:10:20 AM,-4.9736713E+1,-6.3909680E-1,3.8291846E+3,0.0000000E+0
11229001,29/9/2021,5:10:20 AM,-6.0721344E+1,5.9789839E+0,3.8309702E+3,0.0000000E+0
11229002,29/9/2021,5:10:20 AM,-7.1519798E+1,1.2508279E+1,3.8327556E+3,0.0000000E+0
11229003,29/9/2021,5:10:20 AM,-8.2238457E+1,1.7469053E+1,3.8309702E+3,0.0000000E+0
11229004,29/9/2021,5:10:20 AM,-8.8595184E+1,1.8309141E+1,3.8291846E+3,0.0000000E+0
11229005,29/9/2021,5:10:20 AM,-9.2504967E+1,1.8471312E+1,3.8291846E+3,0.0000000E+0
11229006,29/9/2021,5:10:21 AM,-9.3967804E+1,1.8056583E+1,3.8309702E+3,0.0000000E+0
11229007,29/9/2021,5:10:21 AM,-9.2292191E+1,1.4156552E+1,3.8309702E+3,0.0000000E+0
11229008,29/9/2021,5:10:21 AM,-8.5855675E+1,6.9307294E+0,3.8256133E+3,0.0000000E+0
11229009,29/9/2021,5:10:21 AM,-7.8355270E+1,-5.3324722E-2,3.8273987E+3,0.0000000E+0
11229010,29/9/2021,5:10:21 AM,-6.9072853E+1,-7.0317531E+0,3.8256133E+3,0.0000000E+0
11229011,29/9/2021,5:10:21 AM,-5.7263714E+1,-1.2487011E+1,3.8273987E+3,0.0000000E+0
11229012,29/9/2021,5:10:21 AM,-4.5773731E+1,-1.6953304E+1,3.8273987E+3,0.0000000E+0
11229013,29/9/2021,5:10:21 AM,-3.7581806E+1,-1.9890955E+1,3.8291846E+3,0.0000000E+0
11229014,29/9/2021,5:10:21 AM,-3.3060287E+1,-2.3516254E+1,3.8256133E+3,0.0000000E+0
11229015,29/9/2021,5:10:21 AM,-2.9283485E+1,-2.5505058E+1,3.8273987E+3,0.0000000E+0
11229016,29/9/2021,5:10:22 AM,-2.3166138E+1,-2.5935070E+1,3.8309702E+3,0.0000000E+0
11229017,29/9/2021,5:10:22 AM,-1.9884752E+1,-2.6821968E+1,3.8300774E+3,0.0000000E+0
11229018,29/9/2021,5:10:22 AM,-1.9326990E+1,-2.7359482E+1,3.8318628E+3,0.0000000E+0
11229019,29/9/2021,5:10:22 AM,-1.7501108E+1,-2.9482664E+1,3.8300774E+3,0.0000000E+0
11229020,29/9/2021,5:10:22 AM,-1.4651784E+1,-3.2869003E+1,3.8291846E+3,0.0000000E+0
11229021,29/9/2021,5:10:22 AM,-7.8560295E+0,-3.8056019E+1,3.8282915E+3,0.0000000E+0
11229022,29/9/2021,5:10:22 AM,-4.1083038E-1,-4.3780544E+1,3.8291846E+3,0.0000000E+0
11229023,29/9/2021,5:10:22 AM,6.6931477E+0,-4.8913811E+1,3.8282915E+3,0.0000000E+0
11229024,29/9/2021,5:10:22 AM,1.2415473E+1,-5.4692085E+1,3.8238276E+3,0.0000000E+0
11229025,29/9/2021,5:10:22 AM,1.9087574E+1,-6.0094109E+1,3.8265059E+3,0.0000000E+0
11229026,29/9/2021,5:10:23 AM,2.7448282E+1,-6.5281120E+1,3.8238276E+3,0.0000000E+0
11229027,29/9/2021,5:10:23 AM,3.3485840E+1,-6.8291206E+1,3.8238276E+3,0.0000000E+0
11229028,29/9/2021,5:10:23 AM,3.6890278E+1,-6.8264328E+1,3.8256133E+3,0.0000000E+0
11229029,29/9/2021,5:10:23 AM,3.8619095E+1,-6.5630508E+1,3.8265059E+3,0.0000000E+0
11229030,29/9/2021,5:10:23 AM,3.4789104E+1,-6.0282238E+1,3.8273987E+3,0.0000000E+0
11229031,29/9/2021,5:10:23 AM,3.0187792E+1,-5.4423328E+1,3.8256133E+3,0.0000000E+0
11229032,29/9/2021,5:10:23 AM,2.4735371E+1,-4.6817505E+1,3.8309702E+3,0.0000000E+0
11229033,29/9/2021,5:10:23 AM,1.7490583E+1,-3.7948517E+1,3.8291846E+3,0.0000000E+0
11229034,29/9/2021,5:10:23 AM,1.0039721E+1,-2.9025776E+1,3.8318628E+3,0.0000000E+0
11229035,29/9/2021,5:10:23 AM,1.8586454E+0,-2.0344919E+1,3.8327556E+3,0.0000000E+0
11229036,29/9/2021,5:10:24 AM,-6.4800401E+0,-1.4244284E+1,3.8309702E+3,0.0000000E+0
11229037,29/9/2021,5:10:24 AM,-1.0081817E+1,-9.2914839E+0,3.8318628E+3,0.0000000E+0
11229038,29/9/2021,5:10:24 AM,-1.2910092E+1,-4.6528473E+0,3.8327556E+3,0.0000000E+0
11229039,29/9/2021,5:10:24 AM,-1.6846001E+1,-2.5302580E-1,3.8327556E+3,0.0000000E+0
11229040,29/9/2021,5:10:24 AM,-2.0213852E+1,1.8372822E+0,3.8327556E+3,0.0000000E+0
11229041,29/9/2021,5:10:24 AM,-2.3112944E+1,3.9771755E+0,3.8309702E+3,0.0000000E+0
11229042,29/9/2021,5:10:24 AM,-2.8033421E+1,7.8558898E+0,3.8318628E+3,0.0000000E+0
11229043,29/9/2021,5:10:24 AM,-3.0746330E+1,1.1152440E+1,3.8336484E+3,0.0000000E+0
11229044,29/9/2021,5:10:24 AM,-3.3007088E+1,1.4709523E+1,3.8363269E+3,0.0000000E+0
11229045,29/9/2021,5:10:24 AM,-3.7954163E+1,1.8495237E+1,3.8354341E+3,0.0000000E+0
11229046,29/9/2021,5:10:25 AM,-4.2821449E+1,2.0481144E+1,3.8345413E+3,0.0000000E+0
11229047,29/9/2021,5:10:25 AM,-4.6172691E+1,2.1339321E+1,3.8345413E+3,0.0000000E+0
11229048,29/9/2021,5:10:25 AM,-4.8486645E+1,2.0558239E+1,3.8345413E+3,0.0000000E+0
11229049,29/9/2021,5:10:25 AM,-4.8061089E+1,1.8349020E+1,3.8345413E+3,0.0000000E+0
11229050,29/9/2021,5:10:25 AM,-4.7662132E+1,1.4342649E+1,3.8327556E+3,0.0000000E+0
11229051,29/9/2021,5:10:25 AM,-4.6970608E+1,7.8080373E+0,3.8309702E+3,0.0000000E+0
11229052,29/9/2021,5:10:25 AM,-4.4470474E+1,1.8036587E+0,3.8309702E+3,0.0000000E+0
11229053,29/9/2021,5:10:25 AM,-4.1757561E+1,-5.0163007E+0,3.8273987E+3,0.0000000E+0
11229054,29/9/2021,5:10:25 AM,-3.8619095E+1,-1.0304376E+1,3.8273987E+3,0.0000000E+0
11229055,29/9/2021,5:10:25 AM,-3.6065765E+1,-1.4571280E+1,3.8291846E+3,0.0000000E+0
11229056,29/9/2021,5:10:26 AM,-3.4017784E+1,-1.9537373E+1,3.8273987E+3,0.0000000E+0
11229057,29/9/2021,5:10:26 AM,-3.3964588E+1,-2.2683107E+1,3.8256133E+3,0.0000000E+0
11229058,29/9/2021,5:10:26 AM,-3.3326256E+1,-2.6230701E+1,3.8256133E+3,0.0000000E+0
11229059,29/9/2021,5:10:26 AM,-3.2634731E+1,-2.8300131E+1,3.8273987E+3,0.0000000E+0
11229060,29/9/2021,5:10:26 AM,-3.2687923E+1,-3.0235186E+1,3.8273987E+3,0.0000000E+0
11229061,29/9/2021,5:10:26 AM,-3.1198484E+1,-3.2815254E+1,3.8273987E+3,0.0000000E+0
11229062,29/9/2021,5:10:26 AM,-2.9469667E+1,-3.4132164E+1,3.8273987E+3,0.0000000E+0
11229063,29/9/2021,5:10:26 AM,-2.7262102E+1,-3.7491627E+1,3.8256133E+3,0.0000000E+0
11229064,29/9/2021,5:10:26 AM,-2.1517113E+1,-4.0421082E+1,3.8282915E+3,0.0000000E+0
11229065,29/9/2021,5:10:26 AM,-1.8016775E+1,-4.3054905E+1,3.8265059E+3,0.0000000E+0
11229066,29/9/2021,5:10:27 AM,-1.3273165E+1,-4.7811905E+1,3.8238276E+3,0.0000000E+0
11229067,29/9/2021,5:10:27 AM,-6.4537306E+0,-5.1440128E+1,3.8256133E+3,0.0000000E+0
11229068,29/9/2021,5:10:27 AM,-5.0977796E-1,-5.5148975E+1,3.8220420E+3,0.0000000E+0
11229069,29/9/2021,5:10:27 AM,4.2409759E+0,-5.7272160E+1,3.8238276E+3,0.0000000E+0
11229070,29/9/2021,5:10:27 AM,8.7584467E+0,-5.8212807E+1,3.8229348E+3,0.0000000E+0
11229071,29/9/2021,5:10:27 AM,1.1820877E+1,-5.6546516E+1,3.8247205E+3,0.0000000E+0
11229072,29/9/2021,5:10:27 AM,1.3357355E+1,-5.2300148E+1,3.8273987E+3,0.0000000E+0
11229073,29/9/2021,5:10:27 AM,1.5746262E+1,-4.8806305E+1,3.8265059E+3,0.0000000E+0
11229074,29/9/2021,5:10:27 AM,1.4757023E+1,-4.3484913E+1,3.8273987E+3,0.0000000E+0
11229075,29/9/2021,5:10:27 AM,1.1994520E+1,-3.6174721E+1,3.8309702E+3,0.0000000E+0
11229076,29/9/2021,5:10:28 AM,9.0688992E+0,-2.9294535E+1,3.8309702E+3,0.0000000E+0
11229077,29/9/2021,5:10:28 AM,5.5565753E+0,-2.3247498E+1,3.8309702E+3,0.0000000E+0
11229078,29/9/2021,5:10:28 AM,4.3186173E+0,-1.8152290E+1,3.8327556E+3,0.0000000E+0
11229079,29/9/2021,5:10:28 AM,3.7117450E+0,-1.3170247E+1,3.8327556E+3,0.0000000E+0
11229080,29/9/2021,5:10:28 AM,9.3169945E-1,-8.7571249E+0,3.8345413E+3,0.0000000E+0
11229081,29/9/2021,5:10:28 AM,-9.0424901E-1,-6.7366586E+0,3.8318628E+3,0.0000000E+0
11229082,29/9/2021,5:10:28 AM,-8.7416899E-1,-4.3270197E+0,3.8345413E+3,0.0000000E+0
11229083,29/9/2021,5:10:28 AM,-9.8340714E-1,-2.1911290E+0,3.8336484E+3,0.0000000E+0
11229084,29/9/2021,5:10:28 AM,-1.7572359E+0,-7.9027230E-1,3.8327556E+3,0.0000000E+0
11229085,29/9/2021,5:10:28 AM,-1.5116553E+0,2.5862491E-2,3.8327556E+3,0.0000000E+0
11229086,29/9/2021,5:10:29 AM,-3.0605061E+0,1.2224531E+0,3.8327556E+3,0.0000000E+0
11229087,29/9/2021,5:10:29 AM,-5.3319197E+0,3.6745644E+0,3.8345413E+3,0.0000000E+0
11229088,29/9/2021,5:10:29 AM,-7.9349580E+0,5.4074049E+0,3.8345413E+3,0.0000000E+0
11229089,29/9/2021,5:10:29 AM,-1.1920854E+1,6.1491284E+0,3.8327556E+3,0.0000000E+0
11229090,29/9/2021,5:10:29 AM,-1.4257142E+1,8.6321745E+0,3.8363269E+3,0.0000000E+0
11229091,29/9/2021,5:10:29 AM,-1.7398500E+1,9.6370897E+0,3.8327556E+3,0.0000000E+0
11229092,29/9/2021,5:10:29 AM,-2.2634193E+1,1.1779847E+1,3.8345413E+3,0.0000000E+0
11229093,29/9/2021,5:10:29 AM,-2.6597172E+1,1.2896420E+1,3.8363269E+3,0.0000000E+0
11229094,29/9/2021,5:10:29 AM,-2.9629251E+1,1.1152440E+1,3.8336484E+3,0.0000000E+0
11229095,29/9/2021,5:10:29 AM,-3.2022995E+1,9.1346321E+0,3.8327556E+3,0.0000000E+0
11229096,29/9/2021,5:10:30 AM,-3.5055073E+1,7.3587489E+0,3.8318628E+3,0.0000000E+0
11229097,29/9/2021,5:10:30 AM,-3.6837082E+1,3.7954485E+0,3.8327556E+3,0.0000000E+0
11229098,29/9/2021,5:10:30 AM,-3.7581806E+1,4.2393152E-2,3.8309702E+3,0.0000000E+0
11229099,29/9/2021,5:10:30 AM,-3.9363815E+1,-4.1597033E+0,3.8291846E+3,0.0000000E+0
11229100,29/9/2021,5:10:30 AM,-3.9496799E+1,-8.8740988E+0,3.8291846E+3,0.0000000E+0
11229101,29/9/2021,5:10:30 AM,-3.8752079E+1,-1.4504818E+1,3.8273987E+3,0.0000000E+0
11229102,29/9/2021,5:10:30 AM,-3.9815964E+1,-1.8556383E+1,3.8273987E+3,0.0000000E+0
11229103,29/9/2021,5:10:30 AM,-3.8858471E+1,-2.2333721E+1,3.8291846E+3,0.0000000E+0
11229104,29/9/2021,5:10:30 AM,-3.9390411E+1,-2.5263176E+1,3.8256133E+3,0.0000000E+0
11229105,29/9/2021,5:10:30 AM,-3.9629787E+1,-2.9428913E+1,3.8265059E+3,0.0000000E+0
11229106,29/9/2021,5:10:31 AM,-3.7528610E+1,-3.2734627E+1,3.8265059E+3,0.0000000E+0
11229107,29/9/2021,5:10:31 AM,-3.6517918E+1,-3.4239666E+1,3.8273987E+3,0.0000000E+0
11229108,29/9/2021,5:10:31 AM,-3.6118961E+1,-3.6873486E+1,3.8256133E+3,0.0000000E+0
11229109,29/9/2021,5:10:31 AM,-3.3672020E+1,-4.0555458E+1,3.8265059E+3,0.0000000E+0
11229110,29/9/2021,5:10:31 AM,-3.2129387E+1,-4.3807423E+1,3.8256133E+3,0.0000000E+0
11229111,29/9/2021,5:10:31 AM,-3.0214386E+1,-4.7301266E+1,3.8247205E+3,0.0000000E+0
11229112,29/9/2021,5:10:31 AM,-2.7182310E+1,-5.0633850E+1,3.8238276E+3,0.0000000E+0
11229113,29/9/2021,5:10:31 AM,-2.5692869E+1,-5.3536430E+1,3.8238276E+3,0.0000000E+0
11229114,29/9/2021,5:10:31 AM,-2.3831066E+1,-5.6170250E+1,3.8220420E+3,0.0000000E+0
11229115,29/9/2021,5:10:31 AM,-2.0745794E+1,-5.7433407E+1,3.8238276E+3,0.0000000E+0
11229116,29/9/2021,5:10:32 AM,-1.8690298E+1,-5.8105305E+1,3.8220420E+3,0.0000000E+0
11229117,29/9/2021,5:10:32 AM,-1.8027298E+1,-5.8400940E+1,3.8220420E+3,0.0000000E+0
11229118,29/9/2021,5:10:32 AM,-1.6430309E+1,-5.6869019E+1,3.8256133E+3,0.0000000E+0
11229119,29/9/2021,5:10:32 AM,-1.4762283E+1,-5.3885818E+1,3.8247205E+3,0.0000000E+0
11229120,29/9/2021,5:10:32 AM,-1.3228437E+1,-5.2273273E+1,3.8256133E+3,0.0000000E+0
11229121,29/9/2021,5:10:32 AM,-1.0715877E+1,-5.0848862E+1,3.8238276E+3,0.0000000E+0
11229122,29/9/2021,5:10:32 AM,-7.8533983E+0,-4.7086262E+1,3.8265059E+3,0.0000000E+0
11229123,29/9/2021,5:10:32 AM,-6.2248378E+0,-4.3028027E+1,3.8273987E+3,0.0000000E+0
11229124,29/9/2021,5:10:32 AM,-2.8790781E+0,-3.8889164E+1,3.8291846E+3,0.0000000E+0
11229125,29/9/2021,5:10:32 AM,-8.6440611E-1,-3.3890282E+1,3.8291846E+3,0.0000000E+0
11229126,29/9/2021,5:10:33 AM,2.2586437E-1,-2.9724546E+1,3.8273987E+3,0.0000000E+0
11229127,29/9/2021,5:10:33 AM,3.0906122E+0,-2.4483780E+1,3.8309702E+3,0.0000000E+0
11229128,29/9/2021,5:10:33 AM,3.3813720E+0,-1.8317118E+1,3.8309702E+3,0.0000000E+0
11229129,29/9/2021,5:10:33 AM,3.5033803E+0,-1.2452450E+1,3.8327556E+3,0.0000000E+0
11229130,29/9/2021,5:10:33 AM,3.7101605E+0,-5.8699851E+0,3.8354341E+3,0.0000000E+0
11229131,29/9/2021,5:10:33 AM,1.2272130E+0,-4.1326657E-1,3.8327556E+3,0.0000000E+0
11229132,29/9/2021,5:10:33 AM,-9.2878807E-1,4.5031424E+0,3.8363269E+3,0.0000000E+0
11229133,29/9/2021,5:10:33 AM,-2.7760842E+0,9.7912836E+0,3.8354341E+3,0.0000000E+0
11229134,29/9/2021,5:10:33 AM,-7.5561004E+0,1.4855741E+1,3.8363269E+3,0.0000000E+0
11229135,29/9/2021,5:10:33 AM,-1.0928985E+1,1.9260887E+1,3.8390051E+3,0.0000000E+0
11229136,29/9/2021,5:10:34 AM,-1.3991415E+1,2.2145592E+1,3.8372195E+3,0.0000000E+0
11229137,29/9/2021,5:10:34 AM,-1.8053608E+1,2.3973141E+1,3.8381123E+3,0.0000000E+0
11229138,29/9/2021,5:10:34 AM,-2.0026823E+1,2.3838762E+1,3.8363269E+3,0.0000000E+0
11229139,29/9/2021,5:10:34 AM,-2.1197947E+1,2.1903711E+1,3.8363269E+3,0.0000000E+0
11229140,29/9/2021,5:10:34 AM,-2.2953360E+1,1.9532057E+1,3.8354341E+3,0.0000000E+0
11229141,29/9/2021,5:10:34 AM,-2.2740582E+1,1.6262093E+1,3.8345413E+3,0.0000000E+0
11229142,29/9/2021,5:10:34 AM,-2.2474611E+1,1.2455109E+1,3.8336484E+3,0.0000000E+0
11229143,29/9/2021,5:10:34 AM,-2.2793777E+1,8.0871801E+0,3.8327556E+3,0.0000000E+0
11229144,29/9/2021,5:10:34 AM,-2.2368221E+1,3.5849018E+0,3.8309702E+3,0.0000000E+0
11229145,29/9/2021,5:10:34 AM,-2.1703293E+1,-8.1373519E-1,3.8291846E+3,0.0000000E+0
11229146,29/9/2021,5:10:35 AM,-2.1437321E+1,-2.9004240E+0,3.8336484E+3,0.0000000E+0
11229147,29/9/2021,5:10:35 AM,-2.2953360E+1,-6.3352237E+0,3.8309702E+3,0.0000000E+0
11229148,29/9/2021,5:10:35 AM,-2.3192734E+1,-1.0905198E+1,3.8291846E+3,0.0000000E+0
11229149,29/9/2021,5:10:35 AM,-2.3192734E+1,-1.4831814E+1,3.8291846E+3,0.0000000E+0
11229150,29/9/2021,5:10:35 AM,-2.3378916E+1,-1.7665785E+1,3.8291846E+3,0.0000000E+0
11229151,29/9/2021,5:10:35 AM,-2.2261833E+1,-2.0936186E+1,3.8309702E+3,0.0000000E+0
11229152,29/9/2021,5:10:35 AM,-2.0719198E+1,-2.5048170E+1,3.8282915E+3,0.0000000E+0
11229153,29/9/2021,5:10:35 AM,-1.9995253E+1,-2.8864521E+1,3.8282915E+3,0.0000000E+0
11229154,29/9/2021,5:10:35 AM,-1.8029930E+1,-3.2869003E+1,3.8273987E+3,0.0000000E+0
11229155,29/9/2021,5:10:35 AM,-1.5514737E+1,-3.6927238E+1,3.8273987E+3,0.0000000E+0
11229156,29/9/2021,5:10:36 AM,-1.2302341E+1,-4.0447960E+1,3.8273987E+3,0.0000000E+0
11229157,29/9/2021,5:10:36 AM,-1.0889520E+1,-4.4237434E+1,3.8247205E+3,0.0000000E+0
11229158,29/9/2021,5:10:36 AM,-9.1162567E+0,-4.6602497E+1,3.8256133E+3,0.0000000E+0
11229159,29/9/2021,5:10:36 AM,-7.8744459E+0,-4.9101940E+1,3.8256133E+3,0.0000000E+0
11229160,29/9/2021,5:10:36 AM,-7.6981716E+0,-5.0580105E+1,3.8238276E+3,0.0000000E+0
11229161,29/9/2021,5:10:36 AM,-6.9351954E+0,-5.0606979E+1,3.8256133E+3,0.0000000E+0
11229162,29/9/2021,5:10:36 AM,-7.2956367E+0,-5.0284470E+1,3.8238276E+3,0.0000000E+0
11229163,29/9/2021,5:10:36 AM,-9.4872208E+0,-4.8376293E+1,3.8256133E+3,0.0000000E+0
11229164,29/9/2021,5:10:36 AM,-1.1318365E+1,-4.5258709E+1,3.8273987E+3,0.0000000E+0
11229165,29/9/2021,5:10:36 AM,-1.2639105E+1,-4.2060501E+1,3.8273987E+3,0.0000000E+0
11229166,29/9/2021,5:10:37 AM,-1.3991415E+1,-3.7921638E+1,3.8291846E+3,0.0000000E+0
11229167,29/9/2021,5:10:37 AM,-1.6175108E+1,-3.4696552E+1,3.8291846E+3,0.0000000E+0
11229168,29/9/2021,5:10:37 AM,-1.6727608E+1,-3.3325893E+1,3.8273987E+3,0.0000000E+0
11229169,29/9/2021,5:10:37 AM,-1.6998596E+1,-3.0369564E+1,3.8300774E+3,0.0000000E+0
11229170,29/9/2021,5:10:37 AM,-1.8424572E+1,-2.7386358E+1,3.8291846E+3,0.0000000E+0
11229171,29/9/2021,5:10:37 AM,-1.9056002E+1,-2.6472582E+1,3.8282915E+3,0.0000000E+0
11229172,29/9/2021,5:10:37 AM,-2.0134060E+1,-2.5263176E+1,3.8273987E+3,0.0000000E+0
11229173,29/9/2021,5:10:37 AM,-2.1756487E+1,-2.2844360E+1,3.8273987E+3,0.0000000E+0
11229174,29/9/2021,5:10:37 AM,-2.4097038E+1,-1.9991978E+1,3.8291846E+3,0.0000000E+0
11229175,29/9/2021,5:10:37 AM,-2.5666271E+1,-1.6963938E+1,3.8300774E+3,0.0000000E+0
11229176,29/9/2021,5:10:38 AM,-2.8512169E+1,-1.4076797E+1,3.8291846E+3,0.0000000E+0
11229177,29/9/2021,5:10:38 AM,-3.1065498E+1,-1.1646922E+1,3.8291846E+3,0.0000000E+0
11229178,29/9/2021,5:10:38 AM,-3.1890009E+1,-9.2276802E+0,3.8291846E+3,0.0000000E+0
11229179,29/9/2021,5:10:38 AM,-3.2661327E+1,-6.2395177E+0,3.8309702E+3,0.0000000E+0
11229180,29/9/2021,5:10:38 AM,-3.1065498E+1,-4.2661772E+0,3.8327556E+3,0.0000000E+0
11229181,29/9/2021,5:10:38 AM,-2.8751543E+1,-3.3151138E+0,3.8327556E+3,0.0000000E+0
11229182,29/9/2021,5:10:38 AM,-2.6171618E+1,-3.6137216E+0,3.8309702E+3,0.0000000E+0
11229183,29/9/2021,5:10:38 AM,-2.1836279E+1,-4.5295610E+0,3.8309702E+3,0.0000000E+0
11229184,29/9/2021,5:10:38 AM,-1.6906511E+1,-5.8965702E+0,3.8327556E+3,0.0000000E+0
11229185,29/9/2021,5:10:38 AM,-1.2441783E+1,-6.8775592E+0,3.8309702E+3,0.0000000E+0
11229186,29/9/2021,5:10:39 AM,-8.3532801E+0,-7.6113071E+0,3.8345413E+3,0.0000000E+0
11229187,29/9/2021,5:10:39 AM,-5.2384329E+0,-9.4031420E+0,3.8309702E+3,0.0000000E+0
11229188,29/9/2021,5:10:39 AM,-4.8280416E+0,-9.4084587E+0,3.8327556E+3,0.0000000E+0
11229189,29/9/2021,5:10:39 AM,-5.2035732E+0,-9.6131639E+0,3.8327556E+3,0.0000000E+0
11229190,29/9/2021,5:10:39 AM,-6.2616706E+0,-9.9906712E+0,3.8318628E+3,0.0000000E+0
11229191,29/9/2021,5:10:39 AM,-8.2033157E+0,-1.0001306E+1,3.8327556E+3,0.0000000E+0
11229192,29/9/2021,5:10:39 AM,-1.1470961E+1,-9.6769686E+0,3.8309702E+3,0.0000000E+0
11229193,29/9/2021,5:10:39 AM,-1.5267427E+1,-1.1014197E+1,3.8291846E+3,0.0000000E+0
11229194,29/9/2021,5:10:39 AM,-1.7356405E+1,-1.1987211E+1,3.8291846E+3,0.0000000E+0
11229195,29/9/2021,5:10:39 AM,-1.8863943E+1,-1.2122795E+1,3.8309702E+3,0.0000000E+0
11229196,29/9/2021,5:10:40 AM,-1.8237774E+1,-1.3079858E+1,3.8309702E+3,0.0000000E+0
11229197,29/9/2021,5:10:40 AM,-1.6993334E+1,-1.5076397E+1,3.8291846E+3,0.0000000E+0
11229198,29/9/2021,5:10:40 AM,-1.6298761E+1,-1.7147375E+1,3.8291846E+3,0.0000000E+0
11229199,29/9/2021,5:10:40 AM,-1.2917986E+1,-1.9617128E+1,3.8291846E+3,0.0000000E+0
11229200,29/9/2021,5:10:40 AM,-1.1265746E+1,-2.0748055E+1,3.8291846E+3,0.0000000E+0
11229201,29/9/2021,5:10:40 AM,-9.4424953E+0,-2.2038090E+1,3.8309702E+3,0.0000000E+0
11229202,29/9/2021,5:10:40 AM,-7.8349819E+0,-2.1903711E+1,3.8309702E+3,0.0000000E+0
11229203,29/9/2021,5:10:40 AM,-9.1846619E+0,-2.2790609E+1,3.8309702E+3,0.0000000E+0
11229204,29/9/2021,5:10:40 AM,-1.0365960E+1,-2.2871237E+1,3.8291846E+3,0.0000000E+0
11229205,29/9/2021,5:10:40 AM,-1.2752235E+1,-2.2441225E+1,3.8309702E+3,0.0000000E+0
11229206,29/9/2021,5:10:41 AM,-1.6296131E+1,-2.1742456E+1,3.8291846E+3,0.0000000E+0
11229207,29/9/2021,5:10:41 AM,-1.9292788E+1,-2.0909309E+1,3.8309702E+3,0.0000000E+0
11229208,29/9/2021,5:10:41 AM,-2.3378916E+1,-2.1366198E+1,3.8291846E+3,0.0000000E+0
11229209,29/9/2021,5:10:41 AM,-2.7927031E+1,-2.2199345E+1,3.8273987E+3,0.0000000E+0
11229210,29/9/2021,5:10:41 AM,-2.9602654E+1,-2.3919390E+1,3.8282915E+3,0.0000000E+0
11229211,29/9/2021,5:10:41 AM,-3.1012302E+1,-2.5800692E+1,3.8273987E+3,0.0000000E+0
11229212,29/9/2021,5:10:41 AM,-3.1038900E+1,-2.8112003E+1,3.8273987E+3,0.0000000E+0
11229213,29/9/2021,5:10:41 AM,-2.9123905E+1,-3.1068331E+1,3.8273987E+3,0.0000000E+0
11229214,29/9/2021,5:10:41 AM,-2.8219599E+1,-3.2627121E+1,3.8256133E+3,0.0000000E+0
11229215,29/9/2021,5:10:41 AM,-2.5559881E+1,-3.5556576E+1,3.8256133E+3,0.0000000E+0
11229216,29/9/2021,5:10:42 AM,-2.1277737E+1,-3.7787262E+1,3.8256133E+3,0.0000000E+0
11229217,29/9/2021,5:10:42 AM,-1.7793144E+1,-3.7975391E+1,3.8273987E+3,0.0000000E+0
11229218,29/9/2021,5:10:42 AM,-1.6446096E+1,-3.7088493E+1,3.8273987E+3,0.0000000E+0
11229219,29/9/2021,5:10:42 AM,-1.4422892E+1,-3.6524101E+1,3.8282915E+3,0.0000000E+0
11229220,29/9/2021,5:10:42 AM,-1.2981129E+1,-3.5502827E+1,3.8282915E+3,0.0000000E+0
11229221,29/9/2021,5:10:42 AM,-1.3007437E+1,-3.4105286E+1,3.8291846E+3,0.0000000E+0
11229222,29/9/2021,5:10:42 AM,-1.3291580E+1,-3.2331490E+1,3.8309702E+3,0.0000000E+0
11229223,29/9/2021,5:10:42 AM,-1.4083498E+1,-3.1632721E+1,3.8291846E+3,0.0000000E+0
11229224,29/9/2021,5:10:42 AM,-1.5585773E+1,-3.1202709E+1,3.8273987E+3,0.0000000E+0
11229225,29/9/2021,5:10:42 AM,-1.6569750E+1,-2.9428913E+1,3.8291846E+3,0.0000000E+0
11229226,29/9/2021,5:10:43 AM,-1.8169371E+1,-2.8891397E+1,3.8273987E+3,0.0000000E+0
11229227,29/9/2021,5:10:43 AM,-1.9421705E+1,-2.7816370E+1,3.8273987E+3,0.0000000E+0
11229228,29/9/2021,5:10:43 AM,-2.0058395E+1,-2.5961946E+1,3.8273987E+3,0.0000000E+0
11229229,29/9/2021,5:10:43 AM,-2.1862875E+1,-2.3113119E+1,3.8273987E+3,0.0000000E+0
11229230,29/9/2021,5:10:43 AM,-2.2900166E+1,-2.0989937E+1,3.8273987E+3,0.0000000E+0
11229231,29/9/2021,5:10:43 AM,-2.3059750E+1,-1.8729187E+1,3.8273987E+3,0.0000000E+0
11229232,29/9/2021,5:10:43 AM,-2.3964052E+1,-1.5031203E+1,3.8291846E+3,0.0000000E+0
11229233,29/9/2021,5:10:43 AM,-2.4309816E+1,-1.0852028E+1,3.8291846E+3,0.0000000E+0
11229234,29/9/2021,5:10:43 AM,-2.4017246E+1,-7.4996505E+0,3.8309702E+3,0.0000000E+0
11229235,29/9/2021,5:10:43 AM,-2.3112944E+1,-4.6800661E+0,3.8318628E+3,0.0000000E+0
11229236,29/9/2021,5:10:44 AM,-2.2580999E+1,-2.4545128E+0,3.8318628E+3,0.0000000E+0
11229237,29/9/2021,5:10:44 AM,-2.1384127E+1,4.7805610E-1,3.8345413E+3,0.0000000E+0
11229238,29/9/2021,5:10:44 AM,-2.0213852E+1,2.0366213E+0,3.8336484E+3,0.0000000E+0
11229239,29/9/2021,5:10:44 AM,-1.9040215E+1,3.7266009E+0,3.8345413E+3,0.0000000E+0
11229240,29/9/2021,5:10:44 AM,-1.7651073E+1,4.4855304E+0,3.8345413E+3,0.0000000E+0
11229241,29/9/2021,5:10:44 AM,-1.6874941E+1,3.5592837E+0,3.8327556E+3,0.0000000E+0
11229242,29/9/2021,5:10:44 AM,-1.5619975E+1,2.2647805E+0,3.8345413E+3,0.0000000E+0
11229243,29/9/2021,5:10:44 AM,-1.4478141E+1,5.7084113E-1,3.8327556E+3,0.0000000E+0
11229244,29/9/2021,5:10:44 AM,-1.5327940E+1,-1.0062375E+0,3.8327556E+3,0.0000000E+0
11229245,29/9/2021,5:10:44 AM,-1.4725451E+1,-4.0172038E+0,3.8309702E+3,0.0000000E+0
11229246,29/9/2021,5:10:45 AM,-1.3888808E+1,-5.9683499E+0,3.8327556E+3,0.0000000E+0
11229247,29/9/2021,5:10:45 AM,-1.3533628E+1,-7.7548666E+0,3.8309702E+3,0.0000000E+0
11229248,29/9/2021,5:10:45 AM,-1.2060294E+1,-1.0798859E+1,3.8291846E+3,0.0000000E+0
11229249,29/9/2021,5:10:45 AM,-1.0384377E+1,-1.3218101E+1,3.8291846E+3,0.0000000E+0
11229250,29/9/2021,5:10:45 AM,-8.2533035E+0,-1.4462281E+1,3.8309702E+3,0.0000000E+0
11229251,29/9/2021,5:10:45 AM,-5.3707409E+0,-1.5671904E+1,3.8327556E+3,0.0000000E+0
11229252,29/9/2021,5:10:45 AM,-3.3029382E+0,-1.8444725E+1,3.8291846E+3,0.0000000E+0
11229253,29/9/2021,5:10:45 AM,-6.6228926E-2,-2.1554327E+1,3.8309702E+3,0.0000000E+0
11229254,29/9/2021,5:10:45 AM,3.0121782E+0,-2.3677507E+1,3.8309702E+3,0.0000000E+0
11229255,29/9/2021,5:10:45 AM,4.2671204E+0,-2.6069447E+1,3.8309702E+3,0.0000000E+0
11229256,29/9/2021,5:10:46 AM,6.5879092E+0,-2.7896997E+1,3.8327556E+3,0.0000000E+0
11229257,29/9/2021,5:10:46 AM,6.4274216E+0,-3.0477064E+1,3.8309702E+3,0.0000000E+0
11229258,29/9/2021,5:10:46 AM,5.0261068E+0,-3.2600246E+1,3.8291846E+3,0.0000000E+0
11229259,29/9/2021,5:10:46 AM,3.3631501E+0,-3.4562176E+1,3.8291846E+3,0.0000000E+0
11229260,29/9/2021,5:10:46 AM,1.0712726E-1,-3.5717831E+1,3.8273987E+3,0.0000000E+0
11229261,29/9/2021,5:10:46 AM,-2.1398983E+0,-3.5234066E+1,3.8291846E+3,0.0000000E+0
11229262,29/9/2021,5:10:46 AM,-5.5030484E+0,-3.5019062E+1,3.8282915E+3,0.0000000E+0
11229263,29/9/2021,5:10:46 AM,-9.6687574E+0,-3.6147842E+1,3.8256133E+3,0.0000000E+0
11229264,29/9/2021,5:10:46 AM,-1.1549889E+1,-3.6685356E+1,3.8273987E+3,0.0000000E+0
11229265,29/9/2021,5:10:46 AM,-1.4499188E+1,-3.5610325E+1,3.8265059E+3,0.0000000E+0
11229266,29/9/2021,5:10:47 AM,-1.6567118E+1,-3.4696552E+1,3.8273987E+3,0.0000000E+0
11229267,29/9/2021,5:10:47 AM,-1.6980179E+1,-3.4696552E+1,3.8273987E+3,0.0000000E+0
11229268,29/9/2021,5:10:47 AM,-1.7661596E+1,-3.4159039E+1,3.8273987E+3,0.0000000E+0
11229269,29/9/2021,5:10:47 AM,-1.9087574E+1,-3.3325893E+1,3.8273987E+3,0.0000000E+0
11229270,29/9/2021,5:10:47 AM,-1.9908430E+1,-3.1928354E+1,3.8291846E+3,0.0000000E+0
11229271,29/9/2021,5:10:47 AM,-2.1277737E+1,-2.9670794E+1,3.8291846E+3,0.0000000E+0
11229272,29/9/2021,5:10:47 AM,-2.3405512E+1,-2.8353882E+1,3.8273987E+3,0.0000000E+0
11229273,29/9/2021,5:10:47 AM,-2.6570574E+1,-2.5693186E+1,3.8309702E+3,0.0000000E+0
11229274,29/9/2021,5:10:47 AM,-3.0852722E+1,-2.4107519E+1,3.8273987E+3,0.0000000E+0
11229275,29/9/2021,5:10:47 AM,-3.6411530E+1,-2.1903711E+1,3.8273987E+3,0.0000000E+0
11229276,29/9/2021,5:10:48 AM,-4.0294716E+1,-1.9680933E+1,3.8291846E+3,0.0000000E+0
11229277,29/9/2021,5:10:48 AM,-4.5507763E+1,-1.7734905E+1,3.8273987E+3,0.0000000E+0
11229278,29/9/2021,5:10:48 AM,-4.9470741E+1,-1.6780500E+1,3.8265059E+3,0.0000000E+0
11229279,29/9/2021,5:10:48 AM,-5.2954971E+1,-1.4496842E+1,3.8273987E+3,0.0000000E+0
11229280,29/9/2021,5:10:48 AM,-5.5907257E+1,-1.2880469E+1,3.8256133E+3,0.0000000E+0
11229281,29/9/2021,5:10:48 AM,-5.6199825E+1,-1.0758981E+1,3.8291846E+3,0.0000000E+0
11229282,29/9/2021,5:10:48 AM,-5.5401913E+1,-9.5520182E+0,3.8273987E+3,0.0000000E+0
11229283,29/9/2021,5:10:48 AM,-5.3407120E+1,-9.3818741E+0,3.8265059E+3,0.0000000E+0
11229284,29/9/2021,5:10:48 AM,-4.8327065E+1,-9.1053886E+0,3.8282915E+3,0.0000000E+0
11229285,29/9/2021,5:10:48 AM,-4.2475681E+1,-7.7814517E+0,3.8291846E+3,0.0000000E+0
11229286,29/9/2021,5:10:49 AM,-3.7581806E+1,-6.8217306E+0,3.8309702E+3,0.0000000E+0
11229287,29/9/2021,5:10:49 AM,-3.3565632E+1,-6.6170254E+0,3.8291846E+3,0.0000000E+0
11229288,29/9/2021,5:10:49 AM,-2.8325989E+1,-6.8881936E+0,3.8291846E+3,0.0000000E+0
11229289,29/9/2021,5:10:49 AM,-2.2208639E+1,-6.2076154E+0,3.8327556E+3,0.0000000E+0
11229290,29/9/2021,5:10:49 AM,-1.6054083E+1,-5.4790235E+0,3.8345413E+3,0.0000000E+0
11229291,29/9/2021,5:10:49 AM,-1.2076079E+1,-4.7489142E+0,3.8327556E+3,0.0000000E+0
11229292,29/9/2021,5:10:49 AM,-9.6424475E+0,-4.5519767E+0,3.8327556E+3,0.0000000E+0
11229293,29/9/2021,5:10:49 AM,-6.2353616E+0,-5.3925633E+0,3.8327556E+3,0.0000000E+0
11229294,29/9/2021,5:10:49 AM,-1.6898937E+0,-6.2793951E+0,3.8318628E+3,0.0000000E+0
11229295,29/9/2021,5:10:49 AM,2.4877012E+0,-5.9896178E+0,3.8345413E+3,0.0000000E+0
11229296,29/9/2021,5:10:50 AM,6.3563852E+0,-6.8323650E+0,3.8363269E+3,0.0000000E+0
11229297,29/9/2021,5:10:50 AM,9.0268040E+0,-9.0389261E+0,3.8345413E+3,0.0000000E+0
11229298,29/9/2021,5:10:50 AM,1.1368353E+1,-1.2061649E+1,3.8327556E+3,0.0000000E+0
11229299,29/9/2021,5:10:50 AM,1.3012699E+1,-1.4409112E+1,3.8327556E+3,0.0000000E+0
11229300,29/9/2021,5:10:50 AM,1.6901249E+1,-1.7556786E+1,3.8345413E+3,0.0000000E+0
11229301,29/9/2021,5:10:50 AM,1.9237537E+1,-2.1285568E+1,3.8345413E+3,0.0000000E+0
11229302,29/9/2021,5:10:50 AM,1.9158609E+1,-2.6176952E+1,3.8309702E+3,0.0000000E+0
11229303,29/9/2021,5:10:50 AM,1.9006014E+1,-3.0047054E+1,3.8309702E+3,0.0000000E+0
11229304,29/9/2021,5:10:50 AM,1.7243275E+1,-3.2815254E+1,3.8309702E+3,0.0000000E+0
11229305,29/9/2021,5:10:50 AM,1.5212178E+1,-3.5852211E+1,3.8300774E+3,0.0000000E+0
11229306,29/9/2021,5:10:51 AM,1.3257380E+1,-3.8647282E+1,3.8300774E+3,0.0000000E+0
11229307,29/9/2021,5:10:51 AM,8.4900894E+0,-4.0044823E+1,3.8291846E+3,0.0000000E+0
11229308,29/9/2021,5:10:51 AM,3.0684288E+0,-4.2866772E+1,3.8273987E+3,0.0000000E+0
11229309,29/9/2021,5:10:51 AM,-1.8982584E+0,-4.5178082E+1,3.8256133E+3,0.0000000E+0
11229310,29/9/2021,5:10:51 AM,-6.3274455E+0,-4.4909328E+1,3.8273987E+3,0.0000000E+0
11229311,29/9/2021,5:10:51 AM,-1.0329126E+1,-4.5151211E+1,3.8265059E+3,0.0000000E+0
11229312,29/9/2021,5:10:51 AM,-1.5141142E+1,-4.5823101E+1,3.8247205E+3,0.0000000E+0
11229313,29/9/2021,5:10:51 AM,-1.9737419E+1,-4.5339336E+1,3.8238276E+3,0.0000000E+0
11229314,29/9/2021,5:10:51 AM,-2.5027939E+1,-4.3269909E+1,3.8238276E+3,0.0000000E+0
11229315,29/9/2021,5:10:51 AM,-2.9044113E+1,-4.1039223E+1,3.8256133E+3,0.0000000E+0
11229316,29/9/2021,5:10:52 AM,-3.2102787E+1,-3.9453556E+1,3.8238276E+3,0.0000000E+0
11229317,29/9/2021,5:10:52 AM,-3.6970070E+1,-3.6067215E+1,3.8238276E+3,0.0000000E+0
11229318,29/9/2021,5:10:52 AM,-4.1225616E+1,-3.1498343E+1,3.8273987E+3,0.0000000E+0
11229319,29/9/2021,5:10:52 AM,-4.6571648E+1,-2.8407635E+1,3.8220420E+3,0.0000000E+0
11229320,29/9/2021,5:10:52 AM,-4.9417549E+1,-2.3946266E+1,3.8273987E+3,0.0000000E+0
11229321,29/9/2021,5:10:52 AM,-5.0960178E+1,-1.8444725E+1,3.8265059E+3,0.0000000E+0
11229322,29/9/2021,5:10:52 AM,-5.2901775E+1,-1.3813606E+1,3.8273987E+3,0.0000000E+0
11229323,29/9/2021,5:10:52 AM,-5.5162533E+1,-9.6716509E+0,3.8273987E+3,0.0000000E+0
11229324,29/9/2021,5:10:52 AM,-5.6971146E+1,-6.0294952E+0,3.8256133E+3,0.0000000E+0
11229325,29/9/2021,5:10:52 AM,-5.6651978E+1,-5.6604189E-1,3.8318628E+3,0.0000000E+0
11229326,29/9/2021,5:10:53 AM,-5.3380527E+1,2.6234307E+0,3.8309702E+3,0.0000000E+0
11229327,29/9/2021,5:10:53 AM,-5.0002682E+1,3.9267404E+0,3.8300774E+3,0.0000000E+0
11229328,29/9/2021,5:10:53 AM,-4.6438663E+1,5.9683499E+0,3.8309702E+3,0.0000000E+0
11229329,29/9/2021,5:10:53 AM,-4.2156517E+1,6.7366586E+0,3.8309702E+3,0.0000000E+0
11229330,29/9/2021,5:10:53 AM,-3.5852989E+1,8.1084480E+0,3.8336484E+3,0.0000000E+0
11229331,29/9/2021,5:10:53 AM,-2.9576056E+1,8.3370800E+0,3.8327556E+3,0.0000000E+0
11229332,29/9/2021,5:10:53 AM,-2.2448013E+1,7.6937218E+0,3.8354341E+3,0.0000000E+0
11229333,29/9/2021,5:10:53 AM,-1.6151428E+1,6.6223421E+0,3.8354341E+3,0.0000000E+0
11229334,29/9/2021,5:10:53 AM,-1.1881390E+1,3.2958999E+0,3.8318628E+3,0.0000000E+0
11229335,29/9/2021,5:10:53 AM,-6.3669095E+0,1.8885180E+0,3.8345413E+3,0.0000000E+0
11229336,29/9/2021,5:10:54 AM,-1.6269622E+0,6.0550219E-1,3.8345413E+3,0.0000000E+0
11229337,29/9/2021,5:10:54 AM,1.9957067E+0,-1.8396839E+0,3.8354341E+3,0.0000000E+0
11229338,29/9/2021,5:10:54 AM,7.2693267E+0,-5.4157796E+0,3.8345413E+3,0.0000000E+0
11229339,29/9/2021,5:10:54 AM,9.2004471E+0,-9.0203161E+0,3.8309702E+3,0.0000000E+0
11229340,29/9/2021,5:10:54 AM,1.0834270E+1,-1.1224219E+1,3.8345413E+3,0.0000000E+0
11229341,29/9/2021,5:10:54 AM,1.3944057E+1,-1.3792337E+1,3.8345413E+3,0.0000000E+0
11229342,29/9/2021,5:10:54 AM,1.5890964E+1,-1.7027740E+1,3.8336484E+3,0.0000000E+0
11229343,29/9/2021,5:10:54 AM,1.7901014E+1,-2.2064966E+1,3.8318628E+3,0.0000000E+0
11229344,29/9/2021,5:10:54 AM,2.0476717E+1,-2.8058252E+1,3.8309702E+3,0.0000000E+0
11229345,29/9/2021,5:10:54 AM,2.2634193E+1,-3.1820852E+1,3.8309702E+3,0.0000000E+0
11229346,29/9/2021,5:10:55 AM,2.3884262E+1,-3.4320293E+1,3.8309702E+3,0.0000000E+0
11229347,29/9/2021,5:10:55 AM,2.4735371E+1,-3.7491627E+1,3.8318628E+3,0.0000000E+0
11229348,29/9/2021,5:10:55 AM,2.4363010E+1,-4.1200478E+1,3.8282915E+3,0.0000000E+0
11229349,29/9/2021,5:10:55 AM,2.3804470E+1,-4.3592415E+1,3.8291846E+3,0.0000000E+0
11229350,29/9/2021,5:10:55 AM,2.0852182E+1,-4.3861172E+1,3.8291846E+3,0.0000000E+0
11229351,29/9/2021,5:10:55 AM,1.5567356E+1,-4.4452438E+1,3.8282915E+3,0.0000000E+0
11229352,29/9/2021,5:10:55 AM,1.2452306E+1,-4.4801823E+1,3.8291846E+3,0.0000000E+0
11229353,29/9/2021,5:10:55 AM,6.7589216E+0,-4.3888050E+1,3.8282915E+3,0.0000000E+0
11229354,29/9/2021,5:10:55 AM,-6.1400276E-1,-4.3538666E+1,3.8256133E+3,0.0000000E+0
11229355,29/9/2021,5:10:55 AM,-6.8588977E+0,-4.2087376E+1,3.8273987E+3,0.0000000E+0
11229356,29/9/2021,5:10:56 AM,-1.6261929E+1,-3.8056019E+1,3.8273987E+3,0.0000000E+0
11229357,29/9/2021,5:10:56 AM,-2.3697660E+1,-3.4158432E+1,3.8282915E+3,0.0000000E+0
11229358,29/9/2021,5:10:56 AM,-3.0719191E+1,-3.2062164E+1,3.8282915E+3,0.0000000E+0
11229359,29/9/2021,5:10:56 AM,-3.9629082E+1,-3.0046520E+1,3.8238276E+3,0.0000000E+0
11229360,29/9/2021,5:10:56 AM,-4.6916580E+1,-2.6149611E+1,3.8265059E+3,0.0000000E+0
11229361,29/9/2021,5:10:56 AM,-5.5267944E+1,-2.2037699E+1,3.8256133E+3,0.0000000E+0
11229362,29/9/2021,5:10:56 AM,-6.2369259E+1,-1.8508574E+1,3.8256133E+3,0.0000000E+0
11229363,29/9/2021,5:10:56 AM,-6.7422638E+1,-1.5477868E+1,3.8256133E+3,0.0000000E+0
11229364,29/9/2021,5:10:56 AM,-7.2715378E+1,-1.2853914E+1,3.8247205E+3,0.0000000E+0
11229365,29/9/2021,5:10:56 AM,-7.5481438E+1,-1.0086402E+1,3.8265059E+3,0.0000000E+0
11229366,29/9/2021,5:10:57 AM,-7.8114510E+1,-7.4438386E+0,3.8256133E+3,0.0000000E+0
11229367,29/9/2021,5:10:57 AM,-7.7609177E+1,-4.8225484E+0,3.8273987E+3,0.0000000E+0
11229368,29/9/2021,5:10:57 AM,-7.5454842E+1,-3.0565221E+0,3.8291846E+3,0.0000000E+0
11229369,29/9/2021,5:10:57 AM,-7.2848358E+1,-5.1291614E+0,3.8256133E+3,0.0000000E+0
11229370,29/9/2021,5:10:57 AM,-6.7130074E+1,-6.1890202E+0,3.8273987E+3,0.0000000E+0
11229371,29/9/2021,5:10:57 AM,-6.0560684E+1,-6.2076297E+0,3.8291846E+3,0.0000000E+0
11229372,29/9/2021,5:10:57 AM,-5.2874241E+1,-7.1540604E+0,3.8309702E+3,0.0000000E+0
11229373,29/9/2021,5:10:57 AM,-4.6092083E+1,-9.3234081E+0,3.8291846E+3,0.0000000E+0
11229374,29/9/2021,5:10:57 AM,-4.0613163E+1,-1.2760865E+1,3.8265059E+3,0.0000000E+0
11229375,29/9/2021,5:10:57 AM,-3.1596880E+1,-1.4783996E+1,3.8291846E+3,0.0000000E+0
11229376,29/9/2021,5:10:58 AM,-2.2979549E+1,-1.5671938E+1,3.8291846E+3,0.0000000E+0
11229377,29/9/2021,5:10:58 AM,-1.5696310E+1,-1.5634720E+1,3.8318628E+3,0.0000000E+0
11229378,29/9/2021,5:10:58 AM,-7.5876894E+0,-1.7022465E+1,3.8309702E+3,0.0000000E+0
11229379,29/9/2021,5:10:58 AM,-2.0511577E+0,-1.8684036E+1,3.8291846E+3,0.0000000E+0
11229380,29/9/2021,5:10:58 AM,4.3930740E+0,-1.9404491E+1,3.8309702E+3,0.0000000E+0
11229381,29/9/2021,5:10:58 AM,1.2704907E+1,-1.9473614E+1,3.8345413E+3,0.0000000E+0
11229382,29/9/2021,5:10:58 AM,1.9161283E+1,-1.9447029E+1,3.8354341E+3,0.0000000E+0
11229383,29/9/2021,5:10:58 AM,2.5373253E+1,-2.1822697E+1,3.8345413E+3,0.0000000E+0
11229384,29/9/2021,5:10:58 AM,3.1011753E+1,-2.4725222E+1,3.8327556E+3,0.0000000E+0
11229385,29/9/2021,5:10:58 AM,3.4655499E+1,-2.6821493E+1,3.8327556E+3,0.0000000E+0
11229386,29/9/2021,5:10:59 AM,3.7847107E+1,-2.8568380E+1,3.8345413E+3,0.0000000E+0
11229387,29/9/2021,5:10:59 AM,4.1570644E+1,-2.9616518E+1,3.8354341E+3,0.0000000E+0
11229388,29/9/2021,5:10:59 AM,4.1810013E+1,-3.1444035E+1,3.8327556E+3,0.0000000E+0
11229389,29/9/2021,5:10:59 AM,4.0932320E+1,-3.3029671E+1,3.8318628E+3,0.0000000E+0
11229390,29/9/2021,5:10:59 AM,3.7740719E+1,-3.3809055E+1,3.8291846E+3,0.0000000E+0
11229391,29/9/2021,5:10:59 AM,3.3033104E+1,-3.3056549E+1,3.8309702E+3,0.0000000E+0
11229392,29/9/2021,5:10:59 AM,2.8724436E+1,-2.9965895E+1,3.8318628E+3,0.0000000E+0
11229393,29/9/2021,5:10:59 AM,2.2926355E+1,-2.6122736E+1,3.8327556E+3,0.0000000E+0
11229394,29/9/2021,5:10:59 AM,1.4449233E+1,-2.2978333E+1,3.8291846E+3,0.0000000E+0
11229395,29/9/2021,5:10:59 AM,6.8168182E+0,-1.8968496E+1,3.8309702E+3,0.0000000E+0
11229396,29/9/2021,5:11:00 AM,4.2534533E-1,-1.4911603E+1,3.8318628E+3,0.0000000E+0
11229397,29/9/2021,5:11:00 AM,-5.8170533E+0,-9.7833309E+0,3.8345413E+3,0.0000000E+0
11229398,29/9/2021,5:11:00 AM,-1.2183977E+1,-7.4996672E+0,3.8345413E+3,0.0000000E+0
11229399,29/9/2021,5:11:00 AM,-1.9019213E+1,-6.0614114E+0,3.8318628E+3,0.0000000E+0
11229400,29/9/2021,5:11:00 AM,-2.7048845E+1,-4.6176062E+0,3.8309702E+3,0.0000000E+0
11229401,29/9/2021,5:11:00 AM,-3.2235199E+1,-5.4173613E+0,3.8309702E+3,0.0000000E+0
11229402,29/9/2021,5:11:00 AM,-3.5985336E+1,-6.1571178E+0,3.8327556E+3,0.0000000E+0
11229403,29/9/2021,5:11:00 AM,-4.1331272E+1,-7.1700115E+0,3.8309702E+3,0.0000000E+0
11229404,29/9/2021,5:11:00 AM,-4.7608093E+1,-8.6428280E+0,3.8291846E+3,0.0000000E+0
11229405,29/9/2021,5:11:00 AM,-5.3725334E+1,-1.1896850E+1,3.8247205E+3,0.0000000E+0
11229406,29/9/2021,5:11:01 AM,-5.8831905E+1,-1.3709956E+1,3.8265059E+3,0.0000000E+0
11229407,29/9/2021,5:11:01 AM,-6.1970310E+1,-1.4659045E+1,3.8247205E+3,0.0000000E+0
11229408,29/9/2021,5:11:01 AM,-6.5454483E+1,-1.4736141E+1,3.8256133E+3,0.0000000E+0
11229409,29/9/2021,5:11:01 AM,-6.9683357E+1,-1.5546989E+1,3.8238276E+3,0.0000000E+0
11229410,29/9/2021,5:11:01 AM,-7.1305748E+1,-1.6514688E+1,3.8256133E+3,0.0000000E+0
11229411,29/9/2021,5:11:01 AM,-7.1199371E+1,-1.7163364E+1,3.8220420E+3,0.0000000E+0
11229412,29/9/2021,5:11:01 AM,-6.9124825E+1,-1.7668482E+1,3.8256133E+3,0.0000000E+0
11229413,29/9/2021,5:11:01 AM,-6.3326744E+1,-1.8931276E+1,3.8273987E+3,0.0000000E+0
11229414,29/9/2021,5:11:01 AM,-5.7741432E+1,-2.0233948E+1,3.8273987E+3,0.0000000E+0
11229415,29/9/2021,5:11:01 AM,-5.0719906E+1,-2.2575203E+1,3.8273987E+3,0.0000000E+0
11229416,29/9/2021,5:11:02 AM,-4.3166447E+1,-2.5961485E+1,3.8256133E+3,0.0000000E+0
11229417,29/9/2021,5:11:02 AM,-3.6091724E+1,-2.8595259E+1,3.8282915E+3,0.0000000E+0
11229418,29/9/2021,5:11:02 AM,-3.0213852E+1,-3.0046520E+1,3.8273987E+3,0.0000000E+0
11229419,29/9/2021,5:11:02 AM,-2.4761528E+1,-3.1820286E+1,3.8291846E+3,0.0000000E+0
11229420,29/9/2021,5:11:02 AM,-2.1197569E+1,-3.3352177E+1,3.8273987E+3,0.0000000E+0
11229421,29/9/2021,5:11:02 AM,-1.9524355E+1,-3.4185310E+1,3.8273987E+3,0.0000000E+0
11229422,29/9/2021,5:11:02 AM,-1.7106503E+1,-3.5717197E+1,3.8256133E+3,0.0000000E+0
11229423,29/9/2021,5:11:02 AM,-1.4688651E+1,-3.5287193E+1,3.8273987E+3,0.0000000E+0
11229424,29/9/2021,5:11:02 AM,-1.3702042E+1,-3.4454060E+1,3.8273987E+3,0.0000000E+0
11229425,29/9/2021,5:11:02 AM,-1.1260510E+1,-3.3997181E+1,3.8273987E+3,0.0000000E+0
11229426,29/9/2021,5:11:03 AM,-6.6852698E+0,-3.4884064E+1,3.8273987E+3,0.0000000E+0
11229427,29/9/2021,5:11:03 AM,-2.3260715E+0,-3.5314068E+1,3.8265059E+3,0.0000000E+0
11229428,29/9/2021,5:11:03 AM,3.4288955E+0,-3.4373436E+1,3.8282915E+3,0.0000000E+0
11229429,29/9/2021,5:11:03 AM,1.0350198E+1,-3.3352177E+1,3.8309702E+3,0.0000000E+0
11229430,29/9/2021,5:11:03 AM,1.6072536E+1,-3.2142788E+1,3.8309702E+3,0.0000000E+0
11229431,29/9/2021,5:11:03 AM,2.2474211E+1,-3.1094656E+1,3.8309702E+3,0.0000000E+0
11229432,29/9/2021,5:11:03 AM,2.7926535E+1,-3.0019646E+1,3.8318628E+3,0.0000000E+0
11229433,29/9/2021,5:11:03 AM,3.3059700E+1,-2.7896503E+1,3.8318628E+3,0.0000000E+0
11229434,29/9/2021,5:11:03 AM,3.5745968E+1,-2.3515837E+1,3.8345413E+3,0.0000000E+0
11229435,29/9/2021,5:11:03 AM,3.5107643E+1,-1.9058886E+1,3.8354341E+3,0.0000000E+0
11229436,29/9/2021,5:11:04 AM,3.4176762E+1,-1.5103016E+1,3.8363269E+3,0.0000000E+0
11229437,29/9/2021,5:11:04 AM,3.1091541E+1,-1.1168417E+1,3.8363269E+3,0.0000000E+0
11229438,29/9/2021,5:11:04 AM,2.6596701E+1,-7.7123485E+0,3.8345413E+3,0.0000000E+0
11229439,29/9/2021,5:11:04 AM,2.0745426E+1,-4.6384206E+0,3.8354341E+3,0.0000000E+0
11229440,29/9/2021,5:11:04 AM,1.3702042E+1,-2.5249529E+0,3.8345413E+3,0.0000000E+0
11229441,29/9/2021,5:11:04 AM,7.6166301E+0,-3.4554631E-1,3.8354341E+3,0.0000000E+0
11229442,29/9/2021,5:11:04 AM,3.1381364E+0,1.2208476E+0,3.8363269E+3,0.0000000E+0
11229443,29/9/2021,5:11:04 AM,-8.4989905E-1,1.1832216E+0,3.8345413E+3,0.0000000E+0
11229444,29/9/2021,5:11:04 AM,-6.5905552E+0,-1.2798011E-1,3.8291846E+3,0.0000000E+0
11229445,29/9/2021,5:11:04 AM,-1.0658020E+1,-3.5487819E-1,3.8327556E+3,0.0000000E+0
11229446,29/9/2021,5:11:05 AM,-1.2860134E+1,9.1665757E-1,3.8354341E+3,0.0000000E+0
11229447,29/9/2021,5:11:05 AM,-1.6611883E+1,-3.2794904E-2,3.8327556E+3,0.0000000E+0
11229448,29/9/2021,5:11:05 AM,-1.8561424E+1,-2.8515799E+0,3.8309702E+3,0.0000000E+0
11229449,29/9/2021,5:11:05 AM,-2.3059340E+1,-4.5599661E+0,3.8300774E+3,0.0000000E+0
11229450,29/9/2021,5:11:05 AM,-2.9921289E+1,-4.9682493E+0,3.8309702E+3,0.0000000E+0
11229451,29/9/2021,5:11:05 AM,-3.5453400E+1,-4.9514380E+0,3.8309702E+3,0.0000000E+0
11229452,29/9/2021,5:11:05 AM,-4.2767494E+1,-4.4302759E+0,3.8309702E+3,0.0000000E+0
11229453,29/9/2021,5:11:05 AM,-5.0294365E+1,-5.4669957E+0,3.8291846E+3,0.0000000E+0
11229454,29/9/2021,5:11:05 AM,-5.6757359E+1,-7.1487436E+0,3.8291846E+3,0.0000000E+0
11229455,29/9/2021,5:11:05 AM,-6.5427887E+1,-8.0606136E+0,3.8256133E+3,0.0000000E+0
11229456,29/9/2021,5:11:06 AM,-7.1944077E+1,-9.8178911E+0,3.8273987E+3,0.0000000E+0
11229457,29/9/2021,5:11:06 AM,-7.4922905E+1,-1.2194602E+1,3.8273987E+3,0.0000000E+0
11229458,29/9/2021,5:11:06 AM,-7.6970848E+1,-1.6660906E+1,3.8256133E+3,0.0000000E+0
11229459,29/9/2021,5:11:06 AM,-7.7290009E+1,-2.3354586E+1,3.8211492E+3,0.0000000E+0
11229460,29/9/2021,5:11:06 AM,-7.5135674E+1,-2.8675882E+1,3.8220420E+3,0.0000000E+0
11229461,29/9/2021,5:11:06 AM,-7.2369621E+1,-3.1874037E+1,3.8220420E+3,0.0000000E+0
11229462,29/9/2021,5:11:06 AM,-6.6810913E+1,-3.5663448E+1,3.8220420E+3,0.0000000E+0
11229463,29/9/2021,5:11:06 AM,-5.7448872E+1,-3.9318481E+1,3.8238276E+3,0.0000000E+0
11229464,29/9/2021,5:11:06 AM,-4.9203896E+1,-4.2247879E+1,3.8220420E+3,0.0000000E+0
11229465,29/9/2021,5:11:06 AM,-4.4177120E+1,-4.5822289E+1,3.8184709E+3,0.0000000E+0
11229466,29/9/2021,5:11:07 AM,-3.7634331E+1,-4.6198540E+1,3.8220420E+3,0.0000000E+0
11229467,29/9/2021,5:11:07 AM,-3.0213852E+1,-4.3322891E+1,3.8273987E+3,0.0000000E+0
11229468,29/9/2021,5:11:07 AM,-2.1224167E+1,-4.3430393E+1,3.8291846E+3,0.0000000E+0
11229469,29/9/2021,5:11:07 AM,-1.4386091E+1,-4.4532276E+1,3.8256133E+3,0.0000000E+0
11229470,29/9/2021,5:11:07 AM,-1.0944795E+1,-4.5123531E+1,3.8238276E+3,0.0000000E+0
11229471,29/9/2021,5:11:07 AM,-5.0633254E+0,-4.4102272E+1,3.8273987E+3,0.0000000E+0
11229472,29/9/2021,5:11:07 AM,2.5067065E+0,-4.1387875E+1,3.8309702E+3,0.0000000E+0
11229473,29/9/2021,5:11:07 AM,8.8400269E+0,-4.0178490E+1,3.8318628E+3,0.0000000E+0
11229474,29/9/2021,5:11:07 AM,1.6356680E+1,-4.1280373E+1,3.8300774E+3,0.0000000E+0
11229475,29/9/2021,5:11:07 AM,2.0878410E+1,-4.1952255E+1,3.8273987E+3,0.0000000E+0
11229476,29/9/2021,5:11:08 AM,2.3857239E+1,-4.1145996E+1,3.8273987E+3,0.0000000E+0
11229477,29/9/2021,5:11:08 AM,2.8937210E+1,-3.7894093E+1,3.8327556E+3,0.0000000E+0
11229478,29/9/2021,5:11:08 AM,3.3990585E+1,-3.5125942E+1,3.8327556E+3,0.0000000E+0
11229479,29/9/2021,5:11:08 AM,3.7022606E+1,-3.3513428E+1,3.8309702E+3,0.0000000E+0
11229480,29/9/2021,5:11:08 AM,3.8246056E+1,-3.0154020E+1,3.8318628E+3,0.0000000E+0
11229481,29/9/2021,5:11:08 AM,3.6144917E+1,-2.5020849E+1,3.8318628E+3,0.0000000E+0
11229482,29/9/2021,5:11:08 AM,3.3432053E+1,-1.9298151E+1,3.8327556E+3,0.0000000E+0
11229483,29/9/2021,5:11:08 AM,3.3245872E+1,-1.2675793E+1,3.8381123E+3,0.0000000E+0
11229484,29/9/2021,5:11:08 AM,2.9362759E+1,-7.6724706E+0,3.8345413E+3,0.0000000E+0
11229485,29/9/2021,5:11:08 AM,2.2686985E+1,-2.7771282E+0,3.8345413E+3,0.0000000E+0
11229486,29/9/2021,5:11:09 AM,1.5562129E+1,2.4048698E+0,3.8363269E+3,0.0000000E+0
11229487,29/9/2021,5:11:09 AM,6.5984483E+0,7.1646948E+0,3.8327556E+3,0.0000000E+0
11229488,29/9/2021,5:11:09 AM,1.4062591E+0,1.2880500E+1,3.8407908E+3,0.0000000E+0
11229489,29/9/2021,5:11:09 AM,-2.9678011E+0,1.6538614E+1,3.8416836E+3,0.0000000E+0
11229490,29/9/2021,5:11:09 AM,-1.2349728E+1,1.8128407E+1,3.8336484E+3,0.0000000E+0
11229491,29/9/2021,5:11:09 AM,-2.0506056E+1,1.8931276E+1,3.8363269E+3,0.0000000E+0
11229492,29/9/2021,5:11:09 AM,-2.6649895E+1,1.9906952E+1,3.8345413E+3,0.0000000E+0
11229493,29/9/2021,5:11:09 AM,-3.2368183E+1,2.0720812E+1,3.8398979E+3,0.0000000E+0
11229494,29/9/2021,5:11:09 AM,-3.7208786E+1,1.7248436E+1,3.8345413E+3,0.0000000E+0
11229495,29/9/2021,5:11:09 AM,-4.1810013E+1,1.1133856E+1,3.8309702E+3,0.0000000E+0
11229496,29/9/2021,5:11:10 AM,-4.8725155E+1,7.0796223E+0,3.8291846E+3,0.0000000E+0
11229497,29/9/2021,5:11:10 AM,-5.4682816E+1,2.3328197E+0,3.8273987E+3,0.0000000E+0
11229498,29/9/2021,5:11:10 AM,-5.7262695E+1,-2.2839859E+0,3.8291846E+3,0.0000000E+0
11229499,29/9/2021,5:11:10 AM,-5.9363834E+1,-6.2182636E+0,3.8291846E+3,0.0000000E+0
11229500,29/9/2021,5:11:10 AM,-6.3353344E+1,-1.2436527E+1,3.8256133E+3,0.0000000E+0
11229501,29/9/2021,5:11:10 AM,-6.4550194E+1,-1.9234346E+1,3.8220420E+3,0.0000000E+0
11229502,29/9/2021,5:11:10 AM,-6.5640656E+1,-2.4214592E+1,3.8220420E+3,0.0000000E+0
11229503,29/9/2021,5:11:10 AM,-6.4417206E+1,-2.7789001E+1,3.8220420E+3,0.0000000E+0
11229504,29/9/2021,5:11:10 AM,-6.1757534E+1,-2.9939018E+1,3.8273987E+3,0.0000000E+0
11229505,29/9/2021,5:11:10 AM,-5.8938290E+1,-3.4158432E+1,3.8238276E+3,0.0000000E+0
11229506,29/9/2021,5:11:11 AM,-5.4709415E+1,-3.8942226E+1,3.8220420E+3,0.0000000E+0
11229507,29/9/2021,5:11:11 AM,-4.9017719E+1,-4.2462883E+1,3.8220420E+3,0.0000000E+0
11229508,29/9/2021,5:11:11 AM,-4.2448334E+1,-4.3027264E+1,3.8238276E+3,0.0000000E+0
11229509,29/9/2021,5:11:11 AM,-3.5559788E+1,-4.3081013E+1,3.8273987E+3,0.0000000E+0
11229510,29/9/2021,5:11:11 AM,-3.1676672E+1,-4.5714787E+1,3.8238276E+3,0.0000000E+0
11229511,29/9/2021,5:11:11 AM,-2.5878590E+1,-4.8697937E+1,3.8220420E+3,0.0000000E+0
11229512,29/9/2021,5:11:11 AM,-1.9369129E+1,-4.9961075E+1,3.8256133E+3,0.0000000E+0
11229513,29/9/2021,5:11:11 AM,-1.2478644E+1,-5.0606083E+1,3.8256133E+3,0.0000000E+0
11229514,29/9/2021,5:11:11 AM,-6.3774476E+0,-5.0444832E+1,3.8291846E+3,0.0000000E+0
11229515,29/9/2021,5:11:11 AM,-2.2222855E+0,-5.1627342E+1,3.8229348E+3,0.0000000E+0
11229516,29/9/2021,5:11:12 AM,1.7548529E+0,-5.0847958E+1,3.8256133E+3,0.0000000E+0
11229517,29/9/2021,5:11:12 AM,7.3298554E+0,-4.7945431E+1,3.8273987E+3,0.0000000E+0
11229518,29/9/2021,5:11:12 AM,1.0807984E+1,-4.4639778E+1,3.8273987E+3,0.0000000E+0
11229519,29/9/2021,5:11:12 AM,1.5320083E+1,-4.0689117E+1,3.8318628E+3,0.0000000E+0
11229520,29/9/2021,5:11:12 AM,1.7737934E+1,-3.6765331E+1,3.8291846E+3,0.0000000E+0
11229521,29/9/2021,5:11:12 AM,1.8261496E+1,-3.2734043E+1,3.8309702E+3,0.0000000E+0
11229522,29/9/2021,5:11:12 AM,2.1357151E+1,-2.8487757E+1,3.8309702E+3,0.0000000E+0
11229523,29/9/2021,5:11:12 AM,2.2075260E+1,-2.3085833E+1,3.8327556E+3,0.0000000E+0
11229524,29/9/2021,5:11:12 AM,2.1782698E+1,-1.7633921E+1,3.8354341E+3,0.0000000E+0
11229525,29/9/2021,5:11:12 AM,2.1250763E+1,-1.3101156E+1,3.8354341E+3,0.0000000E+0
11229526,29/9/2021,5:11:13 AM,1.9216534E+1,-1.0136913E+1,3.8336484E+3,0.0000000E+0
11229527,29/9/2021,5:11:13 AM,1.5717356E+1,-6.8536487E+0,3.8336484E+3,0.0000000E+0
11229528,29/9/2021,5:11:13 AM,1.3186373E+1,-3.7345929E+0,3.8354341E+3,0.0000000E+0
11229529,29/9/2021,5:11:13 AM,9.6424694E+0,6.3590115E-1,3.8363269E+3,0.0000000E+0
11229530,29/9/2021,5:11:13 AM,3.4780154E+0,3.9267263E+0,3.8363269E+3,0.0000000E+0
11229531,29/9/2021,5:11:13 AM,-2.9448254E+0,3.7337925E+0,3.8327556E+3,0.0000000E+0
11229532,29/9/2021,5:11:13 AM,-7.0299258E+0,4.3430157E+0,3.8327556E+3,0.0000000E+0
11229533,29/9/2021,5:11:13 AM,-1.1121069E+1,6.4229698E+0,3.8345413E+3,0.0000000E+0
11229534,29/9/2021,5:11:13 AM,-1.5693679E+1,7.8984442E+0,3.8354341E+3,0.0000000E+0
11229535,29/9/2021,5:11:13 AM,-2.1170973E+1,8.2121487E+0,3.8345413E+3,0.0000000E+0
11229536,29/9/2021,5:11:14 AM,-2.6330734E+1,7.0105009E+0,3.8318628E+3,0.0000000E+0
11229537,29/9/2021,5:11:14 AM,-2.7740358E+1,5.1515765E+0,3.8309702E+3,0.0000000E+0
11229538,29/9/2021,5:11:14 AM,-2.8618048E+1,3.7562079E+0,3.8327556E+3,0.0000000E+0
11229539,29/9/2021,5:11:14 AM,-3.0719191E+1,2.3240135E+0,3.8318628E+3,0.0000000E+0
11229540,29/9/2021,5:11:14 AM,-3.4362938E+1,6.6123056E-1,3.8309702E+3,0.0000000E+0
11229541,29/9/2021,5:11:14 AM,-3.7448154E+1,-1.8388767E+0,3.8309702E+3,0.0000000E+0
11229542,29/9/2021,5:11:14 AM,-4.0214211E+1,-4.6400213E+0,3.8273987E+3,0.0000000E+0
11229543,29/9/2021,5:11:14 AM,-4.0852531E+1,-7.1886210E+0,3.8300774E+3,0.0000000E+0
11229544,29/9/2021,5:11:14 AM,-4.2501526E+1,-9.7806721E+0,3.8291846E+3,0.0000000E+0
11229545,29/9/2021,5:11:14 AM,-4.4283508E+1,-1.2332845E+1,3.8309702E+3,0.0000000E+0
11229546,29/9/2021,5:11:15 AM,-4.7342129E+1,-1.6068058E+1,3.8273987E+3,0.0000000E+0
11229547,29/9/2021,5:11:15 AM,-4.7741077E+1,-2.0774563E+1,3.8265059E+3,0.0000000E+0
11229548,29/9/2021,5:11:15 AM,-4.7315529E+1,-2.5612106E+1,3.8238276E+3,0.0000000E+0
11229549,29/9/2021,5:11:15 AM,-4.5240990E+1,-2.9562767E+1,3.8273987E+3,0.0000000E+0
11229550,29/9/2021,5:11:15 AM,-4.3246235E+1,-3.2734043E+1,3.8256133E+3,0.0000000E+0
11229551,29/9/2021,5:11:15 AM,-4.1703625E+1,-3.6577206E+1,3.8247205E+3,0.0000000E+0
11229552,29/9/2021,5:11:15 AM,-3.9363117E+1,-4.1360996E+1,3.8238276E+3,0.0000000E+0
11229553,29/9/2021,5:11:15 AM,-3.4389534E+1,-4.5472908E+1,3.8220420E+3,0.0000000E+0
11229554,29/9/2021,5:11:15 AM,-2.8910614E+1,-4.7139175E+1,3.8256133E+3,0.0000000E+0
11229555,29/9/2021,5:11:15 AM,-2.5080688E+1,-4.7461678E+1,3.8256133E+3,0.0000000E+0
11229556,29/9/2021,5:11:16 AM,-2.1756102E+1,-4.9880451E+1,3.8256133E+3,0.0000000E+0
11229557,29/9/2021,5:11:16 AM,-1.8329901E+1,-5.3105476E+1,3.8202566E+3,0.0000000E+0
11229558,29/9/2021,5:11:16 AM,-1.4570257E+1,-5.3508606E+1,3.8238276E+3,0.0000000E+0
11229559,29/9/2021,5:11:16 AM,-9.7556009E+0,-5.1869217E+1,3.8273987E+3,0.0000000E+0
11229560,29/9/2021,5:11:16 AM,-7.4298315E+0,-4.9127941E+1,3.8273987E+3,0.0000000E+0
11229561,29/9/2021,5:11:16 AM,-7.5245461E+0,-4.7031673E+1,3.8265059E+3,0.0000000E+0
11229562,29/9/2021,5:11:16 AM,-7.0167713E+0,-4.6682297E+1,3.8229348E+3,0.0000000E+0
11229563,29/9/2021,5:11:16 AM,-4.6061921E+0,-4.3430393E+1,3.8256133E+3,0.0000000E+0
11229564,29/9/2021,5:11:16 AM,-1.9077588E+0,-3.7249084E+1,3.8291846E+3,0.0000000E+0
11229565,29/9/2021,5:11:16 AM,-1.8391173E-1,-3.2250290E+1,3.8291846E+3,0.0000000E+0
11229566,29/9/2021,5:11:17 AM,5.1822472E-1,-2.7681499E+1,3.8291846E+3,0.0000000E+0
11229567,29/9/2021,5:11:17 AM,4.8313108E-1,-2.3784590E+1,3.8291846E+3,0.0000000E+0
11229568,29/9/2021,5:11:17 AM,1.7318776E+0,-1.8349062E+1,3.8291846E+3,0.0000000E+0
11229569,29/9/2021,5:11:17 AM,4.8256474E+0,-1.2800743E+1,3.8345413E+3,0.0000000E+0
11229570,29/9/2021,5:11:17 AM,6.8299727E+0,-7.6538606E+0,3.8327556E+3,0.0000000E+0
11229571,29/9/2021,5:11:17 AM,7.6981897E+0,-2.1623013E+0,3.8372195E+3,0.0000000E+0
11229572,29/9/2021,5:11:17 AM,7.2404022E+0,1.1760166E+0,3.8336484E+3,0.0000000E+0
11229573,29/9/2021,5:11:17 AM,6.6905322E+0,5.0250888E+0,3.8354341E+3,0.0000000E+0
11229574,29/9/2021,5:11:17 AM,6.3143044E+0,1.0237936E+1,3.8381123E+3,0.0000000E+0
11229575,29/9/2021,5:11:17 AM,4.8541689E+0,1.3646151E+1,3.8381123E+3,0.0000000E+0
11229576,29/9/2021,5:11:18 AM,3.1761649E+0,1.6110594E+1,3.8398979E+3,0.0000000E+0
11229577,29/9/2021,5:11:18 AM,-1.0200900E+0,1.6847002E+1,3.8363269E+3,0.0000000E+0
11229578,29/9/2021,5:11:18 AM,-6.8931160E+0,1.7245779E+1,3.8363269E+3,0.0000000E+0
11229579,29/9/2021,5:11:18 AM,-1.0216019E+1,1.7801409E+1,3.8381123E+3,0.0000000E+0
11229580,29/9/2021,5:11:18 AM,-1.2394454E+1,1.7256413E+1,3.8390051E+3,0.0000000E+0
11229581,29/9/2021,5:11:18 AM,-1.6996004E+1,1.3808320E+1,3.8327556E+3,0.0000000E+0
11229582,29/9/2021,5:11:18 AM,-2.0905006E+1,1.0051841E+1,3.8318628E+3,0.0000000E+0
11229583,29/9/2021,5:11:18 AM,-2.4734932E+1,7.7469091E+0,3.8345413E+3,0.0000000E+0
11229584,29/9/2021,5:11:18 AM,-2.6437120E+1,3.9347320E+0,3.8327556E+3,0.0000000E+0
11229585,29/9/2021,5:11:18 AM,-2.7899939E+1,4.2100126E-1,3.8327556E+3,0.0000000E+0
11229586,29/9/2021,5:11:19 AM,-2.9602127E+1,-3.9915714E+0,3.8309702E+3,0.0000000E+0
11229587,29/9/2021,5:11:19 AM,-3.0692593E+1,-9.9774017E+0,3.8291846E+3,0.0000000E+0
11229588,29/9/2021,5:11:19 AM,-3.1251123E+1,-1.5820816E+1,3.8273987E+3,0.0000000E+0
11229589,29/9/2021,5:11:19 AM,-3.1783056E+1,-2.0148876E+1,3.8291846E+3,0.0000000E+0
11229590,29/9/2021,5:11:19 AM,-3.2075623E+1,-2.4160843E+1,3.8291846E+3,0.0000000E+0
11229591,29/9/2021,5:11:19 AM,-3.1889442E+1,-3.0584026E+1,3.8273987E+3,0.0000000E+0
11229592,29/9/2021,5:11:19 AM,-3.2261799E+1,-3.7060959E+1,3.8247205E+3,0.0000000E+0
11229593,29/9/2021,5:11:19 AM,-3.3219280E+1,-4.1334122E+1,3.8256133E+3,0.0000000E+0
11229594,29/9/2021,5:11:19 AM,-3.3963985E+1,-4.5580410E+1,3.8220420E+3,0.0000000E+0
11229595,29/9/2021,5:11:19 AM,-3.3751213E+1,-4.9235443E+1,3.8256133E+3,0.0000000E+0
11229596,29/9/2021,5:11:20 AM,-3.3884197E+1,-5.2782974E+1,3.8220420E+3,0.0000000E+0
11229597,29/9/2021,5:11:20 AM,-3.3963985E+1,-5.5793007E+1,3.8220420E+3,0.0000000E+0
11229598,29/9/2021,5:11:20 AM,-3.4628906E+1,-5.8104275E+1,3.8211492E+3,0.0000000E+0
11229599,29/9/2021,5:11:20 AM,-3.5214031E+1,-5.9851166E+1,3.8193638E+3,0.0000000E+0
11229600,29/9/2021,5:11:20 AM,-3.3086296E+1,-5.9770535E+1,3.8220420E+3,0.0000000E+0
11229601,29/9/2021,5:11:20 AM,-3.1809654E+1,-5.8883656E+1,3.8202566E+3,0.0000000E+0
11229602,29/9/2021,5:11:20 AM,-2.9788303E+1,-5.7002392E+1,3.8220420E+3,0.0000000E+0
11229603,29/9/2021,5:11:20 AM,-2.7820148E+1,-5.4825493E+1,3.8238276E+3,0.0000000E+0
11229604,29/9/2021,5:11:20 AM,-2.6490314E+1,-5.2379845E+1,3.8220420E+3,0.0000000E+0
11229605,29/9/2021,5:11:20 AM,-2.2500809E+1,-4.8966694E+1,3.8256133E+3,0.0000000E+0
11229606,29/9/2021,5:11:21 AM,-2.0745426E+1,-4.5311661E+1,3.8256133E+3,0.0000000E+0
11229607,29/9/2021,5:11:21 AM,-2.0213491E+1,-4.2462883E+1,3.8247205E+3,0.0000000E+0
11229608,29/9/2021,5:11:21 AM,-1.8085220E+1,-3.8377846E+1,3.8265059E+3,0.0000000E+0
11229609,29/9/2021,5:11:21 AM,-1.7935257E+1,-3.2922173E+1,3.8273987E+3,0.0000000E+0
11229610,29/9/2021,5:11:21 AM,-1.6548740E+1,-2.7305244E+1,3.8309702E+3,0.0000000E+0
11229611,29/9/2021,5:11:21 AM,-1.5043832E+1,-2.2387075E+1,3.8291846E+3,0.0000000E+0
11229612,29/9/2021,5:11:21 AM,-1.6559263E+1,-1.7623287E+1,3.8273987E+3,0.0000000E+0
11229613,29/9/2021,5:11:21 AM,-1.5756821E+1,-1.2199920E+1,3.8309702E+3,0.0000000E+0
11229614,29/9/2021,5:11:21 AM,-1.4917544E+1,-6.1518011E+0,3.8309702E+3,0.0000000E+0
11229615,29/9/2021,5:11:21 AM,-1.4172982E+1,-4.6632752E-1,3.8345413E+3,0.0000000E+0
11229616,29/9/2021,5:11:22 AM,-1.1134224E+1,3.2534587E+0,3.8345413E+3,0.0000000E+0
11229617,29/9/2021,5:11:22 AM,-9.3662186E+0,5.9789977E+0,3.8345413E+3,0.0000000E+0
11229618,29/9/2021,5:11:22 AM,-6.7905087E+0,7.4013028E+0,3.8345413E+3,0.0000000E+0
11229619,29/9/2021,5:11:22 AM,-2.7499297E+0,9.9641094E+0,3.8363269E+3,0.0000000E+0
11229620,29/9/2021,5:11:22 AM,-1.4565174E-1,1.1955337E+1,3.8363269E+3,0.0000000E+0
11229621,29/9/2021,5:11:22 AM,3.2530141E+0,1.2423235E+1,3.8381123E+3,0.0000000E+0
11229622,29/9/2021,5:11:22 AM,7.4245701E+0,1.1973947E+1,3.8372195E+3,0.0000000E+0
11229623,29/9/2021,5:11:22 AM,9.7108746E+0,1.1615047E+1,3.8363269E+3,0.0000000E+0
11229624,29/9/2021,5:11:22 AM,1.1105284E+1,1.1099296E+1,3.8363269E+3,0.0000000E+0
11229625,29/9/2021,5:11:22 AM,1.2675967E+1,1.0503788E+1,3.8381123E+3,0.0000000E+0
11229626,29/9/2021,5:11:23 AM,1.1784071E+1,8.9831181E+0,3.8363269E+3,0.0000000E+0
11229627,29/9/2021,5:11:23 AM,1.0034483E+1,6.3458719E+0,3.8345413E+3,0.0000000E+0
11229628,29/9/2021,5:11:23 AM,8.1875486E+0,4.0412059E+0,3.8345413E+3,0.0000000E+0
11229629,29/9/2021,5:11:23 AM,5.2698135E+0,3.7081747E+0,3.8354341E+3,0.0000000E+0
11229630,29/9/2021,5:11:23 AM,2.5280974E+0,2.6034076E+0,3.8345413E+3,0.0000000E+0
11229631,29/9/2021,5:11:23 AM,-1.2132368E+0,8.4120256E-1,3.8318628E+3,0.0000000E+0
11229632,29/9/2021,5:11:23 AM,-3.8123488E+0,-5.7217771E-1,3.8354341E+3,0.0000000E+0
11229633,29/9/2021,5:11:23 AM,-4.2164006E+0,-3.0012839E+0,3.8336484E+3,0.0000000E+0
11229634,29/9/2021,5:11:23 AM,-5.2178154E+0,-5.9976068E+0,3.8336484E+3,0.0000000E+0
11229635,29/9/2021,5:11:23 AM,-7.2719746E+0,-9.9534760E+0,3.8309702E+3,0.0000000E+0
11229636,29/9/2021,5:11:24 AM,-8.1059885E+0,-1.4382560E+1,3.8327556E+3,0.0000000E+0
11229637,29/9/2021,5:11:24 AM,-8.8768606E+0,-1.7766848E+1,3.8318628E+3,0.0000000E+0
11229638,29/9/2021,5:11:24 AM,-1.0173923E+1,-2.2118324E+1,3.8291846E+3,0.0000000E+0
11229639,29/9/2021,5:11:24 AM,-1.2034012E+1,-2.6283985E+1,3.8309702E+3,0.0000000E+0
11229640,29/9/2021,5:11:24 AM,-1.5898893E+1,-3.0127148E+1,3.8273987E+3,0.0000000E+0
11229641,29/9/2021,5:11:24 AM,-2.1037991E+1,-3.3540302E+1,3.8256133E+3,0.0000000E+0
11229642,29/9/2021,5:11:24 AM,-2.4867914E+1,-3.5744072E+1,3.8273987E+3,0.0000000E+0
11229643,29/9/2021,5:11:24 AM,-2.9655321E+1,-3.7410336E+1,3.8256133E+3,0.0000000E+0
11229644,29/9/2021,5:11:24 AM,-3.4362938E+1,-3.9533482E+1,3.8256133E+3,0.0000000E+0
11229645,29/9/2021,5:11:24 AM,-3.9389713E+1,-4.2086628E+1,3.8238276E+3,0.0000000E+0
11229646,29/9/2021,5:11:25 AM,-4.4522877E+1,-4.4344151E+1,3.8220420E+3,0.0000000E+0
11229647,29/9/2021,5:11:25 AM,-4.7900658E+1,-4.5042908E+1,3.8220420E+3,0.0000000E+0
11229648,29/9/2021,5:11:25 AM,-5.0666714E+1,-4.6144791E+1,3.8220420E+3,0.0000000E+0
11229649,29/9/2021,5:11:25 AM,-5.1730579E+1,-4.7757305E+1,3.8220420E+3,0.0000000E+0
11229650,29/9/2021,5:11:25 AM,-5.1172054E+1,-4.9611698E+1,3.8202566E+3,0.0000000E+0
11229651,29/9/2021,5:11:25 AM,-5.1783779E+1,-4.9746071E+1,3.8211492E+3,0.0000000E+0
11229652,29/9/2021,5:11:25 AM,-4.9602848E+1,-4.9127941E+1,3.8220420E+3,0.0000000E+0
11229653,29/9/2021,5:11:25 AM,-4.6491032E+1,-4.8133560E+1,3.8229348E+3,0.0000000E+0
11229654,29/9/2021,5:11:25 AM,-4.2900478E+1,-4.5096657E+1,3.8256133E+3,0.0000000E+0
11229655,29/9/2021,5:11:25 AM,-4.0400387E+1,-4.2436005E+1,3.8256133E+3,0.0000000E+0
11229656,29/9/2021,5:11:26 AM,-3.9469505E+1,-4.1925377E+1,3.8220420E+3,0.0000000E+0
11229657,29/9/2021,5:11:26 AM,-3.6437481E+1,-3.8673473E+1,3.8273987E+3,0.0000000E+0
11229658,29/9/2021,5:11:26 AM,-3.3698017E+1,-3.4185310E+1,3.8300774E+3,0.0000000E+0
11229659,29/9/2021,5:11:26 AM,-3.2235199E+1,-3.1121531E+1,3.8282915E+3,0.0000000E+0
11229660,29/9/2021,5:11:26 AM,-3.2926716E+1,-2.9105888E+1,3.8256133E+3,0.0000000E+0
11229661,29/9/2021,5:11:26 AM,-3.3831005E+1,-2.7439623E+1,3.8238276E+3,0.0000000E+0
11229662,29/9/2021,5:11:26 AM,-3.0692593E+1,-2.3300835E+1,3.8300774E+3,0.0000000E+0
11229663,29/9/2021,5:11:26 AM,-2.8990404E+1,-1.9957462E+1,3.8291846E+3,0.0000000E+0
11229664,29/9/2021,5:11:26 AM,-2.6064766E+1,-1.7857237E+1,3.8309702E+3,0.0000000E+0
11229665,29/9/2021,5:11:26 AM,-2.3564676E+1,-1.6421638E+1,3.8282915E+3,0.0000000E+0
11229666,29/9/2021,5:11:27 AM,-2.2155050E+1,-1.5227966E+1,3.8273987E+3,0.0000000E+0
11229667,29/9/2021,5:11:27 AM,-1.6614513E+1,-1.3077229E+1,3.8291846E+3,0.0000000E+0
11229668,29/9/2021,5:11:27 AM,-1.0942164E+1,-1.0307057E+1,3.8327556E+3,0.0000000E+0
11229669,29/9/2021,5:11:27 AM,-5.9486012E+0,-7.5501785E+0,3.8327556E+3,0.0000000E+0
11229670,29/9/2021,5:11:27 AM,-1.9101357E+0,-6.6303334E+0,3.8336484E+3,0.0000000E+0
11229671,29/9/2021,5:11:27 AM,7.0451123E-1,-6.1305327E+0,3.8327556E+3,0.0000000E+0
11229672,29/9/2021,5:11:27 AM,4.7773199E+0,-3.6809556E+0,3.8345413E+3,0.0000000E+0
11229673,29/9/2021,5:11:27 AM,6.9483666E+0,-1.3971163E+0,3.8363269E+3,0.0000000E+0
11229674,29/9/2021,5:11:27 AM,9.0583963E+0,7.9720944E-2,3.8381123E+3,0.0000000E+0
11229675,29/9/2021,5:11:27 AM,1.0458067E+1,3.5087880E-1,3.8363269E+3,0.0000000E+0
11229676,29/9/2021,5:11:28 AM,9.7477074E+0,-6.0763890E-1,3.8345413E+3,0.0000000E+0
11229677,29/9/2021,5:11:28 AM,9.3767424E+0,-9.3025547E-1,3.8345413E+3,0.0000000E+0
11229678,29/9/2021,5:11:28 AM,9.0610275E+0,-2.1318803E+0,3.8345413E+3,0.0000000E+0
11229679,29/9/2021,5:11:28 AM,8.8268719E+0,-2.9236298E+0,3.8345413E+3,0.0000000E+0
11229680,29/9/2021,5:11:28 AM,7.8876190E+0,-4.8073378E+0,3.8345413E+3,0.0000000E+0
11229681,29/9/2021,5:11:28 AM,7.0141401E+0,-8.8023396E+0,3.8291846E+3,0.0000000E+0
11229682,29/9/2021,5:11:28 AM,5.5065999E+0,-1.0139572E+1,3.8309702E+3,0.0000000E+0
11229683,29/9/2021,5:11:28 AM,3.7085626E+0,-1.0139572E+1,3.8309702E+3,0.0000000E+0
11229684,29/9/2021,5:11:28 AM,3.0303895E+0,-8.8634853E+0,3.8345413E+3,0.0000000E+0
11229685,29/9/2021,5:11:28 AM,2.6413903E+0,-1.0054499E+1,3.8318628E+3,0.0000000E+0
11229686,29/9/2021,5:11:29 AM,-5.5938717E-2,-1.1426292E+1,3.8309702E+3,0.0000000E+0
11229687,29/9/2021,5:11:29 AM,-1.1179827E+0,-1.1165758E+1,3.8327556E+3,0.0000000E+0
11229688,29/9/2021,5:11:29 AM,-2.1184998E+0,-1.0556958E+1,3.8327556E+3,0.0000000E+0
11229689,29/9/2021,5:11:29 AM,-3.6332982E+0,-1.0628738E+1,3.8354341E+3,0.0000000E+0
11229690,29/9/2021,5:11:29 AM,-3.9200959E+0,-1.2375381E+1,3.8327556E+3,0.0000000E+0
11229691,29/9/2021,5:11:29 AM,-6.1932802E+0,-1.4970091E+1,3.8309702E+3,0.0000000E+0
11229692,29/9/2021,5:11:29 AM,-8.6006088E+0,-1.7102219E+1,3.8309702E+3,0.0000000E+0
11229693,29/9/2021,5:11:29 AM,-1.0763259E+1,-1.9114714E+1,3.8309702E+3,0.0000000E+0
11229694,29/9/2021,5:11:29 AM,-1.2344465E+1,-2.0559561E+1,3.8309702E+3,0.0000000E+0
11229695,29/9/2021,5:11:29 AM,-1.5759452E+1,-2.1930197E+1,3.8291846E+3,0.0000000E+0
11229696,29/9/2021,5:11:30 AM,-1.9298094E+1,-2.4778973E+1,3.8273987E+3,0.0000000E+0
11229697,29/9/2021,5:11:30 AM,-2.4043417E+1,-2.6337736E+1,3.8273987E+3,0.0000000E+0
11229698,29/9/2021,5:11:30 AM,-2.8963808E+1,-2.7036495E+1,3.8247205E+3,0.0000000E+0
11229699,29/9/2021,5:11:30 AM,-3.2022427E+1,-2.6579617E+1,3.8291846E+3,0.0000000E+0
11229700,29/9/2021,5:11:30 AM,-3.5692772E+1,-2.7090242E+1,3.8256133E+3,0.0000000E+0
11229701,29/9/2021,5:11:30 AM,-3.8139668E+1,-2.8165253E+1,3.8256133E+3,0.0000000E+0
11229702,29/9/2021,5:11:30 AM,-4.0746143E+1,-2.7385872E+1,3.8265059E+3,0.0000000E+0
11229703,29/9/2021,5:11:30 AM,-4.3645184E+1,-2.7332123E+1,3.8238276E+3,0.0000000E+0
11229704,29/9/2021,5:11:30 AM,-4.3326027E+1,-2.6687115E+1,3.8273987E+3,0.0000000E+0
11229705,29/9/2021,5:11:30 AM,-4.3113251E+1,-2.6713991E+1,3.8273987E+3,0.0000000E+0
11229706,29/9/2021,5:11:31 AM,-4.1916401E+1,-2.6472115E+1,3.8273987E+3,0.0000000E+0
11229707,29/9/2021,5:11:31 AM,-4.0772743E+1,-2.6149611E+1,3.8273987E+3,0.0000000E+0
11229708,29/9/2021,5:11:31 AM,-4.0081226E+1,-2.6955868E+1,3.8256133E+3,0.0000000E+0
11229709,29/9/2021,5:11:31 AM,-3.6597061E+1,-2.7358995E+1,3.8291846E+3,0.0000000E+0
11229710,29/9/2021,5:11:31 AM,-3.4575710E+1,-2.7573999E+1,3.8273987E+3,0.0000000E+0
11229711,29/9/2021,5:11:31 AM,-3.2182011E+1,-2.8326506E+1,3.8291846E+3,0.0000000E+0
11229712,29/9/2021,5:11:31 AM,-3.0772383E+1,-2.8595259E+1,3.8282915E+3,0.0000000E+0
11229713,29/9/2021,5:11:31 AM,-3.0240448E+1,-2.9885267E+1,3.8256133E+3,0.0000000E+0
11229714,29/9/2021,5:11:31 AM,-2.9256371E+1,-2.9912146E+1,3.8282915E+3,0.0000000E+0
11229715,29/9/2021,5:11:31 AM,-2.9176579E+1,-2.9804644E+1,3.8265059E+3,0.0000000E+0
11229716,29/9/2021,5:11:32 AM,-2.9761709E+1,-2.8944635E+1,3.8273987E+3,0.0000000E+0
11229717,29/9/2021,5:11:32 AM,-2.8990404E+1,-2.8649008E+1,3.8273987E+3,0.0000000E+0
11229718,29/9/2021,5:11:32 AM,-2.7846746E+1,-2.8729633E+1,3.8273987E+3,0.0000000E+0
11229719,29/9/2021,5:11:32 AM,-2.6224346E+1,-2.7950253E+1,3.8273987E+3,0.0000000E+0
11229720,29/9/2021,5:11:32 AM,-2.3617870E+1,-2.8030878E+1,3.8265059E+3,0.0000000E+0
11229721,29/9/2021,5:11:32 AM,-2.0213491E+1,-2.7493374E+1,3.8291846E+3,0.0000000E+0
11229722,29/9/2021,5:11:32 AM,-1.7077562E+1,-2.7950253E+1,3.8256133E+3,0.0000000E+0
11229723,29/9/2021,5:11:32 AM,-1.2233965E+1,-2.7923376E+1,3.8291846E+3,0.0000000E+0
11229724,29/9/2021,5:11:32 AM,-7.3824744E+0,-2.7090242E+1,3.8291846E+3,0.0000000E+0
11229725,29/9/2021,5:11:32 AM,-4.2179852E+0,-2.6633364E+1,3.8291846E+3,0.0000000E+0
11229726,29/9/2021,5:11:33 AM,1.1701661E+0,-2.5504606E+1,3.8309702E+3,0.0000000E+0
11229727,29/9/2021,5:11:33 AM,4.9682541E+0,-2.4268343E+1,3.8309702E+3,0.0000000E+0
11229728,29/9/2021,5:11:33 AM,7.7350235E+0,-2.2682705E+1,3.8318628E+3,0.0000000E+0
11229729,29/9/2021,5:11:33 AM,1.0789568E+1,-2.0908937E+1,3.8327556E+3,0.0000000E+0
11229730,29/9/2021,5:11:33 AM,1.1799857E+1,-1.9146616E+1,3.8318628E+3,0.0000000E+0
11229731,29/9/2021,5:11:33 AM,1.2273429E+1,-1.6065399E+1,3.8345413E+3,0.0000000E+0
11229732,29/9/2021,5:11:33 AM,1.0713270E+1,-1.3087864E+1,3.8327556E+3,0.0000000E+0
11229733,29/9/2021,5:11:33 AM,8.1586075E+0,-1.1242854E+1,3.8345413E+3,0.0000000E+0
11229734,29/9/2021,5:11:33 AM,6.1853876E+0,-9.4536753E+0,3.8327556E+3,0.0000000E+0
11229735,29/9/2021,5:11:33 AM,2.2753668E+0,-7.0317688E+0,3.8327556E+3,0.0000000E+0
11229736,29/9/2021,5:11:34 AM,-1.3245865E+0,-5.0378981E+0,3.8327556E+3,0.0000000E+0
11229737,29/9/2021,5:11:34 AM,-4.8652606E+0,-3.7201831E+0,3.8318628E+3,0.0000000E+0
11229738,29/9/2021,5:11:34 AM,-8.1665001E+0,-2.4625099E+0,3.8327556E+3,0.0000000E+0
11229739,29/9/2021,5:11:34 AM,-1.0934271E+1,-1.3493903E+0,3.8309702E+3,0.0000000E+0
11229740,29/9/2021,5:11:34 AM,-1.1705143E+1,-8.3187073E-2,3.8327556E+3,0.0000000E+0
11229741,29/9/2021,5:11:34 AM,-1.2499692E+1,1.1608059E+0,3.8345413E+3,0.0000000E+0
11229742,29/9/2021,5:11:34 AM,-1.4225602E+1,1.3793577E+0,3.8327556E+3,0.0000000E+0
11229743,29/9/2021,5:11:34 AM,-1.5383225E+1,1.5530783E+0,3.8345413E+3,0.0000000E+0
11229744,29/9/2021,5:11:34 AM,-1.6140942E+1,1.1808199E+0,3.8336484E+3,0.0000000E+0
11229745,29/9/2021,5:11:34 AM,-1.8143103E+1,1.4717713E-1,3.8345413E+3,0.0000000E+0
11229746,29/9/2021,5:11:35 AM,-1.9587500E+1,-2.1174703E+0,3.8327556E+3,0.0000000E+0
11229747,29/9/2021,5:11:35 AM,-2.2075260E+1,-4.2661619E+0,3.8327556E+3,0.0000000E+0
11229748,29/9/2021,5:11:35 AM,-2.5426445E+1,-6.8669410E+0,3.8309702E+3,0.0000000E+0
11229749,29/9/2021,5:11:35 AM,-2.8724436E+1,-9.5786247E+0,3.8309702E+3,0.0000000E+0
11229750,29/9/2021,5:11:35 AM,-3.2953312E+1,-1.2263723E+1,3.8291846E+3,0.0000000E+0
11229751,29/9/2021,5:11:35 AM,-3.6118317E+1,-1.5578891E+1,3.8291846E+3,0.0000000E+0
11229752,29/9/2021,5:11:35 AM,-3.8512024E+1,-1.9207762E+1,3.8273987E+3,0.0000000E+0
11229753,29/9/2021,5:11:35 AM,-4.2341946E+1,-2.2870831E+1,3.8256133E+3,0.0000000E+0
11229754,29/9/2021,5:11:35 AM,-4.4336700E+1,-2.6848366E+1,3.8238276E+3,0.0000000E+0
11229755,29/9/2021,5:11:35 AM,-4.4815441E+1,-3.0261522E+1,3.8256133E+3,0.0000000E+0
11229756,29/9/2021,5:11:36 AM,-4.5905903E+1,-3.2949047E+1,3.8238276E+3,0.0000000E+0
11229757,29/9/2021,5:11:36 AM,-4.4389893E+1,-3.5582821E+1,3.8238276E+3,0.0000000E+0
11229758,29/9/2021,5:11:36 AM,-4.3645184E+1,-3.7222210E+1,3.8238276E+3,0.0000000E+0
11229759,29/9/2021,5:11:36 AM,-4.2208965E+1,-3.9345352E+1,3.8220420E+3,0.0000000E+0
11229760,29/9/2021,5:11:36 AM,-3.8033279E+1,-4.0124737E+1,3.8256133E+3,0.0000000E+0
11229761,29/9/2021,5:11:36 AM,-3.3618229E+1,-4.0796619E+1,3.8256133E+3,0.0000000E+0
11229762,29/9/2021,5:11:36 AM,-2.8219097E+1,-4.1360996E+1,3.8273987E+3,0.0000000E+0
11229763,29/9/2021,5:11:36 AM,-2.3059340E+1,-4.3296013E+1,3.8256133E+3,0.0000000E+0
11229764,29/9/2021,5:11:36 AM,-2.0266685E+1,-4.5365410E+1,3.8238276E+3,0.0000000E+0
11229765,29/9/2021,5:11:36 AM,-1.5646320E+1,-4.6467293E+1,3.8265059E+3,0.0000000E+0
11229766,29/9/2021,5:11:37 AM,-1.0963211E+1,-4.6977924E+1,3.8273987E+3,0.0000000E+0
11229767,29/9/2021,5:11:37 AM,-8.1717625E+0,-4.6574795E+1,3.8273987E+3,0.0000000E+0
11229768,29/9/2021,5:11:37 AM,-7.3272243E+0,-4.5822289E+1,3.8256133E+3,0.0000000E+0
11229769,29/9/2021,5:11:37 AM,-7.8770947E+0,-4.4075397E+1,3.8247205E+3,0.0000000E+0
11229770,29/9/2021,5:11:37 AM,-8.5637760E+0,-4.1791000E+1,3.8256133E+3,0.0000000E+0
11229771,29/9/2021,5:11:37 AM,-7.1035924E+0,-3.7732841E+1,3.8273987E+3,0.0000000E+0
11229772,29/9/2021,5:11:37 AM,-7.1877837E+0,-3.2035290E+1,3.8309702E+3,0.0000000E+0
11229773,29/9/2021,5:11:37 AM,-7.8639402E+0,-2.8595259E+1,3.8273987E+3,0.0000000E+0
11229774,29/9/2021,5:11:37 AM,-8.4322271E+0,-2.6122736E+1,3.8282915E+3,0.0000000E+0
11229775,29/9/2021,5:11:37 AM,-7.2667122E+0,-2.1957073E+1,3.8291846E+3,0.0000000E+0
11229776,29/9/2021,5:11:38 AM,-5.5565882E+0,-1.7679117E+1,3.8309702E+3,0.0000000E+0
11229777,29/9/2021,5:11:38 AM,-2.7111092E+0,-1.4765386E+1,3.8327556E+3,0.0000000E+0
11229778,29/9/2021,5:11:38 AM,-6.1479814E-2,-1.2207895E+1,3.8327556E+3,0.0000000E+0
11229779,29/9/2021,5:11:38 AM,1.6716658E+0,-9.9508171E+0,3.8318628E+3,0.0000000E+0
11229780,29/9/2021,5:11:38 AM,3.1500204E+0,-7.6990557E+0,3.8309702E+3,0.0000000E+0
11229781,29/9/2021,5:11:38 AM,5.4513497E+0,-4.6071992E+0,3.8363269E+3,0.0000000E+0
11229782,29/9/2021,5:11:38 AM,5.8538866E+0,-2.1158690E+0,3.8345413E+3,0.0000000E+0
11229783,29/9/2021,5:11:38 AM,5.2463369E+0,1.2304543E+0,3.8363269E+3,0.0000000E+0
11229784,29/9/2021,5:11:38 AM,2.9796848E+0,2.9300342E+0,3.8345413E+3,0.0000000E+0
11229785,29/9/2021,5:11:38 AM,-1.9980764E+0,4.1612892E+0,3.8327556E+3,0.0000000E+0
11229786,29/9/2021,5:11:39 AM,-5.1282902E+0,6.7446489E+0,3.8363269E+3,0.0000000E+0
11229787,29/9/2021,5:11:39 AM,-9.3004446E+0,8.7757540E+0,3.8336484E+3,0.0000000E+0
11229788,29/9/2021,5:11:39 AM,-1.3288980E+1,9.0867996E+0,3.8363269E+3,0.0000000E+0
11229789,29/9/2021,5:11:39 AM,-1.6327740E+1,8.4381227E+0,3.8327556E+3,0.0000000E+0
11229790,29/9/2021,5:11:39 AM,-1.9734833E+1,7.0636716E+0,3.8327556E+3,0.0000000E+0
11229791,29/9/2021,5:11:39 AM,-1.9626963E+1,5.9258270E+0,3.8327556E+3,0.0000000E+0
11229792,29/9/2021,5:11:39 AM,-1.8503544E+1,2.7306960E+0,3.8309702E+3,0.0000000E+0
11229793,29/9/2021,5:11:39 AM,-1.7882637E+1,1.5738927E+0,3.8327556E+3,0.0000000E+0
11229794,29/9/2021,5:11:39 AM,-1.6446133E+1,-2.9755375E-1,3.8327556E+3,0.0000000E+0
11229795,29/9/2021,5:11:39 AM,-1.4257173E+1,-3.4648056E+0,3.8327556E+3,0.0000000E+0
11229796,29/9/2021,5:11:40 AM,-1.3367908E+1,-6.0401435E+0,3.8300774E+3,0.0000000E+0
11229797,29/9/2021,5:11:40 AM,-1.1978763E+1,-8.8129730E+0,3.8327556E+3,0.0000000E+0
11229798,29/9/2021,5:11:40 AM,-1.1718297E+1,-9.6663561E+0,3.8327556E+3,0.0000000E+0
11229799,29/9/2021,5:11:40 AM,-1.2391823E+1,-1.1686827E+1,3.8318628E+3,0.0000000E+0
11229800,29/9/2021,5:11:40 AM,-1.3536291E+1,-1.4321413E+1,3.8318628E+3,0.0000000E+0
11229801,29/9/2021,5:11:40 AM,-1.5804178E+1,-1.5254553E+1,3.8309702E+3,0.0000000E+0
11229802,29/9/2021,5:11:40 AM,-1.8961330E+1,-1.7857237E+1,3.8300774E+3,0.0000000E+0
11229803,29/9/2021,5:11:40 AM,-2.0585846E+1,-2.0935814E+1,3.8291846E+3,0.0000000E+0
11229804,29/9/2021,5:11:40 AM,-2.1862488E+1,-2.3085833E+1,3.8300774E+3,0.0000000E+0
11229805,29/9/2021,5:11:40 AM,-2.5027494E+1,-2.5262728E+1,3.8282915E+3,0.0000000E+0
11229806,29/9/2021,5:11:41 AM,-2.6809473E+1,-2.8917759E+1,3.8273987E+3,0.0000000E+0
11229807,29/9/2021,5:11:41 AM,-2.7926535E+1,-3.3137173E+1,3.8256133E+3,0.0000000E+0
11229808,29/9/2021,5:11:41 AM,-2.8192503E+1,-3.6120327E+1,3.8256133E+3,0.0000000E+0
11229809,29/9/2021,5:11:41 AM,-2.8538260E+1,-3.7571587E+1,3.8273987E+3,0.0000000E+0
11229810,29/9/2021,5:11:41 AM,-2.9389353E+1,-4.0124737E+1,3.8238276E+3,0.0000000E+0
11229811,29/9/2021,5:11:41 AM,-2.9415953E+1,-4.3376640E+1,3.8247205E+3,0.0000000E+0
11229812,29/9/2021,5:11:41 AM,-2.8963808E+1,-4.5446033E+1,3.8238276E+3,0.0000000E+0
11229813,29/9/2021,5:11:41 AM,-3.0001078E+1,-4.5446033E+1,3.8238276E+3,0.0000000E+0
11229814,29/9/2021,5:11:41 AM,-3.1171333E+1,-4.5849163E+1,3.8238276E+3,0.0000000E+0
11229815,29/9/2021,5:11:41 AM,-3.0852173E+1,-4.6010414E+1,3.8256133E+3,0.0000000E+0
11229816,29/9/2021,5:11:42 AM,-3.2102219E+1,-4.5204159E+1,3.8238276E+3,0.0000000E+0
11229817,29/9/2021,5:11:42 AM,-3.2846924E+1,-4.4344151E+1,3.8238276E+3,0.0000000E+0
11229818,29/9/2021,5:11:42 AM,-3.2474571E+1,-4.2570385E+1,3.8265059E+3,0.0000000E+0
11229819,29/9/2021,5:11:42 AM,-3.1995831E+1,-4.0474113E+1,3.8256133E+3,0.0000000E+0
11229820,29/9/2021,5:11:42 AM,-3.1995831E+1,-3.7383461E+1,3.8291846E+3,0.0000000E+0
11229821,29/9/2021,5:11:42 AM,-3.2208603E+1,-3.6577206E+1,3.8256133E+3,0.0000000E+0
11229822,29/9/2021,5:11:42 AM,-3.1969234E+1,-3.6577206E+1,3.8247205E+3,0.0000000E+0
11229823,29/9/2021,5:11:42 AM,-3.0400028E+1,-3.4454060E+1,3.8291846E+3,0.0000000E+0
11229824,29/9/2021,5:11:42 AM,-3.0293642E+1,-3.2868423E+1,3.8273987E+3,0.0000000E+0
11229825,29/9/2021,5:11:42 AM,-3.0426624E+1,-3.2599670E+1,3.8273987E+3,0.0000000E+0
11229826,29/9/2021,5:11:43 AM,-3.0080868E+1,-3.2223415E+1,3.8238276E+3,0.0000000E+0
11229827,29/9/2021,5:11:43 AM,-2.9708515E+1,-3.0987154E+1,3.8256133E+3,0.0000000E+0
11229828,29/9/2021,5:11:43 AM,-2.7447796E+1,-2.8272755E+1,3.8291846E+3,0.0000000E+0
11229829,29/9/2021,5:11:43 AM,-2.5772202E+1,-2.6445238E+1,3.8265059E+3,0.0000000E+0
11229830,29/9/2021,5:11:43 AM,-2.5133883E+1,-2.3596464E+1,3.8273987E+3,0.0000000E+0
11229831,29/9/2021,5:11:43 AM,-2.3139130E+1,-2.1338942E+1,3.8273987E+3,0.0000000E+0
11229832,29/9/2021,5:11:43 AM,-2.0585846E+1,-1.8668085E+1,3.8273987E+3,0.0000000E+0
11229833,29/9/2021,5:11:43 AM,-1.7416956E+1,-1.5105675E+1,3.8309702E+3,0.0000000E+0
11229834,29/9/2021,5:11:43 AM,-1.2725955E+1,-1.1136514E+1,3.8318628E+3,0.0000000E+0
11229835,29/9/2021,5:11:43 AM,-1.0584352E+1,-7.0025253E+0,3.8327556E+3,0.0000000E+0
11229836,29/9/2021,5:11:44 AM,-8.5637760E+0,-4.9162130E+0,3.8309702E+3,0.0000000E+0
11229837,29/9/2021,5:11:44 AM,-4.1482668E+0,-2.7026765E+0,3.8336484E+3,0.0000000E+0
11229838,29/9/2021,5:11:44 AM,-1.3293360E+0,1.6619539E+0,3.8363269E+3,0.0000000E+0
11229839,29/9/2021,5:11:44 AM,4.4882905E-1,4.0516133E+0,3.8354341E+3,0.0000000E+0
11229840,29/9/2021,5:11:44 AM,3.3393703E+0,5.3204942E+0,3.8381123E+3,0.0000000E+0
11229841,29/9/2021,5:11:44 AM,4.5554876E+0,7.0344276E+0,3.8363269E+3,0.0000000E+0
11229842,29/9/2021,5:11:44 AM,4.6046076E+0,8.0366869E+0,3.8363269E+3,0.0000000E+0
11229843,29/9/2021,5:11:44 AM,6.6879010E+0,7.7096901E+0,3.8363269E+3,0.0000000E+0
11229844,29/9/2021,5:11:44 AM,7.8376307E+0,7.6352520E+0,3.8372195E+3,0.0000000E+0
11229845,29/9/2021,5:11:44 AM,8.8742294E+0,6.3219457E+0,3.8354341E+3,0.0000000E+0
11229846,29/9/2021,5:11:45 AM,9.5424929E+0,4.2893782E+0,3.8354341E+3,0.0000000E+0
11229847,29/9/2021,5:11:45 AM,8.1191435E+0,1.3249199E+0,3.8318628E+3,0.0000000E+0
11229848,29/9/2021,5:11:45 AM,7.9823337E+0,-1.1510211E+0,3.8336484E+3,0.0000000E+0
11229849,29/9/2021,5:11:45 AM,8.0244284E+0,-1.4984338E+0,3.8363269E+3,0.0000000E+0
11229850,29/9/2021,5:11:45 AM,7.1193790E+0,-3.7626126E+0,3.8336484E+3,0.0000000E+0
11229851,29/9/2021,5:11:45 AM,5.5539570E+0,-6.7552834E+0,3.8327556E+3,0.0000000E+0
11229852,29/9/2021,5:11:45 AM,3.2545986E+0,-8.5019274E+0,3.8309702E+3,0.0000000E+0
11229853,29/9/2021,5:11:45 AM,1.0679647E+0,-9.4616508E+0,3.8345413E+3,0.0000000E+0
11229854,29/9/2021,5:11:45 AM,-2.6702821E-1,-1.1561876E+1,3.8327556E+3,0.0000000E+0
11229855,29/9/2021,5:11:45 AM,-2.4441180E+0,-1.4177855E+1,3.8327556E+3,0.0000000E+0
11229856,29/9/2021,5:11:46 AM,-6.2116971E+0,-1.7115511E+1,3.8309702E+3,0.0000000E+0
11229857,29/9/2021,5:11:46 AM,-1.0258114E+1,-2.0505810E+1,3.8309702E+3,0.0000000E+0
11229858,29/9/2021,5:11:46 AM,-1.3091658E+1,-2.4187717E+1,3.8291846E+3,0.0000000E+0
11229859,29/9/2021,5:11:46 AM,-1.6019918E+1,-2.6928993E+1,3.8291846E+3,0.0000000E+0
11229860,29/9/2021,5:11:46 AM,-1.9890060E+1,-3.0288397E+1,3.8291846E+3,0.0000000E+0
11229861,29/9/2021,5:11:46 AM,-2.4415771E+1,-3.4857189E+1,3.8247205E+3,0.0000000E+0
11229862,29/9/2021,5:11:46 AM,-2.9070192E+1,-3.8727222E+1,3.8247205E+3,0.0000000E+0
11229863,29/9/2021,5:11:46 AM,-3.2926716E+1,-4.0904118E+1,3.8220420E+3,0.0000000E+0
11229864,29/9/2021,5:11:46 AM,-3.6543869E+1,-4.2301632E+1,3.8238276E+3,0.0000000E+0
11229865,29/9/2021,5:11:46 AM,-3.9203537E+1,-4.3806644E+1,3.8220420E+3,0.0000000E+0
11229866,29/9/2021,5:11:47 AM,-4.1544044E+1,-4.4989155E+1,3.8220420E+3,0.0000000E+0
11229867,29/9/2021,5:11:47 AM,-4.4629265E+1,-4.5150406E+1,3.8211492E+3,0.0000000E+0
11229868,29/9/2021,5:11:47 AM,-4.5613342E+1,-4.3484142E+1,3.8211492E+3,0.0000000E+0
11229869,29/9/2021,5:11:47 AM,-4.6969772E+1,-4.0312862E+1,3.8238276E+3,0.0000000E+0
11229870,29/9/2021,5:11:47 AM,-4.6570824E+1,-3.7141586E+1,3.8238276E+3,0.0000000E+0
11229871,29/9/2021,5:11:47 AM,-4.5081409E+1,-3.2760921E+1,3.8273987E+3,0.0000000E+0
11229872,29/9/2021,5:11:47 AM,-4.4496277E+1,-2.8487757E+1,3.8273987E+3,0.0000000E+0
11229873,29/9/2021,5:11:47 AM,-4.3060059E+1,-2.5827106E+1,3.8265059E+3,0.0000000E+0
11229874,29/9/2021,5:11:47 AM,-4.0267406E+1,-2.3650213E+1,3.8273987E+3,0.0000000E+0
11229875,29/9/2021,5:11:47 AM,-3.6996010E+1,-2.1097065E+1,3.8291846E+3,0.0000000E+0
11229876,29/9/2021,5:11:48 AM,-3.2394779E+1,-1.9072178E+1,3.8309702E+3,0.0000000E+0
11229877,29/9/2021,5:11:48 AM,-2.8751034E+1,-1.8170940E+1,3.8291846E+3,0.0000000E+0
11229878,29/9/2021,5:11:48 AM,-2.5745607E+1,-1.7721653E+1,3.8300774E+3,0.0000000E+0
11229879,29/9/2021,5:11:48 AM,-2.2181648E+1,-1.6062740E+1,3.8309702E+3,0.0000000E+0
11229880,29/9/2021,5:11:48 AM,-1.9708525E+1,-1.4018343E+1,3.8291846E+3,0.0000000E+0
11229881,29/9/2021,5:11:48 AM,-1.6840776E+1,-1.2976206E+1,3.8309702E+3,0.0000000E+0
11229882,29/9/2021,5:11:48 AM,-1.3620481E+1,-1.2027117E+1,3.8318628E+3,0.0000000E+0
11229883,29/9/2021,5:11:48 AM,-1.2023489E+1,-1.0330984E+1,3.8327556E+3,0.0000000E+0
11229884,29/9/2021,5:11:48 AM,-1.0294948E+1,-8.9778013E+0,3.8318628E+3,0.0000000E+0
11229885,29/9/2021,5:11:48 AM,-7.8797259E+0,-8.4354639E+0,3.8327556E+3,0.0000000E+0
11229886,29/9/2021,5:11:49 AM,-4.1482668E+0,-8.9645081E+0,3.8327556E+3,0.0000000E+0
11229887,29/9/2021,5:11:49 AM,-1.4240625E+0,-8.9458990E+0,3.8327556E+3,0.0000000E+0
11229888,29/9/2021,5:11:49 AM,1.7199936E+0,-1.0341619E+1,3.8354341E+3,0.0000000E+0
11229889,29/9/2021,5:11:49 AM,5.9117680E+0,-1.3279277E+1,3.8327556E+3,0.0000000E+0
11229890,29/9/2021,5:11:49 AM,7.7981658E+0,-1.5741059E+1,3.8327556E+3,0.0000000E+0
11229891,29/9/2021,5:11:49 AM,9.1320629E+0,-1.8455402E+1,3.8327556E+3,0.0000000E+0
11229892,29/9/2021,5:11:49 AM,1.0865867E+1,-2.2010822E+1,3.8309702E+3,0.0000000E+0
11229893,29/9/2021,5:11:49 AM,9.7608624E+0,-2.4483347E+1,3.8318628E+3,0.0000000E+0
11229894,29/9/2021,5:11:49 AM,6.7905087E+0,-2.6337736E+1,3.8309702E+3,0.0000000E+0
11229895,29/9/2021,5:11:49 AM,4.0983543E+0,-2.8756510E+1,3.8309702E+3,0.0000000E+0
11229896,29/9/2021,5:11:50 AM,1.8048151E-1,-2.9562767E+1,3.8309702E+3,0.0000000E+0
11229897,29/9/2021,5:11:50 AM,-4.8597145E+0,-3.0584026E+1,3.8282915E+3,0.0000000E+0
11229898,29/9/2021,5:11:50 AM,-9.7424459E+0,-3.1202154E+1,3.8282915E+3,0.0000000E+0
11229899,29/9/2021,5:11:50 AM,-1.5396379E+1,-3.0933405E+1,3.8273987E+3,0.0000000E+0
11229900,29/9/2021,5:11:50 AM,-1.9616440E+1,-3.1094656E+1,3.8273987E+3,0.0000000E+0
11229901,29/9/2021,5:11:50 AM,-2.3857239E+1,-3.1014029E+1,3.8256133E+3,0.0000000E+0
11229902,29/9/2021,5:11:50 AM,-2.8165905E+1,-2.9267139E+1,3.8273987E+3,0.0000000E+0
11229903,29/9/2021,5:11:50 AM,-3.2394779E+1,-2.7332123E+1,3.8256133E+3,0.0000000E+0
11229904,29/9/2021,5:11:50 AM,-3.5480000E+1,-2.6687115E+1,3.8256133E+3,0.0000000E+0
11229905,29/9/2021,5:11:50 AM,-3.7820507E+1,-2.4778973E+1,3.8256133E+3,0.0000000E+0
11229906,29/9/2021,5:11:51 AM,-3.9735470E+1,-2.2306450E+1,3.8265059E+3,0.0000000E+0
11229907,29/9/2021,5:11:51 AM,-4.1916401E+1,-2.0287119E+1,3.8273987E+3,0.0000000E+0
11229908,29/9/2021,5:11:51 AM,-4.3060059E+1,-1.8091187E+1,3.8273987E+3,0.0000000E+0
11229909,29/9/2021,5:11:51 AM,-4.3990944E+1,-1.5499135E+1,3.8273987E+3,0.0000000E+0
11229910,29/9/2021,5:11:51 AM,-4.4602665E+1,-1.2726305E+1,3.8282915E+3,0.0000000E+0
11229911,29/9/2021,5:11:51 AM,-4.3778168E+1,-1.0541007E+1,3.8291846E+3,0.0000000E+0
11229912,29/9/2021,5:11:51 AM,-4.4336700E+1,-8.5710487E+0,3.8282915E+3,0.0000000E+0
11229913,29/9/2021,5:11:51 AM,-4.3937752E+1,-6.5426025E+0,3.8309702E+3,0.0000000E+0
11229914,29/9/2021,5:11:51 AM,-4.1889801E+1,-5.0667181E+0,3.8309702E+3,0.0000000E+0
11229915,29/9/2021,5:11:51 AM,-4.0958920E+1,-4.8401604E+0,3.8291846E+3,0.0000000E+0
11229916,29/9/2021,5:11:52 AM,-3.7634331E+1,-5.0603132E+0,3.8291846E+3,0.0000000E+0
11229917,29/9/2021,5:11:52 AM,-3.3219280E+1,-4.6800494E+0,3.8309702E+3,0.0000000E+0
11229918,29/9/2021,5:11:52 AM,-2.9681917E+1,-4.9426317E+0,3.8300774E+3,0.0000000E+0
11229919,29/9/2021,5:11:52 AM,-2.4282787E+1,-5.9338026E+0,3.8309702E+3,0.0000000E+0
11229920,29/9/2021,5:11:52 AM,-1.7940519E+1,-6.9413795E+0,3.8309702E+3,0.0000000E+0
11229921,29/9/2021,5:11:52 AM,-1.3338968E+1,-8.4381227E+0,3.8291846E+3,0.0000000E+0
11229922,29/9/2021,5:11:52 AM,-5.4197783E+0,-1.0267180E+1,3.8327556E+3,0.0000000E+0
11229923,29/9/2021,5:11:52 AM,2.8307402E+0,-1.0934467E+1,3.8345413E+3,0.0000000E+0
11229924,29/9/2021,5:11:52 AM,8.7426805E+0,-1.3449422E+1,3.8327556E+3,0.0000000E+0
11229925,29/9/2021,5:11:52 AM,1.6056751E+1,-1.6211617E+1,3.8336484E+3,0.0000000E+0
11229926,29/9/2021,5:11:53 AM,2.1516731E+1,-1.8325134E+1,3.8336484E+3,0.0000000E+0
11229927,29/9/2021,5:11:53 AM,2.5479639E+1,-2.0532684E+1,3.8345413E+3,0.0000000E+0
11229928,29/9/2021,5:11:53 AM,2.9921289E+1,-2.2897707E+1,3.8345413E+3,0.0000000E+0
11229929,29/9/2021,5:11:53 AM,3.2314991E+1,-2.5074600E+1,3.8345413E+3,0.0000000E+0
11229930,29/9/2021,5:11:53 AM,3.1410704E+1,-2.7600872E+1,3.8327556E+3,0.0000000E+0
11229931,29/9/2021,5:11:53 AM,2.9681917E+1,-3.1336533E+1,3.8309702E+3,0.0000000E+0
11229932,29/9/2021,5:11:53 AM,2.7235022E+1,-3.3137173E+1,3.8309702E+3,0.0000000E+0
11229933,29/9/2021,5:11:53 AM,2.3325306E+1,-3.2949047E+1,3.8318628E+3,0.0000000E+0
11229934,29/9/2021,5:11:53 AM,1.8190458E+1,-3.4722813E+1,3.8291846E+3,0.0000000E+0
11229935,29/9/2021,5:11:53 AM,1.3354754E+1,-3.6039700E+1,3.8273987E+3,0.0000000E+0
11229936,29/9/2021,5:11:54 AM,9.3635874E+0,-3.6899708E+1,3.8282915E+3,0.0000000E+0
11229937,29/9/2021,5:11:54 AM,6.1090899E+0,-3.6469704E+1,3.8273987E+3,0.0000000E+0
11229938,29/9/2021,5:11:54 AM,2.0400660E+0,-3.4830315E+1,3.8291846E+3,0.0000000E+0
11229939,29/9/2021,5:11:54 AM,-4.7781119E+0,-3.2492168E+1,3.8256133E+3,0.0000000E+0
11229940,29/9/2021,5:11:54 AM,-9.0505028E+0,-3.0046520E+1,3.8291846E+3,0.0000000E+0
11229941,29/9/2021,5:11:54 AM,-1.3494195E+1,-2.7547121E+1,3.8282915E+3,0.0000000E+0
11229942,29/9/2021,5:11:54 AM,-1.9553297E+1,-2.5450855E+1,3.8282915E+3,0.0000000E+0
11229943,29/9/2021,5:11:54 AM,-2.3963627E+1,-2.1661446E+1,3.8309702E+3,0.0000000E+0
11229944,29/9/2021,5:11:54 AM,-3.2075623E+1,-1.7676458E+1,3.8291846E+3,0.0000000E+0
11229945,29/9/2021,5:11:54 AM,-4.0028034E+1,-1.5137577E+1,3.8282915E+3,0.0000000E+0
11229946,29/9/2021,5:11:55 AM,-4.6783596E+1,-1.2744914E+1,3.8291846E+3,0.0000000E+0
11229947,29/9/2021,5:11:55 AM,-5.3406178E+1,-9.8019409E+0,3.8273987E+3,0.0000000E+0
11229948,29/9/2021,5:11:55 AM,-6.0401108E+1,-6.1358495E+0,3.8291846E+3,0.0000000E+0
11229949,29/9/2021,5:11:55 AM,-6.6305573E+1,-4.3406138E+0,3.8291846E+3,0.0000000E+0
11229950,29/9/2021,5:11:55 AM,-7.0587646E+1,-3.7129776E+0,3.8265059E+3,0.0000000E+0
11229951,29/9/2021,5:11:55 AM,-7.3593071E+1,-3.1686001E+0,3.8256133E+3,0.0000000E+0
11229952,29/9/2021,5:11:55 AM,-7.3327103E+1,-3.1405807E+0,3.8273987E+3,0.0000000E+0
11229953,29/9/2021,5:11:55 AM,-7.2369621E+1,-3.1910155E+0,3.8273987E+3,0.0000000E+0
11229954,29/9/2021,5:11:55 AM,-6.8699272E+1,-5.2988787E+0,3.8273987E+3,0.0000000E+0
11229955,29/9/2021,5:11:55 AM,-6.2528843E+1,-6.8695993E+0,3.8291846E+3,0.0000000E+0
11229956,29/9/2021,5:11:56 AM,-5.6890343E+1,-8.9964113E+0,3.8273987E+3,0.0000000E+0
11229957,29/9/2021,5:11:56 AM,-4.9336880E+1,-1.3725907E+1,3.8256133E+3,0.0000000E+0
11229958,29/9/2021,5:11:56 AM,-4.0161018E+1,-1.5876645E+1,3.8300774E+3,0.0000000E+0
11229959,29/9/2021,5:11:56 AM,-3.4442730E+1,-1.7559484E+1,3.8282915E+3,0.0000000E+0
11229960,29/9/2021,5:11:56 AM,-2.8139309E+1,-2.0398310E+1,3.8291846E+3,0.0000000E+0
11229961,29/9/2021,5:11:56 AM,-2.2075260E+1,-2.2602079E+1,3.8291846E+3,0.0000000E+0
11229962,29/9/2021,5:11:56 AM,-1.8035233E+1,-2.3569588E+1,3.8309702E+3,0.0000000E+0
11229963,29/9/2021,5:11:56 AM,-1.3857268E+1,-2.4644596E+1,3.8309702E+3,0.0000000E+0
11229964,29/9/2021,5:11:56 AM,-1.1891940E+1,-2.5961485E+1,3.8291846E+3,0.0000000E+0
11229965,29/9/2021,5:11:56 AM,-1.0426496E+1,-2.6848366E+1,3.8291846E+3,0.0000000E+0
11229966,29/9/2021,5:11:57 AM,-8.2296438E+0,-2.6875242E+1,3.8291846E+3,0.0000000E+0
11229967,29/9/2021,5:11:57 AM,-6.6747460E+0,-2.8192129E+1,3.8309702E+3,0.0000000E+0
11229968,29/9/2021,5:11:57 AM,-2.4480793E+0,-3.0503399E+1,3.8309702E+3,0.0000000E+0
11229969,29/9/2021,5:11:57 AM,2.0004530E+0,-3.3110298E+1,3.8300774E+3,0.0000000E+0
11229970,29/9/2021,5:11:57 AM,4.8074255E+0,-3.5206570E+1,3.8291846E+3,0.0000000E+0
11229971,29/9/2021,5:11:57 AM,9.5188141E+0,-3.8055344E+1,3.8291846E+3,0.0000000E+0
11229972,29/9/2021,5:11:57 AM,1.4420293E+1,-4.1844753E+1,3.8282915E+3,0.0000000E+0
11229973,29/9/2021,5:11:57 AM,1.9295464E+1,-4.3914146E+1,3.8291846E+3,0.0000000E+0
11229974,29/9/2021,5:11:57 AM,2.2846565E+1,-4.5553535E+1,3.8273987E+3,0.0000000E+0
11229975,29/9/2021,5:11:57 AM,2.3830645E+1,-4.7166050E+1,3.8273987E+3,0.0000000E+0
11229976,29/9/2021,5:11:58 AM,2.3804047E+1,-4.5795414E+1,3.8291846E+3,0.0000000E+0
11229977,29/9/2021,5:11:58 AM,2.2686985E+1,-4.2892887E+1,3.8309702E+3,0.0000000E+0
11229978,29/9/2021,5:11:58 AM,1.7864220E+1,-3.9829109E+1,3.8291846E+3,0.0000000E+0
11229979,29/9/2021,5:11:58 AM,1.2804883E+1,-3.7410336E+1,3.8291846E+3,0.0000000E+0
11229980,29/9/2021,5:11:58 AM,6.4011259E+0,-3.2250290E+1,3.8291846E+3,0.0000000E+0
11229981,29/9/2021,5:11:58 AM,-1.4282842E+0,-2.6498989E+1,3.8300774E+3,0.0000000E+0
11229982,29/9/2021,5:11:58 AM,-8.0954647E+0,-2.2736454E+1,3.8291846E+3,0.0000000E+0
11229983,29/9/2021,5:11:58 AM,-1.4299269E+1,-1.8723911E+1,3.8291846E+3,0.0000000E+0
11229984,29/9/2021,5:11:58 AM,-1.8777164E+1,-1.5453940E+1,3.8291846E+3,0.0000000E+0
11229985,29/9/2021,5:11:58 AM,-2.1197569E+1,-1.2242456E+1,3.8300774E+3,0.0000000E+0
11229986,29/9/2021,5:11:59 AM,-2.3165726E+1,-8.9565325E+0,3.8309702E+3,0.0000000E+0
11229987,29/9/2021,5:11:59 AM,-2.4788124E+1,-6.9918914E+0,3.8291846E+3,0.0000000E+0
11229988,29/9/2021,5:11:59 AM,-2.6197750E+1,-4.8377590E+0,3.8300774E+3,0.0000000E+0
11229989,29/9/2021,5:11:59 AM,-2.6277540E+1,-2.9292338E+0,3.8309702E+3,0.0000000E+0
11229990,29/9/2021,5:11:59 AM,-2.6782877E+1,4.2686701E-1,3.8309702E+3,0.0000000E+0
11229991,29/9/2021,5:11:59 AM,-2.7687164E+1,4.1284666E+0,3.8327556E+3,0.0000000E+0
11229992,29/9/2021,5:11:59 AM,-2.7740358E+1,6.8908682E+0,3.8336484E+3,0.0000000E+0
11229993,29/9/2021,5:11:59 AM,-2.9628723E+1,9.3473349E+0,3.8327556E+3,0.0000000E+0
11229994,29/9/2021,5:11:59 AM,-3.2075623E+1,1.1838362E+1,3.8327556E+3,0.0000000E+0
11229995,29/9/2021,5:11:59 AM,-3.2474571E+1,1.4983383E+1,3.8354341E+3,0.0000000E+0
11229996,29/9/2021,5:12:00 AM,-3.2900116E+1,1.7115511E+1,3.8345413E+3,0.0000000E+0
11229997,29/9/2021,5:12:00 AM,-3.3432053E+1,1.6344543E+1,3.8345413E+3,0.0000000E+0
11229998,29/9/2021,5:12:00 AM,-3.1224527E+1,1.3367006E+1,3.8336484E+3,0.0000000E+0
11229999,29/9/2021,5:12:00 AM,-2.9548935E+1,1.1035491E+1,3.8309702E+3,0.0000000E+0
11230000,29/9/2021,5:12:00 AM,-2.7660570E+1,9.9189148E+0,3.8354341E+3,0.0000000E+0
11230001,29/9/2021,5:12:00 AM,-2.3059340E+1,6.7951617E+0,3.8354341E+3,0.0000000E+0
11230002,29/9/2021,5:12:00 AM,-1.8203613E+1,1.7492144E+0,3.8327556E+3,0.0000000E+0
11230003,29/9/2021,5:12:00 AM,-1.4380829E+1,-3.0381095E+0,3.8327556E+3,0.0000000E+0
11230004,29/9/2021,5:12:00 AM,-1.1363118E+1,-7.4730821E+0,3.8309702E+3,0.0000000E+0
11230005,29/9/2021,5:12:00 AM,-9.7503386E+0,-1.1064734E+1,3.8327556E+3,0.0000000E+0
11230006,29/9/2021,5:12:01 AM,-7.9454999E+0,-1.5241259E+1,3.8327556E+3,0.0000000E+0
11230007,29/9/2021,5:12:01 AM,-6.5326743E+0,-1.9617174E+1,3.8327556E+3,0.0000000E+0
11230008,29/9/2021,5:12:01 AM,-6.9378424E+0,-2.4940226E+1,3.8309702E+3,0.0000000E+0
11230009,29/9/2021,5:12:01 AM,-7.4640341E+0,-3.0557150E+1,3.8291846E+3,0.0000000E+0
11230010,29/9/2021,5:12:01 AM,-9.3214922E+0,-3.3567177E+1,3.8309702E+3,0.0000000E+0
11230011,29/9/2021,5:12:01 AM,-1.1371011E+1,-3.7813465E+1,3.8273987E+3,0.0000000E+0
11230012,29/9/2021,5:12:01 AM,-1.1673571E+1,-4.2651009E+1,3.8282915E+3,0.0000000E+0
11230013,29/9/2021,5:12:01 AM,-1.2818038E+1,-4.8214184E+1,3.8247205E+3,0.0000000E+0
11230014,29/9/2021,5:12:01 AM,-1.3602065E+1,-5.4207363E+1,3.8229348E+3,0.0000000E+0
11230015,29/9/2021,5:12:01 AM,-1.4317686E+1,-5.7620522E+1,3.8238276E+3,0.0000000E+0
11230016,29/9/2021,5:12:02 AM,-1.6233025E+1,-6.0039291E+1,3.8229348E+3,0.0000000E+0
11230017,29/9/2021,5:12:02 AM,-1.6756586E+1,-6.3076195E+1,3.8202566E+3,0.0000000E+0
11230018,29/9/2021,5:12:02 AM,-1.7143337E+1,-6.4876831E+1,3.8211492E+3,0.0000000E+0
11230019,29/9/2021,5:12:02 AM,-1.8711390E+1,-6.4903709E+1,3.8202566E+3,0.0000000E+0
11230020,29/9/2021,5:12:02 AM,-2.0479460E+1,-6.1974308E+1,3.8220420E+3,0.0000000E+0
11230021,29/9/2021,5:12:02 AM,-2.4016821E+1,-5.7324894E+1,3.8238276E+3,0.0000000E+0
11230022,29/9/2021,5:12:02 AM,-2.7075441E+1,-5.2299221E+1,3.8256133E+3,0.0000000E+0
11230023,29/9/2021,5:12:02 AM,-2.8192503E+1,-4.8536686E+1,3.8247205E+3,0.0000000E+0
11230024,29/9/2021,5:12:02 AM,-3.0559608E+1,-4.3941021E+1,3.8256133E+3,0.0000000E+0
11230025,29/9/2021,5:12:02 AM,-3.4283146E+1,-3.9318481E+1,3.8256133E+3,0.0000000E+0
11230026,29/9/2021,5:12:03 AM,-3.6251305E+1,-3.4588436E+1,3.8273987E+3,0.0000000E+0
11230027,29/9/2021,5:12:03 AM,-3.7128994E+1,-3.0154020E+1,3.8291846E+3,0.0000000E+0
11230028,29/9/2021,5:12:03 AM,-3.8086475E+1,-2.7332123E+1,3.8273987E+3,0.0000000E+0
11230029,29/9/2021,5:12:03 AM,-3.8192863E+1,-2.5961485E+1,3.8247205E+3,0.0000000E+0
11230030,29/9/2021,5:12:03 AM,-3.9043957E+1,-2.2790205E+1,3.8256133E+3,0.0000000E+0
11230031,29/9/2021,5:12:03 AM,-3.8246056E+1,-1.8428818E+1,3.8273987E+3,0.0000000E+0
11230032,29/9/2021,5:12:03 AM,-3.6224705E+1,-1.3699321E+1,3.8309702E+3,0.0000000E+0
11230033,29/9/2021,5:12:03 AM,-3.5985336E+1,-1.1149807E+1,3.8273987E+3,0.0000000E+0
11230034,29/9/2021,5:12:03 AM,-3.4043774E+1,-9.0256538E+0,3.8273987E+3,0.0000000E+0
11230035,29/9/2021,5:12:03 AM,-3.2102219E+1,-5.1924052E+0,3.8291846E+3,0.0000000E+0
11230036,29/9/2021,5:12:04 AM,-2.9761709E+1,-5.8497578E-1,3.8291846E+3,0.0000000E+0
11230037,29/9/2021,5:12:04 AM,-2.5665815E+1,5.4951477E+0,3.8363269E+3,0.0000000E+0
11230038,29/9/2021,5:12:04 AM,-2.3511482E+1,9.7966232E+0,3.8336484E+3,0.0000000E+0
11230039,29/9/2021,5:12:04 AM,-2.0080509E+1,1.2168017E+1,3.8354341E+3,0.0000000E+0
11230040,29/9/2021,5:12:04 AM,-1.4478175E+1,1.4321413E+1,3.8354341E+3,0.0000000E+0
11230041,29/9/2021,5:12:04 AM,-9.7240295E+0,1.6815100E+1,3.8372195E+3,0.0000000E+0
11230042,29/9/2021,5:12:04 AM,-4.6917558E+0,1.8117771E+1,3.8398979E+3,0.0000000E+0
11230043,29/9/2021,5:12:04 AM,1.0552886E+0,1.7152731E+1,3.8390051E+3,0.0000000E+0
11230044,29/9/2021,5:12:04 AM,5.2780271E+0,1.4215074E+1,3.8381123E+3,0.0000000E+0
11230045,29/9/2021,5:12:04 AM,8.6348114E+0,9.9774017E+0,3.8363269E+3,0.0000000E+0
11230046,29/9/2021,5:12:05 AM,1.3483672E+1,5.4526114E+0,3.8354341E+3,0.0000000E+0
11230047,29/9/2021,5:12:05 AM,1.6298798E+1,3.4664066E+0,3.8381123E+3,0.0000000E+0
11230048,29/9/2021,5:12:05 AM,1.7414326E+1,4.7192669E-1,3.8363269E+3,0.0000000E+0
11230049,29/9/2021,5:12:05 AM,1.8911343E+1,-4.3149958E+0,3.8336484E+3,0.0000000E+0
11230050,29/9/2021,5:12:05 AM,1.7106503E+1,-8.2732944E+0,3.8309702E+3,0.0000000E+0
11230051,29/9/2021,5:12:05 AM,1.7180170E+1,-1.0434667E+1,3.8327556E+3,0.0000000E+0
11230052,29/9/2021,5:12:05 AM,1.7090717E+1,-1.1498073E+1,3.8345413E+3,0.0000000E+0
11230053,29/9/2021,5:12:05 AM,1.4917544E+1,-1.3380301E+1,3.8318628E+3,0.0000000E+0
11230054,29/9/2021,5:12:05 AM,1.3980924E+1,-1.6126545E+1,3.8327556E+3,0.0000000E+0
11230055,29/9/2021,5:12:05 AM,1.2639133E+1,-1.8112455E+1,3.8318628E+3,0.0000000E+0
11230056,29/9/2021,5:12:06 AM,1.1539392E+1,-2.1285192E+1,3.8309702E+3,0.0000000E+0
11230057,29/9/2021,5:12:06 AM,1.1978763E+1,-2.3650213E+1,3.8327556E+3,0.0000000E+0
11230058,29/9/2021,5:12:06 AM,1.0721163E+1,-2.5074600E+1,3.8327556E+3,0.0000000E+0
11230059,29/9/2021,5:12:06 AM,9.0610275E+0,-2.8030878E+1,3.8318628E+3,0.0000000E+0
11230060,29/9/2021,5:12:06 AM,7.5771656E+0,-3.2196541E+1,3.8309702E+3,0.0000000E+0
11230061,29/9/2021,5:12:06 AM,4.2021399E+0,-3.4669060E+1,3.8273987E+3,0.0000000E+0
11230062,29/9/2021,5:12:06 AM,6.9685918E-1,-3.6066574E+1,3.8291846E+3,0.0000000E+0
11230063,29/9/2021,5:12:06 AM,-3.6237910E+0,-3.7249084E+1,3.8291846E+3,0.0000000E+0
11230064,29/9/2021,5:12:06 AM,-1.0226542E+1,-3.8539097E+1,3.8282915E+3,0.0000000E+0
11230065,29/9/2021,5:12:06 AM,-1.6667133E+1,-4.0259113E+1,3.8247205E+3,0.0000000E+0
11230066,29/9/2021,5:12:07 AM,-2.4468964E+1,-3.9452854E+1,3.8256133E+3,0.0000000E+0
11230067,29/9/2021,5:12:07 AM,-3.4123566E+1,-3.8297222E+1,3.8238276E+3,0.0000000E+0
11230068,29/9/2021,5:12:07 AM,-4.2474930E+1,-3.6792206E+1,3.8256133E+3,0.0000000E+0
11230069,29/9/2021,5:12:07 AM,-4.9656040E+1,-3.5502197E+1,3.8238276E+3,0.0000000E+0
11230070,29/9/2021,5:12:07 AM,-5.7502068E+1,-3.4077808E+1,3.8220420E+3,0.0000000E+0
11230071,29/9/2021,5:12:07 AM,-6.3353344E+1,-3.2196541E+1,3.8238276E+3,0.0000000E+0
11230072,29/9/2021,5:12:07 AM,-6.8140747E+1,-3.0073397E+1,3.8220420E+3,0.0000000E+0
11230073,29/9/2021,5:12:07 AM,-7.1385544E+1,-2.7977127E+1,3.8247205E+3,0.0000000E+0
11230074,29/9/2021,5:12:07 AM,-7.1997269E+1,-2.6955868E+1,3.8238276E+3,0.0000000E+0
11230075,29/9/2021,5:12:07 AM,-7.2077057E+1,-2.5316477E+1,3.8256133E+3,0.0000000E+0
11230076,29/9/2021,5:12:08 AM,-7.1731300E+1,-2.4268343E+1,3.8238276E+3,0.0000000E+0
11230077,29/9/2021,5:12:08 AM,-6.9470581E+1,-2.3838339E+1,3.8256133E+3,0.0000000E+0
11230078,29/9/2021,5:12:08 AM,-6.5720444E+1,-2.3032084E+1,3.8256133E+3,0.0000000E+0
11230079,29/9/2021,5:12:08 AM,-6.3246956E+1,-2.3273960E+1,3.8256133E+3,0.0000000E+0
11230080,29/9/2021,5:12:08 AM,-5.9948959E+1,-2.2951456E+1,3.8238276E+3,0.0000000E+0
11230081,29/9/2021,5:12:08 AM,-5.5560505E+1,-2.1957073E+1,3.8291846E+3,0.0000000E+0
11230082,29/9/2021,5:12:08 AM,-5.1890163E+1,-2.1473318E+1,3.8273987E+3,0.0000000E+0
11230083,29/9/2021,5:12:08 AM,-4.9629440E+1,-2.1688320E+1,3.8256133E+3,0.0000000E+0
11230084,29/9/2021,5:12:08 AM,-4.6038891E+1,-2.1204567E+1,3.8265059E+3,0.0000000E+0
11230085,29/9/2021,5:12:08 AM,-4.0559967E+1,-2.1338942E+1,3.8273987E+3,0.0000000E+0
11230086,29/9/2021,5:12:09 AM,-3.2474571E+1,-2.1768948E+1,3.8291846E+3,0.0000000E+0
11230087,29/9/2021,5:12:09 AM,-2.5080688E+1,-2.1930197E+1,3.8291846E+3,0.0000000E+0
11230088,29/9/2021,5:12:09 AM,-1.7153862E+1,-2.2602079E+1,3.8291846E+3,0.0000000E+0
11230089,29/9/2021,5:12:09 AM,-9.3188610E+0,-2.4886475E+1,3.8273987E+3,0.0000000E+0
11230090,29/9/2021,5:12:09 AM,1.0166597E+0,-2.5853983E+1,3.8309702E+3,0.0000000E+0
11230091,29/9/2021,5:12:09 AM,1.0573830E+1,-2.5665857E+1,3.8309702E+3,0.0000000E+0
11230092,29/9/2021,5:12:09 AM,1.7972090E+1,-2.5397104E+1,3.8336484E+3,0.0000000E+0
11230093,29/9/2021,5:12:09 AM,2.4495562E+1,-2.6042109E+1,3.8327556E+3,0.0000000E+0
11230094,29/9/2021,5:12:09 AM,2.8830822E+1,-2.5934608E+1,3.8318628E+3,0.0000000E+0
11230095,29/9/2021,5:12:09 AM,3.1783056E+1,-2.3838339E+1,3.8354341E+3,0.0000000E+0
11230096,29/9/2021,5:12:10 AM,3.4389534E+1,-2.1742071E+1,3.8327556E+3,0.0000000E+0
11230097,29/9/2021,5:12:10 AM,3.4628906E+1,-2.0344559E+1,3.8363269E+3,0.0000000E+0
11230098,29/9/2021,5:12:10 AM,3.5054451E+1,-1.9739466E+1,3.8345413E+3,0.0000000E+0
11230099,29/9/2021,5:12:10 AM,3.3166084E+1,-1.7498337E+1,3.8345413E+3,0.0000000E+0
11230100,29/9/2021,5:12:10 AM,2.9655321E+1,-1.5722451E+1,3.8345413E+3,0.0000000E+0
11230101,29/9/2021,5:12:10 AM,2.7288216E+1,-1.4853117E+1,3.8345413E+3,0.0000000E+0
11230102,29/9/2021,5:12:10 AM,2.4415771E+1,-1.3965173E+1,3.8327556E+3,0.0000000E+0
11230103,29/9/2021,5:12:10 AM,1.9400702E+1,-1.3321813E+1,3.8309702E+3,0.0000000E+0
11230104,29/9/2021,5:12:10 AM,1.3915148E+1,-1.1080686E+1,3.8327556E+3,0.0000000E+0
11230105,29/9/2021,5:12:10 AM,9.0847054E+0,-8.6321945E+0,3.8318628E+3,0.0000000E+0
11230106,29/9/2021,5:12:11 AM,3.4423640E+0,-5.0963383E+0,3.8318628E+3,0.0000000E+0
11230107,29/9/2021,5:12:11 AM,-1.3177261E+0,-1.4048483E+0,3.8345413E+3,0.0000000E+0
11230108,29/9/2021,5:12:11 AM,-6.2801018E+0,2.5553744E+0,3.8327556E+3,0.0000000E+0
11230109,29/9/2021,5:12:11 AM,-1.3709933E+1,6.5665288E+0,3.8327556E+3,0.0000000E+0
11230110,29/9/2021,5:12:11 AM,-1.9408594E+1,9.7514286E+0,3.8363269E+3,0.0000000E+0
11230111,29/9/2021,5:12:11 AM,-2.5346657E+1,1.3138375E+1,3.8381123E+3,0.0000000E+0
11230112,29/9/2021,5:12:11 AM,-3.1729864E+1,1.4185829E+1,3.8354341E+3,0.0000000E+0
11230113,29/9/2021,5:12:11 AM,-3.7208786E+1,1.2590721E+1,3.8354341E+3,0.0000000E+0
11230114,29/9/2021,5:12:11 AM,-4.2634514E+1,9.6902828E+0,3.8309702E+3,0.0000000E+0
11230115,29/9/2021,5:12:11 AM,-4.6384647E+1,6.2554832E+0,3.8345413E+3,0.0000000E+0
11230116,29/9/2021,5:12:12 AM,-4.9469864E+1,1.6779650E+0,3.8309702E+3,0.0000000E+0
11230117,29/9/2021,5:12:12 AM,-5.0879490E+1,-4.6640382E+0,3.8291846E+3,0.0000000E+0
11230118,29/9/2021,5:12:12 AM,-5.1145454E+1,-1.1248172E+1,3.8273987E+3,0.0000000E+0
11230119,29/9/2021,5:12:12 AM,-5.0081589E+1,-1.8008774E+1,3.8238276E+3,0.0000000E+0
11230120,29/9/2021,5:12:12 AM,-5.0028393E+1,-2.3918966E+1,3.8247205E+3,0.0000000E+0
11230121,29/9/2021,5:12:12 AM,-4.6996372E+1,-3.0422775E+1,3.8238276E+3,0.0000000E+0
11230122,29/9/2021,5:12:12 AM,-4.5746326E+1,-3.3862804E+1,3.8238276E+3,0.0000000E+0
11230123,29/9/2021,5:12:12 AM,-4.3964344E+1,-3.6281574E+1,3.8247205E+3,0.0000000E+0
11230124,29/9/2021,5:12:12 AM,-4.1942997E+1,-3.9882862E+1,3.8238276E+3,0.0000000E+0
11230125,29/9/2021,5:12:12 AM,-3.7740719E+1,-4.2113506E+1,3.8238276E+3,0.0000000E+0
11230126,29/9/2021,5:12:13 AM,-3.5107643E+1,-4.1522247E+1,3.8256133E+3,0.0000000E+0
11230127,29/9/2021,5:12:13 AM,-3.1410704E+1,-4.1817875E+1,3.8256133E+3,0.0000000E+0
11230128,29/9/2021,5:12:13 AM,-2.5851994E+1,-4.2355381E+1,3.8282915E+3,0.0000000E+0
11230129,29/9/2021,5:12:13 AM,-1.9655905E+1,-4.5392284E+1,3.8273987E+3,0.0000000E+0
11230130,29/9/2021,5:12:13 AM,-1.4499222E+1,-4.8751690E+1,3.8256133E+3,0.0000000E+0
11230131,29/9/2021,5:12:13 AM,-7.9376068E+0,-5.1197338E+1,3.8256133E+3,0.0000000E+0
11230132,29/9/2021,5:12:13 AM,-2.7649829E+0,-5.3831112E+1,3.8256133E+3,0.0000000E+0
11230133,29/9/2021,5:12:13 AM,2.3656845E+0,-5.5201744E+1,3.8247205E+3,0.0000000E+0
11230134,29/9/2021,5:12:13 AM,6.6721153E+0,-5.5228622E+1,3.8256133E+3,0.0000000E+0
11230135,29/9/2021,5:12:13 AM,8.6479664E+0,-5.3696732E+1,3.8256133E+3,0.0000000E+0
11230136,29/9/2021,5:12:14 AM,9.4477787E+0,-5.0955456E+1,3.8273987E+3,0.0000000E+0
11230137,29/9/2021,5:12:14 AM,9.6661482E+0,-4.7488552E+1,3.8238276E+3,0.0000000E+0
11230138,29/9/2021,5:12:14 AM,6.8089252E+0,-4.0635368E+1,3.8291846E+3,0.0000000E+0
11230139,29/9/2021,5:12:14 AM,6.0248990E+0,-3.3943428E+1,3.8309702E+3,0.0000000E+0
11230140,29/9/2021,5:12:14 AM,2.8949132E+0,-2.7385872E+1,3.8291846E+3,0.0000000E+0
11230141,29/9/2021,5:12:14 AM,-2.2690289E+0,-1.9540075E+1,3.8327556E+3,0.0000000E+0
11230142,29/9/2021,5:12:14 AM,-5.4436092E+0,-1.3755150E+1,3.8309702E+3,0.0000000E+0
11230143,29/9/2021,5:12:14 AM,-7.5666413E+0,-7.8107133E+0,3.8327556E+3,0.0000000E+0
11230144,29/9/2021,5:12:14 AM,-9.8108511E+0,-1.6403389E+0,3.8345413E+3,0.0000000E+0
11230145,29/9/2021,5:12:14 AM,-1.1676202E+1,2.7611170E+0,3.8345413E+3,0.0000000E+0
11230146,29/9/2021,5:12:15 AM,-1.3288980E+1,5.9178519E+0,3.8363269E+3,0.0000000E+0
11230147,29/9/2021,5:12:15 AM,-1.5133283E+1,7.1381097E+0,3.8327556E+3,0.0000000E+0
11230148,29/9/2021,5:12:15 AM,-1.6590836E+1,9.0575562E+0,3.8363269E+3,0.0000000E+0
11230149,29/9/2021,5:12:15 AM,-1.7559029E+1,1.0054499E+1,3.8354341E+3,0.0000000E+0
11230150,29/9/2021,5:12:15 AM,-2.0878410E+1,1.0610128E+1,3.8345413E+3,0.0000000E+0
11230151,29/9/2021,5:12:15 AM,-2.3724257E+1,1.0179449E+1,3.8345413E+3,0.0000000E+0
11230152,29/9/2021,5:12:15 AM,-2.6649895E+1,9.5892591E+0,3.8336484E+3,0.0000000E+0
11230153,29/9/2021,5:12:15 AM,-2.9841497E+1,8.9538736E+0,3.8345413E+3,0.0000000E+0
11230154,29/9/2021,5:12:15 AM,-3.2208603E+1,6.6303334E+0,3.8318628E+3,0.0000000E+0
11230155,29/9/2021,5:12:15 AM,-3.4150162E+1,3.8618815E+0,3.8318628E+3,0.0000000E+0
11230156,29/9/2021,5:12:16 AM,-3.6331093E+1,6.4949906E-1,3.8291846E+3,0.0000000E+0
11230157,29/9/2021,5:12:16 AM,-3.6809834E+1,-2.1639023E+0,3.8309702E+3,0.0000000E+0
11230158,29/9/2021,5:12:16 AM,-3.5825756E+1,-4.9562411E+0,3.8300774E+3,0.0000000E+0
11230159,29/9/2021,5:12:16 AM,-3.4442730E+1,-8.9857769E+0,3.8291846E+3,0.0000000E+0
11230160,29/9/2021,5:12:16 AM,-3.1650074E+1,-1.3024058E+1,3.8309702E+3,0.0000000E+0
11230161,29/9/2021,5:12:16 AM,-2.7500990E+1,-1.7883821E+1,3.8282915E+3,0.0000000E+0
11230162,29/9/2021,5:12:16 AM,-2.4841318E+1,-2.2172075E+1,3.8273987E+3,0.0000000E+0
11230163,29/9/2021,5:12:16 AM,-2.1170973E+1,-2.5988359E+1,3.8282915E+3,0.0000000E+0
11230164,29/9/2021,5:12:16 AM,-1.7716887E+1,-2.9052137E+1,3.8291846E+3,0.0000000E+0
11230165,29/9/2021,5:12:16 AM,-1.6012024E+1,-3.1417158E+1,3.8291846E+3,0.0000000E+0
11230166,29/9/2021,5:12:17 AM,-1.5417427E+1,-3.4373436E+1,3.8273987E+3,0.0000000E+0
11230167,29/9/2021,5:12:17 AM,-1.5967299E+1,-3.6120327E+1,3.8291846E+3,0.0000000E+0
11230168,29/9/2021,5:12:17 AM,-1.6777634E+1,-3.8297222E+1,3.8273987E+3,0.0000000E+0
11230169,29/9/2021,5:12:17 AM,-1.8056280E+1,-4.0070988E+1,3.8273987E+3,0.0000000E+0
11230170,29/9/2021,5:12:17 AM,-2.0213491E+1,-4.0070988E+1,3.8273987E+3,0.0000000E+0
11230171,29/9/2021,5:12:17 AM,-2.2607195E+1,-4.1441624E+1,3.8256133E+3,0.0000000E+0
11230172,29/9/2021,5:12:17 AM,-2.3724257E+1,-4.3484142E+1,3.8238276E+3,0.0000000E+0
11230173,29/9/2021,5:12:17 AM,-2.2155050E+1,-4.4424774E+1,3.8247205E+3,0.0000000E+0
11230174,29/9/2021,5:12:17 AM,-2.1303957E+1,-4.4505398E+1,3.8238276E+3,0.0000000E+0
11230175,29/9/2021,5:12:17 AM,-1.8890295E+1,-4.2785385E+1,3.8256133E+3,0.0000000E+0
11230176,29/9/2021,5:12:18 AM,-1.6112000E+1,-4.1199749E+1,3.8273987E+3,0.0000000E+0
11230177,29/9/2021,5:12:18 AM,-1.3780970E+1,-4.0447239E+1,3.8247205E+3,0.0000000E+0
11230178,29/9/2021,5:12:18 AM,-1.0729056E+1,-3.8727222E+1,3.8273987E+3,0.0000000E+0
11230179,29/9/2021,5:12:18 AM,-6.0643635E+0,-3.6711582E+1,3.8265059E+3,0.0000000E+0
11230180,29/9/2021,5:12:18 AM,-5.4174647E+0,-3.3110298E+1,3.8291846E+3,0.0000000E+0
11230181,29/9/2021,5:12:18 AM,-5.1655264E+0,-2.9025261E+1,3.8291846E+3,0.0000000E+0
11230182,29/9/2021,5:12:18 AM,-4.6885867E+0,-2.4886475E+1,3.8309702E+3,0.0000000E+0
11230183,29/9/2021,5:12:18 AM,-6.2511616E+0,-2.0828314E+1,3.8309702E+3,0.0000000E+0
11230184,29/9/2021,5:12:18 AM,-7.2719746E+0,-1.7713678E+1,3.8309702E+3,0.0000000E+0
11230185,29/9/2021,5:12:18 AM,-8.4032869E+0,-1.3170278E+1,3.8336484E+3,0.0000000E+0
11230186,29/9/2021,5:12:19 AM,-1.0976366E+1,-9.3047981E+0,3.8318628E+3,0.0000000E+0
11230187,29/9/2021,5:12:19 AM,-1.2975896E+1,-7.0689883E+0,3.8327556E+3,0.0000000E+0
11230188,29/9/2021,5:12:19 AM,-1.2886443E+1,-5.8620229E+0,3.8327556E+3,0.0000000E+0
11230189,29/9/2021,5:12:19 AM,-1.1965607E+1,-4.7665091E+0,3.8327556E+3,0.0000000E+0
11230190,29/9/2021,5:12:19 AM,-1.1263141E+1,-4.7088695E+0,3.8318628E+3,0.0000000E+0
11230191,29/9/2021,5:12:19 AM,-8.8216095E+0,-5.1827984E+0,3.8327556E+3,0.0000000E+0
11230192,29/9/2021,5:12:19 AM,-7.8876190E+0,-5.7370725E+0,3.8318628E+3,0.0000000E+0
11230193,29/9/2021,5:12:19 AM,-5.4745073E+0,-6.1916785E+0,3.8309702E+3,0.0000000E+0
11230194,29/9/2021,5:12:19 AM,-4.1918406E+0,-5.2388372E+0,3.8318628E+3,0.0000000E+0
11230195,29/9/2021,5:12:19 AM,-3.8242323E+0,-4.6464262E+0,3.8327556E+3,0.0000000E+0
11230196,29/9/2021,5:12:20 AM,-4.0666637E+0,-3.2078271E+0,3.8327556E+3,0.0000000E+0
11230197,29/9/2021,5:12:20 AM,-6.4484839E+0,-1.1544873E+0,3.8327556E+3,0.0000000E+0
11230198,29/9/2021,5:12:20 AM,-1.0192340E+1,1.1215787E+0,3.8354341E+3,0.0000000E+0
11230199,29/9/2021,5:12:20 AM,-1.2302370E+1,1.9309407E+0,3.8345413E+3,0.0000000E+0
11230200,29/9/2021,5:12:20 AM,-1.4441341E+1,2.0846474E+0,3.8354341E+3,0.0000000E+0
11230201,29/9/2021,5:12:20 AM,-1.8200983E+1,2.3832545E+0,3.8345413E+3,0.0000000E+0
11230202,29/9/2021,5:12:20 AM,-2.1543327E+1,5.8310938E-1,3.8318628E+3,0.0000000E+0
11230203,29/9/2021,5:12:20 AM,-2.2580599E+1,-7.0042449E-1,3.8345413E+3,0.0000000E+0
11230204,29/9/2021,5:12:20 AM,-2.4362577E+1,-3.5760829E+0,3.8327556E+3,0.0000000E+0
11230205,29/9/2021,5:12:20 AM,-2.5293463E+1,-7.8638835E+0,3.8300774E+3,0.0000000E+0
11230206,29/9/2021,5:12:21 AM,-2.6250944E+1,-1.1596437E+1,3.8309702E+3,0.0000000E+0
11230207,29/9/2021,5:12:21 AM,-2.7368004E+1,-1.5828791E+1,3.8282915E+3,0.0000000E+0
11230208,29/9/2021,5:12:21 AM,-2.7261616E+1,-1.9526783E+1,3.8291846E+3,0.0000000E+0
11230209,29/9/2021,5:12:21 AM,-2.7713760E+1,-2.2951456E+1,3.8273987E+3,0.0000000E+0
11230210,29/9/2021,5:12:21 AM,-2.9256371E+1,-2.6606489E+1,3.8265059E+3,0.0000000E+0
11230211,29/9/2021,5:12:21 AM,-3.0080868E+1,-2.9401514E+1,3.8273987E+3,0.0000000E+0
11230212,29/9/2021,5:12:21 AM,-3.1437300E+1,-3.2277164E+1,3.8256133E+3,0.0000000E+0
11230213,29/9/2021,5:12:21 AM,-3.3565037E+1,-3.3647800E+1,3.8273987E+3,0.0000000E+0
11230214,29/9/2021,5:12:21 AM,-3.5214031E+1,-3.5529068E+1,3.8256133E+3,0.0000000E+0
11230215,29/9/2021,5:12:21 AM,-3.6517269E+1,-3.7625340E+1,3.8256133E+3,0.0000000E+0
11230216,29/9/2021,5:12:22 AM,-3.7714119E+1,-3.8404720E+1,3.8256133E+3,0.0000000E+0
11230217,29/9/2021,5:12:22 AM,-3.7740719E+1,-3.9560356E+1,3.8256133E+3,0.0000000E+0
11230218,29/9/2021,5:12:22 AM,-3.7022606E+1,-4.0689117E+1,3.8256133E+3,0.0000000E+0
11230219,29/9/2021,5:12:22 AM,-3.4309742E+1,-4.3134762E+1,3.8238276E+3,0.0000000E+0
11230220,29/9/2021,5:12:22 AM,-3.0107466E+1,-4.4424774E+1,3.8256133E+3,0.0000000E+0
11230221,29/9/2021,5:12:22 AM,-2.6357328E+1,-4.5419159E+1,3.8247205E+3,0.0000000E+0
11230222,29/9/2021,5:12:22 AM,-2.2341228E+1,-4.7300426E+1,3.8238276E+3,0.0000000E+0
11230223,29/9/2021,5:12:22 AM,-1.7366968E+1,-4.8402313E+1,3.8229348E+3,0.0000000E+0
11230224,29/9/2021,5:12:22 AM,-1.2999575E+1,-4.7219799E+1,3.8273987E+3,0.0000000E+0
11230225,29/9/2021,5:12:22 AM,-9.1083851E+0,-4.6682297E+1,3.8256133E+3,0.0000000E+0
11230226,29/9/2021,5:12:23 AM,-6.7905087E+0,-4.6789795E+1,3.8247205E+3,0.0000000E+0
11230227,29/9/2021,5:12:23 AM,-5.0466881E+0,-4.4774151E+1,3.8247205E+3,0.0000000E+0
11230228,29/9/2021,5:12:23 AM,-4.3138485E+0,-4.0339741E+1,3.8273987E+3,0.0000000E+0
11230229,29/9/2021,5:12:23 AM,-2.2064404E+0,-3.5905323E+1,3.8291846E+3,0.0000000E+0
11230230,29/9/2021,5:12:23 AM,-1.5879205E+0,-3.1309656E+1,3.8273987E+3,0.0000000E+0
11230231,29/9/2021,5:12:23 AM,-2.1731656E+0,-2.6310862E+1,3.8309702E+3,0.0000000E+0
11230232,29/9/2021,5:12:23 AM,-1.3179899E+0,-2.1446444E+1,3.8291846E+3,0.0000000E+0
11230233,29/9/2021,5:12:23 AM,-8.4594113E-1,-1.6743320E+1,3.8309702E+3,0.0000000E+0
11230234,29/9/2021,5:12:23 AM,1.1242151E+0,-1.0958394E+1,3.8336484E+3,0.0000000E+0
11230235,29/9/2021,5:12:23 AM,3.5477343E+0,-5.4493837E+0,3.8345413E+3,0.0000000E+0
11230236,29/9/2021,5:12:24 AM,4.3090949E+0,-1.4840361E+0,3.8345413E+3,0.0000000E+0
11230237,29/9/2021,5:12:24 AM,6.3406138E+0,1.4185849E+0,3.8345413E+3,0.0000000E+0
11230238,29/9/2021,5:12:24 AM,7.6639872E+0,4.6320162E+0,3.8354341E+3,0.0000000E+0
11230239,29/9/2021,5:12:24 AM,7.0483427E+0,7.9143953E+0,3.8363269E+3,0.0000000E+0
11230240,29/9/2021,5:12:24 AM,7.9139285E+0,1.1232221E+1,3.8398979E+3,0.0000000E+0
11230241,29/9/2021,5:12:24 AM,5.7749577E+0,1.3271300E+1,3.8381123E+3,0.0000000E+0
11230242,29/9/2021,5:12:24 AM,1.8950827E+0,1.4738800E+1,3.8372195E+3,0.0000000E+0
11230243,29/9/2021,5:12:24 AM,-1.9228117E+0,1.5461917E+1,3.8363269E+3,0.0000000E+0
11230244,29/9/2021,5:12:24 AM,-7.2903910E+0,1.6998537E+1,3.8363269E+3,0.0000000E+0
11230245,29/9/2021,5:12:24 AM,-9.5293379E+0,1.7057026E+1,3.8398979E+3,0.0000000E+0
11230246,29/9/2021,5:12:25 AM,-1.2765418E+1,1.5126944E+1,3.8363269E+3,0.0000000E+0
11230247,29/9/2021,5:12:25 AM,-1.8069435E+1,1.1910142E+1,3.8327556E+3,0.0000000E+0
11230248,29/9/2021,5:12:25 AM,-2.1117779E+1,8.9937525E+0,3.8345413E+3,0.0000000E+0
11230249,29/9/2021,5:12:25 AM,-2.3804047E+1,5.4579287E+0,3.8345413E+3,0.0000000E+0
11230250,29/9/2021,5:12:25 AM,-2.5532833E+1,9.1343415E-1,3.8318628E+3,0.0000000E+0
11230251,29/9/2021,5:12:25 AM,-2.7820148E+1,-3.9579482E+0,3.8309702E+3,0.0000000E+0
11230252,29/9/2021,5:12:25 AM,-2.9548935E+1,-9.2861881E+0,3.8291846E+3,0.0000000E+0
11230253,29/9/2021,5:12:25 AM,-3.0479818E+1,-1.4223048E+1,3.8291846E+3,0.0000000E+0
11230254,29/9/2021,5:12:25 AM,-3.2820328E+1,-1.9109396E+1,3.8265059E+3,0.0000000E+0
11230255,29/9/2021,5:12:25 AM,-3.3166084E+1,-2.2682705E+1,3.8291846E+3,0.0000000E+0
11230256,29/9/2021,5:12:26 AM,-3.5506596E+1,-2.5800232E+1,3.8282915E+3,0.0000000E+0
11230257,29/9/2021,5:12:26 AM,-3.8724796E+1,-3.0610901E+1,3.8247205E+3,0.0000000E+0
11230258,29/9/2021,5:12:26 AM,-4.0373791E+1,-3.3782181E+1,3.8273987E+3,0.0000000E+0
11230259,29/9/2021,5:12:26 AM,-4.3299427E+1,-3.6389076E+1,3.8238276E+3,0.0000000E+0
11230260,29/9/2021,5:12:26 AM,-4.5081409E+1,-3.8807850E+1,3.8256133E+3,0.0000000E+0
11230261,29/9/2021,5:12:26 AM,-4.4842037E+1,-4.1119122E+1,3.8256133E+3,0.0000000E+0
11230262,29/9/2021,5:12:26 AM,-4.5772923E+1,-4.3134762E+1,3.8238276E+3,0.0000000E+0
11230263,29/9/2021,5:12:26 AM,-4.6437840E+1,-4.5096657E+1,3.8229348E+3,0.0000000E+0
11230264,29/9/2021,5:12:26 AM,-4.5320778E+1,-4.7757305E+1,3.8220420E+3,0.0000000E+0
11230265,29/9/2021,5:12:26 AM,-4.2661106E+1,-4.9423573E+1,3.8238276E+3,0.0000000E+0
11230266,29/9/2021,5:12:27 AM,-4.0134418E+1,-5.1009212E+1,3.8220420E+3,0.0000000E+0
11230267,29/9/2021,5:12:27 AM,-3.6570461E+1,-5.2836727E+1,3.8220420E+3,0.0000000E+0
11230268,29/9/2021,5:12:27 AM,-3.2235199E+1,-5.2836727E+1,3.8238276E+3,0.0000000E+0
11230269,29/9/2021,5:12:27 AM,-3.1517090E+1,-5.2003593E+1,3.8220420E+3,0.0000000E+0
11230270,29/9/2021,5:12:27 AM,-2.9575529E+1,-5.0417953E+1,3.8238276E+3,0.0000000E+0
11230271,29/9/2021,5:12:27 AM,-2.6277540E+1,-4.7542305E+1,3.8265059E+3,0.0000000E+0
11230272,29/9/2021,5:12:27 AM,-2.5346657E+1,-4.5876038E+1,3.8238276E+3,0.0000000E+0
11230273,29/9/2021,5:12:27 AM,-2.3245516E+1,-4.3484142E+1,3.8247205E+3,0.0000000E+0
11230274,29/9/2021,5:12:27 AM,-2.1915682E+1,-4.0151611E+1,3.8256133E+3,0.0000000E+0
11230275,29/9/2021,5:12:27 AM,-1.9950571E+1,-3.6980335E+1,3.8265059E+3,0.0000000E+0
11230276,29/9/2021,5:12:28 AM,-1.5156962E+1,-3.2895294E+1,3.8291846E+3,0.0000000E+0
11230277,29/9/2021,5:12:28 AM,-1.1702511E+1,-2.9912146E+1,3.8291846E+3,0.0000000E+0
11230278,29/9/2021,5:12:28 AM,-7.8139524E+0,-2.8460880E+1,3.8291846E+3,0.0000000E+0
11230279,29/9/2021,5:12:28 AM,-2.3878675E+0,-2.6122736E+1,3.8291846E+3,0.0000000E+0
11230280,29/9/2021,5:12:28 AM,1.6946414E+0,-2.3435211E+1,3.8309702E+3,0.0000000E+0
11230281,29/9/2021,5:12:28 AM,6.0091133E+0,-2.1097065E+1,3.8327556E+3,0.0000000E+0
11230282,29/9/2021,5:12:28 AM,1.1628844E+1,-1.9851122E+1,3.8318628E+3,0.0000000E+0
11230283,29/9/2021,5:12:28 AM,1.4912282E+1,-1.7009171E+1,3.8327556E+3,0.0000000E+0
11230284,29/9/2021,5:12:28 AM,1.6204084E+1,-1.4704239E+1,3.8318628E+3,0.0000000E+0
11230285,29/9/2021,5:12:28 AM,1.8414091E+1,-1.2027117E+1,3.8327556E+3,0.0000000E+0
11230286,29/9/2021,5:12:29 AM,1.8635092E+1,-7.1141829E+0,3.8336484E+3,0.0000000E+0
11230287,29/9/2021,5:12:29 AM,1.7459053E+1,-3.0236995E+0,3.8363269E+3,0.0000000E+0
11230288,29/9/2021,5:12:29 AM,1.6443502E+1,1.2312549E+0,3.8363269E+3,0.0000000E+0
11230289,29/9/2021,5:12:29 AM,1.3446838E+1,5.7609992E+0,3.8354341E+3,0.0000000E+0
11230290,29/9/2021,5:12:29 AM,9.0873365E+0,9.6902828E+0,3.8363269E+3,0.0000000E+0
11230291,29/9/2021,5:12:29 AM,6.4800549E+0,1.3468031E+1,3.8381123E+3,0.0000000E+0
11230292,29/9/2021,5:12:29 AM,3.8567152E+0,1.7450485E+1,3.8390051E+3,0.0000000E+0
11230293,29/9/2021,5:12:29 AM,1.3286178E+0,1.9029642E+1,3.8363269E+3,0.0000000E+0
11230294,29/9/2021,5:12:29 AM,-5.4724950E-1,1.9832512E+1,3.8381123E+3,0.0000000E+0
11230295,29/9/2021,5:12:29 AM,-3.0612874E+0,1.9377907E+1,3.8363269E+3,0.0000000E+0
11230296,29/9/2021,5:12:30 AM,-2.4132199E+0,1.8734547E+1,3.8381123E+3,0.0000000E+0
11230297,29/9/2021,5:12:30 AM,-1.9838158E+0,1.7562141E+1,3.8381123E+3,0.0000000E+0
11230298,29/9/2021,5:12:30 AM,-2.9155118E+0,1.4249635E+1,3.8345413E+3,0.0000000E+0
11230299,29/9/2021,5:12:30 AM,-3.0335584E+0,1.2295627E+1,3.8381123E+3,0.0000000E+0
11230300,29/9/2021,5:12:30 AM,-5.5450187E+0,1.0665957E+1,3.8363269E+3,0.0000000E+0
11230301,29/9/2021,5:12:30 AM,-9.5582790E+0,7.3029375E+0,3.8336484E+3,0.0000000E+0
11230302,29/9/2021,5:12:30 AM,-1.2802252E+1,4.5711737E+0,3.8363269E+3,0.0000000E+0
11230303,29/9/2021,5:12:30 AM,-1.7537981E+1,1.7932452E+0,3.8327556E+3,0.0000000E+0
11230304,29/9/2021,5:12:30 AM,-2.3405096E+1,-1.4797701E+0,3.8318628E+3,0.0000000E+0
11230305,29/9/2021,5:12:30 AM,-2.8431871E+1,-5.1787958E+0,3.8327556E+3,0.0000000E+0
11230306,29/9/2021,5:12:31 AM,-3.3644825E+1,-1.0301741E+1,3.8291846E+3,0.0000000E+0
11230307,29/9/2021,5:12:31 AM,-3.7182186E+1,-1.5597501E+1,3.8291846E+3,0.0000000E+0
11230308,29/9/2021,5:12:31 AM,-4.0400387E+1,-2.0989563E+1,3.8273987E+3,0.0000000E+0
11230309,29/9/2021,5:12:31 AM,-4.2368546E+1,-2.6391487E+1,3.8282915E+3,0.0000000E+0
11230310,29/9/2021,5:12:31 AM,-4.3538799E+1,-3.1309656E+1,3.8247205E+3,0.0000000E+0
11230311,29/9/2021,5:12:31 AM,-4.4788845E+1,-3.7275963E+1,3.8238276E+3,0.0000000E+0
11230312,29/9/2021,5:12:31 AM,-4.5373970E+1,-4.3242264E+1,3.8220420E+3,0.0000000E+0
11230313,29/9/2021,5:12:31 AM,-4.3804764E+1,-4.8805439E+1,3.8220420E+3,0.0000000E+0
11230314,29/9/2021,5:12:31 AM,-4.3778168E+1,-5.2084217E+1,3.8220420E+3,0.0000000E+0
11230315,29/9/2021,5:12:31 AM,-4.3405815E+1,-5.5228622E+1,3.8220420E+3,0.0000000E+0
11230316,29/9/2021,5:12:32 AM,-4.2235558E+1,-5.9179283E+1,3.8211492E+3,0.0000000E+0
11230317,29/9/2021,5:12:32 AM,-4.2075981E+1,-6.1813053E+1,3.8202566E+3,0.0000000E+0
11230318,29/9/2021,5:12:32 AM,-4.2368546E+1,-6.3479321E+1,3.8211492E+3,0.0000000E+0
11230319,29/9/2021,5:12:32 AM,-4.0985516E+1,-6.3774948E+1,3.8202566E+3,0.0000000E+0
11230320,29/9/2021,5:12:32 AM,-4.1091900E+1,-6.3076195E+1,3.8220420E+3,0.0000000E+0
11230321,29/9/2021,5:12:32 AM,-4.0666355E+1,-6.2646187E+1,3.8202566E+3,0.0000000E+0
11230322,29/9/2021,5:12:32 AM,-3.9815262E+1,-6.0711170E+1,3.8220420E+3,0.0000000E+0
11230323,29/9/2021,5:12:32 AM,-3.8113071E+1,-5.9448036E+1,3.8202566E+3,0.0000000E+0
11230324,29/9/2021,5:12:32 AM,-3.7182186E+1,-5.7083015E+1,3.8229348E+3,0.0000000E+0
11230325,29/9/2021,5:12:32 AM,-3.4788486E+1,-5.4691116E+1,3.8238276E+3,0.0000000E+0
11230326,29/9/2021,5:12:33 AM,-3.3485249E+1,-5.2379845E+1,3.8238276E+3,0.0000000E+0
11230327,29/9/2021,5:12:33 AM,-3.2155411E+1,-5.0686707E+1,3.8220420E+3,0.0000000E+0
11230328,29/9/2021,5:12:33 AM,-2.9814901E+1,-4.7515427E+1,3.8220420E+3,0.0000000E+0
11230329,29/9/2021,5:12:33 AM,-2.5639219E+1,-4.3537895E+1,3.8256133E+3,0.0000000E+0
11230330,29/9/2021,5:12:33 AM,-2.3538080E+1,-3.8592846E+1,3.8265059E+3,0.0000000E+0
11230331,29/9/2021,5:12:33 AM,-2.0798620E+1,-3.3190922E+1,3.8256133E+3,0.0000000E+0
11230332,29/9/2021,5:12:33 AM,-1.9106033E+1,-2.8057751E+1,3.8256133E+3,0.0000000E+0
11230333,29/9/2021,5:12:33 AM,-1.6817099E+1,-2.2817080E+1,3.8282915E+3,0.0000000E+0
11230334,29/9/2021,5:12:33 AM,-1.2010334E+1,-1.6445566E+1,3.8309702E+3,0.0000000E+0
11230335,29/9/2021,5:12:33 AM,-8.1901798E+0,-9.4829187E+0,3.8327556E+3,0.0000000E+0
11230336,29/9/2021,5:12:34 AM,-4.9024968E+0,-3.8002386E+0,3.8345413E+3,0.0000000E+0
11230337,29/9/2021,5:12:34 AM,-7.8261435E-1,3.2208329E-1,3.8345413E+3,0.0000000E+0
11230338,29/9/2021,5:12:34 AM,2.1153307E+0,4.6888556E+0,3.8345413E+3,0.0000000E+0
11230339,29/9/2021,5:12:34 AM,5.3509150E+0,9.4058218E+0,3.8363269E+3,0.0000000E+0
11230340,29/9/2021,5:12:34 AM,9.8055887E+0,1.3170278E+1,3.8398979E+3,0.0000000E+0
11230341,29/9/2021,5:12:34 AM,1.3215313E+1,1.6496078E+1,3.8390051E+3,0.0000000E+0
11230342,29/9/2021,5:12:34 AM,1.4441341E+1,1.8468695E+1,3.8390051E+3,0.0000000E+0
11230343,29/9/2021,5:12:34 AM,1.6446133E+1,1.9994682E+1,3.8390051E+3,0.0000000E+0
11230344,29/9/2021,5:12:34 AM,1.7182802E+1,2.2494577E+1,3.8398979E+3,0.0000000E+0
11230345,29/9/2021,5:12:34 AM,1.7556398E+1,2.3542713E+1,3.8390051E+3,0.0000000E+0
11230346,29/9/2021,5:12:35 AM,1.8140471E+1,2.5155226E+1,3.8416836E+3,0.0000000E+0
11230347,29/9/2021,5:12:35 AM,1.6782896E+1,2.4510221E+1,3.8390051E+3,0.0000000E+0
11230348,29/9/2021,5:12:35 AM,1.4586043E+1,2.1822697E+1,3.8381123E+3,0.0000000E+0
11230349,29/9/2021,5:12:35 AM,1.2818038E+1,1.9571978E+1,3.8363269E+3,0.0000000E+0
11230350,29/9/2021,5:12:35 AM,1.1073711E+1,1.7758871E+1,3.8381123E+3,0.0000000E+0
11230351,29/9/2021,5:12:35 AM,1.0768520E+1,1.5669281E+1,3.8398979E+3,0.0000000E+0
11230352,29/9/2021,5:12:35 AM,7.8086901E+0,1.1197659E+1,3.8327556E+3,0.0000000E+0
11230353,29/9/2021,5:12:35 AM,5.2312841E+0,6.7978196E+0,3.8345413E+3,0.0000000E+0
11230354,29/9/2021,5:12:35 AM,5.3776827E+0,3.6089058E+0,3.8363269E+3,0.0000000E+0
11230355,29/9/2021,5:12:35 AM,4.3597994E+0,2.1996582E-1,3.8345413E+3,0.0000000E+0
11230356,29/9/2021,5:12:36 AM,1.0204293E+0,-3.8154490E+0,3.8336484E+3,0.0000000E+0
11230357,29/9/2021,5:12:36 AM,-2.0036223E+0,-8.6667557E+0,3.8327556E+3,0.0000000E+0
11230358,29/9/2021,5:12:36 AM,-5.6328859E+0,-1.3255350E+1,3.8309702E+3,0.0000000E+0
11230359,29/9/2021,5:12:36 AM,-9.2636108E+0,-1.7777481E+1,3.8309702E+3,0.0000000E+0
11230360,29/9/2021,5:12:36 AM,-1.3004837E+1,-2.1876446E+1,3.8309702E+3,0.0000000E+0
11230361,29/9/2021,5:12:36 AM,-1.8961330E+1,-2.5235853E+1,3.8309702E+3,0.0000000E+0
11230362,29/9/2021,5:12:36 AM,-2.6224346E+1,-3.0073397E+1,3.8256133E+3,0.0000000E+0
11230363,29/9/2021,5:12:36 AM,-3.2421379E+1,-3.3916557E+1,3.8265059E+3,0.0000000E+0
11230364,29/9/2021,5:12:36 AM,-3.8804588E+1,-3.7007206E+1,3.8256133E+3,0.0000000E+0
11230365,29/9/2021,5:12:36 AM,-4.4496277E+1,-4.0850365E+1,3.8229348E+3,0.0000000E+0
11230366,29/9/2021,5:12:37 AM,-4.8246414E+1,-4.4344151E+1,3.8247205E+3,0.0000000E+0
11230367,29/9/2021,5:12:37 AM,-5.1677391E+1,-4.7703552E+1,3.8211492E+3,0.0000000E+0
11230368,29/9/2021,5:12:37 AM,-5.4257267E+1,-5.1734844E+1,3.8202566E+3,0.0000000E+0
11230369,29/9/2021,5:12:37 AM,-5.4762604E+1,-5.5094242E+1,3.8184709E+3,0.0000000E+0
11230370,29/9/2021,5:12:37 AM,-5.3459366E+1,-5.7889271E+1,3.8202566E+3,0.0000000E+0
11230371,29/9/2021,5:12:37 AM,-5.2954029E+1,-5.9152412E+1,3.8202566E+3,0.0000000E+0
11230372,29/9/2021,5:12:37 AM,-5.1969952E+1,-5.9636162E+1,3.8202566E+3,0.0000000E+0
11230373,29/9/2021,5:12:37 AM,-5.0985878E+1,-5.9474907E+1,3.8184709E+3,0.0000000E+0
11230374,29/9/2021,5:12:37 AM,-4.8831543E+1,-5.8050522E+1,3.8202566E+3,0.0000000E+0
11230375,29/9/2021,5:12:37 AM,-4.6464436E+1,-5.4261116E+1,3.8238276E+3,0.0000000E+0
11230376,29/9/2021,5:12:38 AM,-4.4469685E+1,-5.0364204E+1,3.8247205E+3,0.0000000E+0
11230377,29/9/2021,5:12:38 AM,-4.3379219E+1,-4.8079807E+1,3.8247205E+3,0.0000000E+0
11230378,29/9/2021,5:12:38 AM,-4.1650433E+1,-4.6332916E+1,3.8229348E+3,0.0000000E+0
11230379,29/9/2021,5:12:38 AM,-3.9230133E+1,-4.1817875E+1,3.8273987E+3,0.0000000E+0
11230380,29/9/2021,5:12:38 AM,-3.7208786E+1,-3.9103477E+1,3.8273987E+3,0.0000000E+0
11230381,29/9/2021,5:12:38 AM,-3.5719368E+1,-3.8350971E+1,3.8247205E+3,0.0000000E+0
11230382,29/9/2021,5:12:38 AM,-3.3751213E+1,-3.6496578E+1,3.8256133E+3,0.0000000E+0
11230383,29/9/2021,5:12:38 AM,-3.1490492E+1,-3.3782181E+1,3.8256133E+3,0.0000000E+0
11230384,29/9/2021,5:12:38 AM,-2.7633972E+1,-3.1900913E+1,3.8273987E+3,0.0000000E+0
11230385,29/9/2021,5:12:38 AM,-2.2793373E+1,-2.9670269E+1,3.8291846E+3,0.0000000E+0
11230386,29/9/2021,5:12:39 AM,-1.9995298E+1,-2.6982744E+1,3.8256133E+3,0.0000000E+0
11230387,29/9/2021,5:12:39 AM,-1.7230158E+1,-2.3757713E+1,3.8273987E+3,0.0000000E+0
11230388,29/9/2021,5:12:39 AM,-1.2970634E+1,-2.1177691E+1,3.8291846E+3,0.0000000E+0
11230389,29/9/2021,5:12:39 AM,-7.2140932E+0,-1.7604679E+1,3.8309702E+3,0.0000000E+0
11230390,29/9/2021,5:12:39 AM,-2.5146291E+0,-1.3946563E+1,3.8327556E+3,0.0000000E+0
11230391,29/9/2021,5:12:39 AM,6.8261063E-1,-1.0618104E+1,3.8318628E+3,0.0000000E+0
11230392,29/9/2021,5:12:39 AM,3.6673653E+0,-6.6329918E+0,3.8345413E+3,0.0000000E+0
11230393,29/9/2021,5:12:39 AM,5.3334851E+0,-3.4423902E+0,3.8327556E+3,0.0000000E+0
11230394,29/9/2021,5:12:39 AM,7.5903206E+0,2.5942636E-1,3.8363269E+3,0.0000000E+0
11230395,29/9/2021,5:12:39 AM,1.0129197E+1,3.8594797E+0,3.8381123E+3,0.0000000E+0
11230396,29/9/2021,5:12:40 AM,1.0013434E+1,6.4548717E+0,3.8363269E+3,0.0000000E+0
11230397,29/9/2021,5:12:40 AM,9.1083851E+0,9.4430408E+0,3.8363269E+3,0.0000000E+0
11230398,29/9/2021,5:12:40 AM,7.9402380E+0,1.1093978E+1,3.8363269E+3,0.0000000E+0
11230399,29/9/2021,5:12:40 AM,7.4140458E+0,1.2106872E+1,3.8363269E+3,0.0000000E+0
11230400,29/9/2021,5:12:40 AM,7.0194020E+0,1.4355974E+1,3.8390051E+3,0.0000000E+0
11230401,29/9/2021,5:12:40 AM,4.5863853E+0,1.5148211E+1,3.8372195E+3,0.0000000E+0
11230402,29/9/2021,5:12:40 AM,3.0929778E+0,1.3406884E+1,3.8354341E+3,0.0000000E+0
11230403,29/9/2021,5:12:40 AM,1.5464889E+0,1.1080686E+1,3.8345413E+3,0.0000000E+0
11230404,29/9/2021,5:12:40 AM,-8.6177278E-1,9.9853773E+0,3.8327556E+3,0.0000000E+0
11230405,29/9/2021,5:12:40 AM,-1.5916147E+0,9.4005051E+0,3.8363269E+3,0.0000000E+0
11230406,29/9/2021,5:12:41 AM,-2.2777438E+0,7.8000798E+0,3.8363269E+3,0.0000000E+0
11230407,29/9/2021,5:12:41 AM,-4.8818979E+0,5.7264385E+0,3.8327556E+3,0.0000000E+0
11230408,29/9/2021,5:12:41 AM,-7.6166301E+0,3.2334452E+0,3.8318628E+3,0.0000000E+0
11230409,29/9/2021,5:12:41 AM,-7.8955116E+0,1.6227268E+0,3.8345413E+3,0.0000000E+0
11230410,29/9/2021,5:12:41 AM,-7.2851286E+0,-7.5988188E-2,3.8363269E+3,0.0000000E+0
11230411,29/9/2021,5:12:41 AM,-8.3664532E+0,-3.4543982E+0,3.8327556E+3,0.0000000E+0
11230412,29/9/2021,5:12:41 AM,-1.0658020E+1,-7.0822802E+0,3.8345413E+3,0.0000000E+0
11230413,29/9/2021,5:12:41 AM,-1.2712801E+1,-1.2960255E+1,3.8291846E+3,0.0000000E+0
11230414,29/9/2021,5:12:41 AM,-1.4401876E+1,-1.8359695E+1,3.8291846E+3,0.0000000E+0
11230415,29/9/2021,5:12:41 AM,-1.5280618E+1,-2.1849571E+1,3.8327556E+3,0.0000000E+0
11230416,29/9/2021,5:12:42 AM,-1.7556398E+1,-2.7036495E+1,3.8291846E+3,0.0000000E+0
11230417,29/9/2021,5:12:42 AM,-2.1117779E+1,-3.3298424E+1,3.8273987E+3,0.0000000E+0
11230418,29/9/2021,5:12:42 AM,-2.4734932E+1,-3.7813465E+1,3.8247205E+3,0.0000000E+0
11230419,29/9/2021,5:12:42 AM,-2.8538260E+1,-4.1791000E+1,3.8229348E+3,0.0000000E+0
11230420,29/9/2021,5:12:42 AM,-3.0958559E+1,-4.5472908E+1,3.8238276E+3,0.0000000E+0
11230421,29/9/2021,5:12:42 AM,-3.1623478E+1,-4.9961075E+1,3.8220420E+3,0.0000000E+0
11230422,29/9/2021,5:12:42 AM,-3.3511841E+1,-5.2137974E+1,3.8220420E+3,0.0000000E+0
11230423,29/9/2021,5:12:42 AM,-3.5400211E+1,-5.4664246E+1,3.8202566E+3,0.0000000E+0
11230424,29/9/2021,5:12:42 AM,-3.5400211E+1,-5.7029263E+1,3.8202566E+3,0.0000000E+0
11230425,29/9/2021,5:12:42 AM,-3.3033104E+1,-5.8184898E+1,3.8202566E+3,0.0000000E+0
11230426,29/9/2021,5:12:43 AM,-3.0373434E+1,-5.7029263E+1,3.8220420E+3,0.0000000E+0
11230427,29/9/2021,5:12:43 AM,-2.7713760E+1,-5.4502991E+1,3.8238276E+3,0.0000000E+0
11230428,29/9/2021,5:12:43 AM,-2.5426445E+1,-5.1331715E+1,3.8238276E+3,0.0000000E+0
11230429,29/9/2021,5:12:43 AM,-2.3351904E+1,-4.7407925E+1,3.8256133E+3,0.0000000E+0
11230430,29/9/2021,5:12:43 AM,-2.0905006E+1,-4.3726021E+1,3.8256133E+3,0.0000000E+0
11230431,29/9/2021,5:12:43 AM,-1.9687475E+1,-3.9291603E+1,3.8273987E+3,0.0000000E+0
11230432,29/9/2021,5:12:43 AM,-1.7685316E+1,-3.3325302E+1,3.8309702E+3,0.0000000E+0
11230433,29/9/2021,5:12:43 AM,-1.8279913E+1,-2.8111502E+1,3.8291846E+3,0.0000000E+0
11230434,29/9/2021,5:12:43 AM,-2.0426266E+1,-2.4348969E+1,3.8273987E+3,0.0000000E+0
11230435,29/9/2021,5:12:43 AM,-2.0825216E+1,-2.0317684E+1,3.8291846E+3,0.0000000E+0
11230436,29/9/2021,5:12:44 AM,-2.0931602E+1,-1.5581550E+1,3.8309702E+3,0.0000000E+0
11230437,29/9/2021,5:12:44 AM,-2.1463963E+1,-1.0394849E+1,3.8318628E+3,0.0000000E+0
11230438,29/9/2021,5:12:44 AM,-2.1517159E+1,-6.9972486E+0,3.8318628E+3,0.0000000E+0
11230439,29/9/2021,5:12:44 AM,-2.1623547E+1,-4.4678946E+0,3.8309702E+3,0.0000000E+0
11230440,29/9/2021,5:12:44 AM,-2.0932018E+1,-1.8164581E+0,3.8318628E+3,0.0000000E+0
11230441,29/9/2021,5:12:44 AM,-1.8985121E+1,3.6501053E-1,3.8345413E+3,0.0000000E+0
11230442,29/9/2021,5:12:44 AM,-1.6909281E+1,2.3176053E+0,3.8345413E+3,0.0000000E+0
11230443,29/9/2021,5:12:44 AM,-1.5738495E+1,2.2167354E+0,3.8345413E+3,0.0000000E+0
11230444,29/9/2021,5:12:44 AM,-1.4015206E+1,2.0566244E+0,3.8327556E+3,0.0000000E+0
11230445,29/9/2021,5:12:44 AM,-1.3115413E+1,2.0646298E+0,3.8345413E+3,0.0000000E+0
11230446,29/9/2021,5:12:45 AM,-1.1852545E+1,1.6819649E+0,3.8345413E+3,0.0000000E+0
11230447,29/9/2021,5:12:45 AM,-1.0000338E+1,4.1406968E-1,3.8354341E+3,0.0000000E+0
11230448,29/9/2021,5:12:45 AM,-9.8214321E+0,-1.0848999E+0,3.8345413E+3,0.0000000E+0
11230449,29/9/2021,5:12:45 AM,-1.2134059E+1,-3.9035034E+0,3.8318628E+3,0.0000000E+0
11230450,29/9/2021,5:12:45 AM,-1.4544032E+1,-6.4017382E+0,3.8318628E+3,0.0000000E+0
11230451,29/9/2021,5:12:45 AM,-1.6490953E+1,-8.0420513E+0,3.8309702E+3,0.0000000E+0
11230452,29/9/2021,5:12:45 AM,-1.8616783E+1,-9.2118044E+0,3.8327556E+3,0.0000000E+0
11230453,29/9/2021,5:12:45 AM,-2.1490559E+1,-1.1514091E+1,3.8300774E+3,0.0000000E+0
11230454,29/9/2021,5:12:45 AM,-2.4017296E+1,-1.4611277E+1,3.8291846E+3,0.0000000E+0
11230455,29/9/2021,5:12:45 AM,-2.5692921E+1,-1.7583513E+1,3.8273987E+3,0.0000000E+0
11230456,29/9/2021,5:12:46 AM,-2.7368547E+1,-1.9154703E+1,3.8291846E+3,0.0000000E+0
11230457,29/9/2021,5:12:46 AM,-2.6145073E+1,-2.1742502E+1,3.8300774E+3,0.0000000E+0
11230458,29/9/2021,5:12:46 AM,-2.5081186E+1,-2.6284508E+1,3.8256133E+3,0.0000000E+0
11230459,29/9/2021,5:12:46 AM,-2.3644936E+1,-3.0047117E+1,3.8273987E+3,0.0000000E+0
11230460,29/9/2021,5:12:46 AM,-2.1011810E+1,-3.2815323E+1,3.8265059E+3,0.0000000E+0
11230461,29/9/2021,5:12:46 AM,-1.8700974E+1,-3.5314770E+1,3.8273987E+3,0.0000000E+0
11230462,29/9/2021,5:12:46 AM,-1.6093678E+1,-3.7330452E+1,3.8265059E+3,0.0000000E+0
11230463,29/9/2021,5:12:46 AM,-1.4628224E+1,-3.8082973E+1,3.8273987E+3,0.0000000E+0
11230464,29/9/2021,5:12:46 AM,-1.3909967E+1,-3.8781742E+1,3.8256133E+3,0.0000000E+0
11230465,29/9/2021,5:12:46 AM,-1.4286197E+1,-3.8459236E+1,3.8265059E+3,0.0000000E+0
11230466,29/9/2021,5:12:47 AM,-1.5270183E+1,-3.7330452E+1,3.8273987E+3,0.0000000E+0
11230467,29/9/2021,5:12:47 AM,-1.5667459E+1,-3.5691029E+1,3.8273987E+3,0.0000000E+0
11230468,29/9/2021,5:12:47 AM,-1.6993471E+1,-3.3675346E+1,3.8291846E+3,0.0000000E+0
11230469,29/9/2021,5:12:47 AM,-1.7585442E+1,-3.1955297E+1,3.8273987E+3,0.0000000E+0
11230470,29/9/2021,5:12:47 AM,-1.9332409E+1,-2.9805235E+1,3.8282915E+3,0.0000000E+0
11230471,29/9/2021,5:12:47 AM,-2.1623547E+1,-2.8085186E+1,3.8273987E+3,0.0000000E+0
11230472,29/9/2021,5:12:47 AM,-2.0878824E+1,-2.7386415E+1,3.8291846E+3,0.0000000E+0
11230473,29/9/2021,5:12:47 AM,-2.1304379E+1,-2.6311384E+1,3.8273987E+3,0.0000000E+0
11230474,29/9/2021,5:12:47 AM,-2.1463963E+1,-2.5720118E+1,3.8273987E+3,0.0000000E+0
11230475,29/9/2021,5:12:47 AM,-1.9827032E+1,-2.4376328E+1,3.8282915E+3,0.0000000E+0
11230476,29/9/2021,5:12:48 AM,-1.8795689E+1,-2.2629402E+1,3.8273987E+3,0.0000000E+0
11230477,29/9/2021,5:12:48 AM,-1.6864553E+1,-2.0855602E+1,3.8291846E+3,0.0000000E+0
11230478,29/9/2021,5:12:48 AM,-1.5078120E+1,-1.9136093E+1,3.8309702E+3,0.0000000E+0
11230479,29/9/2021,5:12:48 AM,-1.3278533E+1,-1.7721756E+1,3.8291846E+3,0.0000000E+0
11230480,29/9/2021,5:12:48 AM,-1.2302442E+1,-1.5781030E+1,3.8291846E+3,0.0000000E+0
11230481,29/9/2021,5:12:48 AM,-1.0981692E+1,-1.2556233E+1,3.8318628E+3,0.0000000E+0
11230482,29/9/2021,5:12:48 AM,-1.1055360E+1,-9.5680466E+0,3.8327556E+3,0.0000000E+0
11230483,29/9/2021,5:12:48 AM,-1.0908025E+1,-7.8878560E+0,3.8318628E+3,0.0000000E+0
11230484,29/9/2021,5:12:48 AM,-1.0292377E+1,-5.5670557E+0,3.8345413E+3,0.0000000E+0
11230485,29/9/2021,5:12:48 AM,-1.0676499E+1,-3.7249799E+0,3.8327556E+3,0.0000000E+0
11230486,29/9/2021,5:12:49 AM,-1.1339505E+1,-2.6562397E+0,3.8345413E+3,0.0000000E+0
11230487,29/9/2021,5:12:49 AM,-1.1392124E+1,-2.8019407E+0,3.8327556E+3,0.0000000E+0
11230488,29/9/2021,5:12:49 AM,-1.1318457E+1,-3.2790711E+0,3.8327556E+3,0.0000000E+0
11230489,29/9/2021,5:12:49 AM,-1.1207956E+1,-4.1076450E+0,3.8327556E+3,0.0000000E+0
11230490,29/9/2021,5:12:49 AM,-1.0842251E+1,-6.1465197E+0,3.8309702E+3,0.0000000E+0
11230491,29/9/2021,5:12:49 AM,-1.0245019E+1,-7.8665881E+0,3.8318628E+3,0.0000000E+0
11230492,29/9/2021,5:12:49 AM,-9.6398945E+0,-9.2676334E+0,3.8309702E+3,0.0000000E+0
11230493,29/9/2021,5:12:49 AM,-9.4662504E+0,-1.0354972E+1,3.8309702E+3,0.0000000E+0
11230494,29/9/2021,5:12:49 AM,-9.4925604E+0,-1.1282799E+1,3.8318628E+3,0.0000000E+0
11230495,29/9/2021,5:12:49 AM,-9.1294851E+0,-1.2261137E+1,3.8309702E+3,0.0000000E+0
11230496,29/9/2021,5:12:50 AM,-8.4585867E+0,-1.3401646E+1,3.8309702E+3,0.0000000E+0
11230497,29/9/2021,5:12:50 AM,-7.4982805E+0,-1.4441131E+1,3.8309702E+3,0.0000000E+0
11230498,29/9/2021,5:12:50 AM,-6.8457985E+0,-1.4653813E+1,3.8327556E+3,0.0000000E+0
11230499,29/9/2021,5:12:50 AM,-6.0380893E+0,-1.5664054E+1,3.8309702E+3,0.0000000E+0
11230500,29/9/2021,5:12:50 AM,-6.4537835E+0,-1.6001688E+1,3.8327556E+3,0.0000000E+0
11230501,29/9/2021,5:12:50 AM,-5.9433737E+0,-1.7894560E+1,3.8309702E+3,0.0000000E+0
11230502,29/9/2021,5:12:50 AM,-4.9785447E+0,-1.9875166E+1,3.8309702E+3,0.0000000E+0
11230503,29/9/2021,5:12:50 AM,-5.7092171E+0,-1.9901751E+1,3.8318628E+3,0.0000000E+0
11230504,29/9/2021,5:12:50 AM,-7.1930871E+0,-2.0694347E+1,3.8309702E+3,0.0000000E+0
11230505,29/9/2021,5:12:50 AM,-8.8269224E+0,-2.2736906E+1,3.8309702E+3,0.0000000E+0
11230506,29/9/2021,5:12:51 AM,-9.9556112E+0,-2.4537582E+1,3.8300774E+3,0.0000000E+0
11230507,29/9/2021,5:12:51 AM,-1.2326120E+1,-2.5612614E+1,3.8291846E+3,0.0000000E+0
11230508,29/9/2021,5:12:51 AM,-1.4170435E+1,-2.7413290E+1,3.8282915E+3,0.0000000E+0
11230509,29/9/2021,5:12:51 AM,-1.6530418E+1,-2.9375223E+1,3.8291846E+3,0.0000000E+0
11230510,29/9/2021,5:12:51 AM,-1.8982489E+1,-3.1229649E+1,3.8256133E+3,0.0000000E+0
11230511,29/9/2021,5:12:51 AM,-2.0559656E+1,-3.2224052E+1,3.8273987E+3,0.0000000E+0
11230512,29/9/2021,5:12:51 AM,-2.2022505E+1,-3.3218456E+1,3.8265059E+3,0.0000000E+0
11230513,29/9/2021,5:12:51 AM,-2.3511950E+1,-3.3782848E+1,3.8265059E+3,0.0000000E+0
11230514,29/9/2021,5:12:51 AM,-2.4629032E+1,-3.2815323E+1,3.8273987E+3,0.0000000E+0
11230515,29/9/2021,5:12:51 AM,-2.7155769E+1,-3.1740292E+1,3.8273987E+3,0.0000000E+0
11230516,29/9/2021,5:12:52 AM,-2.8725006E+1,-3.1740292E+1,3.8256133E+3,0.0000000E+0
11230517,29/9/2021,5:12:52 AM,-2.9070770E+1,-3.0665260E+1,3.8273987E+3,0.0000000E+0
11230518,29/9/2021,5:12:52 AM,-2.9868687E+1,-2.8165813E+1,3.8291846E+3,0.0000000E+0
11230519,29/9/2021,5:12:52 AM,-3.1278339E+1,-2.6687645E+1,3.8291846E+3,0.0000000E+0
11230520,29/9/2021,5:12:52 AM,-3.2235840E+1,-2.5639490E+1,3.8291846E+3,0.0000000E+0
11230521,29/9/2021,5:12:52 AM,-3.3565701E+1,-2.4645084E+1,3.8282915E+3,0.0000000E+0
11230522,29/9/2021,5:12:52 AM,-3.5241325E+1,-2.3489428E+1,3.8273987E+3,0.0000000E+0
11230523,29/9/2021,5:12:52 AM,-3.5427505E+1,-2.2521898E+1,3.8291846E+3,0.0000000E+0
11230524,29/9/2021,5:12:52 AM,-3.6385010E+1,-2.0774975E+1,3.8282915E+3,0.0000000E+0
11230525,29/9/2021,5:12:52 AM,-3.7768063E+1,-1.9162680E+1,3.8273987E+3,0.0000000E+0
11230526,29/9/2021,5:12:53 AM,-3.7794659E+1,-1.7849365E+1,3.8291846E+3,0.0000000E+0
11230527,29/9/2021,5:12:53 AM,-3.7688271E+1,-1.7168781E+1,3.8273987E+3,0.0000000E+0
11230528,29/9/2021,5:12:53 AM,-3.7502090E+1,-1.5586956E+1,3.8282915E+3,0.0000000E+0
11230529,29/9/2021,5:12:53 AM,-3.7156330E+1,-1.3577109E+1,3.8309702E+3,0.0000000E+0
11230530,29/9/2021,5:12:53 AM,-3.6624382E+1,-1.3659523E+1,3.8273987E+3,0.0000000E+0
11230531,29/9/2021,5:12:53 AM,-3.3938061E+1,-1.3345817E+1,3.8309702E+3,0.0000000E+0
11230532,29/9/2021,5:12:53 AM,-3.2023064E+1,-1.3071988E+1,3.8291846E+3,0.0000000E+0
11230533,29/9/2021,5:12:53 AM,-3.0054869E+1,-1.4302888E+1,3.8291846E+3,0.0000000E+0
11230534,29/9/2021,5:12:53 AM,-2.6677019E+1,-1.5145640E+1,3.8291846E+3,0.0000000E+0
11230535,29/9/2021,5:12:53 AM,-2.3299171E+1,-1.5368958E+1,3.8300774E+3,0.0000000E+0
11230536,29/9/2021,5:12:54 AM,-2.0905422E+1,-1.5733176E+1,3.8309702E+3,0.0000000E+0
11230537,29/9/2021,5:12:54 AM,-1.8493128E+1,-1.6485540E+1,3.8309702E+3,0.0000000E+0
11230538,29/9/2021,5:12:54 AM,-1.7314451E+1,-1.7761633E+1,3.8291846E+3,0.0000000E+0
11230539,29/9/2021,5:12:54 AM,-1.4920262E+1,-1.7865316E+1,3.8291846E+3,0.0000000E+0
11230540,29/9/2021,5:12:54 AM,-1.3218021E+1,-1.7376146E+1,3.8318628E+3,0.0000000E+0
11230541,29/9/2021,5:12:54 AM,-1.0908025E+1,-1.8755924E+1,3.8309702E+3,0.0000000E+0
11230542,29/9/2021,5:12:54 AM,-8.2638941E+0,-2.1124359E+1,3.8291846E+3,0.0000000E+0
11230543,29/9/2021,5:12:54 AM,-5.6066089E+0,-2.2817532E+1,3.8309702E+3,0.0000000E+0
11230544,29/9/2021,5:12:54 AM,-2.3276520E+0,-2.4403204E+1,3.8309702E+3,0.0000000E+0
11230545,29/9/2021,5:12:54 AM,1.2668194E+0,-2.6768272E+1,3.8300774E+3,0.0000000E+0
11230546,29/9/2021,5:12:55 AM,4.5467644E+0,-2.9348347E+1,3.8318628E+3,0.0000000E+0
11230547,29/9/2021,5:12:55 AM,7.8376765E+0,-3.1874670E+1,3.8300774E+3,0.0000000E+0
11230548,29/9/2021,5:12:55 AM,9.7161922E+0,-3.4185986E+1,3.8291846E+3,0.0000000E+0
11230549,29/9/2021,5:12:55 AM,1.1063252E+1,-3.5341644E+1,3.8291846E+3,0.0000000E+0
11230550,29/9/2021,5:12:55 AM,1.2102488E+1,-3.5610401E+1,3.8309702E+3,0.0000000E+0
11230551,29/9/2021,5:12:55 AM,1.1568399E+1,-3.4024731E+1,3.8291846E+3,0.0000000E+0
11230552,29/9/2021,5:12:55 AM,8.8532324E+0,-3.1820919E+1,3.8309702E+3,0.0000000E+0
11230553,29/9/2021,5:12:55 AM,5.9959936E+0,-2.9966490E+1,3.8291846E+3,0.0000000E+0
11230554,29/9/2021,5:12:55 AM,2.4393604E+0,-2.7843304E+1,3.8282915E+3,0.0000000E+0
11230555,29/9/2021,5:12:55 AM,-1.7643570E+0,-2.4241949E+1,3.8291846E+3,0.0000000E+0
11230556,29/9/2021,5:12:56 AM,-4.6513429E+0,-2.0188871E+1,3.8318628E+3,0.0000000E+0
11230557,29/9/2021,5:12:56 AM,-8.2586327E+0,-1.7806829E+1,3.8291846E+3,0.0000000E+0
11230558,29/9/2021,5:12:56 AM,-1.2252453E+1,-1.5860785E+1,3.8291846E+3,0.0000000E+0
11230559,29/9/2021,5:12:56 AM,-1.4341447E+1,-1.3149086E+1,3.8309702E+3,0.0000000E+0
11230560,29/9/2021,5:12:56 AM,-1.6125248E+1,-1.0176850E+1,3.8318628E+3,0.0000000E+0
11230561,29/9/2021,5:12:56 AM,-1.6717218E+1,-9.2490234E+0,3.8309702E+3,0.0000000E+0
11230562,29/9/2021,5:12:56 AM,-1.7148699E+1,-8.3211966E+0,3.8318628E+3,0.0000000E+0
11230563,29/9/2021,5:12:56 AM,-1.8564163E+1,-7.8851981E+0,3.8291846E+3,0.0000000E+0
11230564,29/9/2021,5:12:56 AM,-1.9385029E+1,-6.4682016E+0,3.8318628E+3,0.0000000E+0
11230565,29/9/2021,5:12:56 AM,-2.1596949E+1,-5.0627065E+0,3.8318628E+3,0.0000000E+0
11230566,29/9/2021,5:12:57 AM,-2.3006601E+1,-4.1596808E+0,3.8309702E+3,0.0000000E+0
11230567,29/9/2021,5:12:57 AM,-2.6996185E+1,-1.2726043E+0,3.8336484E+3,0.0000000E+0
11230568,29/9/2021,5:12:57 AM,-3.1544312E+1,2.6769218E-1,3.8309702E+3,0.0000000E+0
11230569,29/9/2021,5:12:57 AM,-3.6172230E+1,1.0639369E+0,3.8318628E+3,0.0000000E+0
11230570,29/9/2021,5:12:57 AM,-3.9097927E+1,2.5601730E+0,3.8309702E+3,0.0000000E+0
11230571,29/9/2021,5:12:57 AM,-4.2449173E+1,3.3903480E+0,3.8327556E+3,0.0000000E+0
11230572,29/9/2021,5:12:57 AM,-4.4603550E+1,1.6211227E+0,3.8291846E+3,0.0000000E+0
11230573,29/9/2021,5:12:57 AM,-4.4603550E+1,-1.2760705E+0,3.8282915E+3,0.0000000E+0
11230574,29/9/2021,5:12:57 AM,-4.3752438E+1,-3.0701263E+0,3.8291846E+3,0.0000000E+0
11230575,29/9/2021,5:12:57 AM,-4.1119312E+1,-5.7052035E+0,3.8291846E+3,0.0000000E+0
11230576,29/9/2021,5:12:58 AM,-3.7076538E+1,-8.9884872E+0,3.8291846E+3,0.0000000E+0
11230577,29/9/2021,5:12:58 AM,-3.3299728E+1,-1.2877915E+1,3.8291846E+3,0.0000000E+0
11230578,29/9/2021,5:12:58 AM,-2.8432436E+1,-1.6411100E+1,3.8291846E+3,0.0000000E+0
11230579,29/9/2021,5:12:58 AM,-2.3458755E+1,-1.8952654E+1,3.8291846E+3,0.0000000E+0
11230580,29/9/2021,5:12:58 AM,-2.0400074E+1,-2.1500620E+1,3.8291846E+3,0.0000000E+0
11230581,29/9/2021,5:12:58 AM,-1.6825089E+1,-2.3543179E+1,3.8309702E+3,0.0000000E+0
11230582,29/9/2021,5:12:58 AM,-1.5022870E+1,-2.5800745E+1,3.8282915E+3,0.0000000E+0
11230583,29/9/2021,5:12:58 AM,-1.2686564E+1,-2.7762676E+1,3.8309702E+3,0.0000000E+0
11230584,29/9/2021,5:12:58 AM,-9.1636887E+0,-2.9294596E+1,3.8309702E+3,0.0000000E+0
11230585,29/9/2021,5:12:58 AM,-8.7085295E+0,-3.0477129E+1,3.8291846E+3,0.0000000E+0
11230586,29/9/2021,5:12:59 AM,-6.7642384E+0,-3.3057201E+1,3.8309702E+3,0.0000000E+0
11230587,29/9/2021,5:12:59 AM,-3.5096998E+0,-3.6658558E+1,3.8273987E+3,0.0000000E+0
11230588,29/9/2021,5:12:59 AM,-7.3327333E-1,-3.9480515E+1,3.8273987E+3,0.0000000E+0
11230589,29/9/2021,5:12:59 AM,3.4613721E+0,-4.3081867E+1,3.8265059E+3,0.0000000E+0
11230590,29/9/2021,5:12:59 AM,6.9983950E+0,-4.6548840E+1,3.8273987E+3,0.0000000E+0
11230591,29/9/2021,5:12:59 AM,1.0665975E+1,-4.8752655E+1,3.8265059E+3,0.0000000E+0
11230592,29/9/2021,5:12:59 AM,1.3431130E+1,-5.1117725E+1,3.8256133E+3,0.0000000E+0
11230593,29/9/2021,5:12:59 AM,1.6343620E+1,-5.2112125E+1,3.8273987E+3,0.0000000E+0
11230594,29/9/2021,5:12:59 AM,1.8474710E+1,-5.1574615E+1,3.8256133E+3,0.0000000E+0
11230595,29/9/2021,5:12:59 AM,1.8230030E+1,-4.9397675E+1,3.8273987E+3,0.0000000E+0
11230596,29/9/2021,5:13:00 AM,1.7338129E+1,-4.5312557E+1,3.8309702E+3,0.0000000E+0
11230597,29/9/2021,5:13:00 AM,1.5136003E+1,-4.2517475E+1,3.8273987E+3,0.0000000E+0
11230598,29/9/2021,5:13:00 AM,1.1970939E+1,-3.8297981E+1,3.8291846E+3,0.0000000E+0
11230599,29/9/2021,5:13:00 AM,8.8611250E+0,-3.2439060E+1,3.8309702E+3,0.0000000E+0
11230600,29/9/2021,5:13:00 AM,3.3052976E+0,-2.7440166E+1,3.8291846E+3,0.0000000E+0
11230601,29/9/2021,5:13:00 AM,-3.7988737E+0,-2.1178110E+1,3.8318628E+3,0.0000000E+0
11230602,29/9/2021,5:13:00 AM,-9.3373327E+0,-1.5815590E+1,3.8309702E+3,0.0000000E+0
11230603,29/9/2021,5:13:00 AM,-1.4644010E+1,-1.0421434E+1,3.8327556E+3,0.0000000E+0
11230604,29/9/2021,5:13:00 AM,-1.9711269E+1,-5.8859839E+0,3.8318628E+3,0.0000000E+0
11230605,29/9/2021,5:13:00 AM,-2.4575840E+1,-2.0878460E+0,3.8309702E+3,0.0000000E+0
11230606,29/9/2021,5:13:01 AM,-3.0746393E+1,2.3792479E+0,3.8327556E+3,0.0000000E+0
11230607,29/9/2021,5:13:01 AM,-3.7262714E+1,5.7636914E+0,3.8309702E+3,0.0000000E+0
11230608,29/9/2021,5:13:01 AM,-4.2262997E+1,9.3500471E+0,3.8354341E+3,0.0000000E+0
11230609,29/9/2021,5:13:01 AM,-4.6864315E+1,1.1032897E+1,3.8318628E+3,0.0000000E+0
11230610,29/9/2021,5:13:01 AM,-5.0827301E+1,1.1827797E+1,3.8327556E+3,0.0000000E+0
11230611,29/9/2021,5:13:01 AM,-5.4338139E+1,1.2641306E+1,3.8327556E+3,0.0000000E+0
11230612,29/9/2021,5:13:01 AM,-5.8992649E+1,1.3728645E+1,3.8327556E+3,0.0000000E+0
11230613,29/9/2021,5:13:01 AM,-6.2476887E+1,1.1801211E+1,3.8318628E+3,0.0000000E+0
11230614,29/9/2021,5:13:01 AM,-6.2955639E+1,7.8559542E+0,3.8309702E+3,0.0000000E+0
11230615,29/9/2021,5:13:01 AM,-6.3540779E+1,3.6857529E+0,3.8282915E+3,0.0000000E+0
11230616,29/9/2021,5:13:02 AM,-6.2796055E+1,-2.2876483E-1,3.8291846E+3,0.0000000E+0
11230617,29/9/2021,5:13:02 AM,-6.2210918E+1,-3.4191680E+0,3.8291846E+3,0.0000000E+0
11230618,29/9/2021,5:13:02 AM,-6.0934246E+1,-7.1700535E+0,3.8273987E+3,0.0000000E+0
11230619,29/9/2021,5:13:02 AM,-5.7848972E+1,-1.2425965E+1,3.8273987E+3,0.0000000E+0
11230620,29/9/2021,5:13:02 AM,-5.2742298E+1,-1.7769609E+1,3.8256133E+3,0.0000000E+0
11230621,29/9/2021,5:13:02 AM,-4.8140984E+1,-2.1204987E+1,3.8282915E+3,0.0000000E+0
11230622,29/9/2021,5:13:02 AM,-4.4204594E+1,-2.5128849E+1,3.8256133E+3,0.0000000E+0
11230623,29/9/2021,5:13:02 AM,-3.9762856E+1,-2.9106464E+1,3.8273987E+3,0.0000000E+0
11230624,29/9/2021,5:13:02 AM,-3.4576397E+1,-3.3352837E+1,3.8256133E+3,0.0000000E+0
11230625,29/9/2021,5:13:02 AM,-2.9443132E+1,-3.6954189E+1,3.8273987E+3,0.0000000E+0
11230626,29/9/2021,5:13:03 AM,-2.4283268E+1,-4.0367413E+1,3.8265059E+3,0.0000000E+0
11230627,29/9/2021,5:13:03 AM,-1.9516577E+1,-4.3565632E+1,3.8256133E+3,0.0000000E+0
11230628,29/9/2021,5:13:03 AM,-1.6117357E+1,-4.6521969E+1,3.8265059E+3,0.0000000E+0
11230629,29/9/2021,5:13:03 AM,-1.2854946E+1,-4.9988941E+1,3.8238276E+3,0.0000000E+0
11230630,29/9/2021,5:13:03 AM,-7.5903645E+0,-5.3402164E+1,3.8247205E+3,0.0000000E+0
11230631,29/9/2021,5:13:03 AM,-2.3022997E+0,-5.6492874E+1,3.8238276E+3,0.0000000E+0
11230632,29/9/2021,5:13:03 AM,2.6413860E+0,-5.7245403E+1,3.8256133E+3,0.0000000E+0
11230633,29/9/2021,5:13:03 AM,7.2062426E+0,-5.8132301E+1,3.8238276E+3,0.0000000E+0
11230634,29/9/2021,5:13:03 AM,1.0834357E+1,-5.9019203E+1,3.8238276E+3,0.0000000E+0
11230635,29/9/2021,5:13:03 AM,1.5643782E+1,-5.8186050E+1,3.8256133E+3,0.0000000E+0
11230636,29/9/2021,5:13:04 AM,2.0447943E+1,-5.5122211E+1,3.8273987E+3,0.0000000E+0
11230637,29/9/2021,5:13:04 AM,2.5081186E+1,-5.2918400E+1,3.8273987E+3,0.0000000E+0
11230638,29/9/2021,5:13:04 AM,2.9363340E+1,-4.9048290E+1,3.8291846E+3,0.0000000E+0
11230639,29/9/2021,5:13:04 AM,3.0427229E+1,-4.4506283E+1,3.8291846E+3,0.0000000E+0
11230640,29/9/2021,5:13:04 AM,3.0852783E+1,-3.9588017E+1,3.8291846E+3,0.0000000E+0
11230641,29/9/2021,5:13:04 AM,3.0746393E+1,-3.3191582E+1,3.8309702E+3,0.0000000E+0
11230642,29/9/2021,5:13:04 AM,3.0108063E+1,-2.6526390E+1,3.8318628E+3,0.0000000E+0
11230643,29/9/2021,5:13:04 AM,2.7288755E+1,-1.9327507E+1,3.8345413E+3,0.0000000E+0
11230644,29/9/2021,5:13:04 AM,2.4256672E+1,-1.2877915E+1,3.8345413E+3,0.0000000E+0
11230645,29/9/2021,5:13:04 AM,1.8548378E+1,-6.4203477E+0,3.8327556E+3,0.0000000E+0
11230646,29/9/2021,5:13:05 AM,1.2641838E+1,5.1805365E-1,3.8354341E+3,0.0000000E+0
11230647,29/9/2021,5:13:05 AM,7.8771410E+0,6.1996899E+0,3.8363269E+3,0.0000000E+0
11230648,29/9/2021,5:13:05 AM,3.2514241E+0,1.1343945E+1,3.8363269E+3,0.0000000E+0
11230649,29/9/2021,5:13:05 AM,-2.2262430E+0,1.7041172E+1,3.8363269E+3,0.0000000E+0
11230650,29/9/2021,5:13:05 AM,-7.4088273E+0,2.2145639E+1,3.8381123E+3,0.0000000E+0
11230651,29/9/2021,5:13:05 AM,-1.2662886E+1,2.5746992E+1,3.8363269E+3,0.0000000E+0
11230652,29/9/2021,5:13:05 AM,-1.6964531E+1,2.7977682E+1,3.8381123E+3,0.0000000E+0
11230653,29/9/2021,5:13:05 AM,-2.1011810E+1,3.0396500E+1,3.8381123E+3,0.0000000E+0
11230654,29/9/2021,5:13:05 AM,-2.3777922E+1,3.1041521E+1,3.8363269E+3,0.0000000E+0
11230655,29/9/2021,5:13:05 AM,-2.7075977E+1,3.0880266E+1,3.8381123E+3,0.0000000E+0
11230656,29/9/2021,5:13:06 AM,-2.8618618E+1,3.0477129E+1,3.8381123E+3,0.0000000E+0
11230657,29/9/2021,5:13:06 AM,-2.9788895E+1,2.7144533E+1,3.8363269E+3,0.0000000E+0
11230658,29/9/2021,5:13:06 AM,-3.3299728E+1,2.2817532E+1,3.8309702E+3,0.0000000E+0
11230659,29/9/2021,5:13:06 AM,-3.6544594E+1,1.9239777E+1,3.8327556E+3,0.0000000E+0
11230660,29/9/2021,5:13:06 AM,-3.9177719E+1,1.6916222E+1,3.8354341E+3,0.0000000E+0
11230661,29/9/2021,5:13:06 AM,-4.1544868E+1,1.4268327E+1,3.8327556E+3,0.0000000E+0
11230662,29/9/2021,5:13:06 AM,-4.3646049E+1,8.6668053E+0,3.8309702E+3,0.0000000E+0
11230663,29/9/2021,5:13:06 AM,-4.4709938E+1,3.0677247E+0,3.8291846E+3,0.0000000E+0
11230664,29/9/2021,5:13:06 AM,-4.5348274E+1,-1.7533305E+0,3.8291846E+3,0.0000000E+0
11230665,29/9/2021,5:13:06 AM,-4.4576954E+1,-6.5240307E+0,3.8291846E+3,0.0000000E+0
11230666,29/9/2021,5:13:07 AM,-4.1677856E+1,-1.1330651E+1,3.8318628E+3,0.0000000E+0
11230667,29/9/2021,5:13:07 AM,-3.8353203E+1,-1.8072681E+1,3.8282915E+3,0.0000000E+0
11230668,29/9/2021,5:13:07 AM,-3.4283829E+1,-2.6042625E+1,3.8247205E+3,0.0000000E+0
11230669,29/9/2021,5:13:07 AM,-2.9150562E+1,-3.3110954E+1,3.8273987E+3,0.0000000E+0
11230670,29/9/2021,5:13:07 AM,-2.6597227E+1,-3.7841091E+1,3.8282915E+3,0.0000000E+0
11230671,29/9/2021,5:13:07 AM,-2.2235283E+1,-4.4452534E+1,3.8273987E+3,0.0000000E+0
11230672,29/9/2021,5:13:07 AM,-1.7693310E+1,-5.2542137E+1,3.8256133E+3,0.0000000E+0
11230673,29/9/2021,5:13:07 AM,-1.3852086E+1,-6.0577999E+1,3.8238276E+3,0.0000000E+0
11230674,29/9/2021,5:13:07 AM,-1.0397615E+1,-6.7404442E+1,3.8220420E+3,0.0000000E+0
11230675,29/9/2021,5:13:07 AM,-8.5138369E+0,-7.2779602E+1,3.8202566E+3,0.0000000E+0
11230676,29/9/2021,5:13:08 AM,-6.2169952E+0,-7.6595963E+1,3.8238276E+3,0.0000000E+0
11230677,29/9/2021,5:13:08 AM,-6.8168578E+0,-7.8127884E+1,3.8238276E+3,0.0000000E+0
11230678,29/9/2021,5:13:08 AM,-9.3478565E+0,-8.1003586E+1,3.8157925E+3,0.0000000E+0
11230679,29/9/2021,5:13:08 AM,-8.6874809E+0,-8.1944237E+1,3.8211492E+3,0.0000000E+0
11230680,29/9/2021,5:13:08 AM,-9.8003836E+0,-7.9713547E+1,3.8184709E+3,0.0000000E+0
11230681,29/9/2021,5:13:08 AM,-1.5059704E+1,-7.4096512E+1,3.8211492E+3,0.0000000E+0
11230682,29/9/2021,5:13:08 AM,-1.7214474E+1,-6.7216309E+1,3.8247205E+3,0.0000000E+0
11230683,29/9/2021,5:13:08 AM,-1.9529732E+1,-6.1384266E+1,3.8238276E+3,0.0000000E+0
11230684,29/9/2021,5:13:08 AM,-2.1437366E+1,-5.7809792E+1,3.8220420E+3,0.0000000E+0
11230685,29/9/2021,5:13:08 AM,-2.3033199E+1,-5.1198349E+1,3.8220420E+3,0.0000000E+0
11230686,29/9/2021,5:13:09 AM,-2.5267366E+1,-4.2383099E+1,3.8309702E+3,0.0000000E+0
11230687,29/9/2021,5:13:09 AM,-2.6650423E+1,-3.6604805E+1,3.8273987E+3,0.0000000E+0
11230688,29/9/2021,5:13:09 AM,-2.9549519E+1,-3.2170303E+1,3.8256133E+3,0.0000000E+0
11230689,29/9/2021,5:13:09 AM,-3.2475216E+1,-2.6848900E+1,3.8265059E+3,0.0000000E+0
11230690,29/9/2021,5:13:09 AM,-3.1331535E+1,-2.1957508E+1,3.8273987E+3,0.0000000E+0
11230691,29/9/2021,5:13:09 AM,-3.2289036E+1,-1.4831934E+1,3.8309702E+3,0.0000000E+0
11230692,29/9/2021,5:13:09 AM,-3.5773273E+1,-7.5954180E+0,3.8318628E+3,0.0000000E+0
11230693,29/9/2021,5:13:09 AM,-3.8113827E+1,-2.4553006E+0,3.8318628E+3,0.0000000E+0
11230694,29/9/2021,5:13:09 AM,-4.0826744E+1,2.2639680E+0,3.8309702E+3,0.0000000E+0
11230695,29/9/2021,5:13:09 AM,-4.2262997E+1,6.6197376E+0,3.8309702E+3,0.0000000E+0
11230696,29/9/2021,5:13:10 AM,-4.2209801E+1,1.0907946E+1,3.8318628E+3,0.0000000E+0
11230697,29/9/2021,5:13:10 AM,-4.2848133E+1,1.5975102E+1,3.8363269E+3,0.0000000E+0
11230698,29/9/2021,5:13:10 AM,-4.3486469E+1,1.9221167E+1,3.8363269E+3,0.0000000E+0
11230699,29/9/2021,5:13:10 AM,-4.3114109E+1,1.9625263E+1,3.8327556E+3,0.0000000E+0
11230700,29/9/2021,5:13:10 AM,-3.9949036E+1,1.9112167E+1,3.8345413E+3,0.0000000E+0
11230701,29/9/2021,5:13:10 AM,-3.5081745E+1,1.8019510E+1,3.8336484E+3,0.0000000E+0
11230702,29/9/2021,5:13:10 AM,-3.0241047E+1,1.6389832E+1,3.8363269E+3,0.0000000E+0
11230703,29/9/2021,5:13:10 AM,-2.4655630E+1,1.3026793E+1,3.8354341E+3,0.0000000E+0
11230704,29/9/2021,5:13:10 AM,-1.8945656E+1,7.0929561E+0,3.8327556E+3,0.0000000E+0
11230705,29/9/2021,5:13:10 AM,-1.2747076E+1,5.7271194E-1,3.8309702E+3,0.0000000E+0
11230706,29/9/2021,5:13:11 AM,-6.3669610E+0,-4.1444702E+0,3.8309702E+3,0.0000000E+0
11230707,29/9/2021,5:13:11 AM,-1.0282714E+0,-7.6007347E+0,3.8327556E+3,0.0000000E+0
11230708,29/9/2021,5:13:11 AM,2.8117211E+0,-1.0479922E+1,3.8318628E+3,0.0000000E+0
11230709,29/9/2021,5:13:11 AM,5.5303106E+0,-1.4590008E+1,3.8309702E+3,0.0000000E+0
11230710,29/9/2021,5:13:11 AM,8.5848732E+0,-1.7150171E+1,3.8309702E+3,0.0000000E+0
11230711,29/9/2021,5:13:11 AM,8.9190073E+0,-1.7979633E+1,3.8291846E+3,0.0000000E+0
11230712,29/9/2021,5:13:11 AM,9.7609196E+0,-1.9029753E+1,3.8327556E+3,0.0000000E+0
11230713,29/9/2021,5:13:11 AM,1.2244560E+1,-1.9160021E+1,3.8354341E+3,0.0000000E+0
11230714,29/9/2021,5:13:11 AM,1.4152018E+1,-2.2602526E+1,3.8300774E+3,0.0000000E+0
11230715,29/9/2021,5:13:11 AM,1.5596423E+1,-2.6418886E+1,3.8291846E+3,0.0000000E+0
11230716,29/9/2021,5:13:12 AM,1.7698572E+1,-2.7413290E+1,3.8327556E+3,0.0000000E+0
11230717,29/9/2021,5:13:12 AM,2.0852226E+1,-3.0181496E+1,3.8291846E+3,0.0000000E+0
11230718,29/9/2021,5:13:12 AM,2.2554449E+1,-3.1310276E+1,3.8291846E+3,0.0000000E+0
11230719,29/9/2021,5:13:12 AM,2.3777922E+1,-3.1605909E+1,3.8336484E+3,0.0000000E+0
11230720,29/9/2021,5:13:12 AM,2.5480143E+1,-3.3567844E+1,3.8273987E+3,0.0000000E+0
11230721,29/9/2021,5:13:12 AM,2.4283268E+1,-3.3433464E+1,3.8291846E+3,0.0000000E+0
11230722,29/9/2021,5:13:12 AM,2.0905422E+1,-2.9536478E+1,3.8309702E+3,0.0000000E+0
11230723,29/9/2021,5:13:12 AM,1.8911453E+1,-2.6230757E+1,3.8327556E+3,0.0000000E+0
11230724,29/9/2021,5:13:12 AM,1.5467505E+1,-2.3059414E+1,3.8309702E+3,0.0000000E+0
11230725,29/9/2021,5:13:12 AM,8.9874125E+0,-1.8378412E+1,3.8327556E+3,0.0000000E+0
11230726,29/9/2021,5:13:13 AM,4.6521349E+0,-1.4605959E+1,3.8327556E+3,0.0000000E+0
11230727,29/9/2021,5:13:13 AM,2.9526192E-1,-1.1918186E+1,3.8309702E+3,0.0000000E+0
11230728,29/9/2021,5:13:13 AM,-5.3413987E+0,-9.1400232E+0,3.8345413E+3,0.0000000E+0
11230729,29/9/2021,5:13:13 AM,-8.1244526E+0,-8.0447092E+0,3.8345413E+3,0.0000000E+0
11230730,29/9/2021,5:13:13 AM,-1.0992216E+1,-8.7970734E+0,3.8309702E+3,0.0000000E+0
11230731,29/9/2021,5:13:13 AM,-1.5109694E+1,-8.5126104E+0,3.8327556E+3,0.0000000E+0
11230732,29/9/2021,5:13:13 AM,-1.9227171E+1,-8.7917566E+0,3.8309702E+3,0.0000000E+0
11230733,29/9/2021,5:13:13 AM,-2.1065004E+1,-1.1109993E+1,3.8309702E+3,0.0000000E+0
11230734,29/9/2021,5:13:13 AM,-2.4868408E+1,-1.1742723E+1,3.8291846E+3,0.0000000E+0
11230735,29/9/2021,5:13:13 AM,-3.0028271E+1,-1.1429017E+1,3.8291846E+3,0.0000000E+0
11230736,29/9/2021,5:13:14 AM,-3.4177437E+1,-1.2396722E+1,3.8273987E+3,0.0000000E+0
11230737,29/9/2021,5:13:14 AM,-3.7821259E+1,-1.2005919E+1,3.8291846E+3,0.0000000E+0
11230738,29/9/2021,5:13:14 AM,-4.2475773E+1,-1.1173798E+1,3.8291846E+3,0.0000000E+0
11230739,29/9/2021,5:13:14 AM,-4.5800426E+1,-1.1314700E+1,3.8273987E+3,0.0000000E+0
11230740,29/9/2021,5:13:14 AM,-4.9045288E+1,-1.0591580E+1,3.8309702E+3,0.0000000E+0
11230741,29/9/2021,5:13:14 AM,-5.1066681E+1,-1.1131262E+1,3.8273987E+3,0.0000000E+0
11230742,29/9/2021,5:13:14 AM,-5.2369942E+1,-1.2053772E+1,3.8291846E+3,0.0000000E+0
11230743,29/9/2021,5:13:14 AM,-5.1465637E+1,-1.4103497E+1,3.8291846E+3,0.0000000E+0
11230744,29/9/2021,5:13:14 AM,-5.0348549E+1,-1.7126245E+1,3.8291846E+3,0.0000000E+0
11230745,29/9/2021,5:13:14 AM,-4.9178272E+1,-2.0295212E+1,3.8273987E+3,0.0000000E+0
11230746,29/9/2021,5:13:15 AM,-4.6704731E+1,-2.3865688E+1,3.8273987E+3,0.0000000E+0
11230747,29/9/2021,5:13:15 AM,-4.5720634E+1,-2.7037029E+1,3.8256133E+3,0.0000000E+0
11230748,29/9/2021,5:13:15 AM,-4.5082298E+1,-2.9509602E+1,3.8273987E+3,0.0000000E+0
11230749,29/9/2021,5:13:15 AM,-4.4656746E+1,-3.2412186E+1,3.8256133E+3,0.0000000E+0
11230750,29/9/2021,5:13:15 AM,-4.4550354E+1,-3.5153515E+1,3.8256133E+3,0.0000000E+0
11230751,29/9/2021,5:13:15 AM,-4.5268482E+1,-3.5610401E+1,3.8273987E+3,0.0000000E+0
11230752,29/9/2021,5:13:15 AM,-4.6412163E+1,-3.5529774E+1,3.8256133E+3,0.0000000E+0
11230753,29/9/2021,5:13:15 AM,-4.6146191E+1,-3.6336048E+1,3.8238276E+3,0.0000000E+0
11230754,29/9/2021,5:13:15 AM,-4.5454662E+1,-3.7276699E+1,3.8256133E+3,0.0000000E+0
11230755,29/9/2021,5:13:15 AM,-4.2768341E+1,-3.7115444E+1,3.8265059E+3,0.0000000E+0
11230756,29/9/2021,5:13:16 AM,-4.0028828E+1,-3.7115444E+1,3.8256133E+3,0.0000000E+0
11230757,29/9/2021,5:13:16 AM,-3.9124519E+1,-3.7679836E+1,3.8247205E+3,0.0000000E+0
11230758,29/9/2021,5:13:16 AM,-3.4097645E+1,-3.9722397E+1,3.8265059E+3,0.0000000E+0
11230759,29/9/2021,5:13:16 AM,-2.8299450E+1,-4.2060585E+1,3.8247205E+3,0.0000000E+0
11230760,29/9/2021,5:13:16 AM,-2.4256672E+1,-4.3700012E+1,3.8247205E+3,0.0000000E+0
11230761,29/9/2021,5:13:16 AM,-2.0400074E+1,-4.5016922E+1,3.8238276E+3,0.0000000E+0
11230762,29/9/2021,5:13:16 AM,-1.5114954E+1,-4.5715691E+1,3.8256133E+3,0.0000000E+0
11230763,29/9/2021,5:13:16 AM,-1.1047467E+1,-4.5070675E+1,3.8265059E+3,0.0000000E+0
11230764,29/9/2021,5:13:16 AM,-7.5982575E+0,-4.4586910E+1,3.8273987E+3,0.0000000E+0
11230765,29/9/2021,5:13:16 AM,-4.3859367E+0,-4.4318153E+1,3.8273987E+3,0.0000000E+0
11230766,29/9/2021,5:13:17 AM,-1.7104834E+0,-4.2033714E+1,3.8256133E+3,0.0000000E+0
11230767,29/9/2021,5:13:17 AM,-7.2377425E-1,-3.7733589E+1,3.8300774E+3,0.0000000E+0
11230768,29/9/2021,5:13:17 AM,1.0441951E+0,-3.5153515E+1,3.8291846E+3,0.0000000E+0
11230769,29/9/2021,5:13:17 AM,3.3861077E+0,-3.2492813E+1,3.8291846E+3,0.0000000E+0
11230770,29/9/2021,5:13:17 AM,4.6109376E+0,-2.9133341E+1,3.8291846E+3,0.0000000E+0
11230771,29/9/2021,5:13:17 AM,5.4619055E+0,-2.5800745E+1,3.8291846E+3,0.0000000E+0
11230772,29/9/2021,5:13:17 AM,6.8194890E+0,-2.2360643E+1,3.8309702E+3,0.0000000E+0
11230773,29/9/2021,5:13:17 AM,7.6956034E+0,-1.8604387E+1,3.8309702E+3,0.0000000E+0
11230774,29/9/2021,5:13:17 AM,8.9689960E+0,-1.4034375E+1,3.8327556E+3,0.0000000E+0
11230775,29/9/2021,5:13:17 AM,8.8242912E+0,-1.0673995E+1,3.8318628E+3,0.0000000E+0
11230776,29/9/2021,5:13:18 AM,8.4217529E+0,-8.5710983E+0,3.8309702E+3,0.0000000E+0
11230777,29/9/2021,5:13:18 AM,9.1084375E+0,-3.8778858E+0,3.8336484E+3,0.0000000E+0
11230778,29/9/2021,5:13:18 AM,8.6427546E+0,1.8028486E+0,3.8354341E+3,0.0000000E+0
11230779,29/9/2021,5:13:18 AM,7.7008657E+0,5.1475654E+0,3.8363269E+3,0.0000000E+0
11230780,29/9/2021,5:13:18 AM,7.6561394E+0,8.1537094E+0,3.8363269E+3,0.0000000E+0
11230781,29/9/2021,5:13:18 AM,5.2296906E+0,1.2955012E+1,3.8381123E+3,0.0000000E+0
11230782,29/9/2021,5:13:18 AM,2.2476339E+0,1.6621124E+1,3.8363269E+3,0.0000000E+0
11230783,29/9/2021,5:13:18 AM,-5.6202668E-1,1.9816677E+1,3.8381123E+3,0.0000000E+0
11230784,29/9/2021,5:13:18 AM,-3.4233437E+0,2.2253141E+1,3.8381123E+3,0.0000000E+0
11230785,29/9/2021,5:13:18 AM,-8.4112282E+0,2.3650682E+1,3.8381123E+3,0.0000000E+0
11230786,29/9/2021,5:13:19 AM,-1.2131429E+1,2.3247545E+1,3.8381123E+3,0.0000000E+0
11230787,29/9/2021,5:13:19 AM,-1.3736322E+1,2.0963104E+1,3.8363269E+3,0.0000000E+0
11230788,29/9/2021,5:13:19 AM,-1.5428041E+1,1.7256514E+1,3.8327556E+3,0.0000000E+0
11230789,29/9/2021,5:13:19 AM,-1.5841105E+1,1.4302888E+1,3.8354341E+3,0.0000000E+0
11230790,29/9/2021,5:13:19 AM,-1.6546206E+1,1.1548651E+1,3.8354341E+3,0.0000000E+0
11230791,29/9/2021,5:13:19 AM,-1.6038427E+1,6.2023487E+0,3.8318628E+3,0.0000000E+0
11230792,29/9/2021,5:13:19 AM,-1.5625364E+1,7.9321140E-1,3.8327556E+3,0.0000000E+0
11230793,29/9/2021,5:13:19 AM,-1.5701661E+1,-4.1564789E+0,3.8309702E+3,0.0000000E+0
11230794,29/9/2021,5:13:19 AM,-1.5848996E+1,-7.7575879E+0,3.8327556E+3,0.0000000E+0
11230795,29/9/2021,5:13:19 AM,-1.7098709E+1,-1.1285457E+1,3.8309702E+3,0.0000000E+0
11230796,29/9/2021,5:13:20 AM,-1.7648582E+1,-1.5560371E+1,3.8309702E+3,0.0000000E+0
11230797,29/9/2021,5:13:20 AM,-1.9619184E+1,-1.9340799E+1,3.8291846E+3,0.0000000E+0
11230798,29/9/2021,5:13:20 AM,-2.1969311E+1,-2.3677559E+1,3.8273987E+3,0.0000000E+0
11230799,29/9/2021,5:13:20 AM,-2.3219379E+1,-2.6607018E+1,3.8291846E+3,0.0000000E+0
11230800,29/9/2021,5:13:20 AM,-2.5985493E+1,-2.7923931E+1,3.8291846E+3,0.0000000E+0
11230801,29/9/2021,5:13:20 AM,-2.8113268E+1,-3.1847792E+1,3.8256133E+3,0.0000000E+0
11230802,29/9/2021,5:13:20 AM,-2.8459034E+1,-3.5825409E+1,3.8273987E+3,0.0000000E+0
11230803,29/9/2021,5:13:20 AM,-2.8778202E+1,-4.0179283E+1,3.8256133E+3,0.0000000E+0
11230804,29/9/2021,5:13:20 AM,-2.8804796E+1,-4.3834389E+1,3.8256133E+3,0.0000000E+0
11230805,29/9/2021,5:13:20 AM,-2.7740908E+1,-4.7677628E+1,3.8256133E+3,0.0000000E+0
11230806,29/9/2021,5:13:21 AM,-2.6996185E+1,-5.0795216E+1,3.8238276E+3,0.0000000E+0
11230807,29/9/2021,5:13:21 AM,-2.6251463E+1,-5.4289066E+1,3.8220420E+3,0.0000000E+0
11230808,29/9/2021,5:13:21 AM,-2.5772713E+1,-5.7137897E+1,3.8220420E+3,0.0000000E+0
11230809,29/9/2021,5:13:21 AM,-2.5613132E+1,-5.8831070E+1,3.8202566E+3,0.0000000E+0
11230810,29/9/2021,5:13:21 AM,-2.6012089E+1,-5.8293556E+1,3.8238276E+3,0.0000000E+0
11230811,29/9/2021,5:13:21 AM,-2.6278063E+1,-5.7487282E+1,3.8220420E+3,0.0000000E+0
11230812,29/9/2021,5:13:21 AM,-2.7288755E+1,-5.4557823E+1,3.8238276E+3,0.0000000E+0
11230813,29/9/2021,5:13:21 AM,-2.8485630E+1,-5.1278980E+1,3.8238276E+3,0.0000000E+0
11230814,29/9/2021,5:13:21 AM,-2.8379242E+1,-4.8000134E+1,3.8256133E+3,0.0000000E+0
11230815,29/9/2021,5:13:21 AM,-2.9097366E+1,-4.4345028E+1,3.8256133E+3,0.0000000E+0
11230816,29/9/2021,5:13:22 AM,-2.9443132E+1,-4.1388695E+1,3.8247205E+3,0.0000000E+0
11230817,29/9/2021,5:13:22 AM,-2.9177158E+1,-3.7411079E+1,3.8291846E+3,0.0000000E+0
11230818,29/9/2021,5:13:22 AM,-2.8326050E+1,-3.4804127E+1,3.8256133E+3,0.0000000E+0
11230819,29/9/2021,5:13:22 AM,-2.7102575E+1,-3.3030327E+1,3.8256133E+3,0.0000000E+0
11230820,29/9/2021,5:13:22 AM,-2.7155769E+1,-2.9294596E+1,3.8273987E+3,0.0000000E+0
11230821,29/9/2021,5:13:22 AM,-2.6198271E+1,-2.6660769E+1,3.8273987E+3,0.0000000E+0
11230822,29/9/2021,5:13:22 AM,-2.5054588E+1,-2.3435675E+1,3.8273987E+3,0.0000000E+0
11230823,29/9/2021,5:13:22 AM,-2.4283268E+1,-1.9930994E+1,3.8282915E+3,0.0000000E+0
11230824,29/9/2021,5:13:22 AM,-2.4097088E+1,-1.5517835E+1,3.8291846E+3,0.0000000E+0
11230825,29/9/2021,5:13:22 AM,-2.5027990E+1,-1.1556626E+1,3.8282915E+3,0.0000000E+0
11230826,29/9/2021,5:13:23 AM,-2.4309866E+1,-7.3269067E+0,3.8309702E+3,0.0000000E+0
11230827,29/9/2021,5:13:23 AM,-2.3219379E+1,-1.5818902E+0,3.8327556E+3,0.0000000E+0
11230828,29/9/2021,5:13:23 AM,-2.2900213E+1,2.6138103E+0,3.8327556E+3,0.0000000E+0
11230829,29/9/2021,5:13:23 AM,-2.1065004E+1,5.1051354E+0,3.8336484E+3,0.0000000E+0
11230830,29/9/2021,5:13:23 AM,-1.7932730E+1,7.8453197E+0,3.8345413E+3,0.0000000E+0
11230831,29/9/2021,5:13:23 AM,-1.5706923E+1,1.0833507E+1,3.8354341E+3,0.0000000E+0
11230832,29/9/2021,5:13:23 AM,-1.2699719E+1,1.2069723E+1,3.8354341E+3,0.0000000E+0
11230833,29/9/2021,5:13:23 AM,-8.5454092E+0,1.3050720E+1,3.8381123E+3,0.0000000E+0
11230834,29/9/2021,5:13:23 AM,-5.2185988E+0,1.2941720E+1,3.8363269E+3,0.0000000E+0
11230835,29/9/2021,5:13:23 AM,-3.1096098E+0,1.1928821E+1,3.8363269E+3,0.0000000E+0
11230836,29/9/2021,5:13:24 AM,-5.5754107E-1,1.0214069E+1,3.8363269E+3,0.0000000E+0
11230837,29/9/2021,5:13:24 AM,1.4411160E+0,7.3667841E+0,3.8345413E+3,0.0000000E+0
11230838,29/9/2021,5:13:24 AM,2.4274764E+0,4.6464181E+0,3.8345413E+3,0.0000000E+0
11230839,29/9/2021,5:13:24 AM,3.3037131E+0,2.5649765E+0,3.8345413E+3,0.0000000E+0
11230840,29/9/2021,5:13:24 AM,1.2905872E+0,-4.2046869E-1,3.8327556E+3,0.0000000E+0
11230841,29/9/2021,5:13:24 AM,1.5076658E+0,-4.2829661E+0,3.8327556E+3,0.0000000E+0
11230842,29/9/2021,5:13:24 AM,1.8586357E+0,-5.6706429E+0,3.8345413E+3,0.0000000E+0
11230843,29/9/2021,5:13:24 AM,-1.5805352E-1,-6.8510299E+0,3.8345413E+3,0.0000000E+0
11230844,29/9/2021,5:13:24 AM,-9.2668444E-1,-1.1508773E+1,3.8309702E+3,0.0000000E+0
11230845,29/9/2021,5:13:24 AM,2.6122367E-2,-1.5927248E+1,3.8309702E+3,0.0000000E+0
11230846,29/9/2021,5:13:25 AM,4.4856589E-2,-1.8274731E+1,3.8327556E+3,0.0000000E+0
11230847,29/9/2021,5:13:25 AM,-8.0214135E-2,-2.2199390E+1,3.8318628E+3,0.0000000E+0
11230848,29/9/2021,5:13:25 AM,6.4435172E-1,-2.8085186E+1,3.8309702E+3,0.0000000E+0
11230849,29/9/2021,5:13:25 AM,1.2224530E+0,-3.3164707E+1,3.8291846E+3,0.0000000E+0
11230850,29/9/2021,5:13:25 AM,-1.8971698E-1,-3.6927315E+1,3.8291846E+3,0.0000000E+0
11230851,29/9/2021,5:13:25 AM,-1.3179921E+0,-4.1388695E+1,3.8282915E+3,0.0000000E+0
11230852,29/9/2021,5:13:25 AM,-5.3421912E+0,-4.4130020E+1,3.8265059E+3,0.0000000E+0
11230853,29/9/2021,5:13:25 AM,-9.0716038E+0,-4.6065079E+1,3.8273987E+3,0.0000000E+0
11230854,29/9/2021,5:13:25 AM,-1.5212300E+1,-4.7785126E+1,3.8238276E+3,0.0000000E+0
11230855,29/9/2021,5:13:25 AM,-2.0852226E+1,-4.9558929E+1,3.8238276E+3,0.0000000E+0
11230856,29/9/2021,5:13:26 AM,-2.6863199E+1,-4.9854561E+1,3.8220420E+3,0.0000000E+0
11230857,29/9/2021,5:13:26 AM,-3.3512508E+1,-4.8242016E+1,3.8220420E+3,0.0000000E+0
11230858,29/9/2021,5:13:26 AM,-4.0188412E+1,-4.6253208E+1,3.8238276E+3,0.0000000E+0
11230859,29/9/2021,5:13:26 AM,-4.4576954E+1,-4.5366310E+1,3.8220420E+3,0.0000000E+0
11230860,29/9/2021,5:13:26 AM,-4.7289871E+1,-4.3673134E+1,3.8220420E+3,0.0000000E+0
11230861,29/9/2021,5:13:26 AM,-4.8034592E+1,-4.0716801E+1,3.8238276E+3,0.0000000E+0
11230862,29/9/2021,5:13:26 AM,-4.9736816E+1,-3.7867966E+1,3.8238276E+3,0.0000000E+0
11230863,29/9/2021,5:13:26 AM,-4.7449455E+1,-3.5422272E+1,3.8247205E+3,0.0000000E+0
11230864,29/9/2021,5:13:26 AM,-4.5694035E+1,-3.1552160E+1,3.8273987E+3,0.0000000E+0
11230865,29/9/2021,5:13:26 AM,-4.3087509E+1,-2.9321468E+1,3.8256133E+3,0.0000000E+0
11230866,29/9/2021,5:13:27 AM,-4.0454384E+1,-2.7037029E+1,3.8256133E+3,0.0000000E+0
11230867,29/9/2021,5:13:27 AM,-3.7714870E+1,-2.3704433E+1,3.8282915E+3,0.0000000E+0
11230868,29/9/2021,5:13:27 AM,-3.5587090E+1,-2.0371838E+1,3.8291846E+3,0.0000000E+0
11230869,29/9/2021,5:13:27 AM,-3.3778477E+1,-1.7227268E+1,3.8291846E+3,0.0000000E+0
11230870,29/9/2021,5:13:27 AM,-3.4735981E+1,-1.3196939E+1,3.8291846E+3,0.0000000E+0
11230871,29/9/2021,5:13:27 AM,-3.4124245E+1,-9.8126316E+0,3.8291846E+3,0.0000000E+0
11230872,29/9/2021,5:13:27 AM,-3.3725285E+1,-7.2604432E+0,3.8300774E+3,0.0000000E+0
11230873,29/9/2021,5:13:27 AM,-3.2129452E+1,-3.6088994E+0,3.8318628E+3,0.0000000E+0
11230874,29/9/2021,5:13:27 AM,-3.0959173E+1,-2.6929194E-1,3.8327556E+3,0.0000000E+0
11230875,29/9/2021,5:13:27 AM,-2.9017574E+1,1.0711418E+0,3.8309702E+3,0.0000000E+0
11230876,29/9/2021,5:13:28 AM,-2.5134380E+1,1.5738900E+0,3.8318628E+3,0.0000000E+0
11230877,29/9/2021,5:13:28 AM,-1.9598137E+1,1.2416599E+0,3.8309702E+3,0.0000000E+0
11230878,29/9/2021,5:13:28 AM,-1.2607635E+1,1.7275964E+0,3.8345413E+3,0.0000000E+0
11230879,29/9/2021,5:13:28 AM,-4.9421010E+0,7.3535359E-1,3.8345413E+3,0.0000000E+0
11230880,29/9/2021,5:13:28 AM,1.8744808E+0,-1.6714762E+0,3.8336484E+3,0.0000000E+0
11230881,29/9/2021,5:13:28 AM,9.6872520E+0,-3.8858912E+0,3.8354341E+3,0.0000000E+0
11230882,29/9/2021,5:13:28 AM,1.6167345E+1,-5.7636914E+0,3.8345413E+3,0.0000000E+0
11230883,29/9/2021,5:13:28 AM,2.1065004E+1,-7.9410272E+0,3.8363269E+3,0.0000000E+0
11230884,29/9/2021,5:13:28 AM,2.4974796E+1,-1.0394849E+1,3.8363269E+3,0.0000000E+0
11230885,29/9/2021,5:13:28 AM,2.6836601E+1,-1.2721063E+1,3.8336484E+3,0.0000000E+0
11230886,29/9/2021,5:13:29 AM,2.5799311E+1,-1.4358717E+1,3.8354341E+3,0.0000000E+0
11230887,29/9/2021,5:13:29 AM,2.3485352E+1,-1.5871419E+1,3.8327556E+3,0.0000000E+0
11230888,29/9/2021,5:13:29 AM,2.0095390E+1,-1.7841389E+1,3.8327556E+3,0.0000000E+0
11230889,29/9/2021,5:13:29 AM,1.5480659E+1,-1.8726679E+1,3.8318628E+3,0.0000000E+0
11230890,29/9/2021,5:13:29 AM,1.1176384E+1,-1.8747948E+1,3.8336484E+3,0.0000000E+0
11230891,29/9/2021,5:13:29 AM,5.7776222E+0,-1.9550823E+1,3.8300774E+3,0.0000000E+0
11230892,29/9/2021,5:13:29 AM,-2.2164433E-1,-2.0963104E+1,3.8273987E+3,0.0000000E+0
11230893,29/9/2021,5:13:29 AM,-2.7324955E+0,-2.1930634E+1,3.8300774E+3,0.0000000E+0
11230894,29/9/2021,5:13:29 AM,-2.9527431E+0,-2.2817532E+1,3.8291846E+3,0.0000000E+0
11230895,29/9/2021,5:13:29 AM,-4.3281016E+0,-2.2898159E+1,3.8318628E+3,0.0000000E+0
11230896,29/9/2021,5:13:30 AM,-6.1117558E+0,-2.4779465E+1,3.8282915E+3,0.0000000E+0
11230897,29/9/2021,5:13:30 AM,-7.5561624E+0,-2.6553267E+1,3.8291846E+3,0.0000000E+0
11230898,29/9/2021,5:13:30 AM,-8.7374697E+0,-2.7010155E+1,3.8273987E+3,0.0000000E+0
11230899,29/9/2021,5:13:30 AM,-1.1100086E+1,-2.5666365E+1,3.8309702E+3,0.0000000E+0
11230900,29/9/2021,5:13:30 AM,-1.3752110E+1,-2.4403204E+1,3.8309702E+3,0.0000000E+0
11230901,29/9/2021,5:13:30 AM,-1.9837555E+1,-2.3032539E+1,3.8300774E+3,0.0000000E+0
11230902,29/9/2021,5:13:30 AM,-2.7501532E+1,-2.1903755E+1,3.8282915E+3,0.0000000E+0
11230903,29/9/2021,5:13:30 AM,-3.5321117E+1,-1.9540190E+1,3.8282915E+3,0.0000000E+0
11230904,29/9/2021,5:13:30 AM,-4.1943829E+1,-1.7232586E+1,3.8291846E+3,0.0000000E+0
11230905,29/9/2021,5:13:30 AM,-4.8460152E+1,-1.5044618E+1,3.8291846E+3,0.0000000E+0
11230906,29/9/2021,5:13:31 AM,-5.4816887E+1,-1.4015766E+1,3.8291846E+3,0.0000000E+0
11230907,29/9/2021,5:13:31 AM,-6.0029942E+1,-1.5196154E+1,3.8256133E+3,0.0000000E+0
11230908,29/9/2021,5:13:31 AM,-6.3460983E+1,-1.6368565E+1,3.8247205E+3,0.0000000E+0
11230909,29/9/2021,5:13:31 AM,-6.3460983E+1,-1.8250803E+1,3.8256133E+3,0.0000000E+0
11230910,29/9/2021,5:13:31 AM,-6.0482094E+1,-2.0801849E+1,3.8256133E+3,0.0000000E+0
11230911,29/9/2021,5:13:31 AM,-5.7343624E+1,-2.4618210E+1,3.8247205E+3,0.0000000E+0
11230912,29/9/2021,5:13:31 AM,-5.3566818E+1,-2.7977682E+1,3.8229348E+3,0.0000000E+0
11230913,29/9/2021,5:13:31 AM,-4.8433552E+1,-2.9778357E+1,3.8256133E+3,0.0000000E+0
11230914,29/9/2021,5:13:31 AM,-4.2156605E+1,-2.9805235E+1,3.8256133E+3,0.0000000E+0
11230915,29/9/2021,5:13:31 AM,-3.6730770E+1,-2.9858984E+1,3.8273987E+3,0.0000000E+0
11230916,29/9/2021,5:13:32 AM,-3.2156048E+1,-3.0692133E+1,3.8273987E+3,0.0000000E+0
11230917,29/9/2021,5:13:32 AM,-2.8246258E+1,-3.0611506E+1,3.8273987E+3,0.0000000E+0
11230918,29/9/2021,5:13:32 AM,-2.5666325E+1,-2.9590229E+1,3.8282915E+3,0.0000000E+0
11230919,29/9/2021,5:13:32 AM,-2.3139589E+1,-2.8595825E+1,3.8291846E+3,0.0000000E+0
11230920,29/9/2021,5:13:32 AM,-2.1330976E+1,-2.7225161E+1,3.8309702E+3,0.0000000E+0
11230921,29/9/2021,5:13:32 AM,-2.0080908E+1,-2.8004559E+1,3.8291846E+3,0.0000000E+0
11230922,29/9/2021,5:13:32 AM,-1.8364210E+1,-2.8864582E+1,3.8282915E+3,0.0000000E+0
11230923,29/9/2021,5:13:32 AM,-1.6038427E+1,-2.9455851E+1,3.8282915E+3,0.0000000E+0
11230924,29/9/2021,5:13:32 AM,-1.4743988E+1,-2.9240841E+1,3.8291846E+3,0.0000000E+0
11230925,29/9/2021,5:13:32 AM,-1.1428958E+1,-2.9805235E+1,3.8291846E+3,0.0000000E+0
11230926,29/9/2021,5:13:33 AM,-7.9902725E+0,-3.1122149E+1,3.8273987E+3,0.0000000E+0
11230927,29/9/2021,5:13:33 AM,-5.2154298E+0,-3.2224052E+1,3.8282915E+3,0.0000000E+0
11230928,29/9/2021,5:13:33 AM,-1.6780009E+0,-3.2734695E+1,3.8273987E+3,0.0000000E+0
11230929,29/9/2021,5:13:33 AM,5.7548362E-1,-3.1444658E+1,3.8282915E+3,0.0000000E+0
11230930,29/9/2021,5:13:33 AM,1.9037944E+0,-2.8730204E+1,3.8309702E+3,0.0000000E+0
11230931,29/9/2021,5:13:33 AM,3.1983428E+0,-2.7493917E+1,3.8291846E+3,0.0000000E+0
11230932,29/9/2021,5:13:33 AM,4.5055671E+0,-2.5854496E+1,3.8291846E+3,0.0000000E+0
11230933,29/9/2021,5:13:33 AM,4.1213226E+0,-2.2898159E+1,3.8309702E+3,0.0000000E+0
11230934,29/9/2021,5:13:33 AM,4.1387520E+0,-1.9335484E+1,3.8327556E+3,0.0000000E+0
11230935,29/9/2021,5:13:33 AM,2.8671792E+0,-1.5374274E+1,3.8327556E+3,0.0000000E+0
11230936,29/9/2021,5:13:34 AM,6.6546071E-1,-1.2960330E+1,3.8327556E+3,0.0000000E+0
11230937,29/9/2021,5:13:34 AM,8.0240518E-1,-1.1841089E+1,3.8327556E+3,0.0000000E+0
11230938,29/9/2021,5:13:34 AM,5.1347601E-1,-1.0083801E+1,3.8327556E+3,0.0000000E+0
11230939,29/9/2021,5:13:34 AM,-9.3591958E-1,-8.6003428E+0,3.8327556E+3,0.0000000E+0
11230940,29/9/2021,5:13:34 AM,-2.0701685E+0,-7.9569778E+0,3.8327556E+3,0.0000000E+0
11230941,29/9/2021,5:13:34 AM,-2.7111044E+0,-7.8984900E+0,3.8327556E+3,0.0000000E+0
11230942,29/9/2021,5:13:34 AM,-3.9874310E+0,-7.5449057E+0,3.8309702E+3,0.0000000E+0
11230943,29/9/2021,5:13:34 AM,-5.0031047E+0,-6.9626880E+0,3.8318628E+3,0.0000000E+0
11230944,29/9/2021,5:13:34 AM,-5.8170872E+0,-6.3884459E+0,3.8309702E+3,0.0000000E+0
11230945,29/9/2021,5:13:34 AM,-7.6587696E+0,-5.3557091E+0,3.8309702E+3,0.0000000E+0
11230946,29/9/2021,5:13:35 AM,-8.4954195E+0,-4.4967146E+0,3.8318628E+3,0.0000000E+0
11230947,29/9/2021,5:13:35 AM,-9.5846443E+0,-2.9908714E+0,3.8318628E+3,0.0000000E+0
11230948,29/9/2021,5:13:35 AM,-1.0918549E+1,-1.6488130E+0,3.8327556E+3,0.0000000E+0
11230949,29/9/2021,5:13:35 AM,-1.2068285E+1,-2.6075989E-1,3.8327556E+3,0.0000000E+0
11230950,29/9/2021,5:13:35 AM,-1.2776018E+1,4.5859617E-1,3.8327556E+3,0.0000000E+0
11230951,29/9/2021,5:13:35 AM,-1.3207497E+1,1.1598217E-1,3.8318628E+3,0.0000000E+0
11230952,29/9/2021,5:13:35 AM,-1.2518182E+1,1.0718352E-1,3.8345413E+3,0.0000000E+0
11230953,29/9/2021,5:13:35 AM,-1.2199834E+1,-1.7810595E-1,3.8345413E+3,0.0000000E+0
11230954,29/9/2021,5:13:35 AM,-1.2302442E+1,-1.0150440E+0,3.8336484E+3,0.0000000E+0
11230955,29/9/2021,5:13:35 AM,-1.3670549E+1,-2.3864527E+0,3.8345413E+3,0.0000000E+0
11230956,29/9/2021,5:13:36 AM,-1.4112553E+1,-5.0210776E+0,3.8318628E+3,0.0000000E+0
11230957,29/9/2021,5:13:36 AM,-1.5714817E+1,-8.1138315E+0,3.8318628E+3,0.0000000E+0
11230958,29/9/2021,5:13:36 AM,-1.6559361E+1,-1.0264581E+1,3.8318628E+3,0.0000000E+0
11230959,29/9/2021,5:13:36 AM,-1.8243185E+1,-1.2542941E+1,3.8327556E+3,0.0000000E+0
11230960,29/9/2021,5:13:36 AM,-2.1862921E+1,-1.6248930E+1,3.8282915E+3,0.0000000E+0
11230961,29/9/2021,5:13:36 AM,-2.4549240E+1,-1.9643873E+1,3.8291846E+3,0.0000000E+0
11230962,29/9/2021,5:13:36 AM,-2.7927090E+1,-2.1151236E+1,3.8291846E+3,0.0000000E+0
11230963,29/9/2021,5:13:36 AM,-3.1597506E+1,-2.4645084E+1,3.8256133E+3,0.0000000E+0
11230964,29/9/2021,5:13:36 AM,-3.2874172E+1,-2.7440166E+1,3.8291846E+3,0.0000000E+0
11230965,29/9/2021,5:13:36 AM,-3.4310425E+1,-3.0880266E+1,3.8256133E+3,0.0000000E+0
11230966,29/9/2021,5:13:37 AM,-3.6198826E+1,-3.3917229E+1,3.8256133E+3,0.0000000E+0
11230967,29/9/2021,5:13:37 AM,-3.5613689E+1,-3.7894844E+1,3.8247205E+3,0.0000000E+0
11230968,29/9/2021,5:13:37 AM,-3.4177437E+1,-4.0958683E+1,3.8247205E+3,0.0000000E+0
11230969,29/9/2021,5:13:37 AM,-3.2847576E+1,-4.3646255E+1,3.8256133E+3,0.0000000E+0
11230970,29/9/2021,5:13:37 AM,-3.1491119E+1,-4.6172581E+1,3.8238276E+3,0.0000000E+0
11230971,29/9/2021,5:13:37 AM,-2.9150562E+1,-4.8806408E+1,3.8247205E+3,0.0000000E+0
11230972,29/9/2021,5:13:37 AM,-2.7634520E+1,-5.0741463E+1,3.8220420E+3,0.0000000E+0
11230973,29/9/2021,5:13:37 AM,-2.6437645E+1,-5.0257698E+1,3.8256133E+3,0.0000000E+0
11230974,29/9/2021,5:13:37 AM,-2.5559935E+1,-4.8887035E+1,3.8238276E+3,0.0000000E+0
11230975,29/9/2021,5:13:37 AM,-2.6118479E+1,-4.6763851E+1,3.8256133E+3,0.0000000E+0
11230976,29/9/2021,5:13:38 AM,-2.6198271E+1,-4.3162495E+1,3.8273987E+3,0.0000000E+0
11230977,29/9/2021,5:13:38 AM,-2.7927090E+1,-3.9346134E+1,3.8273987E+3,0.0000000E+0
11230978,29/9/2021,5:13:38 AM,-3.0214453E+1,-3.7599209E+1,3.8238276E+3,0.0000000E+0
11230979,29/9/2021,5:13:38 AM,-2.9602716E+1,-3.4454742E+1,3.8273987E+3,0.0000000E+0
11230980,29/9/2021,5:13:38 AM,-3.0241047E+1,-3.0315872E+1,3.8300774E+3,0.0000000E+0
11230981,29/9/2021,5:13:38 AM,-2.9921881E+1,-2.8783953E+1,3.8256133E+3,0.0000000E+0
11230982,29/9/2021,5:13:38 AM,-2.9549519E+1,-2.7708925E+1,3.8256133E+3,0.0000000E+0
11230983,29/9/2021,5:13:38 AM,-2.8592020E+1,-2.5263227E+1,3.8247205E+3,0.0000000E+0
11230984,29/9/2021,5:13:38 AM,-2.5746117E+1,-2.2145639E+1,3.8291846E+3,0.0000000E+0
11230985,29/9/2021,5:13:38 AM,-2.1118198E+1,-1.8543242E+1,3.8318628E+3,0.0000000E+0
11230986,29/9/2021,5:13:39 AM,-1.7777502E+1,-1.6684929E+1,3.8291846E+3,0.0000000E+0
11230987,29/9/2021,5:13:39 AM,-1.5299123E+1,-1.5097788E+1,3.8291846E+3,0.0000000E+0
11230988,29/9/2021,5:13:39 AM,-1.2191941E+1,-1.1997943E+1,3.8309702E+3,0.0000000E+0
11230989,29/9/2021,5:13:39 AM,-8.7453623E+0,-8.7784634E+0,3.8309702E+3,0.0000000E+0
11230990,29/9/2021,5:13:39 AM,-6.3616991E+0,-4.6864457E+0,3.8363269E+3,0.0000000E+0
11230991,29/9/2021,5:13:39 AM,-4.6790719E+0,-1.2376764E+0,3.8363269E+3,0.0000000E+0
11230992,29/9/2021,5:13:39 AM,-4.9500237E+0,3.0395325E-2,3.8345413E+3,0.0000000E+0
11230993,29/9/2021,5:13:39 AM,-6.1617451E+0,1.7940425E+0,3.8345413E+3,0.0000000E+0
11230994,29/9/2021,5:13:39 AM,-6.7142496E+0,3.1213617E+0,3.8363269E+3,0.0000000E+0
11230995,29/9/2021,5:13:39 AM,-7.6956034E+0,4.3237948E+0,3.8363269E+3,0.0000000E+0
11230996,29/9/2021,5:13:40 AM,-8.3428240E+0,4.7280746E+0,3.8372195E+3,0.0000000E+0
11230997,29/9/2021,5:13:40 AM,-1.0181875E+1,2.8323617E+0,3.8336484E+3,0.0000000E+0
11230998,29/9/2021,5:13:40 AM,-1.1776246E+1,-1.0547712E+0,3.8309702E+3,0.0000000E+0
11230999,29/9/2021,5:13:40 AM,-1.0773845E+1,-4.9154043E+0,3.8309702E+3,0.0000000E+0
11231000,29/9/2021,5:13:40 AM,-1.0342364E+1,-6.7739325E+0,3.8309702E+3,0.0000000E+0
11231001,29/9/2021,5:13:40 AM,-8.8348160E+0,-9.3659983E+0,3.8327556E+3,0.0000000E+0
11231002,29/9/2021,5:13:40 AM,-7.3509459E+0,-1.3438865E+1,3.8309702E+3,0.0000000E+0
11231003,29/9/2021,5:13:40 AM,-6.7379289E+0,-1.7676561E+1,3.8256133E+3,0.0000000E+0
11231004,29/9/2021,5:13:40 AM,-5.8723378E+0,-2.0050627E+1,3.8291846E+3,0.0000000E+0
11231005,29/9/2021,5:13:40 AM,-3.0826733E+0,-2.1312490E+1,3.8309702E+3,0.0000000E+0
11231006,29/9/2021,5:13:41 AM,-8.6837083E-1,-2.2065010E+1,3.8318628E+3,0.0000000E+0
11231007,29/9/2021,5:13:41 AM,-4.3748367E-1,-2.4026943E+1,3.8291846E+3,0.0000000E+0
11231008,29/9/2021,5:13:41 AM,1.2876479E-1,-2.5478235E+1,3.8291846E+3,0.0000000E+0
11231009,29/9/2021,5:13:41 AM,-2.5568256E-1,-2.5451359E+1,3.8291846E+3,0.0000000E+0
11231010,29/9/2021,5:13:41 AM,-1.4586308E+0,-2.4188196E+1,3.8309702E+3,0.0000000E+0
11231011,29/9/2021,5:13:41 AM,-2.2397113E+0,-2.2602526E+1,3.8345413E+3,0.0000000E+0
11231012,29/9/2021,5:13:41 AM,-3.2633078E+0,-2.2951912E+1,3.8309702E+3,0.0000000E+0
11231013,29/9/2021,5:13:41 AM,-5.5030193E+0,-2.3892563E+1,3.8300774E+3,0.0000000E+0
11231014,29/9/2021,5:13:41 AM,-7.6193056E+0,-2.4430079E+1,3.8282915E+3,0.0000000E+0
11231015,29/9/2021,5:13:41 AM,-9.0742350E+0,-2.4349451E+1,3.8291846E+3,0.0000000E+0
11231016,29/9/2021,5:13:42 AM,-1.0376568E+1,-2.4161322E+1,3.8300774E+3,0.0000000E+0
11231017,29/9/2021,5:13:42 AM,-1.0900132E+1,-2.4241949E+1,3.8291846E+3,0.0000000E+0
11231018,29/9/2021,5:13:42 AM,-1.2102488E+1,-2.4564459E+1,3.8291846E+3,0.0000000E+0
11231019,29/9/2021,5:13:42 AM,-1.3178557E+1,-2.5505110E+1,3.8273987E+3,0.0000000E+0
11231020,29/9/2021,5:13:42 AM,-1.4230947E+1,-2.4645084E+1,3.8291846E+3,0.0000000E+0
11231021,29/9/2021,5:13:42 AM,-1.6367298E+1,-2.2118763E+1,3.8291846E+3,0.0000000E+0
11231022,29/9/2021,5:13:42 AM,-1.9603399E+1,-2.0034676E+1,3.8309702E+3,0.0000000E+0
11231023,29/9/2021,5:13:42 AM,-2.2128893E+1,-1.9276997E+1,3.8309702E+3,0.0000000E+0
11231024,29/9/2021,5:13:42 AM,-2.6357853E+1,-1.8168388E+1,3.8282915E+3,0.0000000E+0
11231025,29/9/2021,5:13:42 AM,-3.0666605E+1,-1.6142590E+1,3.8300774E+3,0.0000000E+0
11231026,29/9/2021,5:13:43 AM,-3.4842369E+1,-1.5217421E+1,3.8300774E+3,0.0000000E+0
11231027,29/9/2021,5:13:43 AM,-3.8246815E+1,-1.5007398E+1,3.8291846E+3,0.0000000E+0
11231028,29/9/2021,5:13:43 AM,-4.1411884E+1,-1.5586956E+1,3.8291846E+3,0.0000000E+0
11231029,29/9/2021,5:13:43 AM,-4.4364178E+1,-1.6950783E+1,3.8273987E+3,0.0000000E+0
11231030,29/9/2021,5:13:43 AM,-4.6731331E+1,-1.8216242E+1,3.8282915E+3,0.0000000E+0
11231031,29/9/2021,5:13:43 AM,-4.9736816E+1,-1.9207872E+1,3.8273987E+3,0.0000000E+0
11231032,29/9/2021,5:13:43 AM,-5.1093273E+1,-2.0667471E+1,3.8273987E+3,0.0000000E+0
11231033,29/9/2021,5:13:43 AM,-5.0827301E+1,-2.2468149E+1,3.8256133E+3,0.0000000E+0
11231034,29/9/2021,5:13:43 AM,-4.9816608E+1,-2.4376328E+1,3.8247205E+3,0.0000000E+0
11231035,29/9/2021,5:13:43 AM,-4.7875008E+1,-2.5290104E+1,3.8256133E+3,0.0000000E+0
11231036,29/9/2021,5:13:44 AM,-4.4949314E+1,-2.6311384E+1,3.8273987E+3,0.0000000E+0
11231037,29/9/2021,5:13:44 AM,-4.1837437E+1,-2.7574545E+1,3.8256133E+3,0.0000000E+0
11231038,29/9/2021,5:13:44 AM,-3.8246815E+1,-2.8649576E+1,3.8265059E+3,0.0000000E+0
11231039,29/9/2021,5:13:44 AM,-3.3592300E+1,-2.9375223E+1,3.8256133E+3,0.0000000E+0
11231040,29/9/2021,5:13:44 AM,-2.8592020E+1,-2.9697729E+1,3.8273987E+3,0.0000000E+0
11231041,29/9/2021,5:13:44 AM,-2.4682228E+1,-3.0208372E+1,3.8256133E+3,0.0000000E+0
11231042,29/9/2021,5:13:44 AM,-2.0506462E+1,-2.9133341E+1,3.8282915E+3,0.0000000E+0
11231043,29/9/2021,5:13:44 AM,-1.5320170E+1,-2.8192688E+1,3.8273987E+3,0.0000000E+0
11231044,29/9/2021,5:13:44 AM,-9.5504408E+0,-2.7332663E+1,3.8291846E+3,0.0000000E+0
11231045,29/9/2021,5:13:44 AM,-3.7061799E+0,-2.5263227E+1,3.8318628E+3,0.0000000E+0
11231046,29/9/2021,5:13:45 AM,5.9448171E-1,-2.3543179E+1,3.8291846E+3,0.0000000E+0
11231047,29/9/2021,5:13:45 AM,4.2227316E+0,-2.1957508E+1,3.8318628E+3,0.0000000E+0
11231048,29/9/2021,5:13:45 AM,9.5688581E+0,-2.0452463E+1,3.8318628E+3,0.0000000E+0
11231049,29/9/2021,5:13:45 AM,1.3304844E+1,-1.7806829E+1,3.8345413E+3,0.0000000E+0
11231050,29/9/2021,5:13:45 AM,1.7011889E+1,-1.6355272E+1,3.8345413E+3,0.0000000E+0
11231051,29/9/2021,5:13:45 AM,2.0413740E+1,-1.6307419E+1,3.8345413E+3,0.0000000E+0
11231052,29/9/2021,5:13:45 AM,2.3325769E+1,-1.4566081E+1,3.8345413E+3,0.0000000E+0
11231053,29/9/2021,5:13:45 AM,2.4655630E+1,-1.2372795E+1,3.8354341E+3,0.0000000E+0
11231054,29/9/2021,5:13:45 AM,2.5799311E+1,-1.2332916E+1,3.8345413E+3,0.0000000E+0
11231055,29/9/2021,5:13:45 AM,2.6118479E+1,-1.2045795E+1,3.8363269E+3,0.0000000E+0
11231056,29/9/2021,5:13:46 AM,2.4921602E+1,-1.1678919E+1,3.8327556E+3,0.0000000E+0
11231057,29/9/2021,5:13:46 AM,2.0719240E+1,-1.1048847E+1,3.8336484E+3,0.0000000E+0
11231058,29/9/2021,5:13:46 AM,1.7267092E+1,-1.0232679E+1,3.8345413E+3,0.0000000E+0
11231059,29/9/2021,5:13:46 AM,1.3673181E+1,-9.5228519E+0,3.8345413E+3,0.0000000E+0
11231060,29/9/2021,5:13:46 AM,8.6243382E+0,-8.9991217E+0,3.8327556E+3,0.0000000E+0
11231061,29/9/2021,5:13:46 AM,4.1157770E+0,-8.6960487E+0,3.8327556E+3,0.0000000E+0
11231062,29/9/2021,5:13:46 AM,-1.0499080E+0,-8.1909285E+0,3.8327556E+3,0.0000000E+0
11231063,29/9/2021,5:13:46 AM,-5.8644443E+0,-8.1005383E+0,3.8327556E+3,0.0000000E+0
11231064,29/9/2021,5:13:46 AM,-1.1489470E+1,-8.2201729E+0,3.8327556E+3,0.0000000E+0
11231065,29/9/2021,5:13:46 AM,-1.8693083E+1,-9.4962664E+0,3.8309702E+3,0.0000000E+0
11231066,29/9/2021,5:13:47 AM,-2.5666325E+1,-1.1006310E+1,3.8291846E+3,0.0000000E+0
11231067,29/9/2021,5:13:47 AM,-3.0241047E+1,-1.2577501E+1,3.8309702E+3,0.0000000E+0
11231068,29/9/2021,5:13:47 AM,-3.6677578E+1,-1.3675473E+1,3.8291846E+3,0.0000000E+0
11231069,29/9/2021,5:13:47 AM,-4.3459869E+1,-1.5719883E+1,3.8291846E+3,0.0000000E+0
11231070,29/9/2021,5:13:47 AM,-5.0242165E+1,-1.8790485E+1,3.8256133E+3,0.0000000E+0
11231071,29/9/2021,5:13:47 AM,-5.5641399E+1,-2.1500620E+1,3.8256133E+3,0.0000000E+0
11231072,29/9/2021,5:13:47 AM,-5.9923553E+1,-2.3704433E+1,3.8247205E+3,0.0000000E+0
11231073,29/9/2021,5:13:47 AM,-6.5136612E+1,-2.5639490E+1,3.8247205E+3,0.0000000E+0
11231074,29/9/2021,5:13:47 AM,-6.7902725E+1,-2.8165813E+1,3.8238276E+3,0.0000000E+0
11231075,29/9/2021,5:13:47 AM,-7.1386963E+1,-3.0315872E+1,3.8211492E+3,0.0000000E+0
11231076,29/9/2021,5:13:48 AM,-7.3780708E+1,-3.2277805E+1,3.8220420E+3,0.0000000E+0
11231077,29/9/2021,5:13:48 AM,-7.3195572E+1,-3.2842197E+1,3.8211492E+3,0.0000000E+0
11231078,29/9/2021,5:13:48 AM,-7.1599731E+1,-3.2627190E+1,3.8238276E+3,0.0000000E+0
11231079,29/9/2021,5:13:48 AM,-6.7689941E+1,-3.2949699E+1,3.8220420E+3,0.0000000E+0
11231080,29/9/2021,5:13:48 AM,-6.3088623E+1,-3.2922825E+1,3.8238276E+3,0.0000000E+0
11231081,29/9/2021,5:13:48 AM,-5.7795776E+1,-3.3836601E+1,3.8202566E+3,0.0000000E+0
11231082,29/9/2021,5:13:48 AM,-5.0268761E+1,-3.3030327E+1,3.8256133E+3,0.0000000E+0
11231083,29/9/2021,5:13:48 AM,-4.2130009E+1,-3.1498409E+1,3.8291846E+3,0.0000000E+0
11231084,29/9/2021,5:13:48 AM,-3.4922161E+1,-3.1337154E+1,3.8256133E+3,0.0000000E+0
11231085,29/9/2021,5:13:48 AM,-2.9389935E+1,-3.0853388E+1,3.8256133E+3,0.0000000E+0
11231086,29/9/2021,5:13:49 AM,-2.1277782E+1,-2.9912739E+1,3.8273987E+3,0.0000000E+0
11231087,29/9/2021,5:13:49 AM,-1.2618158E+1,-2.7198284E+1,3.8309702E+3,0.0000000E+0
11231088,29/9/2021,5:13:49 AM,-6.0722914E+0,-2.5827620E+1,3.8291846E+3,0.0000000E+0
11231089,29/9/2021,5:13:49 AM,8.5201138E-1,-2.4026943E+1,3.8327556E+3,0.0000000E+0
11231090,29/9/2021,5:13:49 AM,6.2775078E+0,-2.3166918E+1,3.8291846E+3,0.0000000E+0
11231091,29/9/2021,5:13:49 AM,1.2360324E+1,-2.2763783E+1,3.8309702E+3,0.0000000E+0
11231092,29/9/2021,5:13:49 AM,2.0100653E+1,-2.0398714E+1,3.8345413E+3,0.0000000E+0
11231093,29/9/2021,5:13:49 AM,2.5320560E+1,-1.8870241E+1,3.8327556E+3,0.0000000E+0
11231094,29/9/2021,5:13:49 AM,3.0533617E+1,-1.8165731E+1,3.8354341E+3,0.0000000E+0
11231095,29/9/2021,5:13:49 AM,3.4922161E+1,-1.6738100E+1,3.8345413E+3,0.0000000E+0
11231096,29/9/2021,5:13:50 AM,3.7448898E+1,-1.5887370E+1,3.8354341E+3,0.0000000E+0
11231097,29/9/2021,5:13:50 AM,3.9310703E+1,-1.4579374E+1,3.8354341E+3,0.0000000E+0
11231098,29/9/2021,5:13:50 AM,4.0587368E+1,-1.3710036E+1,3.8363269E+3,0.0000000E+0
11231099,29/9/2021,5:13:50 AM,4.0028828E+1,-1.1912869E+1,3.8363269E+3,0.0000000E+0
11231100,29/9/2021,5:13:50 AM,3.6597786E+1,-1.0126338E+1,3.8363269E+3,0.0000000E+0
11231101,29/9/2021,5:13:50 AM,3.1491119E+1,-1.0360289E+1,3.8345413E+3,0.0000000E+0
11231102,29/9/2021,5:13:50 AM,2.6703617E+1,-1.0043923E+1,3.8345413E+3,0.0000000E+0
11231103,29/9/2021,5:13:50 AM,2.1384171E+1,-9.7089481E+0,3.8345413E+3,0.0000000E+0
11231104,29/9/2021,5:13:50 AM,1.6375193E+1,-8.0659771E+0,3.8363269E+3,0.0000000E+0
11231105,29/9/2021,5:13:50 AM,9.9135160E+0,-7.7974663E+0,3.8327556E+3,0.0000000E+0
11231106,29/9/2021,5:13:51 AM,4.0072374E+0,-8.6880732E+0,3.8309702E+3,0.0000000E+0
11231107,29/9/2021,5:13:51 AM,-2.9895598E-1,-8.0393925E+0,3.8354341E+3,0.0000000E+0
11231108,29/9/2021,5:13:51 AM,-6.2801385E+0,-8.6694641E+0,3.8309702E+3,0.0000000E+0
11231109,29/9/2021,5:13:51 AM,-1.2833899E+1,-9.0363407E+0,3.8327556E+3,0.0000000E+0
11231110,29/9/2021,5:13:51 AM,-1.9748102E+1,-9.7833872E+0,3.8300774E+3,0.0000000E+0
11231111,29/9/2021,5:13:51 AM,-2.6198271E+1,-1.1078092E+1,3.8291846E+3,0.0000000E+0
11231112,29/9/2021,5:13:51 AM,-3.1703896E+1,-1.1870333E+1,3.8291846E+3,0.0000000E+0
11231113,29/9/2021,5:13:51 AM,-3.8645771E+1,-1.2697135E+1,3.8291846E+3,0.0000000E+0
11231114,29/9/2021,5:13:51 AM,-4.5640842E+1,-1.2362161E+1,3.8291846E+3,0.0000000E+0
11231115,29/9/2021,5:13:51 AM,-5.3300846E+1,-1.2638648E+1,3.8282915E+3,0.0000000E+0
11231116,29/9/2021,5:13:52 AM,-5.9498001E+1,-1.4467716E+1,3.8256133E+3,0.0000000E+0
11231117,29/9/2021,5:13:52 AM,-6.3062027E+1,-1.5773053E+1,3.8265059E+3,0.0000000E+0
11231118,29/9/2021,5:13:52 AM,-6.6280296E+1,-1.7580854E+1,3.8256133E+3,0.0000000E+0
11231119,29/9/2021,5:13:52 AM,-6.8567657E+1,-1.9736921E+1,3.8238276E+3,0.0000000E+0
11231120,29/9/2021,5:13:52 AM,-7.0482651E+1,-2.1554373E+1,3.8256133E+3,0.0000000E+0
11231121,29/9/2021,5:13:52 AM,-7.0163490E+1,-2.4241949E+1,3.8220420E+3,0.0000000E+0
11231122,29/9/2021,5:13:52 AM,-6.7211197E+1,-2.6284508E+1,3.8247205E+3,0.0000000E+0
11231123,29/9/2021,5:13:52 AM,-6.2796055E+1,-2.8434570E+1,3.8238276E+3,0.0000000E+0
11231124,29/9/2021,5:13:52 AM,-5.7902164E+1,-2.9751484E+1,3.8256133E+3,0.0000000E+0
11231125,29/9/2021,5:13:52 AM,-5.1837994E+1,-2.9617105E+1,3.8256133E+3,0.0000000E+0
11231126,29/9/2021,5:13:53 AM,-4.6997303E+1,-3.0262123E+1,3.8256133E+3,0.0000000E+0
11231127,29/9/2021,5:13:53 AM,-4.0906536E+1,-3.2304680E+1,3.8256133E+3,0.0000000E+0
11231128,29/9/2021,5:13:53 AM,-3.3778477E+1,-3.3460339E+1,3.8256133E+3,0.0000000E+0
11231129,29/9/2021,5:13:53 AM,-2.8671812E+1,-3.2250931E+1,3.8282915E+3,0.0000000E+0
11231130,29/9/2021,5:13:53 AM,-2.5081186E+1,-3.2170303E+1,3.8273987E+3,0.0000000E+0
11231131,29/9/2021,5:13:53 AM,-1.9845449E+1,-3.2277805E+1,3.8282915E+3,0.0000000E+0
11231132,29/9/2021,5:13:53 AM,-1.5138634E+1,-3.2385307E+1,3.8273987E+3,0.0000000E+0
11231133,29/9/2021,5:13:53 AM,-1.0579152E+1,-3.0611506E+1,3.8291846E+3,0.0000000E+0
11231134,29/9/2021,5:13:53 AM,-6.7668691E+0,-2.8703325E+1,3.8300774E+3,0.0000000E+0
11231135,29/9/2021,5:13:53 AM,-3.1840820E+0,-2.6956402E+1,3.8309702E+3,0.0000000E+0
11231136,29/9/2021,5:13:54 AM,2.0709608E+0,-2.6150129E+1,3.8309702E+3,0.0000000E+0
11231137,29/9/2021,5:13:54 AM,6.3143415E+0,-2.5935123E+1,3.8309702E+3,0.0000000E+0
11231138,29/9/2021,5:13:54 AM,1.0897501E+1,-2.6150129E+1,3.8327556E+3,0.0000000E+0
11231139,29/9/2021,5:13:54 AM,1.6264690E+1,-2.7171410E+1,3.8309702E+3,0.0000000E+0
11231140,29/9/2021,5:13:54 AM,1.9411339E+1,-2.6526390E+1,3.8327556E+3,0.0000000E+0
11231141,29/9/2021,5:13:54 AM,2.2341671E+1,-2.5343857E+1,3.8327556E+3,0.0000000E+0
11231142,29/9/2021,5:13:54 AM,2.3804520E+1,-2.5666365E+1,3.8318628E+3,0.0000000E+0
11231143,29/9/2021,5:13:54 AM,2.4841810E+1,-2.4430079E+1,3.8327556E+3,0.0000000E+0
11231144,29/9/2021,5:13:54 AM,2.4070492E+1,-2.1500620E+1,3.8327556E+3,0.0000000E+0
11231145,29/9/2021,5:13:54 AM,2.0240095E+1,-1.8636290E+1,3.8327556E+3,0.0000000E+0
11231146,29/9/2021,5:13:55 AM,1.7017151E+1,-1.5390225E+1,3.8345413E+3,0.0000000E+0
11231147,29/9/2021,5:13:55 AM,1.1657853E+1,-1.3694083E+1,3.8327556E+3,0.0000000E+0
11231148,29/9/2021,5:13:55 AM,5.8223486E+0,-1.1827797E+1,3.8327556E+3,0.0000000E+0
11231149,29/9/2021,5:13:55 AM,1.2343369E+0,-1.0237996E+1,3.8327556E+3,0.0000000E+0
11231150,29/9/2021,5:13:55 AM,-4.9333863E+0,-8.6508541E+0,3.8327556E+3,0.0000000E+0
11231151,29/9/2021,5:13:55 AM,-9.6135855E+0,-6.2502022E+0,3.8345413E+3,0.0000000E+0
11231152,29/9/2021,5:13:55 AM,-1.4575605E+1,-5.8806667E+0,3.8309702E+3,0.0000000E+0
11231153,29/9/2021,5:13:55 AM,-1.9840187E+1,-5.5886707E+0,3.8309702E+3,0.0000000E+0
11231154,29/9/2021,5:13:55 AM,-2.2767227E+1,-5.1203461E+0,3.8309702E+3,0.0000000E+0
11231155,29/9/2021,5:13:55 AM,-2.7634520E+1,-5.0242796E+0,3.8309702E+3,0.0000000E+0
11231156,29/9/2021,5:13:56 AM,-3.0772991E+1,-4.6992545E+0,3.8309702E+3,0.0000000E+0
11231157,29/9/2021,5:13:56 AM,-3.3991257E+1,-5.0146732E+0,3.8309702E+3,0.0000000E+0
11231158,29/9/2021,5:13:56 AM,-3.7980843E+1,-6.3272991E+0,3.8291846E+3,0.0000000E+0
11231159,29/9/2021,5:13:56 AM,-4.0002232E+1,-8.2281485E+0,3.8282915E+3,0.0000000E+0
11231160,29/9/2021,5:13:56 AM,-4.3539661E+1,-8.5232449E+0,3.8291846E+3,0.0000000E+0
11231161,29/9/2021,5:13:56 AM,-4.6651539E+1,-9.2889004E+0,3.8273987E+3,0.0000000E+0
11231162,29/9/2021,5:13:56 AM,-4.8672928E+1,-1.0121021E+1,3.8291846E+3,0.0000000E+0
11231163,29/9/2021,5:13:56 AM,-5.1492233E+1,-1.1458261E+1,3.8273987E+3,0.0000000E+0
11231164,29/9/2021,5:13:56 AM,-5.2183762E+1,-1.3646231E+1,3.8256133E+3,0.0000000E+0
11231165,29/9/2021,5:13:56 AM,-5.2396542E+1,-1.5286544E+1,3.8273987E+3,0.0000000E+0
11231166,29/9/2021,5:13:57 AM,-5.1439037E+1,-1.6642393E+1,3.8273987E+3,0.0000000E+0
11231167,29/9/2021,5:13:57 AM,-4.8726120E+1,-1.8383730E+1,3.8282915E+3,0.0000000E+0
11231168,29/9/2021,5:13:57 AM,-4.5321674E+1,-2.1366240E+1,3.8273987E+3,0.0000000E+0
11231169,29/9/2021,5:13:57 AM,-4.0401188E+1,-2.4618210E+1,3.8265059E+3,0.0000000E+0
11231170,29/9/2021,5:13:57 AM,-3.3512508E+1,-2.7923931E+1,3.8273987E+3,0.0000000E+0
11231171,29/9/2021,5:13:57 AM,-2.8166466E+1,-3.0880266E+1,3.8265059E+3,0.0000000E+0
11231172,29/9/2021,5:13:57 AM,-2.2501255E+1,-3.3621593E+1,3.8273987E+3,0.0000000E+0
11231173,29/9/2021,5:13:57 AM,-1.7261831E+1,-3.6792934E+1,3.8273987E+3,0.0000000E+0
11231174,29/9/2021,5:13:57 AM,-1.0518641E+1,-3.9964279E+1,3.8273987E+3,0.0000000E+0
11231175,29/9/2021,5:13:57 AM,-4.9508157E+0,-4.2141216E+1,3.8273987E+3,0.0000000E+0
11231176,29/9/2021,5:13:58 AM,-1.1100687E+0,-4.4291279E+1,3.8265059E+3,0.0000000E+0
11231177,29/9/2021,5:13:58 AM,3.2823219E+0,-4.5581314E+1,3.8256133E+3,0.0000000E+0
11231178,29/9/2021,5:13:58 AM,6.9010491E+0,-4.5984451E+1,3.8273987E+3,0.0000000E+0
11231179,29/9/2021,5:13:58 AM,1.0468652E+1,-4.4560032E+1,3.8291846E+3,0.0000000E+0
11231180,29/9/2021,5:13:58 AM,1.3473227E+1,-4.3135616E+1,3.8291846E+3,0.0000000E+0
11231181,29/9/2021,5:13:58 AM,1.5951605E+1,-4.1523071E+1,3.8291846E+3,0.0000000E+0
11231182,29/9/2021,5:13:58 AM,1.7224998E+1,-3.8163601E+1,3.8291846E+3,0.0000000E+0
11231183,29/9/2021,5:13:58 AM,1.6740898E+1,-3.4777252E+1,3.8300774E+3,0.0000000E+0
11231184,29/9/2021,5:13:58 AM,1.7580179E+1,-3.0692133E+1,3.8327556E+3,0.0000000E+0
11231185,29/9/2021,5:13:58 AM,1.8564163E+1,-2.7252037E+1,3.8309702E+3,0.0000000E+0
11231186,29/9/2021,5:13:59 AM,1.7035566E+1,-2.3650682E+1,3.8309702E+3,0.0000000E+0
11231187,29/9/2021,5:13:59 AM,1.5183360E+1,-1.9292946E+1,3.8318628E+3,0.0000000E+0
11231188,29/9/2021,5:13:59 AM,1.2681302E+1,-1.4523545E+1,3.8327556E+3,0.0000000E+0
11231189,29/9/2021,5:13:59 AM,9.4820356E+0,-9.6451445E+0,3.8327556E+3,0.0000000E+0
11231190,29/9/2021,5:13:59 AM,6.2380433E+0,-5.0530996E+0,3.8345413E+3,0.0000000E+0
11231191,29/9/2021,5:13:59 AM,2.0226328E+0,-5.8151054E-1,3.8354341E+3,0.0000000E+0
11231192,29/9/2021,5:13:59 AM,-2.9408591E+0,2.5737827E+0,3.8336484E+3,0.0000000E+0
11231193,29/9/2021,5:13:59 AM,-8.6427546E+0,6.6729083E+0,3.8345413E+3,0.0000000E+0
11231194,29/9/2021,5:13:59 AM,-1.4930786E+1,1.1046189E+1,3.8372195E+3,0.0000000E+0
11231195,29/9/2021,5:13:59 AM,-2.2102297E+1,1.3497353E+1,3.8345413E+3,0.0000000E+0
11231196,29/9/2021,5:14:00 AM,-2.6756809E+1,1.4738886E+1,3.8363269E+3,0.0000000E+0
11231197,29/9/2021,5:14:00 AM,-3.1304937E+1,1.5177544E+1,3.8354341E+3,0.0000000E+0
11231198,29/9/2021,5:14:00 AM,-3.5693481E+1,1.4345423E+1,3.8354341E+3,0.0000000E+0
11231199,29/9/2021,5:14:00 AM,-3.9496883E+1,1.2526990E+1,3.8354341E+3,0.0000000E+0
11231200,29/9/2021,5:14:00 AM,-4.5002510E+1,8.7173176E+0,3.8291846E+3,0.0000000E+0
11231201,29/9/2021,5:14:00 AM,-4.7396259E+1,4.0540080E+0,3.8327556E+3,0.0000000E+0
11231202,29/9/2021,5:14:00 AM,-4.8672928E+1,-1.6504128E-1,3.8309702E+3,0.0000000E+0
11231203,29/9/2021,5:14:00 AM,-4.9869801E+1,-6.3671775E+0,3.8273987E+3,0.0000000E+0
11231204,29/9/2021,5:14:00 AM,-4.9710217E+1,-1.1660309E+1,3.8282915E+3,0.0000000E+0
11231205,29/9/2021,5:14:00 AM,-5.1066681E+1,-1.6331345E+1,3.8256133E+3,0.0000000E+0
11231206,29/9/2021,5:14:01 AM,-5.1518833E+1,-2.0936230E+1,3.8256133E+3,0.0000000E+0
11231207,29/9/2021,5:14:01 AM,-4.8406952E+1,-2.6633894E+1,3.8238276E+3,0.0000000E+0
11231208,29/9/2021,5:14:01 AM,-4.7529247E+1,-2.9590229E+1,3.8247205E+3,0.0000000E+0
11231209,29/9/2021,5:14:01 AM,-4.7050495E+1,-3.1767164E+1,3.8256133E+3,0.0000000E+0
11231210,29/9/2021,5:14:01 AM,-4.5587650E+1,-3.4615997E+1,3.8238276E+3,0.0000000E+0
11231211,29/9/2021,5:14:01 AM,-4.3805634E+1,-3.5906036E+1,3.8247205E+3,0.0000000E+0
11231212,29/9/2021,5:14:01 AM,-4.1119312E+1,-3.8002346E+1,3.8256133E+3,0.0000000E+0
11231213,29/9/2021,5:14:01 AM,-3.7182922E+1,-3.8942997E+1,3.8273987E+3,0.0000000E+0
11231214,29/9/2021,5:14:01 AM,-3.3406116E+1,-3.9695518E+1,3.8256133E+3,0.0000000E+0
11231215,29/9/2021,5:14:01 AM,-3.0054869E+1,-4.1603699E+1,3.8256133E+3,0.0000000E+0
11231216,29/9/2021,5:14:02 AM,-2.6544033E+1,-4.4076271E+1,3.8238276E+3,0.0000000E+0
11231217,29/9/2021,5:14:02 AM,-2.0506462E+1,-4.6280083E+1,3.8256133E+3,0.0000000E+0
11231218,29/9/2021,5:14:02 AM,-1.4407223E+1,-4.7408867E+1,3.8273987E+3,0.0000000E+0
11231219,29/9/2021,5:14:02 AM,-9.9003611E+0,-4.8403271E+1,3.8273987E+3,0.0000000E+0
11231220,29/9/2021,5:14:02 AM,-6.4458899E+0,-5.0795216E+1,3.8247205E+3,0.0000000E+0
11231221,29/9/2021,5:14:02 AM,-3.2498393E+0,-5.3052780E+1,3.8220420E+3,0.0000000E+0
11231222,29/9/2021,5:14:02 AM,1.4680527E+0,-5.2354012E+1,3.8256133E+3,0.0000000E+0
11231223,29/9/2021,5:14:02 AM,6.4143186E+0,-4.8376392E+1,3.8291846E+3,0.0000000E+0
11231224,29/9/2021,5:14:02 AM,7.6666622E+0,-4.6091953E+1,3.8273987E+3,0.0000000E+0
11231225,29/9/2021,5:14:02 AM,8.7558870E+0,-4.4183773E+1,3.8273987E+3,0.0000000E+0
11231226,29/9/2021,5:14:03 AM,8.9374237E+0,-4.1012432E+1,3.8265059E+3,0.0000000E+0
11231227,29/9/2021,5:14:03 AM,1.0152935E+1,-3.6416676E+1,3.8291846E+3,0.0000000E+0
11231228,29/9/2021,5:14:03 AM,1.1755198E+1,-3.0423378E+1,3.8309702E+3,0.0000000E+0
11231229,29/9/2021,5:14:03 AM,1.1699948E+1,-2.5693241E+1,3.8327556E+3,0.0000000E+0
11231230,29/9/2021,5:14:03 AM,1.1428958E+1,-2.1715626E+1,3.8327556E+3,0.0000000E+0
11231231,29/9/2021,5:14:03 AM,1.1242158E+1,-1.7921146E+1,3.8309702E+3,0.0000000E+0
11231232,29/9/2021,5:14:03 AM,1.1292148E+1,-1.5672029E+1,3.8327556E+3,0.0000000E+0
11231233,29/9/2021,5:14:03 AM,1.2783910E+1,-1.2423307E+1,3.8327556E+3,0.0000000E+0
11231234,29/9/2021,5:14:03 AM,1.3139092E+1,-8.4062691E+0,3.8363269E+3,0.0000000E+0
11231235,29/9/2021,5:14:03 AM,1.0747535E+1,-4.8017254E+0,3.8345413E+3,0.0000000E+0
11231236,29/9/2021,5:14:04 AM,8.5743494E+0,-2.6114085E+0,3.8345413E+3,0.0000000E+0
11231237,29/9/2021,5:14:04 AM,4.8668365E+0,5.8577657E-1,3.8327556E+3,0.0000000E+0
11231238,29/9/2021,5:14:04 AM,1.8470360E-3,5.4557786E+0,3.8345413E+3,0.0000000E+0
11231239,29/9/2021,5:14:04 AM,-4.1791573E+0,1.0604874E+1,3.8363269E+3,0.0000000E+0
11231240,29/9/2021,5:14:04 AM,-9.6267395E+0,1.5730517E+1,3.8381123E+3,0.0000000E+0
11231241,29/9/2021,5:14:04 AM,-1.7003996E+1,1.9053679E+1,3.8345413E+3,0.0000000E+0
11231242,29/9/2021,5:14:04 AM,-2.2926809E+1,2.2360643E+1,3.8363269E+3,0.0000000E+0
11231243,29/9/2021,5:14:04 AM,-2.5879103E+1,2.4430079E+1,3.8363269E+3,0.0000000E+0
11231244,29/9/2021,5:14:04 AM,-3.0294241E+1,2.5746992E+1,3.8345413E+3,0.0000000E+0
11231245,29/9/2021,5:14:04 AM,-3.3193340E+1,2.7171410E+1,3.8398979E+3,0.0000000E+0
11231246,29/9/2021,5:14:05 AM,-3.4629589E+1,2.5854496E+1,3.8363269E+3,0.0000000E+0
11231247,29/9/2021,5:14:05 AM,-3.7103130E+1,2.2414396E+1,3.8336484E+3,0.0000000E+0
11231248,29/9/2021,5:14:05 AM,-3.7422298E+1,1.8062048E+1,3.8345413E+3,0.0000000E+0
11231249,29/9/2021,5:14:05 AM,-3.6890354E+1,1.3486719E+1,3.8345413E+3,0.0000000E+0
11231250,29/9/2021,5:14:05 AM,-3.7741467E+1,8.9884872E+0,3.8327556E+3,0.0000000E+0
11231251,29/9/2021,5:14:05 AM,-3.9363895E+1,3.2230325E+0,3.8327556E+3,0.0000000E+0
11231252,29/9/2021,5:14:05 AM,-3.9284103E+1,-3.8346558E+0,3.8291846E+3,0.0000000E+0
11231253,29/9/2021,5:14:05 AM,-4.0002232E+1,-1.0179508E+1,3.8291846E+3,0.0000000E+0
11231254,29/9/2021,5:14:05 AM,-4.1890633E+1,-1.6318052E+1,3.8282915E+3,0.0000000E+0
11231255,29/9/2021,5:14:05 AM,-4.1225704E+1,-2.1876881E+1,3.8309702E+3,0.0000000E+0
11231256,29/9/2021,5:14:06 AM,-4.2821537E+1,-2.6714521E+1,3.8256133E+3,0.0000000E+0
11231257,29/9/2021,5:14:06 AM,-4.2183205E+1,-3.4185986E+1,3.8238276E+3,0.0000000E+0
11231258,29/9/2021,5:14:06 AM,-4.0906536E+1,-3.8781742E+1,3.8265059E+3,0.0000000E+0
11231259,29/9/2021,5:14:06 AM,-4.0002232E+1,-4.4855671E+1,3.8220420E+3,0.0000000E+0
11231260,29/9/2021,5:14:06 AM,-3.6890354E+1,-5.0553333E+1,3.8238276E+3,0.0000000E+0
11231261,29/9/2021,5:14:06 AM,-3.1916674E+1,-5.6224121E+1,3.8238276E+3,0.0000000E+0
11231262,29/9/2021,5:14:06 AM,-2.7262159E+1,-6.3050564E+1,3.8202566E+3,0.0000000E+0
11231263,29/9/2021,5:14:06 AM,-2.1543755E+1,-6.9635132E+1,3.8202566E+3,0.0000000E+0
11231264,29/9/2021,5:14:06 AM,-1.7964300E+1,-7.4042755E+1,3.8193638E+3,0.0000000E+0
11231265,29/9/2021,5:14:06 AM,-1.2823375E+1,-7.6219696E+1,3.8211492E+3,0.0000000E+0
11231266,29/9/2021,5:14:07 AM,-7.3614697E+0,-7.6542206E+1,3.8220420E+3,0.0000000E+0
11231267,29/9/2021,5:14:07 AM,-3.5215838E+0,-7.7509735E+1,3.8202566E+3,0.0000000E+0
11231268,29/9/2021,5:14:07 AM,-1.0195639E+0,-7.6542206E+1,3.8202566E+3,0.0000000E+0
11231269,29/9/2021,5:14:07 AM,8.8868827E-1,-7.2053947E+1,3.8238276E+3,0.0000000E+0
11231270,29/9/2021,5:14:07 AM,1.6320500E+0,-6.6651924E+1,3.8256133E+3,0.0000000E+0
11231271,29/9/2021,5:14:07 AM,2.7396257E+0,-6.2996819E+1,3.8247205E+3,0.0000000E+0
11231272,29/9/2021,5:14:07 AM,2.1945527E+0,-5.8105427E+1,3.8238276E+3,0.0000000E+0
11231273,29/9/2021,5:14:07 AM,6.0424465E-1,-5.0392078E+1,3.8273987E+3,0.0000000E+0
11231274,29/9/2021,5:14:07 AM,-5.0661560E-2,-4.3888138E+1,3.8273987E+3,0.0000000E+0
11231275,29/9/2021,5:14:07 AM,-7.5860411E-1,-3.7330452E+1,3.8273987E+3,0.0000000E+0
11231276,29/9/2021,5:14:08 AM,-2.0820522E+0,-3.0584633E+1,3.8273987E+3,0.0000000E+0
11231277,29/9/2021,5:14:08 AM,-4.5000215E+0,-2.2414396E+1,3.8291846E+3,0.0000000E+0
11231278,29/9/2021,5:14:08 AM,-7.0010262E+0,-1.4683057E+1,3.8309702E+3,0.0000000E+0
11231279,29/9/2021,5:14:08 AM,-7.6561394E+0,-6.5958104E+0,3.8327556E+3,0.0000000E+0
11231280,29/9/2021,5:14:08 AM,-9.0452938E+0,2.2887852E+0,3.8363269E+3,0.0000000E+0
11231281,29/9/2021,5:14:08 AM,-1.0563367E+1,8.7146587E+0,3.8345413E+3,0.0000000E+0
11231282,29/9/2021,5:14:08 AM,-1.1044836E+1,1.5198811E+1,3.8363269E+3,0.0000000E+0
11231283,29/9/2021,5:14:08 AM,-1.3594251E+1,2.1984383E+1,3.8363269E+3,0.0000000E+0
11231284,29/9/2021,5:14:08 AM,-1.6661968E+1,2.8622702E+1,3.8398979E+3,0.0000000E+0
11231285,29/9/2021,5:14:08 AM,-1.6485693E+1,3.2842197E+1,3.8425762E+3,0.0000000E+0
11231286,29/9/2021,5:14:09 AM,-1.7838015E+1,3.4777252E+1,3.8398979E+3,0.0000000E+0
11231287,29/9/2021,5:14:09 AM,-1.9195597E+1,3.5019135E+1,3.8398979E+3,0.0000000E+0
11231288,29/9/2021,5:14:09 AM,-2.0346880E+1,3.4159111E+1,3.8398979E+3,0.0000000E+0
11231289,29/9/2021,5:14:09 AM,-2.3139589E+1,3.1659664E+1,3.8372195E+3,0.0000000E+0
11231290,29/9/2021,5:14:09 AM,-2.4230076E+1,2.6580141E+1,3.8363269E+3,0.0000000E+0
11231291,29/9/2021,5:14:09 AM,-2.4496048E+1,2.0774975E+1,3.8345413E+3,0.0000000E+0
11231292,29/9/2021,5:14:09 AM,-2.4469448E+1,1.5158935E+1,3.8345413E+3,0.0000000E+0
11231293,29/9/2021,5:14:09 AM,-2.6384449E+1,9.8019972E+0,3.8318628E+3,0.0000000E+0
11231294,29/9/2021,5:14:09 AM,-2.8246258E+1,4.9594350E+0,3.8291846E+3,0.0000000E+0
11231295,29/9/2021,5:14:09 AM,-2.8272852E+1,-3.0555302E-1,3.8318628E+3,0.0000000E+0
11231296,29/9/2021,5:14:10 AM,-2.6916393E+1,-6.3937626E+0,3.8309702E+3,0.0000000E+0
11231297,29/9/2021,5:14:10 AM,-2.6198271E+1,-1.1615114E+1,3.8273987E+3,0.0000000E+0
11231298,29/9/2021,5:14:10 AM,-2.6783409E+1,-1.6339321E+1,3.8282915E+3,0.0000000E+0
11231299,29/9/2021,5:14:10 AM,-2.6171671E+1,-2.1393118E+1,3.8273987E+3,0.0000000E+0
11231300,29/9/2021,5:14:10 AM,-2.3831116E+1,-2.5558863E+1,3.8291846E+3,0.0000000E+0
11231301,29/9/2021,5:14:10 AM,-2.1118198E+1,-2.8998962E+1,3.8291846E+3,0.0000000E+0
11231302,29/9/2021,5:14:10 AM,-1.8511545E+1,-3.2707817E+1,3.8273987E+3,0.0000000E+0
11231303,29/9/2021,5:14:10 AM,-1.6401501E+1,-3.7760464E+1,3.8273987E+3,0.0000000E+0
11231304,29/9/2021,5:14:10 AM,-1.5172835E+1,-4.0958683E+1,3.8256133E+3,0.0000000E+0
11231305,29/9/2021,5:14:10 AM,-1.3423237E+1,-4.2571228E+1,3.8291846E+3,0.0000000E+0
11231306,29/9/2021,5:14:11 AM,-1.1984094E+1,-4.5393185E+1,3.8273987E+3,0.0000000E+0
11231307,29/9/2021,5:14:11 AM,-1.0702808E+1,-4.8752655E+1,3.8265059E+3,0.0000000E+0
11231308,29/9/2021,5:14:11 AM,-8.9900436E+0,-5.1628361E+1,3.8247205E+3,0.0000000E+0
11231309,29/9/2021,5:14:11 AM,-1.0455497E+1,-5.3106533E+1,3.8220420E+3,0.0000000E+0
11231310,29/9/2021,5:14:11 AM,-9.6398945E+0,-5.4289066E+1,3.8238276E+3,0.0000000E+0
11231311,29/9/2021,5:14:11 AM,-9.1531639E+0,-5.3617168E+1,3.8238276E+3,0.0000000E+0
11231312,29/9/2021,5:14:11 AM,-7.1851945E+0,-5.2354012E+1,3.8256133E+3,0.0000000E+0
11231313,29/9/2021,5:14:11 AM,-6.2617216E+0,-4.9343922E+1,3.8238276E+3,0.0000000E+0
11231314,29/9/2021,5:14:11 AM,-6.8063335E+0,-4.5527565E+1,3.8256133E+3,0.0000000E+0
11231315,29/9/2021,5:14:11 AM,-6.4564137E+0,-4.0716801E+1,3.8282915E+3,0.0000000E+0
11231316,29/9/2021,5:14:12 AM,-5.3358526E+0,-3.5906036E+1,3.8273987E+3,0.0000000E+0
11231317,29/9/2021,5:14:12 AM,-4.9674530E+0,-3.0799639E+1,3.8291846E+3,0.0000000E+0
11231318,29/9/2021,5:14:12 AM,-3.9359341E+0,-2.5988874E+1,3.8327556E+3,0.0000000E+0
11231319,29/9/2021,5:14:12 AM,-3.1238706E+0,-2.2683155E+1,3.8300774E+3,0.0000000E+0
11231320,29/9/2021,5:14:12 AM,-3.8876066E+0,-1.7562244E+1,3.8327556E+3,0.0000000E+0
11231321,29/9/2021,5:14:12 AM,-5.0736160E+0,-1.3526596E+1,3.8327556E+3,0.0000000E+0
11231322,29/9/2021,5:14:12 AM,-5.0443020E+0,-1.0004045E+1,3.8354341E+3,0.0000000E+0
11231323,29/9/2021,5:14:12 AM,-6.8721080E+0,-6.7207618E+0,3.8345413E+3,0.0000000E+0
11231324,29/9/2021,5:14:12 AM,-9.8661585E+0,-5.6440578E+0,3.8336484E+3,0.0000000E+0
11231325,29/9/2021,5:14:12 AM,-1.3354832E+1,-4.3462100E+0,3.8345413E+3,0.0000000E+0
11231326,29/9/2021,5:14:13 AM,-1.8014290E+1,-3.6032956E+0,3.8309702E+3,0.0000000E+0
11231327,29/9/2021,5:14:13 AM,-2.1384171E+1,-2.9060128E+0,3.8327556E+3,0.0000000E+0
11231328,29/9/2021,5:14:13 AM,-2.4203476E+1,-2.7859294E+0,3.8318628E+3,0.0000000E+0
11231329,29/9/2021,5:14:13 AM,-2.8751604E+1,-3.6329162E+0,3.8309702E+3,0.0000000E+0
11231330,29/9/2021,5:14:13 AM,-3.1783688E+1,-4.9666395E+0,3.8309702E+3,0.0000000E+0
11231331,29/9/2021,5:14:13 AM,-3.4656189E+1,-6.2076659E+0,3.8291846E+3,0.0000000E+0
11231332,29/9/2021,5:14:13 AM,-3.7661674E+1,-6.6542983E+0,3.8309702E+3,0.0000000E+0
11231333,29/9/2021,5:14:13 AM,-3.8113827E+1,-8.4434881E+0,3.8309702E+3,0.0000000E+0
11231334,29/9/2021,5:14:13 AM,-3.8858551E+1,-1.1054164E+1,3.8291846E+3,0.0000000E+0
11231335,29/9/2021,5:14:13 AM,-4.0082024E+1,-1.3973229E+1,3.8265059E+3,0.0000000E+0
11231336,29/9/2021,5:14:14 AM,-3.9869247E+1,-1.6432369E+1,3.8273987E+3,0.0000000E+0
11231337,29/9/2021,5:14:14 AM,-3.9124519E+1,-1.8043438E+1,3.8273987E+3,0.0000000E+0
11231338,29/9/2021,5:14:14 AM,-3.7395702E+1,-1.9891117E+1,3.8291846E+3,0.0000000E+0
11231339,29/9/2021,5:14:14 AM,-3.5879658E+1,-2.1419992E+1,3.8291846E+3,0.0000000E+0
11231340,29/9/2021,5:14:14 AM,-3.5480701E+1,-2.3758186E+1,3.8273987E+3,0.0000000E+0
11231341,29/9/2021,5:14:14 AM,-3.4762577E+1,-2.5881372E+1,3.8265059E+3,0.0000000E+0
11231342,29/9/2021,5:14:14 AM,-3.4549797E+1,-2.5236353E+1,3.8291846E+3,0.0000000E+0
11231343,29/9/2021,5:14:14 AM,-3.3672092E+1,-2.5961998E+1,3.8291846E+3,0.0000000E+0
11231344,29/9/2021,5:14:14 AM,-3.2182644E+1,-2.7628298E+1,3.8282915E+3,0.0000000E+0
11231345,29/9/2021,5:14:14 AM,-3.0772991E+1,-3.0020241E+1,3.8256133E+3,0.0000000E+0
11231346,29/9/2021,5:14:15 AM,-2.9788895E+1,-3.0772760E+1,3.8256133E+3,0.0000000E+0
11231347,29/9/2021,5:14:15 AM,-2.5932297E+1,-3.1552160E+1,3.8273987E+3,0.0000000E+0
11231348,29/9/2021,5:14:15 AM,-2.1596949E+1,-3.2465935E+1,3.8273987E+3,0.0000000E+0
11231349,29/9/2021,5:14:15 AM,-1.8548378E+1,-3.3164707E+1,3.8256133E+3,0.0000000E+0
11231350,29/9/2021,5:14:15 AM,-1.4057302E+1,-3.3809727E+1,3.8256133E+3,0.0000000E+0
11231351,29/9/2021,5:14:15 AM,-9.2242002E+0,-3.2627190E+1,3.8273987E+3,0.0000000E+0
11231352,29/9/2021,5:14:15 AM,-5.8723378E+0,-3.0262123E+1,3.8291846E+3,0.0000000E+0
11231353,29/9/2021,5:14:15 AM,-1.2493880E+0,-2.7870178E+1,3.8309702E+3,0.0000000E+0
11231354,29/9/2021,5:14:15 AM,3.0731661E+0,-2.5505110E+1,3.8300774E+3,0.0000000E+0
11231355,29/9/2021,5:14:15 AM,5.2621732E+0,-2.2736906E+1,3.8309702E+3,0.0000000E+0
11231356,29/9/2021,5:14:16 AM,7.7403297E+0,-1.9545506E+1,3.8327556E+3,0.0000000E+0
11231357,29/9/2021,5:14:16 AM,9.9556112E+0,-1.5703932E+1,3.8345413E+3,0.0000000E+0
11231358,29/9/2021,5:14:16 AM,1.1307933E+1,-1.2968307E+1,3.8327556E+3,0.0000000E+0
11231359,29/9/2021,5:14:16 AM,1.3425868E+1,-1.0381557E+1,3.8354341E+3,0.0000000E+0
11231360,29/9/2021,5:14:16 AM,1.3452178E+1,-8.5418549E+0,3.8345413E+3,0.0000000E+0
11231361,29/9/2021,5:14:16 AM,1.3265379E+1,-7.6033936E+0,3.8345413E+3,0.0000000E+0
11231362,29/9/2021,5:14:16 AM,1.3462702E+1,-6.1385441E+0,3.8363269E+3,0.0000000E+0
11231363,29/9/2021,5:14:16 AM,1.2510288E+1,-5.0514989E+0,3.8354341E+3,0.0000000E+0
11231364,29/9/2021,5:14:16 AM,1.0376568E+1,-5.8461061E+0,3.8327556E+3,0.0000000E+0
11231365,29/9/2021,5:14:16 AM,9.0873899E+0,-7.3747602E+0,3.8327556E+3,0.0000000E+0
11231366,29/9/2021,5:14:17 AM,5.8644443E+0,-7.2232242E+0,3.8327556E+3,0.0000000E+0
11231367,29/9/2021,5:14:17 AM,3.4383967E+0,-6.4362993E+0,3.8345413E+3,0.0000000E+0
11231368,29/9/2021,5:14:17 AM,-2.6570934E-1,-6.9254684E+0,3.8327556E+3,0.0000000E+0
11231369,29/9/2021,5:14:17 AM,-3.7758985E+0,-6.3485675E+0,3.8327556E+3,0.0000000E+0
11231370,29/9/2021,5:14:17 AM,-6.9510369E+0,-6.3884459E+0,3.8327556E+3,0.0000000E+0
11231371,29/9/2021,5:14:17 AM,-1.0247650E+1,-7.4757843E+0,3.8318628E+3,0.0000000E+0
11231372,29/9/2021,5:14:17 AM,-1.4296721E+1,-7.7070765E+0,3.8327556E+3,0.0000000E+0
11231373,29/9/2021,5:14:17 AM,-1.9250847E+1,-8.5578051E+0,3.8327556E+3,0.0000000E+0
11231374,29/9/2021,5:14:17 AM,-2.2687435E+1,-1.0557019E+1,3.8309702E+3,0.0000000E+0
11231375,29/9/2021,5:14:17 AM,-2.5320560E+1,-1.2936403E+1,3.8309702E+3,0.0000000E+0
11231376,29/9/2021,5:14:18 AM,-3.1092159E+1,-1.5084496E+1,3.8291846E+3,0.0000000E+0
11231377,29/9/2021,5:14:18 AM,-3.5427505E+1,-1.7397415E+1,3.8291846E+3,0.0000000E+0
11231378,29/9/2021,5:14:18 AM,-4.0507576E+1,-2.0344961E+1,3.8273987E+3,0.0000000E+0
11231379,29/9/2021,5:14:18 AM,-4.5747234E+1,-2.3865688E+1,3.8256133E+3,0.0000000E+0
11231380,29/9/2021,5:14:18 AM,-4.7502647E+1,-2.7037029E+1,3.8256133E+3,0.0000000E+0
11231381,29/9/2021,5:14:18 AM,-5.0055981E+1,-2.9724607E+1,3.8247205E+3,0.0000000E+0
11231382,29/9/2021,5:14:18 AM,-5.2449730E+1,-3.2304680E+1,3.8238276E+3,0.0000000E+0
11231383,29/9/2021,5:14:18 AM,-5.3274246E+1,-3.3729099E+1,3.8247205E+3,0.0000000E+0
11231384,29/9/2021,5:14:18 AM,-5.4763691E+1,-3.5583527E+1,3.8220420E+3,0.0000000E+0
11231385,29/9/2021,5:14:18 AM,-5.3779598E+1,-3.8324856E+1,3.8220420E+3,0.0000000E+0
11231386,29/9/2021,5:14:19 AM,-5.1013485E+1,-3.9856773E+1,3.8238276E+3,0.0000000E+0
11231387,29/9/2021,5:14:19 AM,-4.8699524E+1,-3.9292385E+1,3.8220420E+3,0.0000000E+0
11231388,29/9/2021,5:14:19 AM,-4.5587650E+1,-3.8512985E+1,3.8265059E+3,0.0000000E+0
11231389,29/9/2021,5:14:19 AM,-4.1252300E+1,-3.8862370E+1,3.8238276E+3,0.0000000E+0
11231390,29/9/2021,5:14:19 AM,-3.6597786E+1,-3.9480515E+1,3.8238276E+3,0.0000000E+0
11231391,29/9/2021,5:14:19 AM,-2.9975077E+1,-3.9131130E+1,3.8273987E+3,0.0000000E+0
11231392,29/9/2021,5:14:19 AM,-2.4150284E+1,-3.7034817E+1,3.8282915E+3,0.0000000E+0
11231393,29/9/2021,5:14:19 AM,-2.0479866E+1,-3.5771656E+1,3.8291846E+3,0.0000000E+0
11231394,29/9/2021,5:14:19 AM,-1.7056616E+1,-3.6067291E+1,3.8256133E+3,0.0000000E+0
11231395,29/9/2021,5:14:19 AM,-1.1820973E+1,-3.6201668E+1,3.8291846E+3,0.0000000E+0
11231396,29/9/2021,5:14:20 AM,-6.7484522E+0,-3.4723503E+1,3.8291846E+3,0.0000000E+0
11231397,29/9/2021,5:14:20 AM,-2.9749262E+0,-3.2573441E+1,3.8291846E+3,0.0000000E+0
11231398,29/9/2021,5:14:20 AM,-1.3578354E+0,-2.9187092E+1,3.8309702E+3,0.0000000E+0
11231399,29/9/2021,5:14:20 AM,-5.0556016E-1,-2.6768272E+1,3.8282915E+3,0.0000000E+0
11231400,29/9/2021,5:14:20 AM,8.0372453E-1,-2.4403204E+1,3.8291846E+3,0.0000000E+0
11231401,29/9/2021,5:14:20 AM,3.0913880E+0,-2.0318087E+1,3.8309702E+3,0.0000000E+0
11231402,29/9/2021,5:14:20 AM,4.9215026E+0,-1.6262222E+1,3.8327556E+3,0.0000000E+0
11231403,29/9/2021,5:14:20 AM,5.4671674E+0,-1.2144161E+1,3.8327556E+3,0.0000000E+0
11231404,29/9/2021,5:14:20 AM,4.6584730E+0,-8.3557577E+0,3.8327556E+3,0.0000000E+0
11231405,29/9/2021,5:14:20 AM,5.8960161E+0,-6.0189099E+0,3.8345413E+3,0.0000000E+0
11231406,29/9/2021,5:14:21 AM,6.6747847E+0,-2.6882617E+0,3.8345413E+3,0.0000000E+0
11231407,29/9/2021,5:14:21 AM,6.5984869E+0,2.1410041E-1,3.8363269E+3,0.0000000E+0
11231408,29/9/2021,5:14:21 AM,6.5590219E+0,2.3071980E+0,3.8363269E+3,0.0000000E+0
11231409,29/9/2021,5:14:21 AM,5.2935228E+0,4.4086533E+0,3.8363269E+3,0.0000000E+0
11231410,29/9/2021,5:14:21 AM,1.8451673E+0,6.4416161E+0,3.8354341E+3,0.0000000E+0
11231411,29/9/2021,5:14:21 AM,-7.9343396E-1,8.1696606E+0,3.8363269E+3,0.0000000E+0
11231412,29/9/2021,5:14:21 AM,-3.3052976E+0,9.3447304E+0,3.8363269E+3,0.0000000E+0
11231413,29/9/2021,5:14:21 AM,-7.9481773E+0,1.0054558E+1,3.8354341E+3,0.0000000E+0
11231414,29/9/2021,5:14:21 AM,-1.1713103E+1,9.2676334E+0,3.8363269E+3,0.0000000E+0
11231415,29/9/2021,5:14:21 AM,-1.5470137E+1,7.5023694E+0,3.8327556E+3,0.0000000E+0
11231416,29/9/2021,5:14:22 AM,-1.9903330E+1,5.4606190E+0,3.8318628E+3,0.0000000E+0
11231417,29/9/2021,5:14:22 AM,-2.1171394E+1,3.7121711E+0,3.8345413E+3,0.0000000E+0
11231418,29/9/2021,5:14:22 AM,-2.2155491E+1,9.9184752E-2,3.8318628E+3,0.0000000E+0
11231419,29/9/2021,5:14:22 AM,-2.1862921E+1,-4.5791712E+0,3.8327556E+3,0.0000000E+0
11231420,29/9/2021,5:14:22 AM,-2.3644936E+1,-8.8901215E+0,3.8309702E+3,0.0000000E+0
11231421,29/9/2021,5:14:22 AM,-2.4043894E+1,-1.4379984E+1,3.8291846E+3,0.0000000E+0
11231422,29/9/2021,5:14:22 AM,-2.2235283E+1,-2.0026701E+1,3.8291846E+3,0.0000000E+0
11231423,29/9/2021,5:14:22 AM,-1.9840187E+1,-2.6257633E+1,3.8273987E+3,0.0000000E+0
11231424,29/9/2021,5:14:22 AM,-1.8732546E+1,-3.0826515E+1,3.8273987E+3,0.0000000E+0
11231425,29/9/2021,5:14:22 AM,-1.7577547E+1,-3.4884754E+1,3.8273987E+3,0.0000000E+0
11231426,29/9/2021,5:14:23 AM,-1.9642864E+1,-3.8109848E+1,3.8256133E+3,0.0000000E+0
11231427,29/9/2021,5:14:23 AM,-1.9700745E+1,-4.1442444E+1,3.8256133E+3,0.0000000E+0
11231428,29/9/2021,5:14:23 AM,-1.9790197E+1,-4.4506283E+1,3.8247205E+3,0.0000000E+0
11231429,29/9/2021,5:14:23 AM,-2.0293684E+1,-4.5823196E+1,3.8256133E+3,0.0000000E+0
11231430,29/9/2021,5:14:23 AM,-2.2128893E+1,-4.6521969E+1,3.8256133E+3,0.0000000E+0
11231431,29/9/2021,5:14:23 AM,-2.4815214E+1,-4.7838879E+1,3.8238276E+3,0.0000000E+0
11231432,29/9/2021,5:14:23 AM,-2.5932297E+1,-4.8349518E+1,3.8256133E+3,0.0000000E+0
11231433,29/9/2021,5:14:23 AM,-2.7395145E+1,-4.8295765E+1,3.8238276E+3,0.0000000E+0
11231434,29/9/2021,5:14:23 AM,-2.9283548E+1,-4.8000134E+1,3.8238276E+3,0.0000000E+0
11231435,29/9/2021,5:14:23 AM,-3.0134661E+1,-4.6683224E+1,3.8238276E+3,0.0000000E+0
11231436,29/9/2021,5:14:24 AM,-3.2102852E+1,-4.3700012E+1,3.8247205E+3,0.0000000E+0
11231437,29/9/2021,5:14:24 AM,-3.3592300E+1,-4.0528667E+1,3.8256133E+3,0.0000000E+0
11231438,29/9/2021,5:14:24 AM,-3.2714588E+1,-3.8942997E+1,3.8256133E+3,0.0000000E+0
11231439,29/9/2021,5:14:24 AM,-3.2581604E+1,-3.6551056E+1,3.8238276E+3,0.0000000E+0
11231440,29/9/2021,5:14:24 AM,-3.4204037E+1,-3.2573441E+1,3.8256133E+3,0.0000000E+0
11231441,29/9/2021,5:14:24 AM,-3.4496605E+1,-2.8380819E+1,3.8273987E+3,0.0000000E+0
11231442,29/9/2021,5:14:24 AM,-3.4044453E+1,-2.5182600E+1,3.8265059E+3,0.0000000E+0
11231443,29/9/2021,5:14:24 AM,-3.4283829E+1,-2.0936230E+1,3.8273987E+3,0.0000000E+0
11231444,29/9/2021,5:14:24 AM,-3.3751884E+1,-1.5781030E+1,3.8291846E+3,0.0000000E+0
11231445,29/9/2021,5:14:24 AM,-3.3911469E+1,-1.1447627E+1,3.8273987E+3,0.0000000E+0
11231446,29/9/2021,5:14:25 AM,-3.2289036E+1,-6.7500057E+0,3.8309702E+3,0.0000000E+0
11231447,29/9/2021,5:14:25 AM,-3.0320839E+1,-1.9029180E+0,3.8327556E+3,0.0000000E+0
11231448,29/9/2021,5:14:25 AM,-2.8060076E+1,1.4730202E+0,3.8327556E+3,0.0000000E+0
11231449,29/9/2021,5:14:25 AM,-2.3378963E+1,3.5592649E+0,3.8345413E+3,0.0000000E+0
11231450,29/9/2021,5:14:25 AM,-1.9198229E+1,4.8353486E+0,3.8336484E+3,0.0000000E+0
11231451,29/9/2021,5:14:25 AM,-1.3781050E+1,6.2422266E+0,3.8345413E+3,0.0000000E+0
11231452,29/9/2021,5:14:25 AM,-8.0692024E+0,6.8350787E+0,3.8363269E+3,0.0000000E+0
11231453,29/9/2021,5:14:25 AM,-2.7839923E+0,4.9450250E+0,3.8345413E+3,0.0000000E+0
11231454,29/9/2021,5:14:25 AM,5.0696545E+0,3.1533840E+0,3.8363269E+3,0.0000000E+0
11231455,29/9/2021,5:14:25 AM,1.0342364E+1,1.4289898E+0,3.8363269E+3,0.0000000E+0
11231456,29/9/2021,5:14:26 AM,1.4180958E+1,-1.4019178E+0,3.8354341E+3,0.0000000E+0
11231457,29/9/2021,5:14:26 AM,1.9024586E+1,-5.3629141E+0,3.8345413E+3,0.0000000E+0
11231458,29/9/2021,5:14:26 AM,2.2341671E+1,-7.5847840E+0,3.8354341E+3,0.0000000E+0
11231459,29/9/2021,5:14:26 AM,2.2394865E+1,-7.7469540E+0,3.8363269E+3,0.0000000E+0
11231460,29/9/2021,5:14:26 AM,2.1251186E+1,-1.1633724E+1,3.8327556E+3,0.0000000E+0
11231461,29/9/2021,5:14:26 AM,1.9632339E+1,-1.4515570E+1,3.8336484E+3,0.0000000E+0
11231462,29/9/2021,5:14:26 AM,1.7680157E+1,-1.5613542E+1,3.8345413E+3,0.0000000E+0
11231463,29/9/2021,5:14:26 AM,1.3249593E+1,-1.7288416E+1,3.8327556E+3,0.0000000E+0
11231464,29/9/2021,5:14:26 AM,9.4136305E+0,-2.0087847E+1,3.8309702E+3,0.0000000E+0
11231465,29/9/2021,5:14:26 AM,5.7407885E+0,-2.2468149E+1,3.8309702E+3,0.0000000E+0
11231466,29/9/2021,5:14:27 AM,1.9687593E+0,-2.4080694E+1,3.8309702E+3,0.0000000E+0
11231467,29/9/2021,5:14:27 AM,-1.0818354E-2,-2.6123253E+1,3.8318628E+3,0.0000000E+0
11231468,29/9/2021,5:14:27 AM,-3.3647168E+0,-2.8918335E+1,3.8291846E+3,0.0000000E+0
11231469,29/9/2021,5:14:27 AM,-6.8405361E+0,-3.2035923E+1,3.8273987E+3,0.0000000E+0
11231470,29/9/2021,5:14:27 AM,-1.0986954E+1,-3.3782848E+1,3.8273987E+3,0.0000000E+0
11231471,29/9/2021,5:14:27 AM,-1.4562449E+1,-3.5583527E+1,3.8256133E+3,0.0000000E+0
11231472,29/9/2021,5:14:27 AM,-1.8464186E+1,-3.6040413E+1,3.8273987E+3,0.0000000E+0
11231473,29/9/2021,5:14:27 AM,-2.2315073E+1,-3.5341644E+1,3.8273987E+3,0.0000000E+0
11231474,29/9/2021,5:14:27 AM,-2.8804796E+1,-3.3594719E+1,3.8265059E+3,0.0000000E+0
11231475,29/9/2021,5:14:27 AM,-3.7395702E+1,-3.2519688E+1,3.8238276E+3,0.0000000E+0
11231476,29/9/2021,5:14:28 AM,-4.4018414E+1,-3.0262123E+1,3.8256133E+3,0.0000000E+0
11231477,29/9/2021,5:14:28 AM,-4.9391052E+1,-2.7332663E+1,3.8273987E+3,0.0000000E+0
11231478,29/9/2021,5:14:28 AM,-5.4497719E+1,-2.4833218E+1,3.8265059E+3,0.0000000E+0
11231479,29/9/2021,5:14:28 AM,-5.7902164E+1,-2.3328173E+1,3.8273987E+3,0.0000000E+0
11231480,29/9/2021,5:14:28 AM,-6.2290707E+1,-2.2602526E+1,3.8238276E+3,0.0000000E+0
11231481,29/9/2021,5:14:28 AM,-6.4099319E+1,-2.1850006E+1,3.8256133E+3,0.0000000E+0
11231482,29/9/2021,5:14:28 AM,-6.4338699E+1,-2.1124359E+1,3.8256133E+3,0.0000000E+0
11231483,29/9/2021,5:14:28 AM,-6.1918346E+1,-2.1151236E+1,3.8256133E+3,0.0000000E+0
11231484,29/9/2021,5:14:28 AM,-5.8354317E+1,-2.0989979E+1,3.8273987E+3,0.0000000E+0
11231485,29/9/2021,5:14:28 AM,-5.4683903E+1,-2.1930634E+1,3.8247205E+3,0.0000000E+0
11231486,29/9/2021,5:14:29 AM,-5.0454945E+1,-2.2387522E+1,3.8256133E+3,0.0000000E+0
11231487,29/9/2021,5:14:29 AM,-4.5773827E+1,-2.1339365E+1,3.8256133E+3,0.0000000E+0
11231488,29/9/2021,5:14:29 AM,-4.0613968E+1,-1.9367386E+1,3.8309702E+3,0.0000000E+0
11231489,29/9/2021,5:14:29 AM,-3.5666882E+1,-1.8067366E+1,3.8300774E+3,0.0000000E+0
11231490,29/9/2021,5:14:29 AM,-3.2714588E+1,-1.8854290E+1,3.8265059E+3,0.0000000E+0
11231491,29/9/2021,5:14:29 AM,-2.8911186E+1,-1.8500706E+1,3.8273987E+3,0.0000000E+0
11231492,29/9/2021,5:14:29 AM,-2.3458755E+1,-1.6147905E+1,3.8309702E+3,0.0000000E+0
11231493,29/9/2021,5:14:29 AM,-1.8185303E+1,-1.4068936E+1,3.8327556E+3,0.0000000E+0
11231494,29/9/2021,5:14:29 AM,-1.3041745E+1,-1.4138059E+1,3.8327556E+3,0.0000000E+0
11231495,29/9/2021,5:14:29 AM,-8.2507391E+0,-1.6116005E+1,3.8309702E+3,0.0000000E+0
11231496,29/9/2021,5:14:30 AM,-3.9581177E+0,-1.6988001E+1,3.8309702E+3,0.0000000E+0
11231497,29/9/2021,5:14:30 AM,9.1428286E-1,-1.7793537E+1,3.8318628E+3,0.0000000E+0
11231498,29/9/2021,5:14:30 AM,6.7510834E+0,-1.8755924E+1,3.8336484E+3,0.0000000E+0
11231499,29/9/2021,5:14:30 AM,1.1544721E+1,-2.0371838E+1,3.8336484E+3,0.0000000E+0
11231500,29/9/2021,5:14:30 AM,1.5038657E+1,-2.2736906E+1,3.8309702E+3,0.0000000E+0
11231501,29/9/2021,5:14:30 AM,1.7411797E+1,-2.4295702E+1,3.8309702E+3,0.0000000E+0
11231502,29/9/2021,5:14:30 AM,1.8795689E+1,-2.5451359E+1,3.8309702E+3,0.0000000E+0
11231503,29/9/2021,5:14:30 AM,2.0878824E+1,-2.5290104E+1,3.8327556E+3,0.0000000E+0
11231504,29/9/2021,5:14:30 AM,2.1517159E+1,-2.3408800E+1,3.8354341E+3,0.0000000E+0
11231505,29/9/2021,5:14:30 AM,2.0119070E+1,-2.2871284E+1,3.8327556E+3,0.0000000E+0
11231506,29/9/2021,5:14:31 AM,1.8109005E+1,-2.3247545E+1,3.8309702E+3,0.0000000E+0
11231507,29/9/2021,5:14:31 AM,1.6446228E+1,-2.2871284E+1,3.8309702E+3,0.0000000E+0
11231508,29/9/2021,5:14:31 AM,1.4133601E+1,-2.0210138E+1,3.8327556E+3,0.0000000E+0
11231509,29/9/2021,5:14:31 AM,1.1123765E+1,-1.9237118E+1,3.8327556E+3,0.0000000E+0
11231510,29/9/2021,5:14:31 AM,8.8584948E+0,-1.9835287E+1,3.8309702E+3,0.0000000E+0
11231511,29/9/2021,5:14:31 AM,6.2433052E+0,-1.9752872E+1,3.8309702E+3,0.0000000E+0
11231512,29/9/2021,5:14:31 AM,2.8030064E+0,-1.9080263E+1,3.8291846E+3,0.0000000E+0
11231513,29/9/2021,5:14:31 AM,2.0502099E-1,-1.7498440E+1,3.8327556E+3,0.0000000E+0
11231514,29/9/2021,5:14:31 AM,-1.9798510E+0,-1.6562637E+1,3.8309702E+3,0.0000000E+0
11231515,29/9/2021,5:14:31 AM,-5.1544261E+0,-1.4329473E+1,3.8327556E+3,0.0000000E+0
11231516,29/9/2021,5:14:32 AM,-9.4215231E+0,-1.2622697E+1,3.8327556E+3,0.0000000E+0
11231517,29/9/2021,5:14:32 AM,-1.5678103E+1,-1.2590891E+1,3.8291846E+3,0.0000000E+0
11231518,29/9/2021,5:14:32 AM,-2.1730270E+1,-1.0482661E+1,3.8318628E+3,0.0000000E+0
11231519,29/9/2021,5:14:32 AM,-2.8060507E+1,-7.6566229E+0,3.8309702E+3,0.0000000E+0
11231520,29/9/2021,5:14:32 AM,-3.4789711E+1,-7.0664248E+0,3.8327556E+3,0.0000000E+0
11231521,29/9/2021,5:14:32 AM,-4.0135838E+1,-7.9198198E+0,3.8291846E+3,0.0000000E+0
11231522,29/9/2021,5:14:32 AM,-4.6226696E+1,-8.3611393E+0,3.8282915E+3,0.0000000E+0
11231523,29/9/2021,5:14:32 AM,-5.2423943E+1,-8.6987743E+0,3.8273987E+3,0.0000000E+0
11231524,29/9/2021,5:14:32 AM,-5.6094418E+1,-1.1001079E+1,3.8273987E+3,0.0000000E+0
11231525,29/9/2021,5:14:32 AM,-5.6679565E+1,-1.2731794E+1,3.8273987E+3,0.0000000E+0
11231526,29/9/2021,5:14:33 AM,-5.8089241E+1,-1.4130192E+1,3.8273987E+3,0.0000000E+0
11231527,29/9/2021,5:14:33 AM,-5.7690277E+1,-1.6780766E+1,3.8256133E+3,0.0000000E+0
11231528,29/9/2021,5:14:33 AM,-5.6280605E+1,-1.9697195E+1,3.8238276E+3,0.0000000E+0
11231529,29/9/2021,5:14:33 AM,-5.3195274E+1,-2.1366570E+1,3.8247205E+3,0.0000000E+0
11231530,29/9/2021,5:14:33 AM,-4.9843975E+1,-2.0829048E+1,3.8282915E+3,0.0000000E+0
11231531,29/9/2021,5:14:33 AM,-4.5455364E+1,-2.1447199E+1,3.8282915E+3,0.0000000E+0
11231532,29/9/2021,5:14:33 AM,-4.0907169E+1,-2.2952267E+1,3.8273987E+3,0.0000000E+0
11231533,29/9/2021,5:14:33 AM,-3.6545155E+1,-2.3382284E+1,3.8273987E+3,0.0000000E+0
11231534,29/9/2021,5:14:33 AM,-3.3672611E+1,-2.4296076E+1,3.8273987E+3,0.0000000E+0
11231535,29/9/2021,5:14:33 AM,-2.9496782E+1,-2.4322952E+1,3.8291846E+3,0.0000000E+0
11231536,29/9/2021,5:14:34 AM,-2.5320950E+1,-2.4672342E+1,3.8291846E+3,0.0000000E+0
11231537,29/9/2021,5:14:34 AM,-2.2102638E+1,-2.5317371E+1,3.8291846E+3,0.0000000E+0
11231538,29/9/2021,5:14:34 AM,-1.8672176E+1,-2.6876190E+1,3.8291846E+3,0.0000000E+0
11231539,29/9/2021,5:14:34 AM,-1.4557300E+1,-2.8999409E+1,3.8265059E+3,0.0000000E+0
11231540,29/9/2021,5:14:34 AM,-1.0737094E+1,-3.0370094E+1,3.8291846E+3,0.0000000E+0
11231541,29/9/2021,5:14:34 AM,-5.2423677E+0,-3.0853865E+1,3.8291846E+3,0.0000000E+0
11231542,29/9/2021,5:14:34 AM,-9.8157191E-1,-3.2305180E+1,3.8291846E+3,0.0000000E+0
11231543,29/9/2021,5:14:34 AM,3.7529237E+0,-3.4401524E+1,3.8282915E+3,0.0000000E+0
11231544,29/9/2021,5:14:34 AM,9.0979834E+0,-3.5073429E+1,3.8291846E+3,0.0000000E+0
11231545,29/9/2021,5:14:34 AM,1.1942090E+1,-3.5987217E+1,3.8273987E+3,0.0000000E+0
11231546,29/9/2021,5:14:35 AM,1.5804391E+1,-3.5315315E+1,3.8309702E+3,0.0000000E+0
11231547,29/9/2021,5:14:35 AM,2.0053450E+1,-3.3648991E+1,3.8318628E+3,0.0000000E+0
11231548,29/9/2021,5:14:35 AM,2.0958939E+1,-3.2762074E+1,3.8309702E+3,0.0000000E+0
11231549,29/9/2021,5:14:35 AM,2.2209028E+1,-3.2385807E+1,3.8300774E+3,0.0000000E+0
11231550,29/9/2021,5:14:35 AM,2.3086750E+1,-2.9966951E+1,3.8318628E+3,0.0000000E+0
11231551,29/9/2021,5:14:35 AM,2.1038733E+1,-2.5532381E+1,3.8345413E+3,0.0000000E+0
11231552,29/9/2021,5:14:35 AM,1.7935497E+1,-2.3274780E+1,3.8318628E+3,0.0000000E+0
11231553,29/9/2021,5:14:35 AM,1.5144012E+1,-2.1044058E+1,3.8345413E+3,0.0000000E+0
11231554,29/9/2021,5:14:35 AM,1.0605544E+1,-1.9564266E+1,3.8291846E+3,0.0000000E+0
11231555,29/9/2021,5:14:35 AM,5.1877017E+0,-1.6671764E+1,3.8327556E+3,0.0000000E+0
11231556,29/9/2021,5:14:36 AM,5.1585293E-1,-1.3228943E+1,3.8318628E+3,0.0000000E+0
11231557,29/9/2021,5:14:36 AM,-3.7719378E+0,-1.0182245E+1,3.8309702E+3,0.0000000E+0
11231558,29/9/2021,5:14:36 AM,-6.9984484E+0,-6.5347152E+0,3.8345413E+3,0.0000000E+0
11231559,29/9/2021,5:14:36 AM,-1.1363271E+1,-4.4927130E+0,3.8309702E+3,0.0000000E+0
11231560,29/9/2021,5:14:36 AM,-1.6669991E+1,-2.2023258E+0,3.8291846E+3,0.0000000E+0
11231561,29/9/2021,5:14:36 AM,-2.1145123E+1,2.6378276E+0,3.8336484E+3,0.0000000E+0
11231562,29/9/2021,5:14:36 AM,-2.5161367E+1,6.5001540E+0,3.8345413E+3,0.0000000E+0
11231563,29/9/2021,5:14:36 AM,-2.8326485E+1,8.5924320E+0,3.8354341E+3,0.0000000E+0
11231564,29/9/2021,5:14:36 AM,-3.1544798E+1,1.0227441E+1,3.8336484E+3,0.0000000E+0
11231565,29/9/2021,5:14:36 AM,-3.6252583E+1,1.1357324E+1,3.8327556E+3,0.0000000E+0
11231566,29/9/2021,5:14:37 AM,-3.9736874E+1,1.1243007E+1,3.8345413E+3,0.0000000E+0
11231567,29/9/2021,5:14:37 AM,-4.1492317E+1,9.8791704E+0,3.8336484E+3,0.0000000E+0
11231568,29/9/2021,5:14:37 AM,-4.2503029E+1,7.4917927E+0,3.8327556E+3,0.0000000E+0
11231569,29/9/2021,5:14:37 AM,-4.3300953E+1,3.3879473E+0,3.8318628E+3,0.0000000E+0
11231570,29/9/2021,5:14:37 AM,-4.4843620E+1,-1.4467169E+0,3.8300774E+3,0.0000000E+0
11231571,29/9/2021,5:14:37 AM,-4.6253292E+1,-6.2954454E+0,3.8282915E+3,0.0000000E+0
11231572,29/9/2021,5:14:37 AM,-4.5774536E+1,-1.0565077E+1,3.8291846E+3,0.0000000E+0
11231573,29/9/2021,5:14:37 AM,-4.4976608E+1,-1.5007512E+1,3.8291846E+3,0.0000000E+0
11231574,29/9/2021,5:14:37 AM,-4.4072289E+1,-2.0329929E+1,3.8273987E+3,0.0000000E+0
11231575,29/9/2021,5:14:37 AM,-4.3433945E+1,-2.5505505E+1,3.8256133E+3,0.0000000E+0
11231576,29/9/2021,5:14:38 AM,-4.3167965E+1,-2.9859446E+1,3.8256133E+3,0.0000000E+0
11231577,29/9/2021,5:14:38 AM,-4.2050865E+1,-3.4482151E+1,3.8238276E+3,0.0000000E+0
11231578,29/9/2021,5:14:38 AM,-3.8965538E+1,-3.9104855E+1,3.8256133E+3,0.0000000E+0
11231579,29/9/2021,5:14:38 AM,-3.4417343E+1,-4.3109409E+1,3.8256133E+3,0.0000000E+0
11231580,29/9/2021,5:14:38 AM,-3.1597996E+1,-4.5205753E+1,3.8265059E+3,0.0000000E+0
11231581,29/9/2021,5:14:38 AM,-2.8486071E+1,-4.9667198E+1,3.8229348E+3,0.0000000E+0
11231582,29/9/2021,5:14:38 AM,-2.3751690E+1,-5.3510494E+1,3.8238276E+3,0.0000000E+0
11231583,29/9/2021,5:14:38 AM,-1.8280159E+1,-5.6816265E+1,3.8238276E+3,0.0000000E+0
11231584,29/9/2021,5:14:38 AM,-1.2931345E+1,-5.8079449E+1,3.8247205E+3,0.0000000E+0
11231585,29/9/2021,5:14:38 AM,-8.8796110E+0,-5.8724472E+1,3.8256133E+3,0.0000000E+0
11231586,29/9/2021,5:14:39 AM,-6.9852939E+0,-5.9960777E+1,3.8220420E+3,0.0000000E+0
11231587,29/9/2021,5:14:39 AM,-5.8802757E+0,-5.9960777E+1,3.8238276E+3,0.0000000E+0
11231588,29/9/2021,5:14:39 AM,-3.8226423E+0,-5.8106323E+1,3.8256133E+3,0.0000000E+0
11231589,29/9/2021,5:14:39 AM,-3.8123429E+0,-5.4773674E+1,3.8265059E+3,0.0000000E+0
11231590,29/9/2021,5:14:39 AM,-4.7329464E+0,-5.2327942E+1,3.8247205E+3,0.0000000E+0
11231591,29/9/2021,5:14:39 AM,-7.1826181E+0,-4.8538399E+1,3.8247205E+3,0.0000000E+0
11231592,29/9/2021,5:14:39 AM,-8.6875477E+0,-4.3351292E+1,3.8256133E+3,0.0000000E+0
11231593,29/9/2021,5:14:39 AM,-1.0584496E+1,-3.7599789E+1,3.8256133E+3,0.0000000E+0
11231594,29/9/2021,5:14:39 AM,-1.3320732E+1,-3.1149504E+1,3.8291846E+3,0.0000000E+0
11231595,29/9/2021,5:14:39 AM,-1.5125595E+1,-2.4914228E+1,3.8291846E+3,0.0000000E+0
11231596,29/9/2021,5:14:40 AM,-1.6180624E+1,-2.0125221E+1,3.8282915E+3,0.0000000E+0
11231597,29/9/2021,5:14:40 AM,-1.6501606E+1,-1.4039800E+1,3.8291846E+3,0.0000000E+0
11231598,29/9/2021,5:14:40 AM,-1.7075163E+1,-8.2707472E+0,3.8309702E+3,0.0000000E+0
11231599,29/9/2021,5:14:40 AM,-1.6475296E+1,-2.7194841E+0,3.8327556E+3,0.0000000E+0
11231600,29/9/2021,5:14:40 AM,-1.5196631E+1,3.1101549E+0,3.8345413E+3,0.0000000E+0
11231601,29/9/2021,5:14:40 AM,-1.5536030E+1,7.3774757E+0,3.8345413E+3,0.0000000E+0
11231602,29/9/2021,5:14:40 AM,-1.5025618E+1,1.0410881E+1,3.8354341E+3,0.0000000E+0
11231603,29/9/2021,5:14:40 AM,-1.4565192E+1,1.4414656E+1,3.8363269E+3,0.0000000E+0
11231604,29/9/2021,5:14:40 AM,-1.5980669E+1,1.8689604E+1,3.8381123E+3,0.0000000E+0
11231605,29/9/2021,5:14:40 AM,-1.5904369E+1,2.1500952E+1,3.8381123E+3,0.0000000E+0
11231606,29/9/2021,5:14:41 AM,-1.6512129E+1,2.2172857E+1,3.8381123E+3,0.0000000E+0
11231607,29/9/2021,5:14:41 AM,-1.6691038E+1,2.1635332E+1,3.8354341E+3,0.0000000E+0
11231608,29/9/2021,5:14:41 AM,-1.5407111E+1,2.1097809E+1,3.8381123E+3,0.0000000E+0
11231609,29/9/2021,5:14:41 AM,-1.4970366E+1,1.8769361E+1,3.8354341E+3,0.0000000E+0
11231610,29/9/2021,5:14:41 AM,-1.2734020E+1,1.3856360E+1,3.8345413E+3,0.0000000E+0
11231611,29/9/2021,5:14:41 AM,-9.0953522E+0,9.3102407E+0,3.8345413E+3,0.0000000E+0
11231612,29/9/2021,5:14:41 AM,-7.2668104E+0,5.1627769E+0,3.8327556E+3,0.0000000E+0
11231613,29/9/2021,5:14:41 AM,-4.8842673E+0,-1.2832748E+0,3.8309702E+3,0.0000000E+0
11231614,29/9/2021,5:14:41 AM,-1.1501807E+0,-6.5081291E+0,3.8309702E+3,0.0000000E+0
11231615,29/9/2021,5:14:41 AM,1.8103083E+0,-9.2730217E+0,3.8327556E+3,0.0000000E+0
11231616,29/9/2021,5:14:42 AM,3.4716725E+0,-1.2912575E+1,3.8291846E+3,0.0000000E+0
11231617,29/9/2021,5:14:42 AM,5.6987371E+0,-1.6626570E+1,3.8327556E+3,0.0000000E+0
11231618,29/9/2021,5:14:42 AM,7.2931199E+0,-1.9540340E+1,3.8318628E+3,0.0000000E+0
11231619,29/9/2021,5:14:42 AM,6.4959288E+0,-2.1930971E+1,3.8309702E+3,0.0000000E+0
11231620,29/9/2021,5:14:42 AM,4.8280172E+0,-2.3839180E+1,3.8327556E+3,0.0000000E+0
11231621,29/9/2021,5:14:42 AM,4.0207067E+0,-2.7413713E+1,3.8309702E+3,0.0000000E+0
11231622,29/9/2021,5:14:42 AM,1.8530903E+0,-3.0692610E+1,3.8309702E+3,0.0000000E+0
11231623,29/9/2021,5:14:42 AM,1.2272068E+0,-3.3595238E+1,3.8309702E+3,0.0000000E+0
11231624,29/9/2021,5:14:42 AM,-4.5015097E-1,-3.6659122E+1,3.8291846E+3,0.0000000E+0
11231625,29/9/2021,5:14:42 AM,-2.6485167E+0,-4.0609921E+1,3.8256133E+3,0.0000000E+0
11231626,29/9/2021,5:14:43 AM,-4.0975556E+0,-4.3969448E+1,3.8256133E+3,0.0000000E+0
11231627,29/9/2021,5:14:43 AM,-6.2933421E+0,-4.6253922E+1,3.8256133E+3,0.0000000E+0
11231628,29/9/2021,5:14:43 AM,-7.3825736E+0,-4.9183430E+1,3.8238276E+3,0.0000000E+0
11231629,29/9/2021,5:14:43 AM,-8.6217728E+0,-5.0150970E+1,3.8256133E+3,0.0000000E+0
11231630,29/9/2021,5:14:43 AM,-1.2602469E+1,-4.9317810E+1,3.8220420E+3,0.0000000E+0
11231631,29/9/2021,5:14:43 AM,-1.7527693E+1,-4.7302094E+1,3.8220420E+3,0.0000000E+0
11231632,29/9/2021,5:14:43 AM,-2.2581394E+1,-4.3243790E+1,3.8256133E+3,0.0000000E+0
11231633,29/9/2021,5:14:43 AM,-2.7076395E+1,-3.7008514E+1,3.8256133E+3,0.0000000E+0
11231634,29/9/2021,5:14:43 AM,-3.1943764E+1,-3.0343218E+1,3.8291846E+3,0.0000000E+0
11231635,29/9/2021,5:14:43 AM,-3.6837727E+1,-2.5505505E+1,3.8273987E+3,0.0000000E+0
11231636,29/9/2021,5:14:44 AM,-4.0694386E+1,-2.1151562E+1,3.8273987E+3,0.0000000E+0
11231637,29/9/2021,5:14:44 AM,-4.4311665E+1,-1.5278685E+1,3.8309702E+3,0.0000000E+0
11231638,29/9/2021,5:14:44 AM,-4.6386280E+1,-1.1168568E+1,3.8309702E+3,0.0000000E+0
11231639,29/9/2021,5:14:44 AM,-4.7157612E+1,-9.2038984E+0,3.8291846E+3,0.0000000E+0
11231640,29/9/2021,5:14:44 AM,-4.6519268E+1,-8.2627726E+0,3.8309702E+3,0.0000000E+0
11231641,29/9/2021,5:14:44 AM,-4.5827732E+1,-7.2950606E+0,3.8309702E+3,0.0000000E+0
11231642,29/9/2021,5:14:44 AM,-4.6359684E+1,-6.1758108E+0,3.8309702E+3,0.0000000E+0
11231643,29/9/2021,5:14:44 AM,-4.4551044E+1,-6.9919853E+0,3.8309702E+3,0.0000000E+0
11231644,29/9/2021,5:14:44 AM,-4.2316841E+1,-8.0261612E+0,3.8309702E+3,0.0000000E+0
11231645,29/9/2021,5:14:44 AM,-4.0774181E+1,-9.2969475E+0,3.8291846E+3,0.0000000E+0
11231646,29/9/2021,5:14:45 AM,-3.9231518E+1,-1.0719273E+1,3.8291846E+3,0.0000000E+0
11231647,29/9/2021,5:14:45 AM,-3.7954830E+1,-1.1652424E+1,3.8291846E+3,0.0000000E+0
11231648,29/9/2021,5:14:45 AM,-3.6837727E+1,-1.3037527E+1,3.8282915E+3,0.0000000E+0
11231649,29/9/2021,5:14:45 AM,-3.5135479E+1,-1.4709756E+1,3.8291846E+3,0.0000000E+0
11231650,29/9/2021,5:14:45 AM,-3.3326843E+1,-1.6004469E+1,3.8273987E+3,0.0000000E+0
11231651,29/9/2021,5:14:45 AM,-3.2209740E+1,-1.7081181E+1,3.8291846E+3,0.0000000E+0
11231652,29/9/2021,5:14:45 AM,-3.0161720E+1,-1.8524775E+1,3.8282915E+3,0.0000000E+0
11231653,29/9/2021,5:14:45 AM,-2.6996603E+1,-1.9548315E+1,3.8300774E+3,0.0000000E+0
11231654,29/9/2021,5:14:45 AM,-2.4576218E+1,-2.1124685E+1,3.8291846E+3,0.0000000E+0
11231655,29/9/2021,5:14:45 AM,-2.1544086E+1,-2.3059771E+1,3.8291846E+3,0.0000000E+0
11231656,29/9/2021,5:14:46 AM,-1.8180180E+1,-2.5156115E+1,3.8291846E+3,0.0000000E+0
11231657,29/9/2021,5:14:46 AM,-1.5612329E+1,-2.7440592E+1,3.8282915E+3,0.0000000E+0
11231658,29/9/2021,5:14:46 AM,-1.1800016E+1,-2.8730646E+1,3.8309702E+3,0.0000000E+0
11231659,29/9/2021,5:14:46 AM,-7.9114041E+0,-3.0800114E+1,3.8291846E+3,0.0000000E+0
11231660,29/9/2021,5:14:46 AM,-6.5090837E+0,-3.2923332E+1,3.8282915E+3,0.0000000E+0
11231661,29/9/2021,5:14:46 AM,-3.4669187E+0,-3.5019676E+1,3.8291846E+3,0.0000000E+0
11231662,29/9/2021,5:14:46 AM,-1.3441201E+0,-3.5476570E+1,3.8282915E+3,0.0000000E+0
11231663,29/9/2021,5:14:46 AM,2.5964159E-1,-3.6551620E+1,3.8291846E+3,0.0000000E+0
11231664,29/9/2021,5:14:46 AM,2.8552959E+0,-3.7438534E+1,3.8273987E+3,0.0000000E+0
11231665,29/9/2021,5:14:46 AM,4.8034573E+0,-3.7089142E+1,3.8282915E+3,0.0000000E+0
11231666,29/9/2021,5:14:47 AM,4.9127884E+0,-3.4697163E+1,3.8282915E+3,0.0000000E+0
11231667,29/9/2021,5:14:47 AM,5.1433358E+0,-3.2520191E+1,3.8291846E+3,0.0000000E+0
11231668,29/9/2021,5:14:47 AM,6.2170429E+0,-3.0289467E+1,3.8309702E+3,0.0000000E+0
11231669,29/9/2021,5:14:47 AM,6.3433309E+0,-2.8435009E+1,3.8282915E+3,0.0000000E+0
11231670,29/9/2021,5:14:47 AM,6.4301534E+0,-2.5532381E+1,3.8327556E+3,0.0000000E+0
11231671,29/9/2021,5:14:47 AM,6.1460061E+0,-2.3086647E+1,3.8309702E+3,0.0000000E+0
11231672,29/9/2021,5:14:47 AM,4.1514292E+0,-1.9651999E+1,3.8309702E+3,0.0000000E+0
11231673,29/9/2021,5:14:47 AM,2.7015982E+0,-1.6296909E+1,3.8327556E+3,0.0000000E+0
11231674,29/9/2021,5:14:47 AM,-1.2296035E-1,-1.3526700E+1,3.8309702E+3,0.0000000E+0
11231675,29/9/2021,5:14:47 AM,-2.0456088E+0,-1.1152616E+1,3.8336484E+3,0.0000000E+0
11231676,29/9/2021,5:14:48 AM,-4.8470311E+0,-8.3664560E+0,3.8327556E+3,0.0000000E+0
11231677,29/9/2021,5:14:48 AM,-8.4665451E+0,-5.8461509E+0,3.8327556E+3,0.0000000E+0
11231678,29/9/2021,5:14:48 AM,-1.2449872E+1,-2.9900715E+0,3.8327556E+3,0.0000000E+0
11231679,29/9/2021,5:14:48 AM,-1.7311953E+1,-1.3453989E+0,3.8318628E+3,0.0000000E+0
11231680,29/9/2021,5:14:48 AM,-1.9571978E+1,-5.6338239E-1,3.8327556E+3,0.0000000E+0
11231681,29/9/2021,5:14:48 AM,-2.1783466E+1,5.8577907E-1,3.8327556E+3,0.0000000E+0
11231682,29/9/2021,5:14:48 AM,-2.4469828E+1,1.8850514E-1,3.8318628E+3,0.0000000E+0
11231683,29/9/2021,5:14:48 AM,-2.5187965E+1,-4.8606065E-1,3.8327556E+3,0.0000000E+0
11231684,29/9/2021,5:14:48 AM,-2.7182785E+1,-1.5149734E+0,3.8318628E+3,0.0000000E+0
11231685,29/9/2021,5:14:48 AM,-2.8246693E+1,-3.1950135E+0,3.8291846E+3,0.0000000E+0
11231686,29/9/2021,5:14:49 AM,-2.8752048E+1,-4.0452027E+0,3.8309702E+3,0.0000000E+0
11231687,29/9/2021,5:14:49 AM,-2.9895746E+1,-5.5470433E+0,3.8309702E+3,0.0000000E+0
11231688,29/9/2021,5:14:49 AM,-3.0613882E+1,-7.1116199E+0,3.8291846E+3,0.0000000E+0
11231689,29/9/2021,5:14:49 AM,-3.1571398E+1,-7.8161364E+0,3.8300774E+3,0.0000000E+0
11231690,29/9/2021,5:14:49 AM,-3.2688499E+1,-8.0899668E+0,3.8291846E+3,0.0000000E+0
11231691,29/9/2021,5:14:49 AM,-3.2901279E+1,-9.6026812E+0,3.8309702E+3,0.0000000E+0
11231692,29/9/2021,5:14:49 AM,-3.2635300E+1,-1.1862449E+1,3.8291846E+3,0.0000000E+0
11231693,29/9/2021,5:14:49 AM,-3.2316132E+1,-1.3436310E+1,3.8309702E+3,0.0000000E+0
11231694,29/9/2021,5:14:49 AM,-3.2236340E+1,-1.5890151E+1,3.8291846E+3,0.0000000E+0
11231695,29/9/2021,5:14:49 AM,-3.1810776E+1,-1.8873045E+1,3.8282915E+3,0.0000000E+0
11231696,29/9/2021,5:14:50 AM,-3.0188320E+1,-2.1232191E+1,3.8291846E+3,0.0000000E+0
11231697,29/9/2021,5:14:50 AM,-2.8379681E+1,-2.2898514E+1,3.8282915E+3,0.0000000E+0
11231698,29/9/2021,5:14:50 AM,-2.6118881E+1,-2.5209866E+1,3.8282915E+3,0.0000000E+0
11231699,29/9/2021,5:14:50 AM,-2.3405922E+1,-2.8757523E+1,3.8273987E+3,0.0000000E+0
11231700,29/9/2021,5:14:50 AM,-1.9990307E+1,-3.1176380E+1,3.8282915E+3,0.0000000E+0
11231701,29/9/2021,5:14:50 AM,-1.6656834E+1,-3.2842701E+1,3.8273987E+3,0.0000000E+0
11231702,29/9/2021,5:14:50 AM,-1.3265480E+1,-3.5154057E+1,3.8273987E+3,0.0000000E+0
11231703,29/9/2021,5:14:50 AM,-9.9741049E+0,-3.7465412E+1,3.8273987E+3,0.0000000E+0
11231704,29/9/2021,5:14:50 AM,-6.8484821E+0,-3.9266113E+1,3.8273987E+3,0.0000000E+0
11231705,29/9/2021,5:14:50 AM,-4.7923656E+0,-3.9857388E+1,3.8282915E+3,0.0000000E+0
11231706,29/9/2021,5:14:51 AM,-2.7435877E+0,-3.9803638E+1,3.8291846E+3,0.0000000E+0
11231707,29/9/2021,5:14:51 AM,-1.8229845E+0,-4.0394913E+1,3.8273987E+3,0.0000000E+0
11231708,29/9/2021,5:14:51 AM,-6.7311555E-1,-4.0986187E+1,3.8273987E+3,0.0000000E+0
11231709,29/9/2021,5:14:51 AM,-9.2510509E-1,-3.9266113E+1,3.8291846E+3,0.0000000E+0
11231710,29/9/2021,5:14:51 AM,-2.5780058E+0,-3.7599789E+1,3.8273987E+3,0.0000000E+0
11231711,29/9/2021,5:14:51 AM,-4.1324148E+0,-3.5799084E+1,3.8291846E+3,0.0000000E+0
11231712,29/9/2021,5:14:51 AM,-4.3225570E+0,-3.3890877E+1,3.8300774E+3,0.0000000E+0
11231713,29/9/2021,5:14:51 AM,-6.4406776E+0,-3.2573944E+1,3.8273987E+3,0.0000000E+0
11231714,29/9/2021,5:14:51 AM,-7.0537000E+0,-3.0907619E+1,3.8291846E+3,0.0000000E+0
11231715,29/9/2021,5:14:51 AM,-8.0455847E+0,-2.9187544E+1,3.8291846E+3,0.0000000E+0
11231716,29/9/2021,5:14:52 AM,-9.3926544E+0,-2.7171829E+1,3.8282915E+3,0.0000000E+0
11231717,29/9/2021,5:14:52 AM,-1.0658164E+1,-2.4860476E+1,3.8291846E+3,0.0000000E+0
11231718,29/9/2021,5:14:52 AM,-1.0418743E+1,-2.3247904E+1,3.8291846E+3,0.0000000E+0
11231719,29/9/2021,5:14:52 AM,-1.0894954E+1,-2.0479658E+1,3.8309702E+3,0.0000000E+0
11231720,29/9/2021,5:14:52 AM,-1.1339592E+1,-1.7682014E+1,3.8291846E+3,0.0000000E+0
11231721,29/9/2021,5:14:52 AM,-1.3386506E+1,-1.4653925E+1,3.8309702E+3,0.0000000E+0
11231722,29/9/2021,5:14:52 AM,-1.4407332E+1,-1.1492910E+1,3.8309702E+3,0.0000000E+0
11231723,29/9/2021,5:14:52 AM,-1.6288494E+1,-7.7496719E+0,3.8309702E+3,0.0000000E+0
11231724,29/9/2021,5:14:52 AM,-1.8330149E+1,-4.4566875E+0,3.8327556E+3,0.0000000E+0
11231725,29/9/2021,5:14:52 AM,-2.0480181E+1,-1.1990207E+0,3.8327556E+3,0.0000000E+0
11231726,29/9/2021,5:14:53 AM,-2.2342016E+1,1.9013174E+0,3.8327556E+3,0.0000000E+0
11231727,29/9/2021,5:14:53 AM,-2.5852903E+1,5.4712954E+0,3.8327556E+3,0.0000000E+0
11231728,29/9/2021,5:14:53 AM,-2.8087107E+1,7.2737923E+0,3.8327556E+3,0.0000000E+0
11231729,29/9/2021,5:14:53 AM,-2.9842550E+1,8.4169683E+0,3.8345413E+3,0.0000000E+0
11231730,29/9/2021,5:14:53 AM,-3.0879860E+1,8.4036751E+0,3.8327556E+3,0.0000000E+0
11231731,29/9/2021,5:14:53 AM,-3.0853262E+1,8.0873079E+0,3.8345413E+3,0.0000000E+0
11231732,29/9/2021,5:14:53 AM,-3.0773466E+1,6.1040297E+0,3.8327556E+3,0.0000000E+0
11231733,29/9/2021,5:14:53 AM,-2.9736160E+1,3.0445094E+0,3.8318628E+3,0.0000000E+0
11231734,29/9/2021,5:14:53 AM,-2.7954117E+1,7.0709425E-1,3.8327556E+3,0.0000000E+0
11231735,29/9/2021,5:14:53 AM,-2.6384857E+1,-2.0326080E+0,3.8318628E+3,0.0000000E+0
11231736,29/9/2021,5:14:54 AM,-2.3086750E+1,-6.6197882E+0,3.8327556E+3,0.0000000E+0
11231737,29/9/2021,5:14:54 AM,-2.1357904E+1,-1.0059952E+1,3.8318628E+3,0.0000000E+0
11231738,29/9/2021,5:14:54 AM,-2.0453585E+1,-1.3457579E+1,3.8327556E+3,0.0000000E+0
11231739,29/9/2021,5:14:54 AM,-1.9245735E+1,-1.8290821E+1,3.8291846E+3,0.0000000E+0
11231740,29/9/2021,5:14:54 AM,-1.6822586E+1,-2.3624170E+1,3.8291846E+3,0.0000000E+0
11231741,29/9/2021,5:14:54 AM,-1.6133266E+1,-2.6231161E+1,3.8291846E+3,0.0000000E+0
11231742,29/9/2021,5:14:54 AM,-1.5754403E+1,-3.0128208E+1,3.8291846E+3,0.0000000E+0
11231743,29/9/2021,5:14:54 AM,-1.5617590E+1,-3.4186516E+1,3.8273987E+3,0.0000000E+0
11231744,29/9/2021,5:14:54 AM,-1.5312396E+1,-3.8029808E+1,3.8273987E+3,0.0000000E+0
11231745,29/9/2021,5:14:54 AM,-1.5512352E+1,-4.1120571E+1,3.8273987E+3,0.0000000E+0
11231746,29/9/2021,5:14:55 AM,-1.5333443E+1,-4.3405048E+1,3.8273987E+3,0.0000000E+0
11231747,29/9/2021,5:14:55 AM,-1.6356901E+1,-4.6898952E+1,3.8238276E+3,0.0000000E+0
11231748,29/9/2021,5:14:55 AM,-1.5967513E+1,-4.8887791E+1,3.8256133E+3,0.0000000E+0
11231749,29/9/2021,5:14:55 AM,-1.6525286E+1,-4.9532818E+1,3.8238276E+3,0.0000000E+0
11231750,29/9/2021,5:14:55 AM,-1.7317215E+1,-5.1467903E+1,3.8238276E+3,0.0000000E+0
11231751,29/9/2021,5:14:55 AM,-1.7490860E+1,-5.1682911E+1,3.8247205E+3,0.0000000E+0
11231752,29/9/2021,5:14:55 AM,-1.7125151E+1,-5.0231598E+1,3.8238276E+3,0.0000000E+0
11231753,29/9/2021,5:14:55 AM,-1.8014427E+1,-4.6549561E+1,3.8256133E+3,0.0000000E+0
11231754,29/9/2021,5:14:55 AM,-1.8277527E+1,-4.2786896E+1,3.8273987E+3,0.0000000E+0
11231755,29/9/2021,5:14:55 AM,-1.9353605E+1,-4.0394913E+1,3.8256133E+3,0.0000000E+0
11231756,29/9/2021,5:14:56 AM,-2.1411098E+1,-3.7196648E+1,3.8247205E+3,0.0000000E+0
11231757,29/9/2021,5:14:56 AM,-2.2687784E+1,-3.2493313E+1,3.8291846E+3,0.0000000E+0
11231758,29/9/2021,5:14:56 AM,-2.3485716E+1,-2.8596266E+1,3.8273987E+3,0.0000000E+0
11231759,29/9/2021,5:14:56 AM,-2.5533733E+1,-2.4779848E+1,3.8273987E+3,0.0000000E+0
11231760,29/9/2021,5:14:56 AM,-2.6863615E+1,-1.9604145E+1,3.8291846E+3,0.0000000E+0
11231761,29/9/2021,5:14:56 AM,-2.8698851E+1,-1.5252099E+1,3.8282915E+3,0.0000000E+0
11231762,29/9/2021,5:14:56 AM,-2.9230804E+1,-1.1067542E+1,3.8309702E+3,0.0000000E+0
11231763,29/9/2021,5:14:56 AM,-2.8752048E+1,-6.5932031E+0,3.8309702E+3,0.0000000E+0
11231764,29/9/2021,5:14:56 AM,-3.0214918E+1,-1.9093227E+0,3.8309702E+3,0.0000000E+0
11231765,29/9/2021,5:14:56 AM,-3.0294710E+1,1.0591338E+0,3.8327556E+3,0.0000000E+0
11231766,29/9/2021,5:14:57 AM,-2.8007315E+1,2.7931352E+0,3.8327556E+3,0.0000000E+0
11231767,29/9/2021,5:14:57 AM,-2.6278467E+1,4.7929206E+0,3.8336484E+3,0.0000000E+0
11231768,29/9/2021,5:14:57 AM,-2.3645300E+1,5.2676497E+0,3.8345413E+3,0.0000000E+0
11231769,29/9/2021,5:14:57 AM,-1.9666693E+1,4.8825827E+0,3.8354341E+3,0.0000000E+0
11231770,29/9/2021,5:14:57 AM,-1.6464771E+1,3.8130417E+0,3.8336484E+3,0.0000000E+0
11231771,29/9/2021,5:14:57 AM,-1.3165503E+1,9.2303950E-1,3.8336484E+3,0.0000000E+0
11231772,29/9/2021,5:14:57 AM,-8.2639580E+0,-2.2519603E+0,3.8327556E+3,0.0000000E+0
11231773,29/9/2021,5:14:57 AM,-4.0397210E+0,-5.8461509E+0,3.8327556E+3,0.0000000E+0
11231774,29/9/2021,5:14:57 AM,-3.8972625E-1,-9.3501186E+0,3.8318628E+3,0.0000000E+0
11231775,29/9/2021,5:14:57 AM,2.1184967E+0,-1.2343646E+1,3.8318628E+3,0.0000000E+0
11231776,29/9/2021,5:14:58 AM,2.7966690E+0,-1.3989288E+1,3.8318628E+3,0.0000000E+0
11231777,29/9/2021,5:14:58 AM,4.0238757E+0,-1.5201588E+1,3.8309702E+3,0.0000000E+0
11231778,29/9/2021,5:14:58 AM,4.7923656E+0,-1.7216766E+1,3.8309702E+3,0.0000000E+0
11231779,29/9/2021,5:14:58 AM,4.9975600E+0,-1.7860136E+1,3.8318628E+3,0.0000000E+0
11231780,29/9/2021,5:14:58 AM,4.6133156E+0,-1.7551744E+1,3.8327556E+3,0.0000000E+0
11231781,29/9/2021,5:14:58 AM,2.6508937E+0,-1.7884064E+1,3.8309702E+3,0.0000000E+0
11231782,29/9/2021,5:14:58 AM,1.0370650E+0,-1.9114971E+1,3.8309702E+3,0.0000000E+0
11231783,29/9/2021,5:14:58 AM,8.5307044E-1,-2.0045465E+1,3.8309702E+3,0.0000000E+0
11231784,29/9/2021,5:14:58 AM,9.5070904E-1,-2.0345276E+1,3.8309702E+3,0.0000000E+0
11231785,29/9/2021,5:14:58 AM,6.8973893E-1,-2.0963428E+1,3.8309702E+3,0.0000000E+0
11231786,29/9/2021,5:14:59 AM,8.9106667E-1,-2.2414743E+1,3.8309702E+3,0.0000000E+0
11231787,29/9/2021,5:14:59 AM,1.9148864E+0,-2.3516666E+1,3.8291846E+3,0.0000000E+0
11231788,29/9/2021,5:14:59 AM,2.6065271E+0,-2.4215446E+1,3.8291846E+3,0.0000000E+0
11231789,29/9/2021,5:14:59 AM,3.3464956E+0,-2.3839180E+1,3.8309702E+3,0.0000000E+0
11231790,29/9/2021,5:14:59 AM,2.4068782E+0,-2.3436037E+1,3.8309702E+3,0.0000000E+0
11231791,29/9/2021,5:14:59 AM,3.2455198E-2,-2.3570419E+1,3.8291846E+3,0.0000000E+0
11231792,29/9/2021,5:14:59 AM,-2.3680575E+0,-2.1823465E+1,3.8309702E+3,0.0000000E+0
11231793,29/9/2021,5:14:59 AM,-5.9539437E+0,-2.0291525E+1,3.8309702E+3,0.0000000E+0
11231794,29/9/2021,5:14:59 AM,-1.0618699E+1,-1.9582876E+1,3.8291846E+3,0.0000000E+0
11231795,29/9/2021,5:14:59 AM,-1.3910075E+1,-1.8088772E+1,3.8327556E+3,0.0000000E+0
11231796,29/9/2021,5:15:00 AM,-1.9632490E+1,-1.6227787E+1,3.8309702E+3,0.0000000E+0
11231797,29/9/2021,5:15:00 AM,-2.6464649E+1,-1.4619365E+1,3.8318628E+3,0.0000000E+0
11231798,29/9/2021,5:15:00 AM,-3.1145834E+1,-1.4845341E+1,3.8291846E+3,0.0000000E+0
11231799,29/9/2021,5:15:00 AM,-3.5481247E+1,-1.5015489E+1,3.8309702E+3,0.0000000E+0
11231800,29/9/2021,5:15:00 AM,-3.9657082E+1,-1.4409339E+1,3.8291846E+3,0.0000000E+0
11231801,29/9/2021,5:15:00 AM,-4.3460541E+1,-1.5400978E+1,3.8291846E+3,0.0000000E+0
11231802,29/9/2021,5:15:00 AM,-4.6120304E+1,-1.7291206E+1,3.8273987E+3,0.0000000E+0
11231803,29/9/2021,5:15:00 AM,-4.7476788E+1,-2.0300686E+1,3.8256133E+3,0.0000000E+0
11231804,29/9/2021,5:15:00 AM,-4.8354507E+1,-2.1527828E+1,3.8273987E+3,0.0000000E+0
11231805,29/9/2021,5:15:00 AM,-4.8115128E+1,-2.3597296E+1,3.8256133E+3,0.0000000E+0
11231806,29/9/2021,5:15:01 AM,-4.7104420E+1,-2.6258038E+1,3.8256133E+3,0.0000000E+0
11231807,29/9/2021,5:15:01 AM,-4.5880924E+1,-2.8650019E+1,3.8256133E+3,0.0000000E+0
11231808,29/9/2021,5:15:01 AM,-4.4045689E+1,-2.9805695E+1,3.8256133E+3,0.0000000E+0
11231809,29/9/2021,5:15:01 AM,-4.3247761E+1,-3.0638857E+1,3.8256133E+3,0.0000000E+0
11231810,29/9/2021,5:15:01 AM,-4.0641193E+1,-3.1203259E+1,3.8273987E+3,0.0000000E+0
11231811,29/9/2021,5:15:01 AM,-3.7981426E+1,-3.1364513E+1,3.8282915E+3,0.0000000E+0
11231812,29/9/2021,5:15:01 AM,-3.6997314E+1,-3.0853865E+1,3.8273987E+3,0.0000000E+0
11231813,29/9/2021,5:15:01 AM,-3.6225983E+1,-3.1418266E+1,3.8273987E+3,0.0000000E+0
11231814,29/9/2021,5:15:01 AM,-3.4922699E+1,-3.2117046E+1,3.8273987E+3,0.0000000E+0
11231815,29/9/2021,5:15:01 AM,-3.3699207E+1,-3.1848284E+1,3.8273987E+3,0.0000000E+0
11231816,29/9/2021,5:15:02 AM,-3.3220451E+1,-3.0746361E+1,3.8273987E+3,0.0000000E+0
11231817,29/9/2021,5:15:02 AM,-3.0347906E+1,-3.1337637E+1,3.8282915E+3,0.0000000E+0
11231818,29/9/2021,5:15:02 AM,-2.8592461E+1,-3.2600819E+1,3.8238276E+3,0.0000000E+0
11231819,29/9/2021,5:15:02 AM,-2.6278467E+1,-3.3030838E+1,3.8256133E+3,0.0000000E+0
11231820,29/9/2021,5:15:02 AM,-2.2155832E+1,-3.1633276E+1,3.8273987E+3,0.0000000E+0
11231821,29/9/2021,5:15:02 AM,-1.8716904E+1,-3.0773237E+1,3.8273987E+3,0.0000000E+0
11231822,29/9/2021,5:15:02 AM,-1.3760108E+1,-3.1122627E+1,3.8273987E+3,0.0000000E+0
11231823,29/9/2021,5:15:02 AM,-9.0427322E+0,-2.9698191E+1,3.8291846E+3,0.0000000E+0
11231824,29/9/2021,5:15:02 AM,-5.7250471E+0,-2.8408133E+1,3.8273987E+3,0.0000000E+0
11231825,29/9/2021,5:15:02 AM,-1.0802568E+0,-2.5747389E+1,3.8309702E+3,0.0000000E+0
11231826,29/9/2021,5:15:03 AM,2.9567051E+0,-2.2817884E+1,3.8318628E+3,0.0000000E+0
11231827,29/9/2021,5:15:03 AM,5.3672314E+0,-2.0614037E+1,3.8309702E+3,0.0000000E+0
11231828,29/9/2021,5:15:03 AM,8.6665001E+0,-1.9051167E+1,3.8327556E+3,0.0000000E+0
11231829,29/9/2021,5:15:03 AM,1.1360640E+1,-1.5911420E+1,3.8327556E+3,0.0000000E+0
11231830,29/9/2021,5:15:03 AM,1.2078902E+1,-1.2362256E+1,3.8345413E+3,0.0000000E+0
11231831,29/9/2021,5:15:03 AM,1.2555111E+1,-9.6877546E+0,3.8345413E+3,0.0000000E+0
11231832,29/9/2021,5:15:03 AM,1.2331477E+1,-7.4093776E+0,3.8354341E+3,0.0000000E+0
11231833,29/9/2021,5:15:03 AM,1.0447684E+1,-5.3685193E+0,3.8336484E+3,0.0000000E+0
11231834,29/9/2021,5:15:03 AM,8.8822422E+0,-3.7337868E+0,3.8345413E+3,0.0000000E+0
11231835,29/9/2021,5:15:03 AM,5.9644670E+0,-1.5293713E+0,3.8345413E+3,0.0000000E+0
11231836,29/9/2021,5:15:04 AM,2.7245734E+0,1.4931100E-2,3.8345413E+3,0.0000000E+0
11231837,29/9/2021,5:15:04 AM,-1.4045449E+0,1.3641450E+0,3.8345413E+3,0.0000000E+0
11231838,29/9/2021,5:15:04 AM,-6.1486373E+0,1.3601424E+0,3.8327556E+3,0.0000000E+0
11231839,29/9/2021,5:15:04 AM,-8.3613043E+0,7.1722604E-2,3.8327556E+3,0.0000000E+0
11231840,29/9/2021,5:15:04 AM,-1.0066190E+1,-1.1198325E-1,3.8327556E+3,0.0000000E+0
11231841,29/9/2021,5:15:04 AM,-1.2481444E+1,-6.2790608E-1,3.8336484E+3,0.0000000E+0
11231842,29/9/2021,5:15:04 AM,-1.4257365E+1,-3.3663323E+0,3.8309702E+3,0.0000000E+0
11231843,29/9/2021,5:15:04 AM,-1.5065083E+1,-5.4846001E+0,3.8309702E+3,0.0000000E+0
11231844,29/9/2021,5:15:04 AM,-1.5201894E+1,-7.1036444E+0,3.8327556E+3,0.0000000E+0
11231845,29/9/2021,5:15:04 AM,-1.5393955E+1,-9.3128996E+0,3.8318628E+3,0.0000000E+0
11231846,29/9/2021,5:15:05 AM,-1.5999085E+1,-1.2580256E+1,3.8309702E+3,0.0000000E+0
11231847,29/9/2021,5:15:05 AM,-1.7827627E+1,-1.5541881E+1,3.8291846E+3,0.0000000E+0
11231848,29/9/2021,5:15:05 AM,-1.9866650E+1,-1.8370577E+1,3.8291846E+3,0.0000000E+0
11231849,29/9/2021,5:15:05 AM,-2.1650476E+1,-2.0165100E+1,3.8291846E+3,0.0000000E+0
11231850,29/9/2021,5:15:05 AM,-2.4203852E+1,-2.1178436E+1,3.8300774E+3,0.0000000E+0
11231851,29/9/2021,5:15:05 AM,-2.7395569E+1,-2.2791010E+1,3.8273987E+3,0.0000000E+0
11231852,29/9/2021,5:15:05 AM,-3.0587284E+1,-2.4779848E+1,3.8273987E+3,0.0000000E+0
11231853,29/9/2021,5:15:05 AM,-3.4257759E+1,-2.5209866E+1,3.8273987E+3,0.0000000E+0
11231854,29/9/2021,5:15:05 AM,-3.6092995E+1,-2.6768684E+1,3.8265059E+3,0.0000000E+0
11231855,29/9/2021,5:15:05 AM,-3.5720627E+1,-2.8838150E+1,3.8273987E+3,0.0000000E+0
11231856,29/9/2021,5:15:06 AM,-3.4656723E+1,-3.1176380E+1,3.8256133E+3,0.0000000E+0
11231857,29/9/2021,5:15:06 AM,-3.4204563E+1,-3.3541485E+1,3.8256133E+3,0.0000000E+0
11231858,29/9/2021,5:15:06 AM,-3.1278822E+1,-3.6551620E+1,3.8238276E+3,0.0000000E+0
11231859,29/9/2021,5:15:06 AM,-2.8033913E+1,-3.8486702E+1,3.8247205E+3,0.0000000E+0
11231860,29/9/2021,5:15:06 AM,-2.2980360E+1,-3.9911140E+1,3.8256133E+3,0.0000000E+0
11231861,29/9/2021,5:15:06 AM,-1.8772156E+1,-3.9481121E+1,3.8273987E+3,0.0000000E+0
11231862,29/9/2021,5:15:06 AM,-1.5780712E+1,-3.9104855E+1,3.8265059E+3,0.0000000E+0
11231863,29/9/2021,5:15:06 AM,-1.3607511E+1,-3.7949181E+1,3.8273987E+3,0.0000000E+0
11231864,29/9/2021,5:15:06 AM,-1.2163094E+1,-3.5315315E+1,3.8282915E+3,0.0000000E+0
11231865,29/9/2021,5:15:06 AM,-1.2063115E+1,-3.1848284E+1,3.8291846E+3,0.0000000E+0
11231866,29/9/2021,5:15:07 AM,-1.1694777E+1,-2.9214417E+1,3.8309702E+3,0.0000000E+0
11231867,29/9/2021,5:15:07 AM,-1.2394622E+1,-2.8031866E+1,3.8291846E+3,0.0000000E+0
11231868,29/9/2021,5:15:07 AM,-1.5578125E+1,-2.5048611E+1,3.8291846E+3,0.0000000E+0
11231869,29/9/2021,5:15:07 AM,-1.7382988E+1,-2.2683504E+1,3.8291846E+3,0.0000000E+0
11231870,29/9/2021,5:15:07 AM,-1.9187853E+1,-1.9981659E+1,3.8300774E+3,0.0000000E+0
11231871,29/9/2021,5:15:07 AM,-2.1278111E+1,-1.7644794E+1,3.8291846E+3,0.0000000E+0
11231872,29/9/2021,5:15:07 AM,-2.2528200E+1,-1.5677468E+1,3.8291846E+3,0.0000000E+0
11231873,29/9/2021,5:15:07 AM,-2.3326128E+1,-1.4316290E+1,3.8291846E+3,0.0000000E+0
11231874,29/9/2021,5:15:07 AM,-2.3219738E+1,-1.2574940E+1,3.8291846E+3,0.0000000E+0
11231875,29/9/2021,5:15:07 AM,-2.1677076E+1,-1.0336441E+1,3.8309702E+3,0.0000000E+0
11231876,29/9/2021,5:15:08 AM,-1.9629860E+1,-9.0869226E+0,3.8309702E+3,0.0000000E+0
11231877,29/9/2021,5:15:08 AM,-1.6656834E+1,-8.7147255E+0,3.8309702E+3,0.0000000E+0
11231878,29/9/2021,5:15:08 AM,-1.4391547E+1,-6.7128377E+0,3.8318628E+3,0.0000000E+0
11231879,29/9/2021,5:15:08 AM,-1.2149939E+1,-5.9498339E+0,3.8327556E+3,0.0000000E+0
11231880,29/9/2021,5:15:08 AM,-1.0037249E+1,-5.0627074E+0,3.8336484E+3,0.0000000E+0
11231881,29/9/2021,5:15:08 AM,-7.5798988E+0,-4.6496215E+0,3.8345413E+3,0.0000000E+0
11231882,29/9/2021,5:15:08 AM,-7.0800095E+0,-4.3029809E+0,3.8345413E+3,0.0000000E+0
11231883,29/9/2021,5:15:08 AM,-7.7456517E+0,-4.3774328E+0,3.8345413E+3,0.0000000E+0
11231884,29/9/2021,5:15:08 AM,-8.5954628E+0,-6.4257140E+0,3.8327556E+3,0.0000000E+0
11231885,29/9/2021,5:15:08 AM,-1.0545032E+1,-8.1723814E+0,3.8318628E+3,0.0000000E+0
11231886,29/9/2021,5:15:09 AM,-1.1642157E+1,-9.8871460E+0,3.8318628E+3,0.0000000E+0
11231887,29/9/2021,5:15:09 AM,-1.2702448E+1,-1.1399860E+1,3.8327556E+3,0.0000000E+0
11231888,29/9/2021,5:15:09 AM,-1.4149495E+1,-1.3888264E+1,3.8309702E+3,0.0000000E+0
11231889,29/9/2021,5:15:09 AM,-1.4967734E+1,-1.7328426E+1,3.8291846E+3,0.0000000E+0
11231890,29/9/2021,5:15:09 AM,-1.5617590E+1,-2.0119904E+1,3.8291846E+3,0.0000000E+0
11231891,29/9/2021,5:15:09 AM,-1.5735987E+1,-2.2549122E+1,3.8291846E+3,0.0000000E+0
11231892,29/9/2021,5:15:09 AM,-1.4194222E+1,-2.4994856E+1,3.8291846E+3,0.0000000E+0
11231893,29/9/2021,5:15:09 AM,-1.5033509E+1,-2.6768684E+1,3.8291846E+3,0.0000000E+0
11231894,29/9/2021,5:15:09 AM,-1.5107179E+1,-2.9886322E+1,3.8273987E+3,0.0000000E+0
11231895,29/9/2021,5:15:09 AM,-1.5051927E+1,-3.0907619E+1,3.8282915E+3,0.0000000E+0
11231896,29/9/2021,5:15:10 AM,-1.5643901E+1,-3.1203259E+1,3.8273987E+3,0.0000000E+0
11231897,29/9/2021,5:15:10 AM,-1.6430569E+1,-3.0773237E+1,3.8291846E+3,0.0000000E+0
11231898,29/9/2021,5:15:10 AM,-1.6901516E+1,-3.0450724E+1,3.8309702E+3,0.0000000E+0
11231899,29/9/2021,5:15:10 AM,-1.9161543E+1,-3.1445143E+1,3.8273987E+3,0.0000000E+0
11231900,29/9/2021,5:15:10 AM,-2.1544086E+1,-3.1579525E+1,3.8282915E+3,0.0000000E+0
11231901,29/9/2021,5:15:10 AM,-2.3671900E+1,-3.1660152E+1,3.8273987E+3,0.0000000E+0
11231902,29/9/2021,5:15:10 AM,-2.5959293E+1,-3.1498894E+1,3.8273987E+3,0.0000000E+0
11231903,29/9/2021,5:15:10 AM,-2.7156191E+1,-3.0907619E+1,3.8291846E+3,0.0000000E+0
11231904,29/9/2021,5:15:10 AM,-2.9204206E+1,-3.0611980E+1,3.8256133E+3,0.0000000E+0
11231905,29/9/2021,5:15:10 AM,-3.2023556E+1,-3.0826992E+1,3.8256133E+3,0.0000000E+0
11231906,29/9/2021,5:15:11 AM,-3.2741695E+1,-2.9429428E+1,3.8256133E+3,0.0000000E+0
11231907,29/9/2021,5:15:11 AM,-3.3778999E+1,-2.5854895E+1,3.8291846E+3,0.0000000E+0
11231908,29/9/2021,5:15:11 AM,-3.4231159E+1,-2.3409163E+1,3.8282915E+3,0.0000000E+0
11231909,29/9/2021,5:15:11 AM,-3.3486427E+1,-2.2549122E+1,3.8291846E+3,0.0000000E+0
11231910,29/9/2021,5:15:11 AM,-3.2794888E+1,-2.2172857E+1,3.8256133E+3,0.0000000E+0
11231911,29/9/2021,5:15:11 AM,-3.1784178E+1,-2.1312819E+1,3.8282915E+3,0.0000000E+0
11231912,29/9/2021,5:15:11 AM,-2.9257402E+1,-1.9904560E+1,3.8291846E+3,0.0000000E+0
11231913,29/9/2021,5:15:11 AM,-2.7129591E+1,-1.9189411E+1,3.8291846E+3,0.0000000E+0
11231914,29/9/2021,5:15:11 AM,-2.4789000E+1,-1.9122948E+1,3.8282915E+3,0.0000000E+0
11231915,29/9/2021,5:15:11 AM,-2.2022844E+1,-1.8245626E+1,3.8291846E+3,0.0000000E+0
11231916,29/9/2021,5:15:12 AM,-1.8811619E+1,-1.7541111E+1,3.8291846E+3,0.0000000E+0
11231917,29/9/2021,5:15:12 AM,-1.5785975E+1,-1.6078909E+1,3.8309702E+3,0.0000000E+0
11231918,29/9/2021,5:15:12 AM,-1.3910075E+1,-1.4574168E+1,3.8309702E+3,0.0000000E+0
11231919,29/9/2021,5:15:12 AM,-1.1944721E+1,-1.3329967E+1,3.8318628E+3,0.0000000E+0
11231920,29/9/2021,5:15:12 AM,-8.9059200E+0,-1.3159821E+1,3.8309702E+3,0.0000000E+0
11231921,29/9/2021,5:15:12 AM,-6.0381355E+0,-1.2848770E+1,3.8309702E+3,0.0000000E+0
11231922,29/9/2021,5:15:12 AM,-3.7347019E+0,-1.2181475E+1,3.8327556E+3,0.0000000E+0
11231923,29/9/2021,5:15:12 AM,-9.7048968E-1,-1.1309470E+1,3.8345413E+3,0.0000000E+0
11231924,29/9/2021,5:15:12 AM,7.2008324E-1,-1.1745473E+1,3.8318628E+3,0.0000000E+0
11231925,29/9/2021,5:15:12 AM,3.2482555E+0,-1.2282499E+1,3.8327556E+3,0.0000000E+0
11231926,29/9/2021,5:15:13 AM,5.2019629E+0,-1.2665330E+1,3.8318628E+3,0.0000000E+0
11231927,29/9/2021,5:15:13 AM,5.9907775E+0,-1.2271865E+1,3.8327556E+3,0.0000000E+0
11231928,29/9/2021,5:15:13 AM,7.2168217E+0,-1.1591277E+1,3.8345413E+3,0.0000000E+0
11231929,29/9/2021,5:15:13 AM,6.8221722E+0,-1.1923595E+1,3.8318628E+3,0.0000000E+0
11231930,29/9/2021,5:15:13 AM,7.2668104E+0,-1.2574940E+1,3.8336484E+3,0.0000000E+0
11231931,29/9/2021,5:15:13 AM,6.6380024E+0,-1.2325036E+1,3.8309702E+3,0.0000000E+0
11231932,29/9/2021,5:15:13 AM,4.3035426E+0,-1.2322377E+1,3.8327556E+3,0.0000000E+0
11231933,29/9/2021,5:15:13 AM,3.1975510E+0,-1.2896625E+1,3.8327556E+3,0.0000000E+0
11231934,29/9/2021,5:15:13 AM,1.6875085E+0,-1.3375164E+1,3.8327556E+3,0.0000000E+0
11231935,29/9/2021,5:15:13 AM,-1.0470101E+0,-1.2933844E+1,3.8327556E+3,0.0000000E+0
11231936,29/9/2021,5:15:14 AM,-2.8172677E+0,-1.3606458E+1,3.8309702E+3,0.0000000E+0
11231937,29/9/2021,5:15:14 AM,-5.0815396E+0,-1.3678238E+1,3.8336484E+3,0.0000000E+0
11231938,29/9/2021,5:15:14 AM,-7.1668329E+0,-1.4425291E+1,3.8309702E+3,0.0000000E+0
11231939,29/9/2021,5:15:14 AM,-1.0552924E+1,-1.4911805E+1,3.8318628E+3,0.0000000E+0
11231940,29/9/2021,5:15:14 AM,-1.4691481E+1,-1.5541881E+1,3.8309702E+3,0.0000000E+0
11231941,29/9/2021,5:15:14 AM,-1.8511686E+1,-1.7482622E+1,3.8291846E+3,0.0000000E+0
11231942,29/9/2021,5:15:14 AM,-2.1012135E+1,-1.8548702E+1,3.8309702E+3,0.0000000E+0
11231943,29/9/2021,5:15:14 AM,-2.5241159E+1,-1.8947483E+1,3.8309702E+3,0.0000000E+0
11231944,29/9/2021,5:15:14 AM,-2.9842550E+1,-2.1178436E+1,3.8273987E+3,0.0000000E+0
11231945,29/9/2021,5:15:14 AM,-3.4177967E+1,-2.2737255E+1,3.8282915E+3,0.0000000E+0
11231946,29/9/2021,5:15:15 AM,-3.8539978E+1,-2.3704800E+1,3.8256133E+3,0.0000000E+0
11231947,29/9/2021,5:15:15 AM,-4.2290245E+1,-2.5021732E+1,3.8256133E+3,0.0000000E+0
11231948,29/9/2021,5:15:15 AM,-4.4311665E+1,-2.6311790E+1,3.8273987E+3,0.0000000E+0
11231949,29/9/2021,5:15:15 AM,-4.6306488E+1,-2.7198706E+1,3.8256133E+3,0.0000000E+0
11231950,29/9/2021,5:15:15 AM,-4.8939655E+1,-2.7386837E+1,3.8256133E+3,0.0000000E+0
11231951,29/9/2021,5:15:15 AM,-4.9923767E+1,-2.8703772E+1,3.8238276E+3,0.0000000E+0
11231952,29/9/2021,5:15:15 AM,-4.8540691E+1,-2.9778818E+1,3.8256133E+3,0.0000000E+0
11231953,29/9/2021,5:15:15 AM,-4.7024624E+1,-3.0396971E+1,3.8238276E+3,0.0000000E+0
11231954,29/9/2021,5:15:15 AM,-4.4152081E+1,-2.9913200E+1,3.8273987E+3,0.0000000E+0
11231955,29/9/2021,5:15:15 AM,-4.2476429E+1,-2.9590683E+1,3.8273987E+3,0.0000000E+0
11231956,29/9/2021,5:15:16 AM,-3.9710274E+1,-3.0396971E+1,3.8256133E+3,0.0000000E+0
11231957,29/9/2021,5:15:16 AM,-3.5986603E+1,-3.0235712E+1,3.8273987E+3,0.0000000E+0
11231958,29/9/2021,5:15:16 AM,-3.3114059E+1,-2.9859446E+1,3.8256133E+3,0.0000000E+0
11231959,29/9/2021,5:15:16 AM,-3.0480894E+1,-2.9456306E+1,3.8282915E+3,0.0000000E+0
11231960,29/9/2021,5:15:16 AM,-2.6996603E+1,-2.8999409E+1,3.8291846E+3,0.0000000E+0
11231961,29/9/2021,5:15:16 AM,-2.5294355E+1,-2.9187544E+1,3.8273987E+3,0.0000000E+0
11231962,29/9/2021,5:15:16 AM,-2.2927164E+1,-2.9375675E+1,3.8273987E+3,0.0000000E+0
11231963,29/9/2021,5:15:16 AM,-2.0639769E+1,-2.8515638E+1,3.8273987E+3,0.0000000E+0
11231964,29/9/2021,5:15:16 AM,-1.8188074E+1,-2.7601847E+1,3.8282915E+3,0.0000000E+0
11231965,29/9/2021,5:15:16 AM,-1.4391547E+1,-2.6419296E+1,3.8282915E+3,0.0000000E+0
11231966,29/9/2021,5:15:17 AM,-1.1476403E+1,-2.5397999E+1,3.8291846E+3,0.0000000E+0
11231967,29/9/2021,5:15:17 AM,-7.6877694E+0,-2.4860476E+1,3.8291846E+3,0.0000000E+0
11231968,29/9/2021,5:15:17 AM,-2.2270358E+0,-2.4134819E+1,3.8291846E+3,0.0000000E+0
11231969,29/9/2021,5:15:17 AM,2.6017735E+0,-2.2360989E+1,3.8309702E+3,0.0000000E+0
11231970,29/9/2021,5:15:17 AM,7.5483270E+0,-2.1205315E+1,3.8318628E+3,0.0000000E+0
11231971,29/9/2021,5:15:17 AM,1.2855046E+1,-2.0291525E+1,3.8327556E+3,0.0000000E+0
11231972,29/9/2021,5:15:17 AM,1.5830702E+1,-1.8362602E+1,3.8327556E+3,0.0000000E+0
11231973,29/9/2021,5:15:17 AM,1.7730280E+1,-1.6201202E+1,3.8327556E+3,0.0000000E+0
11231974,29/9/2021,5:15:17 AM,2.0103437E+1,-1.4457193E+1,3.8354341E+3,0.0000000E+0
11231975,29/9/2021,5:15:17 AM,2.0932343E+1,-1.2931185E+1,3.8345413E+3,0.0000000E+0
11231976,29/9/2021,5:15:18 AM,2.0040295E+1,-1.0418856E+1,3.8363269E+3,0.0000000E+0
11231977,29/9/2021,5:15:18 AM,1.7659245E+1,-8.4541874E+0,3.8345413E+3,0.0000000E+0
11231978,29/9/2021,5:15:18 AM,1.2691924E+1,-7.4652076E+0,3.8336484E+3,0.0000000E+0
11231979,29/9/2021,5:15:18 AM,8.3876143E+0,-6.8723512E+0,3.8327556E+3,0.0000000E+0
11231980,29/9/2021,5:15:18 AM,3.3211436E+0,-4.5927820E+0,3.8345413E+3,0.0000000E+0
11231981,29/9/2021,5:15:18 AM,-1.7865407E+0,-3.2750690E+0,3.8336484E+3,0.0000000E+0
11231982,29/9/2021,5:15:18 AM,-5.9934087E+0,-3.3783407E+0,3.8336484E+3,0.0000000E+0
11231983,29/9/2021,5:15:18 AM,-1.0647640E+1,-3.1934123E+0,3.8318628E+3,0.0000000E+0
11231984,29/9/2021,5:15:18 AM,-1.5141381E+1,-2.8531766E+0,3.8309702E+3,0.0000000E+0
11231985,29/9/2021,5:15:18 AM,-1.8001272E+1,-3.2838750E+0,3.8327556E+3,0.0000000E+0
11231986,29/9/2021,5:15:19 AM,-1.9450953E+1,-3.9067066E+0,3.8327556E+3,0.0000000E+0
11231987,29/9/2021,5:15:19 AM,-2.3272934E+1,-4.6888485E+0,3.8309702E+3,0.0000000E+0
11231988,29/9/2021,5:15:19 AM,-2.7608349E+1,-6.3645678E+0,3.8300774E+3,0.0000000E+0
11231989,29/9/2021,5:15:19 AM,-3.0507492E+1,-8.3265772E+0,3.8309702E+3,0.0000000E+0
11231990,29/9/2021,5:15:19 AM,-3.5002491E+1,-9.2597284E+0,3.8291846E+3,0.0000000E+0
11231991,29/9/2021,5:15:19 AM,-3.8087818E+1,-9.7542191E+0,3.8318628E+3,0.0000000E+0
11231992,29/9/2021,5:15:19 AM,-4.2476429E+1,-1.1025005E+1,3.8291846E+3,0.0000000E+0
11231993,29/9/2021,5:15:19 AM,-4.7184212E+1,-1.4233875E+1,3.8265059E+3,0.0000000E+0
11231994,29/9/2021,5:15:19 AM,-5.0695099E+1,-1.5871541E+1,3.8291846E+3,0.0000000E+0
11231995,29/9/2021,5:15:19 AM,-5.3142078E+1,-1.7902674E+1,3.8273987E+3,0.0000000E+0
11231996,29/9/2021,5:15:20 AM,-5.5589062E+1,-2.0694666E+1,3.8256133E+3,0.0000000E+0
11231997,29/9/2021,5:15:20 AM,-5.5775249E+1,-2.4107943E+1,3.8256133E+3,0.0000000E+0
11231998,29/9/2021,5:15:20 AM,-5.5243298E+1,-2.8004990E+1,3.8238276E+3,0.0000000E+0
11231999,29/9/2021,5:15:20 AM,-5.3674034E+1,-3.1982664E+1,3.8238276E+3,0.0000000E+0
11232000,29/9/2021,5:15:20 AM,-5.1493027E+1,-3.5369064E+1,3.8238276E+3,0.0000000E+0
11232001,29/9/2021,5:15:20 AM,-4.7982140E+1,-3.7895428E+1,3.8238276E+3,0.0000000E+0
11232002,29/9/2021,5:15:20 AM,-4.3061577E+1,-4.0583050E+1,3.8238276E+3,0.0000000E+0
11232003,29/9/2021,5:15:20 AM,-3.8247402E+1,-4.2383751E+1,3.8238276E+3,0.0000000E+0
11232004,29/9/2021,5:15:20 AM,-3.5906811E+1,-4.2652512E+1,3.8238276E+3,0.0000000E+0
11232005,29/9/2021,5:15:20 AM,-3.2103352E+1,-4.3888817E+1,3.8229348E+3,0.0000000E+0
11232006,29/9/2021,5:15:21 AM,-2.5959293E+1,-4.3378170E+1,3.8282915E+3,0.0000000E+0
11232007,29/9/2021,5:15:21 AM,-1.9606180E+1,-4.3082535E+1,3.8256133E+3,0.0000000E+0
11232008,29/9/2021,5:15:21 AM,-1.6756811E+1,-4.3270664E+1,3.8256133E+3,0.0000000E+0
11232009,29/9/2021,5:15:21 AM,-1.2589315E+1,-4.3243790E+1,3.8256133E+3,0.0000000E+0
11232010,29/9/2021,5:15:21 AM,-7.6193638E+0,-4.1684971E+1,3.8273987E+3,0.0000000E+0
11232011,29/9/2021,5:15:21 AM,-3.0375152E+0,-3.9696133E+1,3.8291846E+3,0.0000000E+0
11232012,29/9/2021,5:15:21 AM,3.1769524E+0,-3.8836098E+1,3.8291846E+3,0.0000000E+0
11232013,29/9/2021,5:15:21 AM,8.8690872E+0,-3.7761047E+1,3.8291846E+3,0.0000000E+0
11232014,29/9/2021,5:15:21 AM,1.2436717E+1,-3.6632248E+1,3.8273987E+3,0.0000000E+0
11232015,29/9/2021,5:15:21 AM,1.6851528E+1,-3.4401524E+1,3.8309702E+3,0.0000000E+0
11232016,29/9/2021,5:15:22 AM,2.2102638E+1,-3.1337637E+1,3.8309702E+3,0.0000000E+0
11232017,29/9/2021,5:15:22 AM,2.5613525E+1,-2.8273752E+1,3.8327556E+3,0.0000000E+0
11232018,29/9/2021,5:15:22 AM,2.8113705E+1,-2.4645466E+1,3.8327556E+3,0.0000000E+0
11232019,29/9/2021,5:15:22 AM,2.9204206E+1,-2.1662210E+1,3.8309702E+3,0.0000000E+0
11232020,29/9/2021,5:15:22 AM,2.8033913E+1,-1.7604916E+1,3.8327556E+3,0.0000000E+0
11232021,29/9/2021,5:15:22 AM,2.7767935E+1,-1.2827501E+1,3.8345413E+3,0.0000000E+0
11232022,29/9/2021,5:15:22 AM,2.7475361E+1,-8.4143095E+0,3.8363269E+3,0.0000000E+0
11232023,29/9/2021,5:15:22 AM,2.4257046E+1,-3.6801496E+0,3.8354341E+3,0.0000000E+0
11232024,29/9/2021,5:15:22 AM,2.0799353E+1,5.5218410E-1,3.8363269E+3,0.0000000E+0
11232025,29/9/2021,5:15:22 AM,1.4804614E+1,4.5535550E+0,3.8354341E+3,0.0000000E+0
11232026,29/9/2021,5:15:23 AM,9.3374043E+0,7.9490638E+0,3.8354341E+3,0.0000000E+0
11232027,29/9/2021,5:15:23 AM,5.5303531E+0,1.1474300E+1,3.8381123E+3,0.0000000E+0
11232028,29/9/2021,5:15:23 AM,2.6043320E-1,1.5257417E+1,3.8398979E+3,0.0000000E+0
11232029,29/9/2021,5:15:23 AM,-5.4237947E+0,1.6942938E+1,3.8363269E+3,0.0000000E+0
11232030,29/9/2021,5:15:23 AM,-1.2123629E+1,1.8112700E+1,3.8354341E+3,0.0000000E+0
11232031,29/9/2021,5:15:23 AM,-1.8274897E+1,1.9455265E+1,3.8363269E+3,0.0000000E+0
11232032,29/9/2021,5:15:23 AM,-2.1916454E+1,1.8596554E+1,3.8363269E+3,0.0000000E+0
11232033,29/9/2021,5:15:23 AM,-2.6730627E+1,1.6592009E+1,3.8363269E+3,0.0000000E+0
11232034,29/9/2021,5:15:23 AM,-3.3486427E+1,1.3861678E+1,3.8327556E+3,0.0000000E+0
11232035,29/9/2021,5:15:23 AM,-4.0587997E+1,1.1410495E+1,3.8318628E+3,0.0000000E+0
11232036,29/9/2021,5:15:24 AM,-4.7556580E+1,9.3128996E+0,3.8327556E+3,0.0000000E+0
11232037,29/9/2021,5:15:24 AM,-5.2024982E+1,5.4021726E+0,3.8309702E+3,0.0000000E+0
11232038,29/9/2021,5:15:24 AM,-5.5190098E+1,1.6195220E+0,3.8300774E+3,0.0000000E+0
11232039,29/9/2021,5:15:24 AM,-6.0616016E+1,-1.3984575E+0,3.8300774E+3,0.0000000E+0
11232040,29/9/2021,5:15:24 AM,-6.5164215E+1,-6.8032289E+0,3.8256133E+3,0.0000000E+0
11232041,29/9/2021,5:15:24 AM,-6.6281311E+1,-1.2330353E+1,3.8273987E+3,0.0000000E+0
11232042,29/9/2021,5:15:24 AM,-6.6361107E+1,-1.7655428E+1,3.8247205E+3,0.0000000E+0
11232043,29/9/2021,5:15:24 AM,-6.4685455E+1,-2.2952267E+1,3.8256133E+3,0.0000000E+0
11232044,29/9/2021,5:15:24 AM,-6.1919304E+1,-2.8972532E+1,3.8265059E+3,0.0000000E+0
11232045,29/9/2021,5:15:24 AM,-5.9605305E+1,-3.4589657E+1,3.8211492E+3,0.0000000E+0
11232046,29/9/2021,5:15:25 AM,-5.5456078E+1,-3.9588631E+1,3.8238276E+3,0.0000000E+0
11232047,29/9/2021,5:15:25 AM,-5.0562111E+1,-4.3673809E+1,3.8220420E+3,0.0000000E+0
11232048,29/9/2021,5:15:25 AM,-4.5136192E+1,-4.7490227E+1,3.8238276E+3,0.0000000E+0
11232049,29/9/2021,5:15:25 AM,-3.7928234E+1,-5.1279770E+1,3.8238276E+3,0.0000000E+0
11232050,29/9/2021,5:15:25 AM,-3.3007668E+1,-5.4074894E+1,3.8238276E+3,0.0000000E+0
11232051,29/9/2021,5:15:25 AM,-2.7634947E+1,-5.6439995E+1,3.8238276E+3,0.0000000E+0
11232052,29/9/2021,5:15:25 AM,-2.1331305E+1,-6.0471424E+1,3.8220420E+3,0.0000000E+0
11232053,29/9/2021,5:15:25 AM,-1.4617813E+1,-6.2164631E+1,3.8238276E+3,0.0000000E+0
11232054,29/9/2021,5:15:25 AM,-8.0087509E+0,-6.2648399E+1,3.8256133E+3,0.0000000E+0
11232055,29/9/2021,5:15:25 AM,-1.8800269E+0,-6.3347179E+1,3.8256133E+3,0.0000000E+0
11232056,29/9/2021,5:15:26 AM,3.0066173E+0,-6.4664116E+1,3.8229348E+3,0.0000000E+0
11232057,29/9/2021,5:15:26 AM,6.1433749E+0,-6.4529732E+1,3.8220420E+3,0.0000000E+0
11232058,29/9/2021,5:15:26 AM,9.6241827E+0,-6.1116459E+1,3.8273987E+3,0.0000000E+0
11232059,29/9/2021,5:15:26 AM,1.4252105E+1,-5.7300037E+1,3.8273987E+3,0.0000000E+0
11232060,29/9/2021,5:15:26 AM,1.7706602E+1,-5.3967388E+1,3.8273987E+3,0.0000000E+0
11232061,29/9/2021,5:15:26 AM,1.8885286E+1,-4.9586571E+1,3.8282915E+3,0.0000000E+0
11232062,29/9/2021,5:15:26 AM,1.9064196E+1,-4.5555141E+1,3.8282915E+3,0.0000000E+0
11232063,29/9/2021,5:15:26 AM,1.8319624E+1,-4.0394913E+1,3.8282915E+3,0.0000000E+0
11232064,29/9/2021,5:15:26 AM,1.7411930E+1,-3.3944630E+1,3.8327556E+3,0.0000000E+0
11232065,29/9/2021,5:15:26 AM,1.7048853E+1,-2.8999409E+1,3.8318628E+3,0.0000000E+0
11232066,29/9/2021,5:15:27 AM,1.3944278E+1,-2.4296076E+1,3.8309702E+3,0.0000000E+0
11232067,29/9/2021,5:15:27 AM,9.5768242E+0,-1.9051167E+1,3.8309702E+3,0.0000000E+0
11232068,29/9/2021,5:15:27 AM,3.7513392E+0,-1.1139323E+1,3.8318628E+3,0.0000000E+0
11232069,29/9/2021,5:15:27 AM,-2.3189378E+0,-3.4559944E+0,3.8345413E+3,0.0000000E+0
11232070,29/9/2021,5:15:27 AM,-6.7274561E+0,2.7050741E+0,3.8354341E+3,0.0000000E+0
11232071,29/9/2021,5:15:27 AM,-1.1771075E+1,8.2760649E+0,3.8363269E+3,0.0000000E+0
11232072,29/9/2021,5:15:27 AM,-1.9629860E+1,1.4066386E+1,3.8327556E+3,0.0000000E+0
11232073,29/9/2021,5:15:27 AM,-2.5959293E+1,1.9080412E+1,3.8354341E+3,0.0000000E+0
11232074,29/9/2021,5:15:27 AM,-3.0826664E+1,2.4537962E+1,3.8363269E+3,0.0000000E+0
11232075,29/9/2021,5:15:27 AM,-3.4124767E+1,2.7870609E+1,3.8381123E+3,0.0000000E+0
11232076,29/9/2021,5:15:28 AM,-3.8327194E+1,2.9563810E+1,3.8372195E+3,0.0000000E+0
11232077,29/9/2021,5:15:28 AM,-4.2343441E+1,2.8999409E+1,3.8345413E+3,0.0000000E+0
11232078,29/9/2021,5:15:28 AM,-4.4896812E+1,2.7709351E+1,3.8345413E+3,0.0000000E+0
11232079,29/9/2021,5:15:28 AM,-4.5774536E+1,2.6231161E+1,3.8363269E+3,0.0000000E+0
11232080,29/9/2021,5:15:28 AM,-4.3886105E+1,2.2764133E+1,3.8354341E+3,0.0000000E+0
11232081,29/9/2021,5:15:28 AM,-4.3114773E+1,1.6756838E+1,3.8309702E+3,0.0000000E+0
11232082,29/9/2021,5:15:28 AM,-4.2822197E+1,1.1710911E+1,3.8309702E+3,0.0000000E+0
11232083,29/9/2021,5:15:28 AM,-4.0827374E+1,7.4465976E+0,3.8318628E+3,0.0000000E+0
11232084,29/9/2021,5:15:28 AM,-3.9524090E+1,3.3239026E+0,3.8309702E+3,0.0000000E+0
11232085,29/9/2021,5:15:28 AM,-3.6066399E+1,-2.4841208E+0,3.8309702E+3,0.0000000E+0
11232086,29/9/2021,5:15:29 AM,-3.2688499E+1,-8.3292360E+0,3.8282915E+3,0.0000000E+0
11232087,29/9/2021,5:15:29 AM,-3.2103352E+1,-1.3383139E+1,3.8273987E+3,0.0000000E+0
11232088,29/9/2021,5:15:29 AM,-3.0002138E+1,-1.7323109E+1,3.8282915E+3,0.0000000E+0
11232089,29/9/2021,5:15:29 AM,-2.7422163E+1,-2.1124685E+1,3.8282915E+3,0.0000000E+0
11232090,29/9/2021,5:15:29 AM,-2.3725094E+1,-2.5021732E+1,3.8291846E+3,0.0000000E+0
11232091,29/9/2021,5:15:29 AM,-1.8493269E+1,-2.9671314E+1,3.8273987E+3,0.0000000E+0
11232092,29/9/2021,5:15:29 AM,-1.3070787E+1,-3.5073429E+1,3.8273987E+3,0.0000000E+0
11232093,29/9/2021,5:15:29 AM,-9.2163782E+0,-3.8862968E+1,3.8273987E+3,0.0000000E+0
11232094,29/9/2021,5:15:29 AM,-5.0260816E+0,-4.2625637E+1,3.8282915E+3,0.0000000E+0
11232095,29/9/2021,5:15:29 AM,1.1875939E+0,-4.7006454E+1,3.8291846E+3,0.0000000E+0
11232096,29/9/2021,5:15:30 AM,7.6667213E+0,-5.2193558E+1,3.8273987E+3,0.0000000E+0
11232097,29/9/2021,5:15:30 AM,1.3060263E+1,-5.8616974E+1,3.8238276E+3,0.0000000E+0
11232098,29/9/2021,5:15:30 AM,1.8551151E+1,-6.2379639E+1,3.8256133E+3,0.0000000E+0
11232099,29/9/2021,5:15:30 AM,2.0387587E+1,-6.3804073E+1,3.8238276E+3,0.0000000E+0
11232100,29/9/2021,5:15:30 AM,2.2448406E+1,-6.4449104E+1,3.8256133E+3,0.0000000E+0
11232101,29/9/2021,5:15:30 AM,2.5214560E+1,-6.4502853E+1,3.8256133E+3,0.0000000E+0
11232102,29/9/2021,5:15:30 AM,2.5746513E+1,-6.3051540E+1,3.8238276E+3,0.0000000E+0
11232103,29/9/2021,5:15:30 AM,2.3618702E+1,-5.7864437E+1,3.8273987E+3,0.0000000E+0
11232104,29/9/2021,5:15:30 AM,1.9058933E+1,-5.2650459E+1,3.8238276E+3,0.0000000E+0
11232105,29/9/2021,5:15:30 AM,1.4883544E+1,-4.5904533E+1,3.8282915E+3,0.0000000E+0
11232106,29/9/2021,5:15:31 AM,1.0947574E+1,-3.7922306E+1,3.8291846E+3,0.0000000E+0
11232107,29/9/2021,5:15:31 AM,6.1223269E+0,-3.1552649E+1,3.8291846E+3,0.0000000E+0
11232108,29/9/2021,5:15:31 AM,2.1422641E+0,-2.4161695E+1,3.8327556E+3,0.0000000E+0
11232109,29/9/2021,5:15:31 AM,-3.5786271E+0,-1.7163597E+1,3.8300774E+3,0.0000000E+0
11232110,29/9/2021,5:15:31 AM,-9.0664120E+0,-1.0115781E+1,3.8336484E+3,0.0000000E+0
11232111,29/9/2021,5:15:31 AM,-1.2310430E+1,-3.9715517E+0,3.8336484E+3,0.0000000E+0
11232112,29/9/2021,5:15:31 AM,-1.6780491E+1,6.2443995E-1,3.8327556E+3,0.0000000E+0
11232113,29/9/2021,5:15:31 AM,-1.9590395E+1,4.9082003E+0,3.8345413E+3,0.0000000E+0
11232114,29/9/2021,5:15:31 AM,-2.4363436E+1,1.0113123E+1,3.8345413E+3,0.0000000E+0
11232115,29/9/2021,5:15:31 AM,-2.9869148E+1,1.5363759E+1,3.8363269E+3,0.0000000E+0
11232116,29/9/2021,5:15:32 AM,-3.4044979E+1,1.8460970E+1,3.8363269E+3,0.0000000E+0
11232117,29/9/2021,5:15:32 AM,-3.8167614E+1,2.0990303E+1,3.8363269E+3,0.0000000E+0
11232118,29/9/2021,5:15:32 AM,-4.1891281E+1,2.2172857E+1,3.8354341E+3,0.0000000E+0
11232119,29/9/2021,5:15:32 AM,-4.6040512E+1,2.1366570E+1,3.8354341E+3,0.0000000E+0
11232120,29/9/2021,5:15:32 AM,-5.0136551E+1,1.9965708E+1,3.8345413E+3,0.0000000E+0
11232121,29/9/2021,5:15:32 AM,-5.4179390E+1,1.6743546E+1,3.8327556E+3,0.0000000E+0
11232122,29/9/2021,5:15:32 AM,-5.5775249E+1,1.1115396E+1,3.8291846E+3,0.0000000E+0
11232123,29/9/2021,5:15:32 AM,-5.5535870E+1,6.4523001E+0,3.8327556E+3,0.0000000E+0
11232124,29/9/2021,5:15:32 AM,-5.7238117E+1,3.2048541E-1,3.8273987E+3,0.0000000E+0
11232125,29/9/2021,5:15:32 AM,-5.6280605E+1,-5.9046388E+0,3.8273987E+3,0.0000000E+0
11232126,29/9/2021,5:15:33 AM,-5.5509274E+1,-1.0910687E+1,3.8282915E+3,0.0000000E+0
11232127,29/9/2021,5:15:33 AM,-5.5642258E+1,-1.5669492E+1,3.8256133E+3,0.0000000E+0
11232128,29/9/2021,5:15:33 AM,-5.2556934E+1,-2.0963428E+1,3.8273987E+3,0.0000000E+0
11232129,29/9/2021,5:15:33 AM,-4.9365215E+1,-2.6661180E+1,3.8247205E+3,0.0000000E+0
11232130,29/9/2021,5:15:33 AM,-4.6013912E+1,-3.1149504E+1,3.8273987E+3,0.0000000E+0
11232131,29/9/2021,5:15:33 AM,-4.3247761E+1,-3.5610950E+1,3.8247205E+3,0.0000000E+0
11232132,29/9/2021,5:15:33 AM,-4.0215630E+1,-4.0045525E+1,3.8256133E+3,0.0000000E+0
11232133,29/9/2021,5:15:33 AM,-3.4497135E+1,-4.3512550E+1,3.8256133E+3,0.0000000E+0
11232134,29/9/2021,5:15:33 AM,-2.9204206E+1,-4.8215885E+1,3.8247205E+3,0.0000000E+0
11232135,29/9/2021,5:15:33 AM,-2.3432518E+1,-5.2220436E+1,3.8247205E+3,0.0000000E+0
11232136,29/9/2021,5:15:34 AM,-1.8606401E+1,-5.5983101E+1,3.8238276E+3,0.0000000E+0
11232137,29/9/2021,5:15:34 AM,-1.3833776E+1,-5.8912613E+1,3.8220420E+3,0.0000000E+0
11232138,29/9/2021,5:15:34 AM,-7.9456072E+0,-6.1143333E+1,3.8238276E+3,0.0000000E+0
11232139,29/9/2021,5:15:34 AM,-1.9956965E+0,-6.3884705E+1,3.8229348E+3,0.0000000E+0
11232140,29/9/2021,5:15:34 AM,2.5954356E+0,-6.5981041E+1,3.8202566E+3,0.0000000E+0
11232141,29/9/2021,5:15:34 AM,5.6750579E+0,-6.4019081E+1,3.8238276E+3,0.0000000E+0
11232142,29/9/2021,5:15:34 AM,7.9271903E+0,-5.9557636E+1,3.8273987E+3,0.0000000E+0
11232143,29/9/2021,5:15:34 AM,1.0597651E+1,-5.5875603E+1,3.8256133E+3,0.0000000E+0
11232144,29/9/2021,5:15:34 AM,1.2657721E+1,-5.2354820E+1,3.8265059E+3,0.0000000E+0
11232145,29/9/2021,5:15:34 AM,1.3076050E+1,-4.7624607E+1,3.8247205E+3,0.0000000E+0
11232146,29/9/2021,5:15:35 AM,1.3131300E+1,-4.0260532E+1,3.8282915E+3,0.0000000E+0
11232147,29/9/2021,5:15:35 AM,1.1963138E+1,-3.0289467E+1,3.8309702E+3,0.0000000E+0
11232148,29/9/2021,5:15:35 AM,9.9293776E+0,-2.1608458E+1,3.8318628E+3,0.0000000E+0
11232149,29/9/2021,5:15:35 AM,1.0821286E+1,-1.5151074E+1,3.8327556E+3,0.0000000E+0
11232150,29/9/2021,5:15:35 AM,1.1507976E+1,-8.1165514E+0,3.8336484E+3,0.0000000E+0
11232151,29/9/2021,5:15:35 AM,1.0016201E+1,-7.5268745E-1,3.8354341E+3,0.0000000E+0
11232152,29/9/2021,5:15:35 AM,8.3560429E+0,6.1040297E+0,3.8363269E+3,0.0000000E+0
11232153,29/9/2021,5:15:35 AM,7.8719392E+0,1.2024620E+1,3.8390051E+3,0.0000000E+0
11232154,29/9/2021,5:15:35 AM,6.1959953E+0,1.6081568E+1,3.8381123E+3,0.0000000E+0
11232155,29/9/2021,5:15:35 AM,3.8115509E+0,1.8173845E+1,3.8381123E+3,0.0000000E+0
11232156,29/9/2021,5:15:36 AM,1.1638262E+0,2.1097809E+1,3.8390051E+3,0.0000000E+0
11232157,29/9/2021,5:15:36 AM,-3.1856675E+0,2.4242323E+1,3.8390051E+3,0.0000000E+0
11232158,29/9/2021,5:15:36 AM,-9.0269461E+0,2.6284914E+1,3.8390051E+3,0.0000000E+0
11232159,29/9/2021,5:15:36 AM,-1.2294643E+1,2.7252457E+1,3.8407908E+3,0.0000000E+0
11232160,29/9/2021,5:15:36 AM,-1.4823030E+1,2.5505505E+1,3.8381123E+3,0.0000000E+0
11232161,29/9/2021,5:15:36 AM,-1.8703749E+1,2.2199734E+1,3.8363269E+3,0.0000000E+0
11232162,29/9/2021,5:15:36 AM,-2.3804886E+1,1.8660360E+1,3.8309702E+3,0.0000000E+0
11232163,29/9/2021,5:15:36 AM,-2.6916811E+1,1.5839640E+1,3.8354341E+3,0.0000000E+0
11232164,29/9/2021,5:15:36 AM,-2.8087107E+1,1.3040186E+1,3.8363269E+3,0.0000000E+0
11232165,29/9/2021,5:15:36 AM,-2.8432875E+1,7.2977185E+0,3.8327556E+3,0.0000000E+0
11232166,29/9/2021,5:15:37 AM,-3.0640478E+1,1.3225162E+0,3.8309702E+3,0.0000000E+0
11232167,29/9/2021,5:15:37 AM,-3.3060863E+1,-5.3933368E+0,3.8273987E+3,0.0000000E+0
11232168,29/9/2021,5:15:37 AM,-3.3273643E+1,-1.1250982E+1,3.8291846E+3,0.0000000E+0
11232169,29/9/2021,5:15:37 AM,-3.4018379E+1,-1.4840024E+1,3.8291846E+3,0.0000000E+0
11232170,29/9/2021,5:15:37 AM,-3.3911987E+1,-2.0407026E+1,3.8300774E+3,0.0000000E+0
11232171,29/9/2021,5:15:37 AM,-3.3858795E+1,-2.7091198E+1,3.8265059E+3,0.0000000E+0
11232172,29/9/2021,5:15:37 AM,-3.5002491E+1,-3.2439564E+1,3.8256133E+3,0.0000000E+0
11232173,29/9/2021,5:15:37 AM,-3.6199387E+1,-3.5933468E+1,3.8256133E+3,0.0000000E+0
11232174,29/9/2021,5:15:37 AM,-3.5986603E+1,-3.9319866E+1,3.8265059E+3,0.0000000E+0
11232175,29/9/2021,5:15:37 AM,-3.4231159E+1,-4.2894398E+1,3.8273987E+3,0.0000000E+0
11232176,29/9/2021,5:15:38 AM,-3.3273643E+1,-4.7087086E+1,3.8247205E+3,0.0000000E+0
11232177,29/9/2021,5:15:38 AM,-3.2475719E+1,-5.2112934E+1,3.8220420E+3,0.0000000E+0
11232178,29/9/2021,5:15:38 AM,-3.0587284E+1,-5.6493752E+1,3.8220420E+3,0.0000000E+0
11232179,29/9/2021,5:15:38 AM,-2.7900925E+1,-6.0148914E+1,3.8211492E+3,0.0000000E+0
11232180,29/9/2021,5:15:38 AM,-2.3432518E+1,-6.2944035E+1,3.8229348E+3,0.0000000E+0
11232181,29/9/2021,5:15:38 AM,-1.9724575E+1,-6.4502853E+1,3.8211492E+3,0.0000000E+0
11232182,29/9/2021,5:15:38 AM,-1.7019911E+1,-6.5470398E+1,3.8193638E+3,0.0000000E+0
11232183,29/9/2021,5:15:38 AM,-1.4930901E+1,-6.2729027E+1,3.8220420E+3,0.0000000E+0
11232184,29/9/2021,5:15:38 AM,-1.3675916E+1,-5.7891315E+1,3.8238276E+3,0.0000000E+0
11232185,29/9/2021,5:15:38 AM,-1.3457543E+1,-5.2542950E+1,3.8238276E+3,0.0000000E+0
11232186,29/9/2021,5:15:39 AM,-1.1313282E+1,-4.6872074E+1,3.8273987E+3,0.0000000E+0
11232187,29/9/2021,5:15:39 AM,-1.0873905E+1,-4.1201199E+1,3.8273987E+3,0.0000000E+0
11232188,29/9/2021,5:15:39 AM,-1.2789270E+1,-3.4858418E+1,3.8273987E+3,0.0000000E+0
11232189,29/9/2021,5:15:39 AM,-1.4244211E+1,-2.8623142E+1,3.8273987E+3,0.0000000E+0
11232190,29/9/2021,5:15:39 AM,-1.4428381E+1,-2.1581581E+1,3.8327556E+3,0.0000000E+0
11232191,29/9/2021,5:15:39 AM,-1.3518057E+1,-1.5690761E+1,3.8327556E+3,0.0000000E+0
11232192,29/9/2021,5:15:39 AM,-1.3844300E+1,-1.0647491E+1,3.8327556E+3,0.0000000E+0
11232193,29/9/2021,5:15:39 AM,-1.5749141E+1,-7.1966939E+0,3.8309702E+3,0.0000000E+0
11232194,29/9/2021,5:15:39 AM,-1.5709676E+1,-3.8338561E+0,3.8327556E+3,0.0000000E+0
11232195,29/9/2021,5:15:39 AM,-1.5746510E+1,3.2688445E-1,3.8345413E+3,0.0000000E+0
11232196,29/9/2021,5:15:40 AM,-1.4544144E+1,3.6889555E+0,3.8354341E+3,0.0000000E+0
11232197,29/9/2021,5:15:40 AM,-1.3289160E+1,4.7000561E+0,3.8354341E+3,0.0000000E+0
11232198,29/9/2021,5:15:40 AM,-1.2510385E+1,4.5439482E+0,3.8327556E+3,0.0000000E+0
11232199,29/9/2021,5:15:40 AM,-1.2010495E+1,4.5199313E+0,3.8318628E+3,0.0000000E+0
11232200,29/9/2021,5:15:40 AM,-1.1442201E+1,5.9551511E+0,3.8354341E+3,0.0000000E+0
11232201,29/9/2021,5:15:40 AM,-1.0489780E+1,5.8355165E+0,3.8345413E+3,0.0000000E+0
11232202,29/9/2021,5:15:40 AM,-8.9901123E+0,4.7769094E+0,3.8354341E+3,0.0000000E+0
11232203,29/9/2021,5:15:40 AM,-9.0953522E+0,3.6625373E+0,3.8345413E+3,0.0000000E+0
11232204,29/9/2021,5:15:40 AM,-9.9925222E+0,1.0623361E+0,3.8309702E+3,0.0000000E+0
11232205,29/9/2021,5:15:40 AM,-1.1144898E+1,-1.0249134E+0,3.8327556E+3,0.0000000E+0
11232206,29/9/2021,5:15:41 AM,-1.1152791E+1,-3.1397753E+0,3.8327556E+3,0.0000000E+0
11232207,29/9/2021,5:15:41 AM,-1.1860529E+1,-5.5446415E+0,3.8327556E+3,0.0000000E+0
11232208,29/9/2021,5:15:41 AM,-1.2576159E+1,-8.5419197E+0,3.8327556E+3,0.0000000E+0
11232209,29/9/2021,5:15:41 AM,-1.3410185E+1,-1.2125645E+1,3.8291846E+3,0.0000000E+0
11232210,29/9/2021,5:15:41 AM,-1.2860307E+1,-1.4980927E+1,3.8309702E+3,0.0000000E+0
11232211,29/9/2021,5:15:41 AM,-1.2983964E+1,-1.6413887E+1,3.8309702E+3,0.0000000E+0
11232212,29/9/2021,5:15:41 AM,-1.2455134E+1,-1.8530090E+1,3.8309702E+3,0.0000000E+0
11232213,29/9/2021,5:15:41 AM,-1.0802868E+1,-2.1285942E+1,3.8291846E+3,0.0000000E+0
11232214,29/9/2021,5:15:41 AM,-1.0523983E+1,-2.3059771E+1,3.8291846E+3,0.0000000E+0
11232215,29/9/2021,5:15:41 AM,-1.0810762E+1,-2.5424877E+1,3.8273987E+3,0.0000000E+0
11232216,29/9/2021,5:15:42 AM,-1.0255621E+1,-2.7386837E+1,3.8291846E+3,0.0000000E+0
11232217,29/9/2021,5:15:42 AM,-9.3426657E+0,-2.7655600E+1,3.8291846E+3,0.0000000E+0
11232218,29/9/2021,5:15:42 AM,-9.2295332E+0,-2.6849312E+1,3.8309702E+3,0.0000000E+0
11232219,29/9/2021,5:15:42 AM,-9.8451862E+0,-2.7386837E+1,3.8291846E+3,0.0000000E+0
11232220,29/9/2021,5:15:42 AM,-1.0752879E+1,-2.8354380E+1,3.8273987E+3,0.0000000E+0
11232221,29/9/2021,5:15:42 AM,-1.1584274E+1,-2.7843731E+1,3.8273987E+3,0.0000000E+0
11232222,29/9/2021,5:15:42 AM,-1.3060263E+1,-2.5209866E+1,3.8300774E+3,0.0000000E+0
11232223,29/9/2021,5:15:42 AM,-1.4728314E+1,-2.3409163E+1,3.8291846E+3,0.0000000E+0
11232224,29/9/2021,5:15:42 AM,-1.6564751E+1,-2.2119104E+1,3.8300774E+3,0.0000000E+0
11232225,29/9/2021,5:15:42 AM,-1.9208900E+1,-2.0667791E+1,3.8300774E+3,0.0000000E+0
11232226,29/9/2021,5:15:43 AM,-2.1278111E+1,-1.8764044E+1,3.8291846E+3,0.0000000E+0
11232227,29/9/2021,5:15:43 AM,-2.3272934E+1,-1.7368305E+1,3.8309702E+3,0.0000000E+0
11232228,29/9/2021,5:15:43 AM,-2.4017668E+1,-1.7429451E+1,3.8309702E+3,0.0000000E+0
11232229,29/9/2021,5:15:43 AM,-2.4310242E+1,-1.7456038E+1,3.8309702E+3,0.0000000E+0
11232230,29/9/2021,5:15:43 AM,-2.5320950E+1,-1.7939892E+1,3.8309702E+3,0.0000000E+0
11232231,29/9/2021,5:15:43 AM,-2.6863615E+1,-1.9197388E+1,3.8291846E+3,0.0000000E+0
11232232,29/9/2021,5:15:43 AM,-2.7368971E+1,-2.0855925E+1,3.8291846E+3,0.0000000E+0
11232233,29/9/2021,5:15:43 AM,-2.7395569E+1,-2.2952267E+1,3.8291846E+3,0.0000000E+0
11232234,29/9/2021,5:15:43 AM,-2.8087107E+1,-2.5317371E+1,3.8291846E+3,0.0000000E+0
11232235,29/9/2021,5:15:43 AM,-2.8645658E+1,-2.7789980E+1,3.8273987E+3,0.0000000E+0
11232236,29/9/2021,5:15:44 AM,-3.0108528E+1,-2.9510056E+1,3.8265059E+3,0.0000000E+0
11232237,29/9/2021,5:15:44 AM,-3.2236340E+1,-3.0853865E+1,3.8265059E+3,0.0000000E+0
11232238,29/9/2021,5:15:44 AM,-3.2954475E+1,-3.1928915E+1,3.8256133E+3,0.0000000E+0
11232239,29/9/2021,5:15:44 AM,-3.4177967E+1,-3.3380226E+1,3.8256133E+3,0.0000000E+0
11232240,29/9/2021,5:15:44 AM,-3.4656723E+1,-3.3568363E+1,3.8256133E+3,0.0000000E+0
11232241,29/9/2021,5:15:44 AM,-3.4284355E+1,-3.2547066E+1,3.8273987E+3,0.0000000E+0
11232242,29/9/2021,5:15:44 AM,-3.4204563E+1,-3.2278305E+1,3.8256133E+3,0.0000000E+0
11232243,29/9/2021,5:15:44 AM,-3.1066042E+1,-3.2278305E+1,3.8273987E+3,0.0000000E+0
11232244,29/9/2021,5:15:44 AM,-2.8991426E+1,-3.2009541E+1,3.8265059E+3,0.0000000E+0
11232245,29/9/2021,5:15:44 AM,-2.7102993E+1,-3.1902037E+1,3.8265059E+3,0.0000000E+0
11232246,29/9/2021,5:15:45 AM,-2.3565508E+1,-3.2009541E+1,3.8282915E+3,0.0000000E+0
11232247,29/9/2021,5:15:45 AM,-2.0692963E+1,-3.1740780E+1,3.8273987E+3,0.0000000E+0
11232248,29/9/2021,5:15:45 AM,-1.9487785E+1,-3.0020704E+1,3.8282915E+3,0.0000000E+0
11232249,29/9/2021,5:15:45 AM,-1.7183033E+1,-2.9751942E+1,3.8273987E+3,0.0000000E+0
11232250,29/9/2021,5:15:45 AM,-1.4586240E+1,-2.8004990E+1,3.8273987E+3,0.0000000E+0
11232251,29/9/2021,5:15:45 AM,-1.3873240E+1,-2.4537962E+1,3.8291846E+3,0.0000000E+0
11232252,29/9/2021,5:15:45 AM,-1.4725683E+1,-2.1420324E+1,3.8291846E+3,0.0000000E+0
11232253,29/9/2021,5:15:45 AM,-1.4036362E+1,-1.8968752E+1,3.8309702E+3,0.0000000E+0
11232254,29/9/2021,5:15:45 AM,-1.4202115E+1,-1.6467056E+1,3.8291846E+3,0.0000000E+0
11232255,29/9/2021,5:15:45 AM,-1.3710118E+1,-1.3306041E+1,3.8309702E+3,0.0000000E+0
11232256,29/9/2021,5:15:46 AM,-1.2776114E+1,-9.7887793E+0,3.8327556E+3,0.0000000E+0
11232257,29/9/2021,5:15:46 AM,-1.3212861E+1,-7.3827925E+0,3.8291846E+3,0.0000000E+0
11232258,29/9/2021,5:15:46 AM,-1.1826326E+1,-5.4958076E+0,3.8336484E+3,0.0000000E+0
11232259,29/9/2021,5:15:46 AM,-8.9269686E+0,-3.8690808E+0,3.8318628E+3,0.0000000E+0
11232260,29/9/2021,5:15:46 AM,-6.2828178E+0,-1.9893783E+0,3.8354341E+3,0.0000000E+0
11232261,29/9/2021,5:15:46 AM,-4.4992304E+0,-5.0579101E-1,3.8345413E+3,0.0000000E+0
11232262,29/9/2021,5:15:46 AM,-2.6651542E+0,-8.4307390E-1,3.8345413E+3,0.0000000E+0
11232263,29/9/2021,5:15:46 AM,3.6307603E-1,-1.8925111E+0,3.8345413E+3,0.0000000E+0
11232264,29/9/2021,5:15:46 AM,1.5544091E+0,-2.9220245E+0,3.8327556E+3,0.0000000E+0
11232265,29/9/2021,5:15:46 AM,3.1167409E+0,-4.3053827E+0,3.8345413E+3,0.0000000E+0
11232266,29/9/2021,5:15:47 AM,3.4582040E+0,-5.8727365E+0,3.8327556E+3,0.0000000E+0
11232267,29/9/2021,5:15:47 AM,1.7802025E+0,-8.0128689E+0,3.8327556E+3,0.0000000E+0
11232268,29/9/2021,5:15:47 AM,1.7546916E-1,-9.9642439E+0,3.8318628E+3,0.0000000E+0
11232269,29/9/2021,5:15:47 AM,-2.0939367E+0,-1.0413539E+1,3.8309702E+3,0.0000000E+0
11232270,29/9/2021,5:15:47 AM,-5.7434640E+0,-1.0581028E+1,3.8309702E+3,0.0000000E+0
11232271,29/9/2021,5:15:47 AM,-6.8800540E+0,-1.1447715E+1,3.8309702E+3,0.0000000E+0
11232272,29/9/2021,5:15:47 AM,-8.6612377E+0,-1.1625837E+1,3.8309702E+3,0.0000000E+0
11232273,29/9/2021,5:15:47 AM,-1.1081755E+1,-1.2293134E+1,3.8291846E+3,0.0000000E+0
11232274,29/9/2021,5:15:47 AM,-1.0784451E+1,-1.3853702E+1,3.8309702E+3,0.0000000E+0
11232275,29/9/2021,5:15:47 AM,-8.5244265E+0,-1.5257417E+1,3.8318628E+3,0.0000000E+0
11232276,29/9/2021,5:15:48 AM,-7.4509802E+0,-1.6371349E+1,3.8318628E+3,0.0000000E+0
11232277,29/9/2021,5:15:48 AM,-5.9670982E+0,-1.8322725E+1,3.8309702E+3,0.0000000E+0
11232278,29/9/2021,5:15:48 AM,-5.0664868E+0,-2.0587162E+1,3.8309702E+3,0.0000000E+0
11232279,29/9/2021,5:15:48 AM,-4.4445643E+0,-2.2387867E+1,3.8291846E+3,0.0000000E+0
11232280,29/9/2021,5:15:48 AM,-3.6364620E+0,-2.2602877E+1,3.8327556E+3,0.0000000E+0
11232281,29/9/2021,5:15:48 AM,-4.7717667E+0,-2.2844761E+1,3.8309702E+3,0.0000000E+0
11232282,29/9/2021,5:15:48 AM,-7.4536109E+0,-2.3247904E+1,3.8309702E+3,0.0000000E+0
11232283,29/9/2021,5:15:48 AM,-1.0250360E+1,-2.3355410E+1,3.8300774E+3,0.0000000E+0
11232284,29/9/2021,5:15:48 AM,-1.4838817E+1,-2.2683504E+1,3.8291846E+3,0.0000000E+0
11232285,29/9/2021,5:15:48 AM,-1.9698265E+1,-2.2199734E+1,3.8309702E+3,0.0000000E+0
11232286,29/9/2021,5:15:49 AM,-2.3113348E+1,-2.2307238E+1,3.8291846E+3,0.0000000E+0
11232287,29/9/2021,5:15:49 AM,-2.6491247E+1,-2.3221029E+1,3.8291846E+3,0.0000000E+0
11232288,29/9/2021,5:15:49 AM,-3.0241516E+1,-2.4161695E+1,3.8273987E+3,0.0000000E+0
11232289,29/9/2021,5:15:49 AM,-3.3353439E+1,-2.5209866E+1,3.8273987E+3,0.0000000E+0
11232290,29/9/2021,5:15:49 AM,-3.4949299E+1,-2.6661180E+1,3.8273987E+3,0.0000000E+0
11232291,29/9/2021,5:15:49 AM,-3.6146191E+1,-2.8435009E+1,3.8247205E+3,0.0000000E+0
11232292,29/9/2021,5:15:49 AM,-3.5135479E+1,-2.9187544E+1,3.8282915E+3,0.0000000E+0
11232293,29/9/2021,5:15:49 AM,-3.5481247E+1,-3.0477598E+1,3.8256133E+3,0.0000000E+0
11232294,29/9/2021,5:15:49 AM,-3.5720627E+1,-3.1848284E+1,3.8256133E+3,0.0000000E+0
11232295,29/9/2021,5:15:49 AM,-3.5667435E+1,-3.1283886E+1,3.8273987E+3,0.0000000E+0
11232296,29/9/2021,5:15:50 AM,-3.7103706E+1,-3.1955791E+1,3.8256133E+3,0.0000000E+0
11232297,29/9/2021,5:15:50 AM,-3.6119591E+1,-3.2090168E+1,3.8273987E+3,0.0000000E+0
11232298,29/9/2021,5:15:50 AM,-3.6385571E+1,-3.1472017E+1,3.8273987E+3,0.0000000E+0
11232299,29/9/2021,5:15:50 AM,-3.7875038E+1,-3.0773237E+1,3.8273987E+3,0.0000000E+0
11232300,29/9/2021,5:15:50 AM,-3.7502670E+1,-3.0020704E+1,3.8273987E+3,0.0000000E+0
11232301,29/9/2021,5:15:50 AM,-3.7981426E+1,-2.9375675E+1,3.8273987E+3,0.0000000E+0
11232302,29/9/2021,5:15:50 AM,-3.8114414E+1,-2.8811277E+1,3.8282915E+3,0.0000000E+0
11232303,29/9/2021,5:15:50 AM,-3.7476070E+1,-2.9832573E+1,3.8256133E+3,0.0000000E+0
11232304,29/9/2021,5:15:50 AM,-3.7529270E+1,-2.8945658E+1,3.8265059E+3,0.0000000E+0
11232305,29/9/2021,5:15:50 AM,-3.5960011E+1,-2.9053162E+1,3.8256133E+3,0.0000000E+0
11232306,29/9/2021,5:15:51 AM,-3.4789711E+1,-2.9590683E+1,3.8256133E+3,0.0000000E+0
11232307,29/9/2021,5:15:51 AM,-3.2129948E+1,-2.8838150E+1,3.8265059E+3,0.0000000E+0
11232308,29/9/2021,5:15:51 AM,-3.0321308E+1,-2.8408133E+1,3.8247205E+3,0.0000000E+0
11232309,29/9/2021,5:15:51 AM,-2.6624237E+1,-2.7144953E+1,3.8273987E+3,0.0000000E+0
11232310,29/9/2021,5:15:51 AM,-2.1969648E+1,-2.5397999E+1,3.8273987E+3,0.0000000E+0
11232311,29/9/2021,5:15:51 AM,-1.9906115E+1,-2.3006018E+1,3.8291846E+3,0.0000000E+0
11232312,29/9/2021,5:15:51 AM,-1.6330591E+1,-1.9383486E+1,3.8291846E+3,0.0000000E+0
11232313,29/9/2021,5:15:51 AM,-1.3544367E+1,-1.6969522E+1,3.8309702E+3,0.0000000E+0
11232314,29/9/2021,5:15:51 AM,-9.8425550E+0,-1.4257802E+1,3.8309702E+3,0.0000000E+0
11232315,29/9/2021,5:15:51 AM,-5.4760838E+0,-1.0791054E+1,3.8345413E+3,0.0000000E+0
11232316,29/9/2021,5:15:52 AM,-3.8693855E+0,-8.0155268E+0,3.8327556E+3,0.0000000E+0
11232317,29/9/2021,5:15:52 AM,4.1716802E-1,-6.2289820E+0,3.8363269E+3,0.0000000E+0
11232318,29/9/2021,5:15:52 AM,4.6117311E+0,-5.2108102E+0,3.8345413E+3,0.0000000E+0
11232319,29/9/2021,5:15:52 AM,6.8721609E+0,-4.2925739E+0,3.8345413E+3,0.0000000E+0
11232320,29/9/2021,5:15:52 AM,1.0421374E+1,-5.0939288E+0,3.8354341E+3,0.0000000E+0
11232321,29/9/2021,5:15:52 AM,1.3028691E+1,-6.1917620E+0,3.8336484E+3,0.0000000E+0
11232322,29/9/2021,5:15:52 AM,1.4333666E+1,-5.8009553E+0,3.8363269E+3,0.0000000E+0
11232323,29/9/2021,5:15:52 AM,1.4462584E+1,-6.6224470E+0,3.8345413E+3,0.0000000E+0
11232324,29/9/2021,5:15:52 AM,1.4254736E+1,-7.9012094E+0,3.8345413E+3,0.0000000E+0
11232325,29/9/2021,5:15:52 AM,1.3244432E+1,-9.4245586E+0,3.8318628E+3,0.0000000E+0
11232326,29/9/2021,5:15:53 AM,1.0074082E+1,-1.0498612E+1,3.8327556E+3,0.0000000E+0
11232327,29/9/2021,5:15:53 AM,7.9403458E+0,-1.0982469E+1,3.8327556E+3,0.0000000E+0
11232328,29/9/2021,5:15:53 AM,4.2076793E+0,-1.0876126E+1,3.8327556E+3,0.0000000E+0
11232329,29/9/2021,5:15:53 AM,2.4090730E-1,-1.1110079E+1,3.8327556E+3,0.0000000E+0
11232330,29/9/2021,5:15:53 AM,-2.8877785E+0,-1.1822570E+1,3.8327556E+3,0.0000000E+0
11232331,29/9/2021,5:15:53 AM,-7.0116038E+0,-1.3454920E+1,3.8291846E+3,0.0000000E+0
11232332,29/9/2021,5:15:53 AM,-8.8033113E+0,-1.4228558E+1,3.8327556E+3,0.0000000E+0
11232333,29/9/2021,5:15:53 AM,-9.9504261E+0,-1.5467443E+1,3.8327556E+3,0.0000000E+0
11232334,29/9/2021,5:15:53 AM,-1.2668245E+1,-1.7102449E+1,3.8309702E+3,0.0000000E+0
11232335,29/9/2021,5:15:53 AM,-1.5762295E+1,-1.9234606E+1,3.8291846E+3,0.0000000E+0
11232336,29/9/2021,5:15:54 AM,-1.8972111E+1,-2.1447199E+1,3.8282915E+3,0.0000000E+0
11232337,29/9/2021,5:15:54 AM,-2.1198318E+1,-2.3006018E+1,3.8273987E+3,0.0000000E+0
11232338,29/9/2021,5:15:54 AM,-2.2794176E+1,-2.2979143E+1,3.8309702E+3,0.0000000E+0
11232339,29/9/2021,5:15:54 AM,-2.8007315E+1,-2.2737255E+1,3.8282915E+3,0.0000000E+0
11232340,29/9/2021,5:15:54 AM,-3.1863972E+1,-2.3677923E+1,3.8273987E+3,0.0000000E+0
11232341,29/9/2021,5:15:54 AM,-3.6784534E+1,-2.4322952E+1,3.8256133E+3,0.0000000E+0
11232342,29/9/2021,5:15:54 AM,-3.9816662E+1,-2.3839180E+1,3.8256133E+3,0.0000000E+0
11232343,29/9/2021,5:15:54 AM,-4.1545509E+1,-2.2629751E+1,3.8273987E+3,0.0000000E+0
11232344,29/9/2021,5:15:54 AM,-4.3487141E+1,-2.1796591E+1,3.8282915E+3,0.0000000E+0
11232345,29/9/2021,5:15:54 AM,-4.5322376E+1,-2.2038477E+1,3.8273987E+3,0.0000000E+0
11232346,29/9/2021,5:15:55 AM,-4.5455364E+1,-2.2844761E+1,3.8247205E+3,0.0000000E+0
11232347,29/9/2021,5:15:55 AM,-4.4870216E+1,-2.2602877E+1,3.8273987E+3,0.0000000E+0
11232348,29/9/2021,5:15:55 AM,-4.1226341E+1,-2.3624170E+1,3.8273987E+3,0.0000000E+0
11232349,29/9/2021,5:15:55 AM,-3.7130302E+1,-2.4618589E+1,3.8282915E+3,0.0000000E+0
11232350,29/9/2021,5:15:55 AM,-3.3193851E+1,-2.4779848E+1,3.8273987E+3,0.0000000E+0
11232351,29/9/2021,5:15:55 AM,-3.0401100E+1,-2.4887352E+1,3.8291846E+3,0.0000000E+0
11232352,29/9/2021,5:15:55 AM,-2.5985893E+1,-2.6446173E+1,3.8273987E+3,0.0000000E+0
11232353,29/9/2021,5:15:55 AM,-2.1836660E+1,-2.7655600E+1,3.8273987E+3,0.0000000E+0
11232354,29/9/2021,5:15:55 AM,-1.7680292E+1,-2.7601847E+1,3.8309702E+3,0.0000000E+0
11232355,29/9/2021,5:15:55 AM,-1.4736208E+1,-2.7440592E+1,3.8291846E+3,0.0000000E+0
11232356,29/9/2021,5:15:56 AM,-1.4549406E+1,-2.8569391E+1,3.8282915E+3,0.0000000E+0
11232357,29/9/2021,5:15:56 AM,-1.3123406E+1,-2.9053162E+1,3.8282915E+3,0.0000000E+0
11232358,29/9/2021,5:15:56 AM,-1.0808130E+1,-2.8488760E+1,3.8300774E+3,0.0000000E+0
11232359,29/9/2021,5:15:56 AM,-9.6952200E+0,-2.8246876E+1,3.8291846E+3,0.0000000E+0
11232360,29/9/2021,5:15:56 AM,-8.4954853E+0,-2.9187544E+1,3.8291846E+3,0.0000000E+0
11232361,29/9/2021,5:15:56 AM,-7.2957511E+0,-2.8891905E+1,3.8282915E+3,0.0000000E+0
11232362,29/9/2021,5:15:56 AM,-6.8932090E+0,-2.7333086E+1,3.8291846E+3,0.0000000E+0
11232363,29/9/2021,5:15:56 AM,-5.2994103E+0,-2.6446173E+1,3.8291846E+3,0.0000000E+0
11232364,29/9/2021,5:15:56 AM,-2.2563493E+0,-2.6688057E+1,3.8291846E+3,0.0000000E+0
11232365,29/9/2021,5:15:56 AM,-4.2561167E-1,-2.5747389E+1,3.8300774E+3,0.0000000E+0
11232366,29/9/2021,5:15:57 AM,-5.3617048E-1,-2.3624170E+1,3.8309702E+3,0.0000000E+0
11232367,29/9/2021,5:15:57 AM,-5.1558906E-1,-2.1151562E+1,3.8309702E+3,0.0000000E+0
11232368,29/9/2021,5:15:57 AM,-2.0456088E+0,-2.0040148E+1,3.8291846E+3,0.0000000E+0
11232369,29/9/2021,5:15:57 AM,-3.1714067E+0,-1.6950912E+1,3.8327556E+3,0.0000000E+0
11232370,29/9/2021,5:15:57 AM,-5.8066077E+0,-1.3502774E+1,3.8327556E+3,0.0000000E+0
11232371,29/9/2021,5:15:57 AM,-9.1453419E+0,-1.1655082E+1,3.8309702E+3,0.0000000E+0
11232372,29/9/2021,5:15:57 AM,-1.1776337E+1,-9.7462425E+0,3.8327556E+3,0.0000000E+0
11232373,29/9/2021,5:15:57 AM,-1.4886175E+1,-8.6456032E+0,3.8309702E+3,0.0000000E+0
11232374,29/9/2021,5:15:57 AM,-1.7272488E+1,-8.1325035E+0,3.8327556E+3,0.0000000E+0
11232375,29/9/2021,5:15:57 AM,-1.8880026E+1,-7.3322802E+0,3.8318628E+3,0.0000000E+0
11232376,29/9/2021,5:15:58 AM,-2.2209028E+1,-7.6832089E+0,3.8291846E+3,0.0000000E+0
11232377,29/9/2021,5:15:58 AM,-2.3326128E+1,-8.4807730E+0,3.8309702E+3,0.0000000E+0
11232378,29/9/2021,5:15:58 AM,-2.4629414E+1,-8.3611393E+0,3.8300774E+3,0.0000000E+0
11232379,29/9/2021,5:15:58 AM,-2.6172077E+1,-7.8719654E+0,3.8309702E+3,0.0000000E+0
11232380,29/9/2021,5:15:58 AM,-2.7023201E+1,-8.4515295E+0,3.8309702E+3,0.0000000E+0
11232381,29/9/2021,5:15:58 AM,-2.7102993E+1,-9.0257759E+0,3.8291846E+3,0.0000000E+0
11232382,29/9/2021,5:15:58 AM,-2.8299887E+1,-8.6402864E+0,3.8318628E+3,0.0000000E+0
11232383,29/9/2021,5:15:58 AM,-2.9363794E+1,-9.6159735E+0,3.8291846E+3,0.0000000E+0
11232384,29/9/2021,5:15:58 AM,-2.9443584E+1,-1.0578369E+1,3.8309702E+3,0.0000000E+0
11232385,29/9/2021,5:15:58 AM,-2.9230804E+1,-1.1910302E+1,3.8291846E+3,0.0000000E+0
11232386,29/9/2021,5:15:59 AM,-2.9124414E+1,-1.2537720E+1,3.8318628E+3,0.0000000E+0
11232387,29/9/2021,5:15:59 AM,-2.8379681E+1,-1.3999922E+1,3.8300774E+3,0.0000000E+0
11232388,29/9/2021,5:15:59 AM,-2.8113705E+1,-1.7190182E+1,3.8282915E+3,0.0000000E+0
11232389,29/9/2021,5:15:59 AM,-2.6331661E+1,-1.9718462E+1,3.8291846E+3,0.0000000E+0
11232390,29/9/2021,5:15:59 AM,-2.4921988E+1,-2.1662210E+1,3.8291846E+3,0.0000000E+0
11232391,29/9/2021,5:15:59 AM,-2.3459118E+1,-2.4833599E+1,3.8282915E+3,0.0000000E+0
11232392,29/9/2021,5:15:59 AM,-2.0533377E+1,-2.7709351E+1,3.8273987E+3,0.0000000E+0
11232393,29/9/2021,5:15:59 AM,-1.8343302E+1,-3.0047581E+1,3.8273987E+3,0.0000000E+0
11232394,29/9/2021,5:15:59 AM,-1.6212196E+1,-3.1955791E+1,3.8273987E+3,0.0000000E+0
11232395,29/9/2021,5:15:59 AM,-1.2760329E+1,-3.3433983E+1,3.8291846E+3,0.0000000E+0
11232396,29/9/2021,5:16:00 AM,-1.0047773E+1,-3.4562782E+1,3.8273987E+3,0.0000000E+0
11232397,29/9/2021,5:16:00 AM,-8.3271017E+0,-3.4616531E+1,3.8282915E+3,0.0000000E+0
11232398,29/9/2021,5:16:00 AM,-6.8221722E+0,-3.5476570E+1,3.8273987E+3,0.0000000E+0
11232399,29/9/2021,5:16:00 AM,-5.0847087E+0,-3.5584076E+1,3.8273987E+3,0.0000000E+0
11232400,29/9/2021,5:16:00 AM,-3.8289807E+0,-3.4186516E+1,3.8282915E+3,0.0000000E+0
11232401,29/9/2021,5:16:00 AM,-2.0052037E+0,-3.3810249E+1,3.8291846E+3,0.0000000E+0
11232402,29/9/2021,5:16:00 AM,-6.2535632E-1,-3.2143925E+1,3.8291846E+3,0.0000000E+0
11232403,29/9/2021,5:16:00 AM,-1.4063920E-1,-3.0611980E+1,3.8291846E+3,0.0000000E+0
11232404,29/9/2021,5:16:00 AM,3.2824609E-1,-2.8865026E+1,3.8309702E+3,0.0000000E+0
11232405,29/9/2021,5:16:00 AM,2.1256268E+0,-2.8219997E+1,3.8291846E+3,0.0000000E+0
11232406,29/9/2021,5:16:01 AM,1.5171731E+0,-2.6123655E+1,3.8309702E+3,0.0000000E+0
11232407,29/9/2021,5:16:01 AM,2.3569660E+0,-2.4376703E+1,3.8318628E+3,0.0000000E+0
11232408,29/9/2021,5:16:01 AM,3.3195586E+0,-2.2979143E+1,3.8309702E+3,0.0000000E+0
11232409,29/9/2021,5:16:01 AM,1.7897096E+0,-2.1447199E+1,3.8309702E+3,0.0000000E+0
11232410,29/9/2021,5:16:01 AM,4.9500775E-1,-1.9476534E+1,3.8309702E+3,0.0000000E+0
11232411,29/9/2021,5:16:01 AM,-2.7633941E+0,-1.6618595E+1,3.8318628E+3,0.0000000E+0
11232412,29/9/2021,5:16:01 AM,-5.8329177E+0,-1.4513022E+1,3.8309702E+3,0.0000000E+0
11232413,29/9/2021,5:16:01 AM,-9.8294001E+0,-1.1897010E+1,3.8309702E+3,0.0000000E+0
11232414,29/9/2021,5:16:01 AM,-1.5843856E+1,-8.7067499E+0,3.8309702E+3,0.0000000E+0
11232415,29/9/2021,5:16:01 AM,-2.1251514E+1,-6.1704936E+0,3.8300774E+3,0.0000000E+0
11232416,29/9/2021,5:16:02 AM,-2.6358259E+1,-2.4857223E+0,3.8327556E+3,0.0000000E+0
11232417,29/9/2021,5:16:02 AM,-3.1411810E+1,1.1111698E+0,3.8318628E+3,0.0000000E+0
11232418,29/9/2021,5:16:02 AM,-3.5694031E+1,2.6282208E+0,3.8327556E+3,0.0000000E+0
11232419,29/9/2021,5:16:02 AM,-3.8513382E+1,3.0276976E+0,3.8327556E+3,0.0000000E+0
11232420,29/9/2021,5:16:02 AM,-4.0641193E+1,1.9965832E+0,3.8300774E+3,0.0000000E+0
11232421,29/9/2021,5:16:02 AM,-4.0933765E+1,1.5714887E+0,3.8327556E+3,0.0000000E+0
11232422,29/9/2021,5:16:02 AM,-4.0614594E+1,-5.6524880E-2,3.8318628E+3,0.0000000E+0
11232423,29/9/2021,5:16:02 AM,-3.9151726E+1,-4.3518152E+0,3.8309702E+3,0.0000000E+0
11232424,29/9/2021,5:16:02 AM,-3.7103706E+1,-7.8347459E+0,3.8282915E+3,0.0000000E+0
11232425,29/9/2021,5:16:02 AM,-3.5507847E+1,-9.7116823E+0,3.8309702E+3,0.0000000E+0
11232426,29/9/2021,5:16:03 AM,-3.5374859E+1,-1.1838521E+1,3.8291846E+3,0.0000000E+0
11232427,29/9/2021,5:16:03 AM,-3.3087463E+1,-1.4994220E+1,3.8291846E+3,0.0000000E+0
11232428,29/9/2021,5:16:03 AM,-3.2582108E+1,-1.7634159E+1,3.8291846E+3,0.0000000E+0
11232429,29/9/2021,5:16:03 AM,-3.2635300E+1,-1.9138899E+1,3.8282915E+3,0.0000000E+0
11232430,29/9/2021,5:16:03 AM,-3.2103352E+1,-2.1554705E+1,3.8291846E+3,0.0000000E+0
11232431,29/9/2021,5:16:03 AM,-3.1145834E+1,-2.3382284E+1,3.8291846E+3,0.0000000E+0
11232432,29/9/2021,5:16:03 AM,-3.0560686E+1,-2.4618589E+1,3.8273987E+3,0.0000000E+0
11232433,29/9/2021,5:16:03 AM,-2.8193497E+1,-2.7467464E+1,3.8282915E+3,0.0000000E+0
11232434,29/9/2021,5:16:03 AM,-2.5320950E+1,-3.0316343E+1,3.8273987E+3,0.0000000E+0
11232435,29/9/2021,5:16:03 AM,-2.1171721E+1,-3.2735199E+1,3.8273987E+3,0.0000000E+0
11232436,29/9/2021,5:16:04 AM,-1.7793425E+1,-3.4724037E+1,3.8282915E+3,0.0000000E+0
11232437,29/9/2021,5:16:04 AM,-1.2244654E+1,-3.7384781E+1,3.8291846E+3,0.0000000E+0
11232438,29/9/2021,5:16:04 AM,-8.0824194E+0,-3.9830513E+1,3.8282915E+3,0.0000000E+0
11232439,29/9/2021,5:16:04 AM,-5.2106776E+0,-4.2034363E+1,3.8273987E+3,0.0000000E+0
11232440,29/9/2021,5:16:04 AM,-2.5684986E+0,-4.3808189E+1,3.8273987E+3,0.0000000E+0
11232441,29/9/2021,5:16:04 AM,-3.5067448E-1,-4.4587601E+1,3.8273987E+3,0.0000000E+0
11232442,29/9/2021,5:16:04 AM,5.9105402E-1,-4.5071373E+1,3.8273987E+3,0.0000000E+0
11232443,29/9/2021,5:16:04 AM,2.0955210E+0,-4.4802608E+1,3.8273987E+3,0.0000000E+0
11232444,29/9/2021,5:16:04 AM,1.3555526E+0,-4.3378170E+1,3.8273987E+3,0.0000000E+0
11232445,29/9/2021,5:16:04 AM,7.5728798E-1,-4.0448666E+1,3.8291846E+3,0.0000000E+0
11232446,29/9/2021,5:16:05 AM,-1.4533596E+0,-3.7734169E+1,3.8273987E+3,0.0000000E+0
11232447,29/9/2021,5:16:05 AM,-2.8838172E+0,-3.4562782E+1,3.8273987E+3,0.0000000E+0
11232448,29/9/2021,5:16:05 AM,-3.4811792E+0,-3.0128208E+1,3.8309702E+3,0.0000000E+0
11232449,29/9/2021,5:16:05 AM,-5.8039765E+0,-2.6123655E+1,3.8291846E+3,0.0000000E+0
11232450,29/9/2021,5:16:05 AM,-6.6590505E+0,-2.3812304E+1,3.8291846E+3,0.0000000E+0
11232451,29/9/2021,5:16:05 AM,-7.2299767E+0,-2.0855925E+1,3.8291846E+3,0.0000000E+0
11232452,29/9/2021,5:16:05 AM,-8.5112715E+0,-1.7413500E+1,3.8309702E+3,0.0000000E+0
11232453,29/9/2021,5:16:05 AM,-9.1848068E+0,-1.3143869E+1,3.8327556E+3,0.0000000E+0
11232454,29/9/2021,5:16:05 AM,-1.0697629E+1,-1.1149958E+1,3.8309702E+3,0.0000000E+0
11232455,29/9/2021,5:16:05 AM,-1.1844743E+1,-8.7865067E+0,3.8318628E+3,0.0000000E+0
11232456,29/9/2021,5:16:06 AM,-1.4328403E+1,-5.4846001E+0,3.8327556E+3,0.0000000E+0
11232457,29/9/2021,5:16:06 AM,-1.6635786E+1,-3.6425238E+0,3.8309702E+3,0.0000000E+0
11232458,29/9/2021,5:16:06 AM,-1.8316992E+1,-1.5741646E+0,3.8345413E+3,0.0000000E+0
11232459,29/9/2021,5:16:06 AM,-2.1278111E+1,2.8529066E-1,3.8327556E+3,0.0000000E+0
11232460,29/9/2021,5:16:06 AM,-2.4044266E+1,2.8611822E+0,3.8345413E+3,0.0000000E+0
11232461,29/9/2021,5:16:06 AM,-2.7608349E+1,4.0572109E+0,3.8327556E+3,0.0000000E+0
11232462,29/9/2021,5:16:06 AM,-2.9337194E+1,3.4415846E+0,3.8327556E+3,0.0000000E+0
11232463,29/9/2021,5:16:06 AM,-3.0028732E+1,2.7050741E+0,3.8318628E+3,0.0000000E+0
11232464,29/9/2021,5:16:06 AM,-3.1199030E+1,9.1263235E-1,3.8318628E+3,0.0000000E+0
11232465,29/9/2021,5:16:06 AM,-3.1278822E+1,-2.0005860E+0,3.8318628E+3,0.0000000E+0
11232466,29/9/2021,5:16:07 AM,-3.1970362E+1,-4.9946604E+0,3.8291846E+3,0.0000000E+0
11232467,29/9/2021,5:16:07 AM,-3.1252226E+1,-7.9331117E+0,3.8291846E+3,0.0000000E+0
11232468,29/9/2021,5:16:07 AM,-3.0241516E+1,-1.0735224E+1,3.8291846E+3,0.0000000E+0
11232469,29/9/2021,5:16:07 AM,-2.8299887E+1,-1.3585190E+1,3.8291846E+3,0.0000000E+0
11232470,29/9/2021,5:16:07 AM,-2.6624237E+1,-1.5175001E+1,3.8282915E+3,0.0000000E+0
11232471,29/9/2021,5:16:07 AM,-2.5374147E+1,-1.6807350E+1,3.8291846E+3,0.0000000E+0
11232472,29/9/2021,5:16:07 AM,-2.2501602E+1,-1.9027239E+1,3.8291846E+3,0.0000000E+0
11232473,29/9/2021,5:16:07 AM,-1.9666693E+1,-2.0855925E+1,3.8291846E+3,0.0000000E+0
11232474,29/9/2021,5:16:07 AM,-1.7135675E+1,-2.2280361E+1,3.8282915E+3,0.0000000E+0
11232475,29/9/2021,5:16:07 AM,-1.4228425E+1,-2.2844761E+1,3.8309702E+3,0.0000000E+0
11232476,29/9/2021,5:16:08 AM,-1.1460618E+1,-2.4484209E+1,3.8282915E+3,0.0000000E+0
11232477,29/9/2021,5:16:08 AM,-8.0982046E+0,-2.6043028E+1,3.8291846E+3,0.0000000E+0
11232478,29/9/2021,5:16:08 AM,-4.6236148E+0,-2.6795563E+1,3.8291846E+3,0.0000000E+0
11232479,29/9/2021,5:16:08 AM,-1.4871341E+0,-2.7789980E+1,3.8291846E+3,0.0000000E+0
11232480,29/9/2021,5:16:08 AM,1.8736889E+0,-2.7279333E+1,3.8300774E+3,0.0000000E+0
11232481,29/9/2021,5:16:08 AM,3.2538013E+0,-2.6553677E+1,3.8309702E+3,0.0000000E+0
11232482,29/9/2021,5:16:08 AM,6.0907555E+0,-2.6795563E+1,3.8291846E+3,0.0000000E+0
11232483,29/9/2021,5:16:08 AM,8.3428879E+0,-2.6768684E+1,3.8309702E+3,0.0000000E+0
11232484,29/9/2021,5:16:08 AM,9.2111158E+0,-2.6419296E+1,3.8291846E+3,0.0000000E+0
11232485,29/9/2021,5:16:08 AM,1.0050405E+1,-2.5156115E+1,3.8327556E+3,0.0000000E+0
11232486,29/9/2021,5:16:09 AM,7.6088395E+0,-2.3247904E+1,3.8309702E+3,0.0000000E+0
11232487,29/9/2021,5:16:09 AM,6.6406336E+0,-2.1984724E+1,3.8327556E+3,0.0000000E+0
11232488,29/9/2021,5:16:09 AM,5.3514452E+0,-1.9383486E+1,3.8327556E+3,0.0000000E+0
11232489,29/9/2021,5:16:09 AM,2.4108396E+0,-1.8288162E+1,3.8327556E+3,0.0000000E+0
11232490,29/9/2021,5:16:09 AM,-9.5861572E-1,-1.6932302E+1,3.8327556E+3,0.0000000E+0
11232491,29/9/2021,5:16:09 AM,-4.5317130E+0,-1.5932688E+1,3.8327556E+3,0.0000000E+0
11232492,29/9/2021,5:16:09 AM,-9.5110502E+0,-1.4991562E+1,3.8327556E+3,0.0000000E+0
11232493,29/9/2021,5:16:09 AM,-1.3310207E+1,-1.4903829E+1,3.8318628E+3,0.0000000E+0
11232494,29/9/2021,5:16:09 AM,-1.7330370E+1,-1.6007126E+1,3.8309702E+3,0.0000000E+0
11232495,29/9/2021,5:16:09 AM,-2.1357904E+1,-1.7862795E+1,3.8291846E+3,0.0000000E+0
11232496,29/9/2021,5:16:10 AM,-2.6491247E+1,-1.9359558E+1,3.8291846E+3,0.0000000E+0
11232497,29/9/2021,5:16:10 AM,-3.0401100E+1,-2.1662210E+1,3.8291846E+3,0.0000000E+0
11232498,29/9/2021,5:16:10 AM,-3.4842907E+1,-2.3758553E+1,3.8256133E+3,0.0000000E+0
11232499,29/9/2021,5:16:10 AM,-3.8779358E+1,-2.4430456E+1,3.8291846E+3,0.0000000E+0
11232500,29/9/2021,5:16:10 AM,-4.4072289E+1,-2.5290495E+1,3.8256133E+3,0.0000000E+0
11232501,29/9/2021,5:16:10 AM,-4.7609772E+1,-2.7763103E+1,3.8247205E+3,0.0000000E+0
11232502,29/9/2021,5:16:10 AM,-5.1120663E+1,-2.7037447E+1,3.8256133E+3,0.0000000E+0
11232503,29/9/2021,5:16:10 AM,-5.4418766E+1,-2.6526800E+1,3.8256133E+3,0.0000000E+0
11232504,29/9/2021,5:16:10 AM,-5.7025337E+1,-2.6688057E+1,3.8256133E+3,0.0000000E+0
11232505,29/9/2021,5:16:10 AM,-5.6945545E+1,-2.8004990E+1,3.8238276E+3,0.0000000E+0
11232506,29/9/2021,5:16:11 AM,-5.7876461E+1,-2.8085617E+1,3.8247205E+3,0.0000000E+0
11232507,29/9/2021,5:16:11 AM,-5.6493385E+1,-2.8569391E+1,3.8238276E+3,0.0000000E+0
11232508,29/9/2021,5:16:11 AM,-5.2849510E+1,-2.8193125E+1,3.8273987E+3,0.0000000E+0
11232509,29/9/2021,5:16:11 AM,-4.7689568E+1,-2.8004990E+1,3.8256133E+3,0.0000000E+0
11232510,29/9/2021,5:16:11 AM,-4.4152081E+1,-2.8031866E+1,3.8256133E+3,0.0000000E+0
11232511,29/9/2021,5:16:11 AM,-3.9337906E+1,-2.8273752E+1,3.8273987E+3,0.0000000E+0
11232512,29/9/2021,5:16:11 AM,-3.3805599E+1,-2.8515638E+1,3.8282915E+3,0.0000000E+0
11232513,29/9/2021,5:16:11 AM,-3.0002138E+1,-2.7171829E+1,3.8300774E+3,0.0000000E+0
11232514,29/9/2021,5:16:11 AM,-2.7927519E+1,-2.6526800E+1,3.8273987E+3,0.0000000E+0
11232515,29/9/2021,5:16:11 AM,-2.5852903E+1,-2.7279333E+1,3.8273987E+3,0.0000000E+0
11232516,29/9/2021,5:16:12 AM,-2.2607992E+1,-2.6634304E+1,3.8291846E+3,0.0000000E+0
11232517,29/9/2021,5:16:12 AM,-1.9824553E+1,-2.6123655E+1,3.8291846E+3,0.0000000E+0
11232518,29/9/2021,5:16:12 AM,-1.9032623E+1,-2.5182989E+1,3.8291846E+3,0.0000000E+0
11232519,29/9/2021,5:16:12 AM,-1.7719757E+1,-2.5129238E+1,3.8282915E+3,0.0000000E+0
11232520,29/9/2021,5:16:12 AM,-1.5499196E+1,-2.4591715E+1,3.8273987E+3,0.0000000E+0
11232521,29/9/2021,5:16:12 AM,-1.3028691E+1,-2.2145981E+1,3.8291846E+3,0.0000000E+0
11232522,29/9/2021,5:16:12 AM,-1.0616068E+1,-2.0882799E+1,3.8309702E+3,0.0000000E+0
11232523,29/9/2021,5:16:12 AM,-6.2144117E+0,-2.0882799E+1,3.8300774E+3,0.0000000E+0
11232524,29/9/2021,5:16:12 AM,-1.5845149E+0,-2.0034830E+1,3.8309702E+3,0.0000000E+0
11232525,29/9/2021,5:16:12 AM,2.0210488E+0,-2.0231562E+1,3.8291846E+3,0.0000000E+0
11232526,29/9/2021,5:16:13 AM,7.2641792E+0,-2.0721542E+1,3.8309702E+3,0.0000000E+0
11232527,29/9/2021,5:16:13 AM,1.2407776E+1,-2.0189026E+1,3.8309702E+3,0.0000000E+0
11232528,29/9/2021,5:16:13 AM,1.5951728E+1,-1.8487553E+1,3.8327556E+3,0.0000000E+0
11232529,29/9/2021,5:16:13 AM,1.8585354E+1,-1.7610233E+1,3.8336484E+3,0.0000000E+0
11232530,29/9/2021,5:16:13 AM,2.0295502E+1,-1.6884449E+1,3.8327556E+3,0.0000000E+0
11232531,29/9/2021,5:16:13 AM,2.0613171E+1,-1.4077021E+1,3.8345413E+3,0.0000000E+0
11232532,29/9/2021,5:16:13 AM,2.0077129E+1,-1.1352007E+1,3.8345413E+3,0.0000000E+0
11232533,29/9/2021,5:16:13 AM,1.9161543E+1,-8.0740156E+0,3.8363269E+3,0.0000000E+0
11232534,29/9/2021,5:16:13 AM,1.7569790E+1,-5.6813207E+0,3.8327556E+3,0.0000000E+0
11232535,29/9/2021,5:16:13 AM,1.4557300E+1,-3.1229637E+0,3.8345413E+3,0.0000000E+0
11232536,29/9/2021,5:16:14 AM,1.2536695E+1,-8.4627342E-1,3.8345413E+3,0.0000000E+0
11232537,29/9/2021,5:16:14 AM,1.0650270E+1,8.7720215E-2,3.8336484E+3,0.0000000E+0
11232538,29/9/2021,5:16:14 AM,8.5717840E+0,1.6235248E+0,3.8345413E+3,0.0000000E+0
11232539,29/9/2021,5:16:14 AM,7.3167992E+0,3.4359803E+0,3.8354341E+3,0.0000000E+0
11232540,29/9/2021,5:16:14 AM,5.4303756E+0,3.6473267E+0,3.8336484E+3,0.0000000E+0
11232541,29/9/2021,5:16:14 AM,5.6171761E+0,3.9323242E+0,3.8345413E+3,0.0000000E+0
11232542,29/9/2021,5:16:14 AM,6.0749693E+0,4.1164517E+0,3.8345413E+3,0.0000000E+0
11232543,29/9/2021,5:16:14 AM,6.2065191E+0,4.6127958E+0,3.8363269E+3,0.0000000E+0
11232544,29/9/2021,5:16:14 AM,5.1758184E+0,4.8825827E+0,3.8381123E+3,0.0000000E+0
11232545,29/9/2021,5:16:14 AM,1.9489534E+0,3.5168366E+0,3.8345413E+3,0.0000000E+0
11232546,29/9/2021,5:16:15 AM,-2.3617196E+0,2.5737832E+0,3.8363269E+3,0.0000000E+0
11232547,29/9/2021,5:16:15 AM,-6.0539212E+0,9.5906448E-1,3.8354341E+3,0.0000000E+0
11232548,29/9/2021,5:16:15 AM,-1.1471142E+1,-8.4680670E-1,3.8354341E+3,0.0000000E+0
11232549,29/9/2021,5:16:15 AM,-1.8035475E+1,-3.0132878E+0,3.8327556E+3,0.0000000E+0
11232550,29/9/2021,5:16:15 AM,-2.5320950E+1,-6.2688599E+0,3.8327556E+3,0.0000000E+0
11232551,29/9/2021,5:16:15 AM,-3.3193851E+1,-1.0025391E+1,3.8291846E+3,0.0000000E+0
11232552,29/9/2021,5:16:15 AM,-3.8593174E+1,-1.4579486E+1,3.8291846E+3,0.0000000E+0
11232553,29/9/2021,5:16:15 AM,-4.3699921E+1,-1.8899630E+1,3.8273987E+3,0.0000000E+0
11232554,29/9/2021,5:16:15 AM,-4.9285423E+1,-2.3731676E+1,3.8256133E+3,0.0000000E+0
11232555,29/9/2021,5:16:15 AM,-5.2982494E+1,-2.8488760E+1,3.8247205E+3,0.0000000E+0
11232556,29/9/2021,5:16:16 AM,-5.5535870E+1,-3.3622112E+1,3.8229348E+3,0.0000000E+0
11232557,29/9/2021,5:16:16 AM,-5.7238117E+1,-3.8352322E+1,3.8220420E+3,0.0000000E+0
11232558,29/9/2021,5:16:16 AM,-5.6998741E+1,-4.2141865E+1,3.8229348E+3,0.0000000E+0
11232559,29/9/2021,5:16:16 AM,-5.7131725E+1,-4.4668228E+1,3.8220420E+3,0.0000000E+0
11232560,29/9/2021,5:16:16 AM,-5.6812557E+1,-4.7597733E+1,3.8211492E+3,0.0000000E+0
11232561,29/9/2021,5:16:16 AM,-5.3940010E+1,-5.0957253E+1,3.8202566E+3,0.0000000E+0
11232562,29/9/2021,5:16:16 AM,-5.0748295E+1,-5.2247311E+1,3.8229348E+3,0.0000000E+0
11232563,29/9/2021,5:16:16 AM,-4.7716164E+1,-5.2623581E+1,3.8238276E+3,0.0000000E+0
11232564,29/9/2021,5:16:16 AM,-4.4950008E+1,-5.3859886E+1,3.8238276E+3,0.0000000E+0
11232565,29/9/2021,5:16:16 AM,-4.1838085E+1,-5.4666172E+1,3.8220420E+3,0.0000000E+0
11232566,29/9/2021,5:16:17 AM,-3.8672966E+1,-5.4612419E+1,3.8220420E+3,0.0000000E+0
11232567,29/9/2021,5:16:17 AM,-3.6917522E+1,-5.3295486E+1,3.8229348E+3,0.0000000E+0
11232568,29/9/2021,5:16:17 AM,-3.6066399E+1,-5.1414154E+1,3.8238276E+3,0.0000000E+0
11232569,29/9/2021,5:16:17 AM,-3.4443943E+1,-4.9479065E+1,3.8238276E+3,0.0000000E+0
11232570,29/9/2021,5:16:17 AM,-3.2129948E+1,-4.6495808E+1,3.8256133E+3,0.0000000E+0
11232571,29/9/2021,5:16:17 AM,-3.0587284E+1,-4.4184456E+1,3.8238276E+3,0.0000000E+0
11232572,29/9/2021,5:16:17 AM,-2.9869148E+1,-4.1066818E+1,3.8220420E+3,0.0000000E+0
11232573,29/9/2021,5:16:17 AM,-2.7395569E+1,-3.7465412E+1,3.8256133E+3,0.0000000E+0
11232574,29/9/2021,5:16:17 AM,-2.3884680E+1,-3.2385807E+1,3.8282915E+3,0.0000000E+0
11232575,29/9/2021,5:16:17 AM,-2.1304708E+1,-2.7628723E+1,3.8291846E+3,0.0000000E+0
11232576,29/9/2021,5:16:18 AM,-1.8445911E+1,-2.3355410E+1,3.8309702E+3,0.0000000E+0
11232577,29/9/2021,5:16:18 AM,-1.6101694E+1,-1.9202705E+1,3.8300774E+3,0.0000000E+0
11232578,29/9/2021,5:16:18 AM,-1.3015536E+1,-1.6379324E+1,3.8309702E+3,0.0000000E+0
11232579,29/9/2021,5:16:18 AM,-9.0164223E+0,-1.2888649E+1,3.8327556E+3,0.0000000E+0
11232580,29/9/2021,5:16:18 AM,-4.4802160E+0,-8.7732134E+0,3.8354341E+3,0.0000000E+0
11232581,29/9/2021,5:16:18 AM,-2.0883908E+0,-6.2927871E+0,3.8345413E+3,0.0000000E+0
11232582,29/9/2021,5:16:18 AM,2.5779453E-1,-5.0691118E+0,3.8345413E+3,0.0000000E+0
11232583,29/9/2021,5:16:18 AM,2.9218457E+0,-3.8826897E+0,3.8345413E+3,0.0000000E+0
11232584,29/9/2021,5:16:18 AM,3.3306506E+0,-1.8845055E+0,3.8345413E+3,0.0000000E+0
11232585,29/9/2021,5:16:18 AM,4.0413055E+0,-3.7327752E-2,3.8363269E+3,0.0000000E+0
11232586,29/9/2021,5:16:19 AM,3.8630476E+0,1.0695410E+0,3.8354341E+3,0.0000000E+0
11232587,29/9/2021,5:16:19 AM,2.0891831E+0,2.1438851E+0,3.8345413E+3,0.0000000E+0
11232588,29/9/2021,5:16:19 AM,-3.8181037E-1,2.5129409E+0,3.8327556E+3,0.0000000E+0
11232589,29/9/2021,5:16:19 AM,-1.8364530E+0,2.6906641E+0,3.8336484E+3,0.0000000E+0
11232590,29/9/2021,5:16:19 AM,-2.5011568E+0,3.5056288E+0,3.8345413E+3,0.0000000E+0
11232591,29/9/2021,5:16:19 AM,-3.2284493E+0,4.1396680E+0,3.8345413E+3,0.0000000E+0
11232592,29/9/2021,5:16:19 AM,-2.9788880E+0,3.7786179E+0,3.8345413E+3,0.0000000E+0
11232593,29/9/2021,5:16:19 AM,-2.3569660E+0,1.8636912E+0,3.8327556E+3,0.0000000E+0
11232594,29/9/2021,5:16:19 AM,-3.3246788E-1,3.6687845E-1,3.8327556E+3,0.0000000E+0
11232595,29/9/2021,5:16:19 AM,2.2000990E+0,-4.4153395E-1,3.8336484E+3,0.0000000E+0
11232596,29/9/2021,5:16:20 AM,4.2789826E+0,-2.8451712E+0,3.8336484E+3,0.0000000E+0
11232597,29/9/2021,5:16:20 AM,7.5877557E+0,-5.8408060E+0,3.8345413E+3,0.0000000E+0
11232598,29/9/2021,5:16:20 AM,9.1058331E+0,-7.7097569E+0,3.8327556E+3,0.0000000E+0
11232599,29/9/2021,5:16:20 AM,1.0960676E+1,-1.0264611E+1,3.8327556E+3,0.0000000E+0
11232600,29/9/2021,5:16:20 AM,1.1431622E+1,-1.1043563E+1,3.8345413E+3,0.0000000E+0
11232601,29/9/2021,5:16:20 AM,9.9582720E+0,-1.1920879E+1,3.8318628E+3,0.0000000E+0
11232602,29/9/2021,5:16:20 AM,8.0613327E+0,-1.0830879E+1,3.8363269E+3,0.0000000E+0
11232603,29/9/2021,5:16:20 AM,4.9358273E+0,-1.2160148E+1,3.8327556E+3,0.0000000E+0
11232604,29/9/2021,5:16:20 AM,3.4882951E-1,-1.3726026E+1,3.8327556E+3,0.0000000E+0
11232605,29/9/2021,5:16:20 AM,-4.3447952E+0,-1.3922758E+1,3.8327556E+3,0.0000000E+0
11232606,29/9/2021,5:16:21 AM,-1.0076665E+1,-1.5451417E+1,3.8309702E+3,0.0000000E+0
11232607,29/9/2021,5:16:21 AM,-1.4465146E+1,-1.7535709E+1,3.8318628E+3,0.0000000E+0
11232608,29/9/2021,5:16:21 AM,-1.8943079E+1,-1.9981564E+1,3.8291846E+3,0.0000000E+0
11232609,29/9/2021,5:16:21 AM,-2.3858393E+1,-2.3382589E+1,3.8291846E+3,0.0000000E+0
11232610,29/9/2021,5:16:21 AM,-2.8140669E+1,-2.7064676E+1,3.8256133E+3,0.0000000E+0
11232611,29/9/2021,5:16:21 AM,-3.1651604E+1,-3.0370491E+1,3.8273987E+3,0.0000000E+0
11232612,29/9/2021,5:16:21 AM,-3.5295525E+1,-3.2762505E+1,3.8247205E+3,0.0000000E+0
11232613,29/9/2021,5:16:21 AM,-3.8407494E+1,-3.5396404E+1,3.8247205E+3,0.0000000E+0
11232614,29/9/2021,5:16:21 AM,-4.1226875E+1,-3.8110935E+1,3.8238276E+3,0.0000000E+0
11232615,29/9/2021,5:16:21 AM,-4.4099457E+1,-3.9938538E+1,3.8220420E+3,0.0000000E+0
11232616,29/9/2021,5:16:22 AM,-4.6440083E+1,-3.9589146E+1,3.8238276E+3,0.0000000E+0
11232617,29/9/2021,5:16:22 AM,-4.8993488E+1,-3.7761539E+1,3.8238276E+3,0.0000000E+0
11232618,29/9/2021,5:16:22 AM,-5.1147926E+1,-3.7062748E+1,3.8238276E+3,0.0000000E+0
11232619,29/9/2021,5:16:22 AM,-5.1413906E+1,-3.6041443E+1,3.8247205E+3,0.0000000E+0
11232620,29/9/2021,5:16:22 AM,-5.1626686E+1,-3.4375095E+1,3.8238276E+3,0.0000000E+0
11232621,29/9/2021,5:16:22 AM,-5.2371433E+1,-3.2251850E+1,3.8256133E+3,0.0000000E+0
11232622,29/9/2021,5:16:22 AM,-4.9791428E+1,-3.0504873E+1,3.8273987E+3,0.0000000E+0
11232623,29/9/2021,5:16:22 AM,-4.6546474E+1,-3.0101727E+1,3.8273987E+3,0.0000000E+0
11232624,29/9/2021,5:16:22 AM,-4.2982346E+1,-3.0719885E+1,3.8256133E+3,0.0000000E+0
11232625,29/9/2021,5:16:22 AM,-3.8168106E+1,-3.1203661E+1,3.8265059E+3,0.0000000E+0
11232626,29/9/2021,5:16:23 AM,-3.3274082E+1,-3.1660564E+1,3.8256133E+3,0.0000000E+0
11232627,29/9/2021,5:16:23 AM,-2.8167267E+1,-3.2171219E+1,3.8273987E+3,0.0000000E+0
11232628,29/9/2021,5:16:23 AM,-2.4044579E+1,-3.1472429E+1,3.8273987E+3,0.0000000E+0
11232629,29/9/2021,5:16:23 AM,-2.1810347E+1,-3.0612381E+1,3.8256133E+3,0.0000000E+0
11232630,29/9/2021,5:16:23 AM,-1.8990437E+1,-2.9080416E+1,3.8273987E+3,0.0000000E+0
11232631,29/9/2021,5:16:23 AM,-1.5391252E+1,-2.5478958E+1,3.8291846E+3,0.0000000E+0
11232632,29/9/2021,5:16:23 AM,-1.3873175E+1,-2.0802443E+1,3.8309702E+3,0.0000000E+0
11232633,29/9/2021,5:16:23 AM,-1.3202273E+1,-1.7665979E+1,3.8291846E+3,0.0000000E+0
11232634,29/9/2021,5:16:23 AM,-1.0765984E+1,-1.4749563E+1,3.8327556E+3,0.0000000E+0
11232635,29/9/2021,5:16:23 AM,-7.2509899E+0,-1.2239904E+1,3.8318628E+3,0.0000000E+0
11232636,29/9/2021,5:16:24 AM,-3.3211856E+0,-1.0099782E+1,3.8336484E+3,0.0000000E+0
11232637,29/9/2021,5:16:24 AM,2.4488990E+0,-8.2122202E+0,3.8363269E+3,0.0000000E+0
11232638,29/9/2021,5:16:24 AM,6.8352947E+0,-8.4195871E+0,3.8336484E+3,0.0000000E+0
11232639,29/9/2021,5:16:24 AM,1.0166119E+1,-8.8901482E+0,3.8345413E+3,0.0000000E+0
11232640,29/9/2021,5:16:24 AM,1.4125750E+1,-8.4913673E+0,3.8354341E+3,0.0000000E+0
11232641,29/9/2021,5:16:24 AM,1.6517313E+1,-9.0656109E+0,3.8345413E+3,0.0000000E+0
11232642,29/9/2021,5:16:24 AM,1.8140629E+1,-8.7917814E+0,3.8363269E+3,0.0000000E+0
11232643,29/9/2021,5:16:24 AM,1.7588123E+1,-8.3903427E+0,3.8345413E+3,0.0000000E+0
11232644,29/9/2021,5:16:24 AM,1.4641422E+1,-8.4514885E+0,3.8345413E+3,0.0000000E+0
11232645,29/9/2021,5:16:24 AM,1.2094630E+1,-1.0099782E+1,3.8327556E+3,0.0000000E+0
11232646,29/9/2021,5:16:25 AM,7.9192595E+0,-1.0769732E+1,3.8327556E+3,0.0000000E+0
11232647,29/9/2021,5:16:25 AM,4.4636354E+0,-1.0785685E+1,3.8327556E+3,0.0000000E+0
11232648,29/9/2021,5:16:25 AM,5.3670138E-1,-1.1995318E+1,3.8318628E+3,0.0000000E+0
11232649,29/9/2021,5:16:25 AM,-3.0914283E+0,-1.3688807E+1,3.8309702E+3,0.0000000E+0
11232650,29/9/2021,5:16:25 AM,-5.3913813E+0,-1.4986174E+1,3.8291846E+3,0.0000000E+0
11232651,29/9/2021,5:16:25 AM,-7.7614002E+0,-1.5206831E+1,3.8309702E+3,0.0000000E+0
11232652,29/9/2021,5:16:25 AM,-8.0192366E+0,-1.5621564E+1,3.8318628E+3,0.0000000E+0
11232653,29/9/2021,5:16:25 AM,-8.6269941E+0,-1.7073124E+1,3.8309702E+3,0.0000000E+0
11232654,29/9/2021,5:16:25 AM,-1.0760721E+1,-1.8838394E+1,3.8291846E+3,0.0000000E+0
11232655,29/9/2021,5:16:25 AM,-1.2081475E+1,-2.0008150E+1,3.8309702E+3,0.0000000E+0
11232656,29/9/2021,5:16:26 AM,-1.4083653E+1,-2.0883072E+1,3.8291846E+3,0.0000000E+0
11232657,29/9/2021,5:16:26 AM,-1.5751696E+1,-2.1151838E+1,3.8309702E+3,0.0000000E+0
11232658,29/9/2021,5:16:26 AM,-1.8803637E+1,-2.1420603E+1,3.8291846E+3,0.0000000E+0
11232659,29/9/2021,5:16:26 AM,-2.4044579E+1,-2.0668058E+1,3.8291846E+3,0.0000000E+0
11232660,29/9/2021,5:16:26 AM,-3.1545210E+1,-1.9723686E+1,3.8273987E+3,0.0000000E+0
11232661,29/9/2021,5:16:26 AM,-3.8487286E+1,-1.8734711E+1,3.8273987E+3,0.0000000E+0
11232662,29/9/2021,5:16:26 AM,-4.3647293E+1,-1.7160856E+1,3.8291846E+3,0.0000000E+0
11232663,29/9/2021,5:16:26 AM,-5.0004215E+1,-1.4616636E+1,3.8273987E+3,0.0000000E+0
11232664,29/9/2021,5:16:26 AM,-5.5456799E+1,-1.3587782E+1,3.8282915E+3,0.0000000E+0
11232665,29/9/2021,5:16:26 AM,-5.9207115E+1,-1.3827051E+1,3.8256133E+3,0.0000000E+0
11232666,29/9/2021,5:16:27 AM,-6.1148769E+1,-1.3795149E+1,3.8265059E+3,0.0000000E+0
11232667,29/9/2021,5:16:27 AM,-6.0909386E+1,-1.4699051E+1,3.8256133E+3,0.0000000E+0
11232668,29/9/2021,5:16:27 AM,-5.7185669E+1,-1.7049198E+1,3.8265059E+3,0.0000000E+0
11232669,29/9/2021,5:16:27 AM,-5.3674732E+1,-1.8652294E+1,3.8256133E+3,0.0000000E+0
11232670,29/9/2021,5:16:27 AM,-4.9924419E+1,-2.0016125E+1,3.8265059E+3,0.0000000E+0
11232671,29/9/2021,5:16:27 AM,-4.5296368E+1,-2.0479923E+1,3.8273987E+3,0.0000000E+0
11232672,29/9/2021,5:16:27 AM,-3.9285225E+1,-2.0533676E+1,3.8291846E+3,0.0000000E+0
11232673,29/9/2021,5:16:27 AM,-3.5588104E+1,-2.1608738E+1,3.8273987E+3,0.0000000E+0
11232674,29/9/2021,5:16:27 AM,-3.2502735E+1,-2.1528109E+1,3.8291846E+3,0.0000000E+0
11232675,29/9/2021,5:16:27 AM,-2.9949331E+1,-2.1554985E+1,3.8291846E+3,0.0000000E+0
11232676,29/9/2021,5:16:28 AM,-2.7608709E+1,-2.2119392E+1,3.8291846E+3,0.0000000E+0
11232677,29/9/2021,5:16:28 AM,-2.4470146E+1,-2.2011887E+1,3.8327556E+3,0.0000000E+0
11232678,29/9/2021,5:16:28 AM,-2.2023132E+1,-2.3705109E+1,3.8291846E+3,0.0000000E+0
11232679,29/9/2021,5:16:28 AM,-2.1118799E+1,-2.6258381E+1,3.8273987E+3,0.0000000E+0
11232680,29/9/2021,5:16:28 AM,-1.7214523E+1,-2.9295427E+1,3.8291846E+3,0.0000000E+0
11232681,29/9/2021,5:16:28 AM,-1.1968343E+1,-3.1445553E+1,3.8291846E+3,0.0000000E+0
11232682,29/9/2021,5:16:28 AM,-7.0405111E+0,-3.4133205E+1,3.8291846E+3,0.0000000E+0
11232683,29/9/2021,5:16:28 AM,-1.2092932E+0,-3.8944107E+1,3.8273987E+3,0.0000000E+0
11232684,29/9/2021,5:16:28 AM,4.9801941E+0,-4.3324982E+1,3.8256133E+3,0.0000000E+0
11232685,29/9/2021,5:16:28 AM,1.1129059E+1,-4.7141453E+1,3.8256133E+3,0.0000000E+0
11232686,29/9/2021,5:16:29 AM,1.7446051E+1,-4.9157192E+1,3.8273987E+3,0.0000000E+0
11232687,29/9/2021,5:16:29 AM,2.2634886E+1,-4.9882858E+1,3.8291846E+3,0.0000000E+0
11232688,29/9/2021,5:16:29 AM,2.5347879E+1,-5.0070995E+1,3.8282915E+3,0.0000000E+0
11232689,29/9/2021,5:16:29 AM,2.7395924E+1,-4.9210945E+1,3.8291846E+3,0.0000000E+0
11232690,29/9/2021,5:16:29 AM,2.8433247E+1,-4.8216515E+1,3.8256133E+3,0.0000000E+0
11232691,29/9/2021,5:16:29 AM,2.6066025E+1,-4.2868084E+1,3.8309702E+3,0.0000000E+0
11232692,29/9/2021,5:16:29 AM,2.3539217E+1,-3.7035873E+1,3.8327556E+3,0.0000000E+0
11232693,29/9/2021,5:16:29 AM,1.8316906E+1,-3.3004391E+1,3.8291846E+3,0.0000000E+0
11232694,29/9/2021,5:16:29 AM,1.3586397E+1,-2.9161047E+1,3.8309702E+3,0.0000000E+0
11232695,29/9/2021,5:16:29 AM,1.0337133E+1,-2.5290823E+1,3.8282915E+3,0.0000000E+0
11232696,29/9/2021,5:16:30 AM,4.5444469E+0,-1.8830418E+1,3.8327556E+3,0.0000000E+0
11232697,29/9/2021,5:16:30 AM,-9.1376442E-1,-1.3080002E+1,3.8318628E+3,0.0000000E+0
11232698,29/9/2021,5:16:30 AM,-4.7631125E+0,-8.7678547E+0,3.8318628E+3,0.0000000E+0
11232699,29/9/2021,5:16:30 AM,-7.0694518E+0,-5.2845287E+0,3.8309702E+3,0.0000000E+0
11232700,29/9/2021,5:16:30 AM,-1.0202952E+1,-2.0910754E+0,3.8291846E+3,0.0000000E+0
11232701,29/9/2021,5:16:30 AM,-1.3904746E+1,3.5937355E+0,3.8345413E+3,0.0000000E+0
11232702,29/9/2021,5:16:30 AM,-1.7135593E+1,8.1563911E+0,3.8327556E+3,0.0000000E+0
11232703,29/9/2021,5:16:30 AM,-2.0374056E+1,1.2285099E+1,3.8345413E+3,0.0000000E+0
11232704,29/9/2021,5:16:30 AM,-2.4337156E+1,1.6389881E+1,3.8345413E+3,0.0000000E+0
11232705,29/9/2021,5:16:30 AM,-2.8779018E+1,2.0390978E+1,3.8345413E+3,0.0000000E+0
11232706,29/9/2021,5:16:31 AM,-3.2210163E+1,2.4726418E+1,3.8381123E+3,0.0000000E+0
11232707,29/9/2021,5:16:31 AM,-3.7636147E+1,3.0074850E+1,3.8390051E+3,0.0000000E+0
11232708,29/9/2021,5:16:31 AM,-4.1971619E+1,3.1848700E+1,3.8381123E+3,0.0000000E+0
11232709,29/9/2021,5:16:31 AM,-4.4737812E+1,3.1042404E+1,3.8390051E+3,0.0000000E+0
11232710,29/9/2021,5:16:31 AM,-4.6333691E+1,2.7790342E+1,3.8354341E+3,0.0000000E+0
11232711,29/9/2021,5:16:31 AM,-4.7769981E+1,2.4081379E+1,3.8336484E+3,0.0000000E+0
11232712,29/9/2021,5:16:31 AM,-4.8009365E+1,1.9354149E+1,3.8345413E+3,0.0000000E+0
11232713,29/9/2021,5:16:31 AM,-4.6067711E+1,1.2715783E+1,3.8327556E+3,0.0000000E+0
11232714,29/9/2021,5:16:31 AM,-4.3141933E+1,4.7145262E+0,3.8291846E+3,0.0000000E+0
11232715,29/9/2021,5:16:31 AM,-4.1147083E+1,-3.3279481E+0,3.8273987E+3,0.0000000E+0
11232716,29/9/2021,5:16:32 AM,-3.8247902E+1,-9.9322939E+0,3.8291846E+3,0.0000000E+0
11232717,29/9/2021,5:16:32 AM,-3.4923153E+1,-1.5656124E+1,3.8282915E+3,0.0000000E+0
11232718,29/9/2021,5:16:32 AM,-3.2582531E+1,-2.0453047E+1,3.8291846E+3,0.0000000E+0
11232719,29/9/2021,5:16:32 AM,-3.0986652E+1,-2.4323269E+1,3.8273987E+3,0.0000000E+0
11232720,29/9/2021,5:16:32 AM,-2.9417372E+1,-2.9779207E+1,3.8256133E+3,0.0000000E+0
11232721,29/9/2021,5:16:32 AM,-2.7502317E+1,-3.4428848E+1,3.8256133E+3,0.0000000E+0
11232722,29/9/2021,5:16:32 AM,-2.5933037E+1,-3.6820862E+1,3.8291846E+3,0.0000000E+0
11232723,29/9/2021,5:16:32 AM,-2.5560663E+1,-3.9212872E+1,3.8273987E+3,0.0000000E+0
11232724,29/9/2021,5:16:32 AM,-2.4204166E+1,-4.4453796E+1,3.8273987E+3,0.0000000E+0
11232725,29/9/2021,5:16:32 AM,-2.1384779E+1,-5.0474144E+1,3.8273987E+3,0.0000000E+0
11232726,29/9/2021,5:16:33 AM,-1.8740494E+1,-5.6145092E+1,3.8220420E+3,0.0000000E+0
11232727,29/9/2021,5:16:33 AM,-1.4807174E+1,-6.1036621E+1,3.8247205E+3,0.0000000E+0
11232728,29/9/2021,5:16:33 AM,-9.9030209E+0,-6.6788200E+1,3.8220420E+3,0.0000000E+0
11232729,29/9/2021,5:16:33 AM,-6.2985740E+0,-7.1706604E+1,3.8229348E+3,0.0000000E+0
11232730,29/9/2021,5:16:33 AM,-2.3047063E+0,-7.7028168E+1,3.8184709E+3,0.0000000E+0
11232731,29/9/2021,5:16:33 AM,8.3539647E-1,-7.8640762E+1,3.8211492E+3,0.0000000E+0
11232732,29/9/2021,5:16:33 AM,4.1435595E+0,-7.8076347E+1,3.8220420E+3,0.0000000E+0
11232733,29/9/2021,5:16:33 AM,4.6775479E+0,-7.6329376E+1,3.8202566E+3,0.0000000E+0
11232734,29/9/2021,5:16:33 AM,3.7997153E+0,-7.1464722E+1,3.8247205E+3,0.0000000E+0
11232735,29/9/2021,5:16:33 AM,3.0977664E+0,-6.6170044E+1,3.8220420E+3,0.0000000E+0
11232736,29/9/2021,5:16:34 AM,2.0845333E-2,-5.9961563E+1,3.8238276E+3,0.0000000E+0
11232737,29/9/2021,5:16:34 AM,-3.3021715E+0,-5.1602955E+1,3.8273987E+3,0.0000000E+0
11232738,29/9/2021,5:16:34 AM,-5.3113618E+0,-4.3943146E+1,3.8273987E+3,0.0000000E+0
11232739,29/9/2021,5:16:34 AM,-7.0063086E+0,-3.5960812E+1,3.8282915E+3,0.0000000E+0
11232740,29/9/2021,5:16:34 AM,-8.4612417E+0,-2.8677269E+1,3.8291846E+3,0.0000000E+0
11232741,29/9/2021,5:16:34 AM,-1.0673899E+1,-2.1124960E+1,3.8291846E+3,0.0000000E+0
11232742,29/9/2021,5:16:34 AM,-1.2015700E+1,-1.2899221E+1,3.8336484E+3,0.0000000E+0
11232743,29/9/2021,5:16:34 AM,-1.3002319E+1,-6.9600496E+0,3.8327556E+3,0.0000000E+0
11232744,29/9/2021,5:16:34 AM,-1.2389300E+1,-1.6123018E+0,3.8345413E+3,0.0000000E+0
11232745,29/9/2021,5:16:34 AM,-1.2957592E+1,3.7474439E+0,3.8336484E+3,0.0000000E+0
11232746,29/9/2021,5:16:35 AM,-1.4749291E+1,9.4298306E+0,3.8354341E+3,0.0000000E+0
11232747,29/9/2021,5:16:35 AM,-1.7945936E+1,1.5135051E+1,3.8354341E+3,0.0000000E+0
11232748,29/9/2021,5:16:35 AM,-2.0021782E+1,1.9290344E+1,3.8363269E+3,0.0000000E+0
11232749,29/9/2021,5:16:35 AM,-2.1464575E+1,2.4323269E+1,3.8381123E+3,0.0000000E+0
11232750,29/9/2021,5:16:35 AM,-2.4576538E+1,2.8542885E+1,3.8372195E+3,0.0000000E+0
11232751,29/9/2021,5:16:35 AM,-2.7688501E+1,3.1123034E+1,3.8390051E+3,0.0000000E+0
11232752,29/9/2021,5:16:35 AM,-3.0268507E+1,3.2439983E+1,3.8372195E+3,0.0000000E+0
11232753,29/9/2021,5:16:35 AM,-3.1093046E+1,3.2574364E+1,3.8381123E+3,0.0000000E+0
11232754,29/9/2021,5:16:35 AM,-3.1545210E+1,3.0961773E+1,3.8381123E+3,0.0000000E+0
11232755,29/9/2021,5:16:35 AM,-3.1279230E+1,2.5640221E+1,3.8354341E+3,0.0000000E+0
11232756,29/9/2021,5:16:36 AM,-2.9204588E+1,2.0388319E+1,3.8345413E+3,0.0000000E+0
11232757,29/9/2021,5:16:36 AM,-2.8326855E+1,1.6413807E+1,3.8363269E+3,0.0000000E+0
11232758,29/9/2021,5:16:36 AM,-2.8459843E+1,1.1003684E+1,3.8327556E+3,0.0000000E+0
11232759,29/9/2021,5:16:36 AM,-2.5081900E+1,4.3566742E+0,3.8327556E+3,0.0000000E+0
11232760,29/9/2021,5:16:36 AM,-2.1969936E+1,-2.2551911E+0,3.8318628E+3,0.0000000E+0
11232761,29/9/2021,5:16:36 AM,-2.0134676E+1,-7.8293915E+0,3.8309702E+3,0.0000000E+0
11232762,29/9/2021,5:16:36 AM,-1.8845732E+1,-1.2327636E+1,3.8318628E+3,0.0000000E+0
11232763,29/9/2021,5:16:36 AM,-2.0058615E+1,-1.7272514E+1,3.8291846E+3,0.0000000E+0
11232764,29/9/2021,5:16:36 AM,-1.9332466E+1,-2.3086948E+1,3.8291846E+3,0.0000000E+0
11232765,29/9/2021,5:16:36 AM,-1.7546026E+1,-2.8731024E+1,3.8291846E+3,0.0000000E+0
11232766,29/9/2021,5:16:37 AM,-1.6448908E+1,-3.4616985E+1,3.8265059E+3,0.0000000E+0
11232767,29/9/2021,5:16:37 AM,-1.4838745E+1,-4.0287933E+1,3.8256133E+3,0.0000000E+0
11232768,29/9/2021,5:16:37 AM,-1.4959770E+1,-4.4964451E+1,3.8273987E+3,0.0000000E+0
11232769,29/9/2021,5:16:37 AM,-1.2373514E+1,-5.0554771E+1,3.8256133E+3,0.0000000E+0
11232770,29/9/2021,5:16:37 AM,-1.0250311E+1,-5.5016277E+1,3.8238276E+3,0.0000000E+0
11232771,29/9/2021,5:16:37 AM,-7.5561838E+0,-6.0069069E+1,3.8220420E+3,0.0000000E+0
11232772,29/9/2021,5:16:37 AM,-5.0942807E+0,-6.4853088E+1,3.8211492E+3,0.0000000E+0
11232773,29/9/2021,5:16:37 AM,-1.5998133E+0,-6.7648254E+1,3.8220420E+3,0.0000000E+0
11232774,29/9/2021,5:16:37 AM,-9.5730209E-1,-6.7137596E+1,3.8220420E+3,0.0000000E+0
11232775,29/9/2021,5:16:37 AM,1.9341303E-1,-6.6788200E+1,3.8220420E+3,0.0000000E+0
11232776,29/9/2021,5:16:38 AM,4.5622256E-1,-6.3966167E+1,3.8238276E+3,0.0000000E+0
11232777,29/9/2021,5:16:38 AM,6.1770791E-1,-5.8778992E+1,3.8256133E+3,0.0000000E+0
11232778,29/9/2021,5:16:38 AM,-3.1254957E+0,-5.3349934E+1,3.8238276E+3,0.0000000E+0
11232779,29/9/2021,5:16:38 AM,-6.2959428E+0,-4.7383339E+1,3.8256133E+3,0.0000000E+0
11232780,29/9/2021,5:16:38 AM,-9.2373829E+0,-3.9831032E+1,3.8282915E+3,0.0000000E+0
11232781,29/9/2021,5:16:38 AM,-1.1642100E+1,-3.2520615E+1,3.8291846E+3,0.0000000E+0
11232782,29/9/2021,5:16:38 AM,-1.5920080E+1,-2.5935862E+1,3.8291846E+3,0.0000000E+0
11232783,29/9/2021,5:16:38 AM,-2.0613438E+1,-2.0668058E+1,3.8282915E+3,0.0000000E+0
11232784,29/9/2021,5:16:38 AM,-2.3645609E+1,-1.4808051E+1,3.8291846E+3,0.0000000E+0
11232785,29/9/2021,5:16:38 AM,-2.5427675E+1,-8.0819530E+0,3.8309702E+3,0.0000000E+0
11232786,29/9/2021,5:16:39 AM,-2.7901287E+1,-1.3118117E+0,3.8336484E+3,0.0000000E+0
11232787,29/9/2021,5:16:39 AM,-2.9949331E+1,3.6729915E+0,3.8327556E+3,0.0000000E+0
11232788,29/9/2021,5:16:39 AM,-3.1252632E+1,6.3964400E+0,3.8327556E+3,0.0000000E+0
11232789,29/9/2021,5:16:39 AM,-3.1837788E+1,1.0333734E+1,3.8327556E+3,0.0000000E+0
11232790,29/9/2021,5:16:39 AM,-3.2369747E+1,1.4050367E+1,3.8354341E+3,0.0000000E+0
11232791,29/9/2021,5:16:39 AM,-3.1226034E+1,1.6251637E+1,3.8354341E+3,0.0000000E+0
11232792,29/9/2021,5:16:39 AM,-2.9789745E+1,1.7543686E+1,3.8354341E+3,0.0000000E+0
11232793,29/9/2021,5:16:39 AM,-2.8991802E+1,1.7836124E+1,3.8354341E+3,0.0000000E+0
11232794,29/9/2021,5:16:39 AM,-2.6863964E+1,1.7078442E+1,3.8363269E+3,0.0000000E+0
11232795,29/9/2021,5:16:39 AM,-2.3273237E+1,1.5023393E+1,3.8354341E+3,0.0000000E+0
11232796,29/9/2021,5:16:40 AM,-1.9745529E+1,1.1556661E+1,3.8354341E+3,0.0000000E+0
11232797,29/9/2021,5:16:40 AM,-1.6435753E+1,7.7363420E+0,3.8336484E+3,0.0000000E+0
11232798,29/9/2021,5:16:40 AM,-1.3699530E+1,2.7763588E+0,3.8336484E+3,0.0000000E+0
11232799,29/9/2021,5:16:40 AM,-1.1197465E+1,-1.6786922E+0,3.8327556E+3,0.0000000E+0
11232800,29/9/2021,5:16:40 AM,-7.8271756E+0,-6.7181225E+0,3.8309702E+3,0.0000000E+0
11232801,29/9/2021,5:16:40 AM,-5.1378555E+0,-1.0283221E+1,3.8327556E+3,0.0000000E+0
11232802,29/9/2021,5:16:40 AM,-4.1760426E+0,-1.4340148E+1,3.8309702E+3,0.0000000E+0
11232803,29/9/2021,5:16:40 AM,-2.5724928E+0,-1.8958027E+1,3.8309702E+3,0.0000000E+0
11232804,29/9/2021,5:16:40 AM,-1.7382351E+0,-2.1447479E+1,3.8318628E+3,0.0000000E+0
11232805,29/9/2021,5:16:40 AM,-1.0517658E+0,-2.4430775E+1,3.8309702E+3,0.0000000E+0
11232806,29/9/2021,5:16:41 AM,-2.0343989E-1,-2.8193493E+1,3.8309702E+3,0.0000000E+0
11232807,29/9/2021,5:16:41 AM,1.7441475E-1,-3.2359352E+1,3.8291846E+3,0.0000000E+0
11232808,29/9/2021,5:16:41 AM,-6.3459527E-1,-3.6713352E+1,3.8291846E+3,0.0000000E+0
11232809,29/9/2021,5:16:41 AM,-2.0012679E+0,-4.0180428E+1,3.8273987E+3,0.0000000E+0
11232810,29/9/2021,5:16:41 AM,-2.0535576E+0,-4.3862514E+1,3.8273987E+3,0.0000000E+0
11232811,29/9/2021,5:16:41 AM,-2.2151804E+0,-4.6093266E+1,3.8273987E+3,0.0000000E+0
11232812,29/9/2021,5:16:41 AM,-3.8424978E+0,-4.7168327E+1,3.8265059E+3,0.0000000E+0
11232813,29/9/2021,5:16:41 AM,-5.9933796E+0,-4.8807796E+1,3.8238276E+3,0.0000000E+0
11232814,29/9/2021,5:16:41 AM,-8.9979630E+0,-4.8673412E+1,3.8238276E+3,0.0000000E+0
11232815,29/9/2021,5:16:41 AM,-1.1136951E+1,-4.7114574E+1,3.8256133E+3,0.0000000E+0
11232816,29/9/2021,5:16:42 AM,-1.4546707E+1,-4.4453796E+1,3.8256133E+3,0.0000000E+0
11232817,29/9/2021,5:16:42 AM,-1.7743351E+1,-4.1013599E+1,3.8282915E+3,0.0000000E+0
11232818,29/9/2021,5:16:42 AM,-2.1437977E+1,-3.7573402E+1,3.8256133E+3,0.0000000E+0
11232819,29/9/2021,5:16:42 AM,-2.6464996E+1,-3.3219402E+1,3.8282915E+3,0.0000000E+0
11232820,29/9/2021,5:16:42 AM,-3.1651604E+1,-2.9134169E+1,3.8256133E+3,0.0000000E+0
11232821,29/9/2021,5:16:42 AM,-3.4497585E+1,-2.4323269E+1,3.8309702E+3,0.0000000E+0
11232822,29/9/2021,5:16:42 AM,-3.9365017E+1,-1.8769270E+1,3.8309702E+3,0.0000000E+0
11232823,29/9/2021,5:16:42 AM,-4.3354713E+1,-1.5836905E+1,3.8273987E+3,0.0000000E+0
11232824,29/9/2021,5:16:42 AM,-4.6972042E+1,-1.3372441E+1,3.8291846E+3,0.0000000E+0
11232825,29/9/2021,5:16:42 AM,-4.9206272E+1,-1.1179148E+1,3.8291846E+3,0.0000000E+0
11232826,29/9/2021,5:16:43 AM,-5.1945866E+1,-7.2285619E+0,3.8309702E+3,0.0000000E+0
11232827,29/9/2021,5:16:43 AM,-5.1999062E+1,-6.3113666E+0,3.8300774E+3,0.0000000E+0
11232828,29/9/2021,5:16:43 AM,-5.1307514E+1,-6.4682202E+0,3.8291846E+3,0.0000000E+0
11232829,29/9/2021,5:16:43 AM,-4.9738235E+1,-7.3269277E+0,3.8282915E+3,0.0000000E+0
11232830,29/9/2021,5:16:43 AM,-4.8887096E+1,-7.8985133E+0,3.8282915E+3,0.0000000E+0
11232831,29/9/2021,5:16:43 AM,-4.4498428E+1,-9.2969036E+0,3.8291846E+3,0.0000000E+0
11232832,29/9/2021,5:16:43 AM,-3.8859657E+1,-1.0471977E+1,3.8309702E+3,0.0000000E+0
11232833,29/9/2021,5:16:43 AM,-3.5082745E+1,-1.4465100E+1,3.8265059E+3,0.0000000E+0
11232834,29/9/2021,5:16:43 AM,-3.1013250E+1,-1.6956148E+1,3.8273987E+3,0.0000000E+0
11232835,29/9/2021,5:16:43 AM,-2.6438396E+1,-1.9149443E+1,3.8273987E+3,0.0000000E+0
11232836,29/9/2021,5:16:44 AM,-2.1836946E+1,-1.9210587E+1,3.8300774E+3,0.0000000E+0
11232837,29/9/2021,5:16:44 AM,-1.6640968E+1,-1.8569881E+1,3.8318628E+3,0.0000000E+0
11232838,29/9/2021,5:16:44 AM,-1.4394110E+1,-2.0345541E+1,3.8291846E+3,0.0000000E+0
11232839,29/9/2021,5:16:44 AM,-1.0789662E+1,-2.2280651E+1,3.8291846E+3,0.0000000E+0
11232840,29/9/2021,5:16:44 AM,-7.7929721E+0,-2.2388159E+1,3.8291846E+3,0.0000000E+0
11232841,29/9/2021,5:16:44 AM,-5.0998268E+0,-2.1286221E+1,3.8327556E+3,0.0000000E+0
11232842,29/9/2021,5:16:44 AM,-1.7929016E+0,-2.2146269E+1,3.8327556E+3,0.0000000E+0
11232843,29/9/2021,5:16:44 AM,2.4655366E+0,-2.4565159E+1,3.8309702E+3,0.0000000E+0
11232844,29/9/2021,5:16:44 AM,3.9486616E+0,-2.5962738E+1,3.8300774E+3,0.0000000E+0
11232845,29/9/2021,5:16:44 AM,6.4932671E+0,-2.7790342E+1,3.8291846E+3,0.0000000E+0
11232846,29/9/2021,5:16:45 AM,9.4689083E+0,-2.9241676E+1,3.8309702E+3,0.0000000E+0
11232847,29/9/2021,5:16:45 AM,1.1636839E+1,-2.9644823E+1,3.8309702E+3,0.0000000E+0
11232848,29/9/2021,5:16:45 AM,1.3302251E+1,-3.0128601E+1,3.8309702E+3,0.0000000E+0
11232849,29/9/2021,5:16:45 AM,1.3331191E+1,-3.0182354E+1,3.8291846E+3,0.0000000E+0
11232850,29/9/2021,5:16:45 AM,1.2231441E+1,-3.0827393E+1,3.8282915E+3,0.0000000E+0
11232851,29/9/2021,5:16:45 AM,1.2594517E+1,-2.7951601E+1,3.8318628E+3,0.0000000E+0
11232852,29/9/2021,5:16:45 AM,1.0452896E+1,-2.4833923E+1,3.8309702E+3,0.0000000E+0
11232853,29/9/2021,5:16:45 AM,7.7087808E+0,-2.3731985E+1,3.8309702E+3,0.0000000E+0
11232854,29/9/2021,5:16:45 AM,4.8534312E+0,-2.1904381E+1,3.8309702E+3,0.0000000E+0
11232855,29/9/2021,5:16:45 AM,4.5490322E-1,-1.9891174E+1,3.8282915E+3,0.0000000E+0
11232856,29/9/2021,5:16:46 AM,-3.4614170E+0,-1.6315441E+1,3.8309702E+3,0.0000000E+0
11232857,29/9/2021,5:16:46 AM,-7.1325951E+0,-1.1928855E+1,3.8318628E+3,0.0000000E+0
11232858,29/9/2021,5:16:46 AM,-1.1392157E+1,-9.0656109E+0,3.8318628E+3,0.0000000E+0
11232859,29/9/2021,5:16:46 AM,-1.3031260E+1,-6.7739520E+0,3.8318628E+3,0.0000000E+0
11232860,29/9/2021,5:16:46 AM,-1.5065009E+1,-4.6993155E+0,3.8318628E+3,0.0000000E+0
11232861,29/9/2021,5:16:46 AM,-1.7446051E+1,-1.3811351E+0,3.8327556E+3,0.0000000E+0
11232862,29/9/2021,5:16:46 AM,-2.0082294E+1,8.1055033E-1,3.8336484E+3,0.0000000E+0
11232863,29/9/2021,5:16:46 AM,-2.1092203E+1,2.0566511E+0,3.8327556E+3,0.0000000E+0
11232864,29/9/2021,5:16:46 AM,-2.2475298E+1,2.3040257E+0,3.8327556E+3,0.0000000E+0
11232865,29/9/2021,5:16:46 AM,-2.3060453E+1,2.3712730E+0,3.8345413E+3,0.0000000E+0
11232866,29/9/2021,5:16:47 AM,-2.4416950E+1,2.2832108E+0,3.8327556E+3,0.0000000E+0
11232867,29/9/2021,5:16:47 AM,-2.5667057E+1,6.3377565E-1,3.8309702E+3,0.0000000E+0
11232868,29/9/2021,5:16:47 AM,-2.6411798E+1,-4.0074247E-1,3.8318628E+3,0.0000000E+0
11232869,29/9/2021,5:16:47 AM,-2.7369328E+1,-1.1051747E+0,3.8327556E+3,0.0000000E+0
11232870,29/9/2021,5:16:47 AM,-2.7608709E+1,-3.5897326E+0,3.8291846E+3,0.0000000E+0
11232871,29/9/2021,5:16:47 AM,-2.7023554E+1,-5.4366360E+0,3.8318628E+3,0.0000000E+0
11232872,29/9/2021,5:16:47 AM,-2.7635307E+1,-8.1670256E+0,3.8291846E+3,0.0000000E+0
11232873,29/9/2021,5:16:47 AM,-2.6438396E+1,-1.0269928E+1,3.8309702E+3,0.0000000E+0
11232874,29/9/2021,5:16:47 AM,-2.4975508E+1,-1.2101660E+1,3.8327556E+3,0.0000000E+0
11232875,29/9/2021,5:16:47 AM,-2.4150970E+1,-1.5387612E+1,3.8282915E+3,0.0000000E+0
11232876,29/9/2021,5:16:48 AM,-2.1969936E+1,-1.9021832E+1,3.8309702E+3,0.0000000E+0
11232877,29/9/2021,5:16:48 AM,-2.0985809E+1,-2.2092516E+1,3.8282915E+3,0.0000000E+0
11232878,29/9/2021,5:16:48 AM,-2.1039007E+1,-2.4350145E+1,3.8300774E+3,0.0000000E+0
11232879,29/9/2021,5:16:48 AM,-2.1092203E+1,-2.7360319E+1,3.8291846E+3,0.0000000E+0
11232880,29/9/2021,5:16:48 AM,-2.0773027E+1,-3.0746761E+1,3.8291846E+3,0.0000000E+0
11232881,29/9/2021,5:16:48 AM,-2.1624163E+1,-3.4052578E+1,3.8282915E+3,0.0000000E+0
11232882,29/9/2021,5:16:48 AM,-2.3007257E+1,-3.8084057E+1,3.8265059E+3,0.0000000E+0
11232883,29/9/2021,5:16:48 AM,-2.3752001E+1,-4.0959846E+1,3.8273987E+3,0.0000000E+0
11232884,29/9/2021,5:16:48 AM,-2.4416950E+1,-4.3835636E+1,3.8256133E+3,0.0000000E+0
11232885,29/9/2021,5:16:48 AM,-2.4869118E+1,-4.7356464E+1,3.8238276E+3,0.0000000E+0
11232886,29/9/2021,5:16:49 AM,-2.3672207E+1,-5.0608524E+1,3.8238276E+3,0.0000000E+0
11232887,29/9/2021,5:16:49 AM,-2.2581690E+1,-5.4478748E+1,3.8220420E+3,0.0000000E+0
11232888,29/9/2021,5:16:49 AM,-2.1783749E+1,-5.6171970E+1,3.8211492E+3,0.0000000E+0
11232889,29/9/2021,5:16:49 AM,-2.0560244E+1,-5.5795700E+1,3.8220420E+3,0.0000000E+0
11232890,29/9/2021,5:16:49 AM,-1.9929697E+1,-5.2866154E+1,3.8238276E+3,0.0000000E+0
11232891,29/9/2021,5:16:49 AM,-1.8866781E+1,-4.9506588E+1,3.8265059E+3,0.0000000E+0
11232892,29/9/2021,5:16:49 AM,-1.8561586E+1,-4.7248959E+1,3.8238276E+3,0.0000000E+0
11232893,29/9/2021,5:16:49 AM,-1.9253536E+1,-4.3674377E+1,3.8247205E+3,0.0000000E+0
11232894,29/9/2021,5:16:49 AM,-2.0773027E+1,-3.7062748E+1,3.8282915E+3,0.0000000E+0
11232895,29/9/2021,5:16:49 AM,-2.0560244E+1,-3.2735626E+1,3.8309702E+3,0.0000000E+0
11232896,29/9/2021,5:16:50 AM,-2.1650759E+1,-2.9591070E+1,3.8282915E+3,0.0000000E+0
11232897,29/9/2021,5:16:50 AM,-2.3353031E+1,-2.6822788E+1,3.8273987E+3,0.0000000E+0
11232898,29/9/2021,5:16:50 AM,-2.3486021E+1,-2.2979441E+1,3.8291846E+3,0.0000000E+0
11232899,29/9/2021,5:16:50 AM,-2.3884991E+1,-1.9266417E+1,3.8291846E+3,0.0000000E+0
11232900,29/9/2021,5:16:50 AM,-2.3486021E+1,-1.6134661E+1,3.8309702E+3,0.0000000E+0
11232901,29/9/2021,5:16:50 AM,-2.2900866E+1,-1.2580196E+1,3.8309702E+3,0.0000000E+0
11232902,29/9/2021,5:16:50 AM,-2.3698805E+1,-9.8950739E+0,3.8291846E+3,0.0000000E+0
11232903,29/9/2021,5:16:50 AM,-2.3911589E+1,-7.3588305E+0,3.8291846E+3,0.0000000E+0
11232904,29/9/2021,5:16:50 AM,-2.1597565E+1,-3.9027536E+0,3.8309702E+3,0.0000000E+0
11232905,29/9/2021,5:16:50 AM,-2.1411377E+1,6.0791273E-2,3.8318628E+3,0.0000000E+0
11232906,29/9/2021,5:16:51 AM,-2.0427252E+1,3.3287487E+0,3.8327556E+3,0.0000000E+0
11232907,29/9/2021,5:16:51 AM,-1.8353739E+1,5.4260740E+0,3.8345413E+3,0.0000000E+0
11232908,29/9/2021,5:16:51 AM,-1.7001413E+1,7.1381721E+0,3.8327556E+3,0.0000000E+0
11232909,29/9/2021,5:16:51 AM,-1.4623005E+1,9.0948544E+0,3.8354341E+3,0.0000000E+0
11232910,29/9/2021,5:16:51 AM,-1.2649767E+1,1.1107368E+1,3.8363269E+3,0.0000000E+0
11232911,29/9/2021,5:16:51 AM,-1.0150333E+1,1.1466269E+1,3.8363269E+3,0.0000000E+0
11232912,29/9/2021,5:16:51 AM,-6.8668661E+0,1.0745807E+1,3.8363269E+3,0.0000000E+0
11232913,29/9/2021,5:16:51 AM,-4.5816836E+0,1.0070538E+1,3.8363269E+3,0.0000000E+0
11232914,29/9/2021,5:16:51 AM,-3.4550791E+0,7.6300015E+0,3.8345413E+3,0.0000000E+0
11232915,29/9/2021,5:16:51 AM,-1.3106173E+0,4.0180349E+0,3.8345413E+3,0.0000000E+0
11232916,29/9/2021,5:16:52 AM,3.7495214E-1,2.0270302E+0,3.8345413E+3,0.0000000E+0
11232917,29/9/2021,5:16:52 AM,-1.1979470E-1,-2.8689215E-1,3.8336484E+3,0.0000000E+0
11232918,29/9/2021,5:16:52 AM,1.1873924E-2,-3.9267704E+0,3.8327556E+3,0.0000000E+0
11232919,29/9/2021,5:16:52 AM,4.0899074E-1,-6.2635131E+0,3.8327556E+3,0.0000000E+0
11232920,29/9/2021,5:16:52 AM,-1.2517755E+0,-8.8635616E+0,3.8327556E+3,0.0000000E+0
11232921,29/9/2021,5:16:52 AM,-1.3251300E+0,-1.1091416E+1,3.8336484E+3,0.0000000E+0
11232922,29/9/2021,5:16:52 AM,-5.9739029E-1,-1.4478392E+1,3.8327556E+3,0.0000000E+0
11232923,29/9/2021,5:16:52 AM,-3.8365969E-1,-1.8612417E+1,3.8309702E+3,0.0000000E+0
11232924,29/9/2021,5:16:52 AM,-4.5358390E-1,-2.1286221E+1,3.8327556E+3,0.0000000E+0
11232925,29/9/2021,5:16:52 AM,-9.0769553E-1,-2.6231504E+1,3.8291846E+3,0.0000000E+0
11232926,29/9/2021,5:16:53 AM,-5.9659874E-1,-3.1149912E+1,3.8300774E+3,0.0000000E+0
11232927,29/9/2021,5:16:53 AM,-1.9262144E-1,-3.4778240E+1,3.8309702E+3,0.0000000E+0
11232928,29/9/2021,5:16:53 AM,-2.0797024E+0,-3.8675343E+1,3.8291846E+3,0.0000000E+0
11232929,29/9/2021,5:16:53 AM,-5.6934476E+0,-4.2115536E+1,3.8282915E+3,0.0000000E+0
11232930,29/9/2021,5:16:53 AM,-8.9506054E+0,-4.5528858E+1,3.8247205E+3,0.0000000E+0
11232931,29/9/2021,5:16:53 AM,-1.4586171E+1,-4.7410217E+1,3.8256133E+3,0.0000000E+0
11232932,29/9/2021,5:16:53 AM,-1.8885197E+1,-4.9748474E+1,3.8220420E+3,0.0000000E+0
11232933,29/9/2021,5:16:53 AM,-2.3379629E+1,-4.9882858E+1,3.8265059E+3,0.0000000E+0
11232934,29/9/2021,5:16:53 AM,-2.8646030E+1,-5.0232254E+1,3.8220420E+3,0.0000000E+0
11232935,29/9/2021,5:16:53 AM,-3.5002949E+1,-5.0286007E+1,3.8220420E+3,0.0000000E+0
11232936,29/9/2021,5:16:54 AM,-4.0003372E+1,-5.0070995E+1,3.8220420E+3,0.0000000E+0
11232937,29/9/2021,5:16:54 AM,-4.4099457E+1,-4.8673412E+1,3.8202566E+3,0.0000000E+0
11232938,29/9/2021,5:16:54 AM,-4.6333691E+1,-4.4480675E+1,3.8256133E+3,0.0000000E+0
11232939,29/9/2021,5:16:54 AM,-4.9259468E+1,-4.0529823E+1,3.8238276E+3,0.0000000E+0
11232940,29/9/2021,5:16:54 AM,-5.0030807E+1,-3.8702217E+1,3.8229348E+3,0.0000000E+0
11232941,29/9/2021,5:16:54 AM,-4.8461529E+1,-3.5127640E+1,3.8256133E+3,0.0000000E+0
11232942,29/9/2021,5:16:54 AM,-4.6785858E+1,-3.1606812E+1,3.8256133E+3,0.0000000E+0
11232943,29/9/2021,5:16:54 AM,-4.5216576E+1,-2.9107292E+1,3.8247205E+3,0.0000000E+0
11232944,29/9/2021,5:16:54 AM,-4.2290794E+1,-2.5559589E+1,3.8291846E+3,0.0000000E+0
11232945,29/9/2021,5:16:54 AM,-4.0748112E+1,-2.2092516E+1,3.8282915E+3,0.0000000E+0
11232946,29/9/2021,5:16:55 AM,-3.8646873E+1,-1.9088295E+1,3.8273987E+3,0.0000000E+0
11232947,29/9/2021,5:16:55 AM,-3.8540482E+1,-1.5839562E+1,3.8273987E+3,0.0000000E+0
11232948,29/9/2021,5:16:55 AM,-3.7157383E+1,-1.1290806E+1,3.8291846E+3,0.0000000E+0
11232949,29/9/2021,5:16:55 AM,-3.6864807E+1,-6.5054398E+0,3.8309702E+3,0.0000000E+0
11232950,29/9/2021,5:16:55 AM,-3.5322124E+1,-2.8996460E+0,3.8291846E+3,0.0000000E+0
11232951,29/9/2021,5:16:55 AM,-3.3912430E+1,1.5450902E+0,3.8327556E+3,0.0000000E+0
11232952,29/9/2021,5:16:55 AM,-3.2555935E+1,4.7017174E+0,3.8300774E+3,0.0000000E+0
11232953,29/9/2021,5:16:55 AM,-2.8114071E+1,7.6406350E+0,3.8345413E+3,0.0000000E+0
11232954,29/9/2021,5:16:55 AM,-2.2741278E+1,1.0009392E+1,3.8345413E+3,0.0000000E+0
11232955,29/9/2021,5:16:55 AM,-1.6280525E+1,9.3474159E+0,3.8345413E+3,0.0000000E+0
11232956,29/9/2021,5:16:56 AM,-6.6905904E+0,8.0846109E+0,3.8363269E+3,0.0000000E+0
11232957,29/9/2021,5:16:56 AM,1.2430679E+0,6.6995130E+0,3.8363269E+3,0.0000000E+0
11232958,29/9/2021,5:16:56 AM,1.0055618E+1,4.0076275E+0,3.8372195E+3,0.0000000E+0
11232959,29/9/2021,5:16:56 AM,1.8874674E+1,4.2927170E-1,3.8363269E+3,0.0000000E+0
11232960,29/9/2021,5:16:56 AM,2.6252213E+1,-3.0245340E+0,3.8363269E+3,0.0000000E+0
11232961,29/9/2021,5:16:56 AM,3.1172838E+1,-5.2052727E+0,3.8363269E+3,0.0000000E+0
11232962,29/9/2021,5:16:56 AM,3.2502735E+1,-6.8962450E+0,3.8363269E+3,0.0000000E+0
11232963,29/9/2021,5:16:56 AM,3.1757994E+1,-8.2707081E+0,3.8354341E+3,0.0000000E+0
11232964,29/9/2021,5:16:56 AM,2.9310978E+1,-9.8206358E+0,3.8363269E+3,0.0000000E+0
11232965,29/9/2021,5:16:56 AM,2.4523342E+1,-1.1862391E+1,3.8336484E+3,0.0000000E+0
11232966,29/9/2021,5:16:57 AM,2.0187534E+1,-1.3090635E+1,3.8381123E+3,0.0000000E+0
11232967,29/9/2021,5:16:57 AM,1.5522800E+1,-1.5935269E+1,3.8309702E+3,0.0000000E+0
11232968,29/9/2021,5:16:57 AM,1.0160857E+1,-1.9282370E+1,3.8309702E+3,0.0000000E+0
11232969,29/9/2021,5:16:57 AM,6.6590185E+0,-2.1339972E+1,3.8318628E+3,0.0000000E+0
11232970,29/9/2021,5:16:57 AM,3.1262879E+0,-2.4323269E+1,3.8300774E+3,0.0000000E+0
11232971,29/9/2021,5:16:57 AM,1.9656160E+0,-2.7709713E+1,3.8309702E+3,0.0000000E+0
11232972,29/9/2021,5:16:57 AM,1.8927273E+0,-3.1096157E+1,3.8291846E+3,0.0000000E+0
11232973,29/9/2021,5:16:57 AM,-1.1478126E+0,-3.4482601E+1,3.8273987E+3,0.0000000E+0
11232974,29/9/2021,5:16:57 AM,-2.4655366E+0,-3.7277760E+1,3.8256133E+3,0.0000000E+0
11232975,29/9/2021,5:16:57 AM,-4.6181278E+0,-3.7922798E+1,3.8291846E+3,0.0000000E+0
11232976,29/9/2021,5:16:58 AM,-8.7953768E+0,-3.8487206E+1,3.8256133E+3,0.0000000E+0
11232977,29/9/2021,5:16:58 AM,-1.1621053E+1,-3.8379700E+1,3.8291846E+3,0.0000000E+0
11232978,29/9/2021,5:16:58 AM,-1.7598648E+1,-3.7600281E+1,3.8265059E+3,0.0000000E+0
11232979,29/9/2021,5:16:58 AM,-2.5480871E+1,-3.6363960E+1,3.8247205E+3,0.0000000E+0
11232980,29/9/2021,5:16:58 AM,-3.3194286E+1,-3.3488171E+1,3.8282915E+3,0.0000000E+0
11232981,29/9/2021,5:16:58 AM,-4.2423786E+1,-2.9886711E+1,3.8273987E+3,0.0000000E+0
11232982,29/9/2021,5:16:58 AM,-4.9844624E+1,-2.7763466E+1,3.8273987E+3,0.0000000E+0
11232983,29/9/2021,5:16:58 AM,-5.6414326E+1,-2.6930292E+1,3.8247205E+3,0.0000000E+0
11232984,29/9/2021,5:16:58 AM,-6.2372272E+1,-2.5720850E+1,3.8256133E+3,0.0000000E+0
11232985,29/9/2021,5:16:58 AM,-6.7080124E+1,-2.5022058E+1,3.8238276E+3,0.0000000E+0
11232986,29/9/2021,5:16:59 AM,-6.9686722E+1,-2.4914553E+1,3.8247205E+3,0.0000000E+0
11232987,29/9/2021,5:16:59 AM,-6.9048370E+1,-2.5371454E+1,3.8247205E+3,0.0000000E+0
11232988,29/9/2021,5:16:59 AM,-6.8170639E+1,-2.7360319E+1,3.8211492E+3,0.0000000E+0
11232989,29/9/2021,5:16:59 AM,-6.5298058E+1,-2.7817219E+1,3.8238276E+3,0.0000000E+0
11232990,29/9/2021,5:16:59 AM,-6.1228558E+1,-2.6876539E+1,3.8238276E+3,0.0000000E+0
11232991,29/9/2021,5:16:59 AM,-5.7238865E+1,-2.5667097E+1,3.8247205E+3,0.0000000E+0
11232992,29/9/2021,5:16:59 AM,-5.3249165E+1,-2.4242640E+1,3.8256133E+3,0.0000000E+0
11232993,29/9/2021,5:16:59 AM,-4.8222145E+1,-2.2630047E+1,3.8273987E+3,0.0000000E+0
11232994,29/9/2021,5:16:59 AM,-4.3301517E+1,-2.0426170E+1,3.8291846E+3,0.0000000E+0
11232995,29/9/2021,5:16:59 AM,-4.2051414E+1,-1.6982735E+1,3.8291846E+3,0.0000000E+0
11232996,29/9/2021,5:17:00 AM,-4.1652447E+1,-1.4693734E+1,3.8273987E+3,0.0000000E+0
11232997,29/9/2021,5:17:00 AM,-3.6359444E+1,-1.2925807E+1,3.8309702E+3,0.0000000E+0
11232998,29/9/2021,5:17:00 AM,-3.0614279E+1,-1.2016587E+1,3.8318628E+3,0.0000000E+0
11232999,29/9/2021,5:17:00 AM,-2.4523342E+1,-1.1179148E+1,3.8318628E+3,0.0000000E+0
11233000,29/9/2021,5:17:00 AM,-2.0294262E+1,-1.0591611E+1,3.8318628E+3,0.0000000E+0
11233001,29/9/2021,5:17:00 AM,-1.6640968E+1,-1.2330294E+1,3.8282915E+3,0.0000000E+0
11233002,29/9/2021,5:17:00 AM,-8.9532356E+0,-1.3757930E+1,3.8309702E+3,0.0000000E+0
11233003,29/9/2021,5:17:00 AM,-1.0290734E-2,-1.3675514E+1,3.8327556E+3,0.0000000E+0
11233004,29/9/2021,5:17:00 AM,6.3775034E+0,-1.3640954E+1,3.8345413E+3,0.0000000E+0
11233005,29/9/2021,5:17:00 AM,1.2265644E+1,-1.4794759E+1,3.8327556E+3,0.0000000E+0
11233006,29/9/2021,5:17:01 AM,1.6930378E+1,-1.5313173E+1,3.8318628E+3,0.0000000E+0
11233007,29/9/2021,5:17:01 AM,2.1225193E+1,-1.5212149E+1,3.8336484E+3,0.0000000E+0
11233008,29/9/2021,5:17:01 AM,2.6278811E+1,-1.4754881E+1,3.8354341E+3,0.0000000E+0
11233009,29/9/2021,5:17:01 AM,3.0401497E+1,-1.4895782E+1,3.8363269E+3,0.0000000E+0
11233010,29/9/2021,5:17:01 AM,3.2130367E+1,-1.5241391E+1,3.8354341E+3,0.0000000E+0
11233011,29/9/2021,5:17:01 AM,3.1970778E+1,-1.6528124E+1,3.8345413E+3,0.0000000E+0
11233012,29/9/2021,5:17:01 AM,3.1864388E+1,-1.8147173E+1,3.8345413E+3,0.0000000E+0
11233013,29/9/2021,5:17:01 AM,3.2316551E+1,-1.9383392E+1,3.8345413E+3,0.0000000E+0
11233014,29/9/2021,5:17:01 AM,3.1625006E+1,-2.1124960E+1,3.8345413E+3,0.0000000E+0
11233015,29/9/2021,5:17:01 AM,2.8858814E+1,-2.3060072E+1,3.8318628E+3,0.0000000E+0
11233016,29/9/2021,5:17:02 AM,2.4948910E+1,-2.3463221E+1,3.8318628E+3,0.0000000E+0
11233017,29/9/2021,5:17:02 AM,2.0959213E+1,-2.3167578E+1,3.8327556E+3,0.0000000E+0
11233018,29/9/2021,5:17:02 AM,1.7614433E+1,-2.3785738E+1,3.8291846E+3,0.0000000E+0
11233019,29/9/2021,5:17:02 AM,1.4607218E+1,-2.3060072E+1,3.8309702E+3,0.0000000E+0
11233020,29/9/2021,5:17:02 AM,1.0781769E+1,-2.0372417E+1,3.8327556E+3,0.0000000E+0
11233021,29/9/2021,5:17:02 AM,5.9460220E+0,-1.8939417E+1,3.8318628E+3,0.0000000E+0
11233022,29/9/2021,5:17:02 AM,-6.6467589E-1,-1.7360245E+1,3.8300774E+3,0.0000000E+0
11233023,29/9/2021,5:17:02 AM,-6.7563648E+0,-1.5307856E+1,3.8309702E+3,0.0000000E+0
11233024,29/9/2021,5:17:02 AM,-1.2615564E+1,-1.3183684E+1,3.8327556E+3,0.0000000E+0
11233025,29/9/2021,5:17:02 AM,-1.8043283E+1,-1.2356880E+1,3.8318628E+3,0.0000000E+0
11233026,29/9/2021,5:17:03 AM,-2.3246639E+1,-1.1604514E+1,3.8309702E+3,0.0000000E+0
11233027,29/9/2021,5:17:03 AM,-3.1172838E+1,-1.0711246E+1,3.8291846E+3,0.0000000E+0
11233028,29/9/2021,5:17:03 AM,-3.8114914E+1,-1.0365635E+1,3.8291846E+3,0.0000000E+0
11233029,29/9/2021,5:17:03 AM,-4.4737812E+1,-9.3394403E+0,3.8291846E+3,0.0000000E+0
11233030,29/9/2021,5:17:03 AM,-5.1254318E+1,-8.2840014E+0,3.8291846E+3,0.0000000E+0
11233031,29/9/2021,5:17:03 AM,-5.6573914E+1,-8.1510744E+0,3.8291846E+3,0.0000000E+0
11233032,29/9/2021,5:17:03 AM,-6.2106297E+1,-9.2889280E+0,3.8256133E+3,0.0000000E+0
11233033,29/9/2021,5:17:03 AM,-6.7106720E+1,-9.3208303E+0,3.8273987E+3,0.0000000E+0
11233034,29/9/2021,5:17:03 AM,-7.2240128E+1,-9.1533422E+0,3.8256133E+3,0.0000000E+0
11233035,29/9/2021,5:17:03 AM,-7.4873329E+1,-1.0272587E+1,3.8256133E+3,0.0000000E+0
11233036,29/9/2021,5:17:04 AM,-7.5139313E+1,-1.0453367E+1,3.8273987E+3,0.0000000E+0
11233037,29/9/2021,5:17:04 AM,-7.5671272E+1,-1.2176099E+1,3.8256133E+3,0.0000000E+0
11233038,29/9/2021,5:17:04 AM,-7.4766937E+1,-1.4313563E+1,3.8256133E+3,0.0000000E+0
11233039,29/9/2021,5:17:04 AM,-7.0883636E+1,-1.6352661E+1,3.8256133E+3,0.0000000E+0
11233040,29/9/2021,5:17:04 AM,-6.6308777E+1,-1.8048807E+1,3.8273987E+3,0.0000000E+0
11233041,29/9/2021,5:17:04 AM,-5.8409176E+1,-1.9659882E+1,3.8291846E+3,0.0000000E+0
11233042,29/9/2021,5:17:04 AM,-5.0482975E+1,-2.2871935E+1,3.8291846E+3,0.0000000E+0
11233043,29/9/2021,5:17:04 AM,-4.5588947E+1,-2.7655962E+1,3.8238276E+3,0.0000000E+0
11233044,29/9/2021,5:17:04 AM,-4.0774712E+1,-3.0719885E+1,3.8256133E+3,0.0000000E+0
11233045,29/9/2021,5:17:04 AM,-3.3114491E+1,-3.2493736E+1,3.8273987E+3,0.0000000E+0
11233046,29/9/2021,5:17:05 AM,-2.5374477E+1,-3.4831997E+1,3.8309702E+3,0.0000000E+0
11233047,29/9/2021,5:17:05 AM,-1.8387941E+1,-3.8245319E+1,3.8282915E+3,0.0000000E+0
11233048,29/9/2021,5:17:05 AM,-1.4288870E+1,-4.2169292E+1,3.8238276E+3,0.0000000E+0
11233049,29/9/2021,5:17:05 AM,-9.9345922E+0,-4.5394474E+1,3.8247205E+3,0.0000000E+0
11233050,29/9/2021,5:17:05 AM,-3.5628273E+0,-4.7410217E+1,3.8273987E+3,0.0000000E+0
11233051,29/9/2021,5:17:05 AM,3.8773577E+0,-4.8135883E+1,3.8291846E+3,0.0000000E+0
11233052,29/9/2021,5:17:05 AM,9.2768469E+0,-5.0151623E+1,3.8273987E+3,0.0000000E+0
11233053,29/9/2021,5:17:05 AM,1.2799733E+1,-5.2301746E+1,3.8256133E+3,0.0000000E+0
11233054,29/9/2021,5:17:05 AM,1.6175285E+1,-5.3242424E+1,3.8256133E+3,0.0000000E+0
11233055,29/9/2021,5:17:05 AM,2.0852819E+1,-5.1065426E+1,3.8291846E+3,0.0000000E+0
11233056,29/9/2021,5:17:06 AM,2.4975508E+1,-4.8135883E+1,3.8327556E+3,0.0000000E+0
11233057,29/9/2021,5:17:06 AM,2.8779018E+1,-4.8109005E+1,3.8300774E+3,0.0000000E+0
11233058,29/9/2021,5:17:06 AM,3.1332428E+1,-4.7840240E+1,3.8282915E+3,0.0000000E+0
11233059,29/9/2021,5:17:06 AM,3.1704798E+1,-4.4615055E+1,3.8291846E+3,0.0000000E+0
11233060,29/9/2021,5:17:06 AM,2.9922733E+1,-4.1174862E+1,3.8291846E+3,0.0000000E+0
11233061,29/9/2021,5:17:06 AM,2.9044998E+1,-3.6363960E+1,3.8318628E+3,0.0000000E+0
11233062,29/9/2021,5:17:06 AM,2.6757574E+1,-3.1553059E+1,3.8327556E+3,0.0000000E+0
11233063,29/9/2021,5:17:06 AM,2.2182718E+1,-2.8112862E+1,3.8282915E+3,0.0000000E+0
11233064,29/9/2021,5:17:06 AM,1.6280525E+1,-2.3301960E+1,3.8300774E+3,0.0000000E+0
11233065,29/9/2021,5:17:06 AM,9.2242270E+0,-1.5818295E+1,3.8318628E+3,0.0000000E+0
11233066,29/9/2021,5:17:07 AM,1.9656160E+0,-8.0819530E+0,3.8327556E+3,0.0000000E+0
11233067,29/9/2021,5:17:07 AM,-4.6617022E+0,-1.2731506E+0,3.8327556E+3,0.0000000E+0
11233068,29/9/2021,5:17:07 AM,-9.4715395E+0,4.7801728E+0,3.8345413E+3,0.0000000E+0
11233069,29/9/2021,5:17:07 AM,-1.6383133E+1,1.2093684E+1,3.8327556E+3,0.0000000E+0
11233070,29/9/2021,5:17:07 AM,-2.3007257E+1,1.8609758E+1,3.8327556E+3,0.0000000E+0
11233071,29/9/2021,5:17:07 AM,-2.5853241E+1,2.5478958E+1,3.8390051E+3,0.0000000E+0
11233072,29/9/2021,5:17:07 AM,-3.1518612E+1,3.1499304E+1,3.8372195E+3,0.0000000E+0
11233073,29/9/2021,5:17:07 AM,-3.4364597E+1,3.4186962E+1,3.8381123E+3,0.0000000E+0
11233074,29/9/2021,5:17:07 AM,-3.6226456E+1,3.6229576E+1,3.8390051E+3,0.0000000E+0
11233075,29/9/2021,5:17:07 AM,-3.8008522E+1,3.7062748E+1,3.8381123E+3,0.0000000E+0
11233076,29/9/2021,5:17:08 AM,-3.8540482E+1,3.6310207E+1,3.8381123E+3,0.0000000E+0
11233077,29/9/2021,5:17:08 AM,-3.8620274E+1,3.3864441E+1,3.8381123E+3,0.0000000E+0
11233078,29/9/2021,5:17:08 AM,-3.7396767E+1,2.9134169E+1,3.8363269E+3,0.0000000E+0
11233079,29/9/2021,5:17:08 AM,-3.6306248E+1,2.4081379E+1,3.8363269E+3,0.0000000E+0
11233080,29/9/2021,5:17:08 AM,-3.6306248E+1,1.7971710E+1,3.8327556E+3,0.0000000E+0
11233081,29/9/2021,5:17:08 AM,-3.5215733E+1,1.0618196E+1,3.8327556E+3,0.0000000E+0
11233082,29/9/2021,5:17:08 AM,-3.3752842E+1,3.0869780E+0,3.8309702E+3,0.0000000E+0
11233083,29/9/2021,5:17:08 AM,-3.3646450E+1,-2.9676940E+0,3.8291846E+3,0.0000000E+0
11233084,29/9/2021,5:17:08 AM,-3.1518612E+1,-9.8286114E+0,3.8309702E+3,0.0000000E+0
11233085,29/9/2021,5:17:08 AM,-3.0561087E+1,-1.6759417E+1,3.8282915E+3,0.0000000E+0
11233086,29/9/2021,5:17:09 AM,-2.9683352E+1,-2.2549417E+1,3.8273987E+3,0.0000000E+0
11233087,29/9/2021,5:17:09 AM,-2.8273657E+1,-2.8059109E+1,3.8265059E+3,0.0000000E+0
11233088,29/9/2021,5:17:09 AM,-2.6544790E+1,-3.3891319E+1,3.8256133E+3,0.0000000E+0
11233089,29/9/2021,5:17:09 AM,-2.3459423E+1,-3.9266624E+1,3.8256133E+3,0.0000000E+0
11233090,29/9/2021,5:17:09 AM,-2.1491173E+1,-4.3083096E+1,3.8273987E+3,0.0000000E+0
11233091,29/9/2021,5:17:09 AM,-1.9603455E+1,-4.8969055E+1,3.8256133E+3,0.0000000E+0
11233092,29/9/2021,5:17:09 AM,-1.4978188E+1,-5.5526932E+1,3.8256133E+3,0.0000000E+0
11233093,29/9/2021,5:17:09 AM,-1.1129059E+1,-6.1466648E+1,3.8229348E+3,0.0000000E+0
11233094,29/9/2021,5:17:09 AM,-7.7482457E+0,-6.5793770E+1,3.8238276E+3,0.0000000E+0
11233095,29/9/2021,5:17:09 AM,-3.5961025E+0,-7.1195953E+1,3.8238276E+3,0.0000000E+0
11233096,29/9/2021,5:17:10 AM,-5.2086943E-1,-7.5308067E+1,3.8220420E+3,0.0000000E+0
11233097,29/9/2021,5:17:10 AM,6.0820878E-1,-7.7565697E+1,3.8211492E+3,0.0000000E+0
11233098,29/9/2021,5:17:10 AM,2.1161468E+0,-7.8775139E+1,3.8211492E+3,0.0000000E+0
11233099,29/9/2021,5:17:10 AM,2.1573446E+0,-7.6759399E+1,3.8220420E+3,0.0000000E+0
11233100,29/9/2021,5:17:10 AM,7.2404552E-1,-7.2002251E+1,3.8220420E+3,0.0000000E+0
11233101,29/9/2021,5:17:10 AM,-2.1058471E+0,-6.5766891E+1,3.8256133E+3,0.0000000E+0
11233102,29/9/2021,5:17:10 AM,-4.9627643E+0,-6.0902237E+1,3.8211492E+3,0.0000000E+0
11233103,29/9/2021,5:17:10 AM,-8.5559578E+0,-5.4908772E+1,3.8238276E+3,0.0000000E+0
11233104,29/9/2021,5:17:10 AM,-1.1444777E+1,-4.6953316E+1,3.8256133E+3,0.0000000E+0
11233105,29/9/2021,5:17:10 AM,-1.3349608E+1,-3.9562267E+1,3.8291846E+3,0.0000000E+0
11233106,29/9/2021,5:17:11 AM,-1.7367121E+1,-3.2117466E+1,3.8273987E+3,0.0000000E+0
11233107,29/9/2021,5:17:11 AM,-2.2315708E+1,-2.6795912E+1,3.8256133E+3,0.0000000E+0
11233108,29/9/2021,5:17:11 AM,-2.4416950E+1,-2.0130527E+1,3.8291846E+3,0.0000000E+0
11233109,29/9/2021,5:17:11 AM,-2.5507467E+1,-1.2154831E+1,3.8327556E+3,0.0000000E+0
11233110,29/9/2021,5:17:11 AM,-2.8273657E+1,-5.4502454E+0,3.8327556E+3,0.0000000E+0
11233111,29/9/2021,5:17:11 AM,-3.1811190E+1,1.6019303E+0,3.8345413E+3,0.0000000E+0
11233112,29/9/2021,5:17:11 AM,-3.5588104E+1,5.8062449E+0,3.8318628E+3,0.0000000E+0
11233113,29/9/2021,5:17:11 AM,-3.8673473E+1,9.6504898E+0,3.8318628E+3,0.0000000E+0
11233114,29/9/2021,5:17:11 AM,-4.0641720E+1,1.6342026E+1,3.8363269E+3,0.0000000E+0
11233115,29/9/2021,5:17:11 AM,-4.3141933E+1,2.0119808E+1,3.8345413E+3,0.0000000E+0
11233116,29/9/2021,5:17:12 AM,-4.5482555E+1,2.3328836E+1,3.8363269E+3,0.0000000E+0
11233117,29/9/2021,5:17:12 AM,-4.5429359E+1,2.3463221E+1,3.8345413E+3,0.0000000E+0
11233118,29/9/2021,5:17:12 AM,-4.5083584E+1,2.3113825E+1,3.8327556E+3,0.0000000E+0
11233119,29/9/2021,5:17:12 AM,-4.2343994E+1,2.1823751E+1,3.8354341E+3,0.0000000E+0
11233120,29/9/2021,5:17:12 AM,-3.7769138E+1,1.8346563E+1,3.8327556E+3,0.0000000E+0
11233121,29/9/2021,5:17:12 AM,-3.4045422E+1,1.5135051E+1,3.8345413E+3,0.0000000E+0
11233122,29/9/2021,5:17:12 AM,-2.8858814E+1,1.0514514E+1,3.8327556E+3,0.0000000E+0
11233123,29/9/2021,5:17:12 AM,-2.4097775E+1,4.8258052E+0,3.8291846E+3,0.0000000E+0
11233124,29/9/2021,5:17:12 AM,-1.8669456E+1,4.3753716E-1,3.8309702E+3,0.0000000E+0
11233125,29/9/2021,5:17:12 AM,-1.2733959E+1,-2.7323277E+0,3.8327556E+3,0.0000000E+0
11233126,29/9/2021,5:17:13 AM,-9.5267897E+0,-4.4167161E+0,3.8327556E+3,0.0000000E+0
11233127,29/9/2021,5:17:13 AM,-7.8061275E+0,-7.1488061E+0,3.8309702E+3,0.0000000E+0
11233128,29/9/2021,5:17:13 AM,-5.0491214E+0,-9.0337086E+0,3.8327556E+3,0.0000000E+0
11233129,29/9/2021,5:17:13 AM,-1.6653464E+0,-1.0285880E+1,3.8327556E+3,0.0000000E+0
11233130,29/9/2021,5:17:13 AM,3.2165140E-1,-1.1094075E+1,3.8327556E+3,0.0000000E+0
11233131,29/9/2021,5:17:13 AM,2.1319921E+0,-1.2880611E+1,3.8363269E+3,0.0000000E+0
11233132,29/9/2021,5:17:13 AM,4.1895108E+0,-1.6605223E+1,3.8327556E+3,0.0000000E+0
11233133,29/9/2021,5:17:13 AM,5.5145407E+0,-2.2253777E+1,3.8309702E+3,0.0000000E+0
11233134,29/9/2021,5:17:13 AM,9.1873932E+0,-2.8032230E+1,3.8327556E+3,0.0000000E+0
11233135,29/9/2021,5:17:13 AM,1.3678481E+1,-3.3864441E+1,3.8318628E+3,0.0000000E+0
11233136,29/9/2021,5:17:14 AM,1.6861971E+1,-4.0234180E+1,3.8273987E+3,0.0000000E+0
11233137,29/9/2021,5:17:14 AM,1.8387941E+1,-4.4856945E+1,3.8291846E+3,0.0000000E+0
11233138,29/9/2021,5:17:14 AM,1.8922031E+1,-4.9694725E+1,3.8273987E+3,0.0000000E+0
11233139,29/9/2021,5:17:14 AM,1.9166712E+1,-5.4317486E+1,3.8256133E+3,0.0000000E+0
11233140,29/9/2021,5:17:14 AM,1.7290823E+1,-5.5903202E+1,3.8273987E+3,0.0000000E+0
11233141,29/9/2021,5:17:14 AM,1.2070951E+1,-5.5473179E+1,3.8238276E+3,0.0000000E+0
11233142,29/9/2021,5:17:14 AM,5.3435268E+0,-5.5177540E+1,3.8238276E+3,0.0000000E+0
11233143,29/9/2021,5:17:14 AM,-7.3697490E-1,-5.3000538E+1,3.8238276E+3,0.0000000E+0
11233144,29/9/2021,5:17:14 AM,-7.8876877E+0,-4.8431526E+1,3.8265059E+3,0.0000000E+0
11233145,29/9/2021,5:17:14 AM,-1.5212345E+1,-4.3916267E+1,3.8256133E+3,0.0000000E+0
11233146,29/9/2021,5:17:15 AM,-2.0347458E+1,-4.0583576E+1,3.8273987E+3,0.0000000E+0
11233147,29/9/2021,5:17:15 AM,-2.6172417E+1,-3.7116505E+1,3.8256133E+3,0.0000000E+0
11233148,29/9/2021,5:17:15 AM,-3.0720673E+1,-3.3595676E+1,3.8265059E+3,0.0000000E+0
11233149,29/9/2021,5:17:15 AM,-3.3673050E+1,-3.0504873E+1,3.8291846E+3,0.0000000E+0
11233150,29/9/2021,5:17:15 AM,-3.5721096E+1,-2.9053539E+1,3.8256133E+3,0.0000000E+0
11233151,29/9/2021,5:17:15 AM,-3.8327698E+1,-2.6446516E+1,3.8282915E+3,0.0000000E+0
11233152,29/9/2021,5:17:15 AM,-4.1572651E+1,-2.3812614E+1,3.8265059E+3,0.0000000E+0
11233153,29/9/2021,5:17:15 AM,-4.3195129E+1,-2.1501232E+1,3.8273987E+3,0.0000000E+0
11233154,29/9/2021,5:17:15 AM,-4.2370590E+1,-1.9064369E+1,3.8291846E+3,0.0000000E+0
11233155,29/9/2021,5:17:15 AM,-4.3168530E+1,-1.6001734E+1,3.8273987E+3,0.0000000E+0
11233156,29/9/2021,5:17:16 AM,-4.3594097E+1,-1.3468149E+1,3.8273987E+3,0.0000000E+0
11233157,29/9/2021,5:17:16 AM,-4.3753685E+1,-1.0942537E+1,3.8265059E+3,0.0000000E+0
11233158,29/9/2021,5:17:16 AM,-4.2609974E+1,-7.2391958E+0,3.8291846E+3,0.0000000E+0
11233159,29/9/2021,5:17:16 AM,-4.0428936E+1,-3.3311503E+0,3.8318628E+3,0.0000000E+0
11233160,29/9/2021,5:17:16 AM,-3.8380894E+1,-1.1566339E+0,3.8300774E+3,0.0000000E+0
11233161,29/9/2021,5:17:16 AM,-3.5348724E+1,1.5624423E-1,3.8291846E+3,0.0000000E+0
11233162,29/9/2021,5:17:16 AM,-3.0348299E+1,2.8852358E+0,3.8327556E+3,0.0000000E+0
11233163,29/9/2021,5:17:16 AM,-2.5401077E+1,4.6480794E+0,3.8318628E+3,0.0000000E+0
11233164,29/9/2021,5:17:16 AM,-1.9008854E+1,5.8115621E+0,3.8354341E+3,0.0000000E+0
11233165,29/9/2021,5:17:16 AM,-1.2389300E+1,6.0747571E+0,3.8363269E+3,0.0000000E+0
11233166,29/9/2021,5:17:17 AM,-6.7300553E+0,6.0827322E+0,3.8354341E+3,0.0000000E+0
11233167,29/9/2021,5:17:17 AM,-2.4885125E+0,5.7610493E+0,3.8363269E+3,0.0000000E+0
11233168,29/9/2021,5:17:17 AM,2.0868328E+0,3.5905335E+0,3.8354341E+3,0.0000000E+0
11233169,29/9/2021,5:17:17 AM,6.9721055E+0,1.8244873E+0,3.8381123E+3,0.0000000E+0
11233170,29/9/2021,5:17:17 AM,9.5083733E+0,8.9853764E-2,3.8354341E+3,0.0000000E+0
11233171,29/9/2021,5:17:17 AM,8.8216867E+0,-3.0853770E+0,3.8354341E+3,0.0000000E+0
11233172,29/9/2021,5:17:17 AM,7.2878232E+0,-6.4177079E+0,3.8327556E+3,0.0000000E+0
11233173,29/9/2021,5:17:17 AM,6.1828103E+0,-9.5574398E+0,3.8327556E+3,0.0000000E+0
11233174,29/9/2021,5:17:17 AM,5.7723770E+0,-1.0929246E+1,3.8345413E+3,0.0000000E+0
11233175,29/9/2021,5:17:17 AM,3.2514663E+0,-1.2418026E+1,3.8345413E+3,0.0000000E+0
11233176,29/9/2021,5:17:18 AM,-7.0320016E-1,-1.5576367E+1,3.8291846E+3,0.0000000E+0
11233177,29/9/2021,5:17:18 AM,-3.5691655E+0,-1.8043489E+1,3.8309702E+3,0.0000000E+0
11233178,29/9/2021,5:17:18 AM,-5.8934026E+0,-2.0641182E+1,3.8309702E+3,0.0000000E+0
11233179,29/9/2021,5:17:18 AM,-7.8429608E+0,-2.2845058E+1,3.8309702E+3,0.0000000E+0
11233180,29/9/2021,5:17:18 AM,-1.0494992E+1,-2.5693974E+1,3.8291846E+3,0.0000000E+0
11233181,29/9/2021,5:17:18 AM,-1.3325931E+1,-2.7790342E+1,3.8291846E+3,0.0000000E+0
11233182,29/9/2021,5:17:18 AM,-1.6133188E+1,-2.9402935E+1,3.8291846E+3,0.0000000E+0
11233183,29/9/2021,5:17:18 AM,-1.9537682E+1,-3.2386230E+1,3.8273987E+3,0.0000000E+0
11233184,29/9/2021,5:17:18 AM,-2.1437977E+1,-3.5047009E+1,3.8282915E+3,0.0000000E+0
11233185,29/9/2021,5:17:18 AM,-2.4736126E+1,-3.5987686E+1,3.8291846E+3,0.0000000E+0
11233186,29/9/2021,5:17:19 AM,-3.0454693E+1,-3.6928364E+1,3.8256133E+3,0.0000000E+0
11233187,29/9/2021,5:17:19 AM,-3.5215733E+1,-3.8487206E+1,3.8256133E+3,0.0000000E+0
11233188,29/9/2021,5:17:19 AM,-4.1359867E+1,-3.9723526E+1,3.8229348E+3,0.0000000E+0
11233189,29/9/2021,5:17:19 AM,-4.5721935E+1,-4.0395439E+1,3.8247205E+3,0.0000000E+0
11233190,29/9/2021,5:17:19 AM,-5.1360710E+1,-4.0019169E+1,3.8238276E+3,0.0000000E+0
11233191,29/9/2021,5:17:19 AM,-5.5217419E+1,-4.0906094E+1,3.8229348E+3,0.0000000E+0
11233192,29/9/2021,5:17:19 AM,-5.8887939E+1,-4.1873650E+1,3.8211492E+3,0.0000000E+0
11233193,29/9/2021,5:17:19 AM,-5.9712475E+1,-4.2948711E+1,3.8193638E+3,0.0000000E+0
11233194,29/9/2021,5:17:19 AM,-5.7664433E+1,-4.1470501E+1,3.8229348E+3,0.0000000E+0
11233195,29/9/2021,5:17:19 AM,-5.2690605E+1,-3.9454762E+1,3.8238276E+3,0.0000000E+0
11233196,29/9/2021,5:17:20 AM,-4.8328541E+1,-3.7869045E+1,3.8256133E+3,0.0000000E+0
11233197,29/9/2021,5:17:20 AM,-4.2849354E+1,-3.9401009E+1,3.8238276E+3,0.0000000E+0
11233198,29/9/2021,5:17:20 AM,-3.6439240E+1,-4.0234180E+1,3.8247205E+3,0.0000000E+0
11233199,29/9/2021,5:17:20 AM,-2.9284380E+1,-3.9051613E+1,3.8256133E+3,0.0000000E+0
11233200,29/9/2021,5:17:20 AM,-2.4283960E+1,-3.6874615E+1,3.8256133E+3,0.0000000E+0
11233201,29/9/2021,5:17:20 AM,-1.9598194E+1,-3.4455727E+1,3.8282915E+3,0.0000000E+0
11233202,29/9/2021,5:17:20 AM,-1.5322846E+1,-3.1741196E+1,3.8273987E+3,0.0000000E+0
11233203,29/9/2021,5:17:20 AM,-1.2291954E+1,-2.8112862E+1,3.8291846E+3,0.0000000E+0
11233204,29/9/2021,5:17:20 AM,-1.0652851E+1,-2.4618910E+1,3.8291846E+3,0.0000000E+0
11233205,29/9/2021,5:17:20 AM,-8.7111855E+0,-2.0802443E+1,3.8291846E+3,0.0000000E+0
11233206,29/9/2021,5:17:21 AM,-6.7221622E+0,-1.6895002E+1,3.8318628E+3,0.0000000E+0
11233207,29/9/2021,5:17:21 AM,-3.3790212E+0,-1.3632977E+1,3.8318628E+3,0.0000000E+0
11233208,29/9/2021,5:17:21 AM,-2.8286326E-1,-1.1139270E+1,3.8327556E+3,0.0000000E+0
11233209,29/9/2021,5:17:21 AM,2.9052453E+0,-9.2570257E+0,3.8318628E+3,0.0000000E+0
11233210,29/9/2021,5:17:21 AM,6.6037679E+0,-6.5426593E+0,3.8327556E+3,0.0000000E+0
11233211,29/9/2021,5:17:21 AM,1.1060654E+1,-3.7450426E+0,3.8345413E+3,0.0000000E+0
11233212,29/9/2021,5:17:21 AM,1.4996604E+1,-2.1679296E+0,3.8345413E+3,0.0000000E+0
11233213,29/9/2021,5:17:21 AM,1.9685017E+1,1.2078266E-1,3.8345413E+3,0.0000000E+0
11233214,29/9/2021,5:17:21 AM,2.2209316E+1,3.2038605E+0,3.8363269E+3,0.0000000E+0
11233215,29/9/2021,5:17:21 AM,2.4257362E+1,5.2901325E+0,3.8363269E+3,0.0000000E+0
11233216,29/9/2021,5:17:22 AM,2.6278811E+1,8.2866592E+0,3.8381123E+3,0.0000000E+0
11233217,29/9/2021,5:17:22 AM,2.6172417E+1,1.1402465E+1,3.8390051E+3,0.0000000E+0
11233218,29/9/2021,5:17:22 AM,2.6199017E+1,1.3632977E+1,3.8398979E+3,0.0000000E+0
11233219,29/9/2021,5:17:22 AM,2.4337156E+1,1.4909076E+1,3.8398979E+3,0.0000000E+0
11233220,29/9/2021,5:17:22 AM,2.0040199E+1,1.4608660E+1,3.8390051E+3,0.0000000E+0
11233221,29/9/2021,5:17:22 AM,1.6672541E+1,1.3351173E+1,3.8390051E+3,0.0000000E+0
11233222,29/9/2021,5:17:22 AM,1.3268048E+1,1.1798587E+1,3.8363269E+3,0.0000000E+0
11233223,29/9/2021,5:17:22 AM,9.3531446E+0,1.0682002E+1,3.8381123E+3,0.0000000E+0
11233224,29/9/2021,5:17:22 AM,6.4958973E+0,8.5604887E+0,3.8381123E+3,0.0000000E+0
11233225,29/9/2021,5:17:22 AM,2.8212650E+0,3.6962080E+0,3.8336484E+3,0.0000000E+0
11233226,29/9/2021,5:17:23 AM,-2.4671214E+0,-4.9246264E-1,3.8336484E+3,0.0000000E+0
11233227,29/9/2021,5:17:23 AM,-7.5719695E+0,-4.4839635E+0,3.8327556E+3,0.0000000E+0
11233228,29/9/2021,5:17:23 AM,-1.0476575E+1,-8.3238792E+0,3.8327556E+3,0.0000000E+0
11233229,29/9/2021,5:17:23 AM,-1.4862424E+1,-1.2978977E+1,3.8309702E+3,0.0000000E+0
11233230,29/9/2021,5:17:23 AM,-2.1092203E+1,-1.8607101E+1,3.8273987E+3,0.0000000E+0
11233231,29/9/2021,5:17:23 AM,-2.7129944E+1,-2.2603170E+1,3.8291846E+3,0.0000000E+0
11233232,29/9/2021,5:17:23 AM,-3.4524185E+1,-2.6258381E+1,3.8256133E+3,0.0000000E+0
11233233,29/9/2021,5:17:23 AM,-4.1014095E+1,-2.9107292E+1,3.8273987E+3,0.0000000E+0
11233234,29/9/2021,5:17:23 AM,-4.7025238E+1,-3.1956207E+1,3.8265059E+3,0.0000000E+0
11233235,29/9/2021,5:17:23 AM,-5.3222565E+1,-3.5718922E+1,3.8220420E+3,0.0000000E+0
11233236,29/9/2021,5:17:24 AM,-5.8701752E+1,-3.6928364E+1,3.8238276E+3,0.0000000E+0
11233237,29/9/2021,5:17:24 AM,-6.3861763E+1,-3.8379700E+1,3.8220420E+3,0.0000000E+0
11233238,29/9/2021,5:17:24 AM,-6.6840736E+1,-4.1551132E+1,3.8220420E+3,0.0000000E+0
11233239,29/9/2021,5:17:24 AM,-6.6734344E+1,-4.4588181E+1,3.8220420E+3,0.0000000E+0
11233240,29/9/2021,5:17:24 AM,-6.7186508E+1,-4.6066391E+1,3.8220420E+3,0.0000000E+0
11233241,29/9/2021,5:17:24 AM,-6.7106720E+1,-4.8324020E+1,3.8202566E+3,0.0000000E+0
11233242,29/9/2021,5:17:24 AM,-6.6521561E+1,-5.0420391E+1,3.8193638E+3,0.0000000E+0
11233243,29/9/2021,5:17:24 AM,-6.4446922E+1,-5.1172932E+1,3.8220420E+3,0.0000000E+0
11233244,29/9/2021,5:17:24 AM,-6.2026501E+1,-5.1065426E+1,3.8202566E+3,0.0000000E+0
11233245,29/9/2021,5:17:24 AM,-5.7930412E+1,-5.0393513E+1,3.8220420E+3,0.0000000E+0
11233246,29/9/2021,5:17:25 AM,-5.4978035E+1,-4.9399082E+1,3.8220420E+3,0.0000000E+0
11233247,29/9/2021,5:17:25 AM,-5.2557621E+1,-4.8324020E+1,3.8202566E+3,0.0000000E+0
11233248,29/9/2021,5:17:25 AM,-4.8594521E+1,-4.4937576E+1,3.8256133E+3,0.0000000E+0
11233249,29/9/2021,5:17:25 AM,-4.4631416E+1,-4.2438057E+1,3.8256133E+3,0.0000000E+0
11233250,29/9/2021,5:17:25 AM,-4.0561928E+1,-4.1793022E+1,3.8238276E+3,0.0000000E+0
11233251,29/9/2021,5:17:25 AM,-3.4497585E+1,-3.8917229E+1,3.8256133E+3,0.0000000E+0
11233252,29/9/2021,5:17:25 AM,-2.9018400E+1,-3.5665169E+1,3.8273987E+3,0.0000000E+0
11233253,29/9/2021,5:17:25 AM,-2.2395504E+1,-3.3971947E+1,3.8265059E+3,0.0000000E+0
11233254,29/9/2021,5:17:25 AM,-1.5091320E+1,-3.1660564E+1,3.8291846E+3,0.0000000E+0
11233255,29/9/2021,5:17:25 AM,-8.4349327E+0,-2.9967342E+1,3.8273987E+3,0.0000000E+0
11233256,29/9/2021,5:17:26 AM,-1.2464982E+0,-2.7333443E+1,3.8318628E+3,0.0000000E+0
11233257,29/9/2021,5:17:26 AM,7.0115700E+0,-2.4941429E+1,3.8309702E+3,0.0000000E+0
11233258,29/9/2021,5:17:26 AM,1.4501980E+1,-2.2979441E+1,3.8327556E+3,0.0000000E+0
11233259,29/9/2021,5:17:26 AM,2.1198595E+1,-2.0372417E+1,3.8327556E+3,0.0000000E+0
11233260,29/9/2021,5:17:26 AM,2.7449120E+1,-1.7224661E+1,3.8327556E+3,0.0000000E+0
11233261,29/9/2021,5:17:26 AM,3.2077171E+1,-1.4146074E+1,3.8345413E+3,0.0000000E+0
11233262,29/9/2021,5:17:26 AM,3.6465839E+1,-1.0474635E+1,3.8363269E+3,0.0000000E+0
11233263,29/9/2021,5:17:26 AM,3.9710793E+1,-7.8426838E+0,3.8363269E+3,0.0000000E+0
11233264,29/9/2021,5:17:26 AM,4.0907700E+1,-4.9635019E+0,3.8381123E+3,0.0000000E+0
11233265,29/9/2021,5:17:26 AM,4.0083164E+1,-1.7108071E+0,3.8381123E+3,0.0000000E+0
11233266,29/9/2021,5:17:27 AM,3.8168106E+1,1.1944427E+0,3.8381123E+3,0.0000000E+0
11233267,29/9/2021,5:17:27 AM,3.5348724E+1,4.4807615E+0,3.8390051E+3,0.0000000E+0
11233268,29/9/2021,5:17:27 AM,3.1332428E+1,7.1753912E+0,3.8381123E+3,0.0000000E+0
11233269,29/9/2021,5:17:27 AM,2.4815920E+1,8.3185625E+0,3.8363269E+3,0.0000000E+0
11233270,29/9/2021,5:17:27 AM,1.8711552E+1,9.2384157E+0,3.8372195E+3,0.0000000E+0
11233271,29/9/2021,5:17:27 AM,1.2091999E+1,1.1599196E+1,3.8363269E+3,0.0000000E+0
11233272,29/9/2021,5:17:27 AM,8.0034513E+0,1.3303319E+1,3.8381123E+3,0.0000000E+0
11233273,29/9/2021,5:17:27 AM,2.8260186E+0,1.4497002E+1,3.8363269E+3,0.0000000E+0
11233274,29/9/2021,5:17:27 AM,-4.6933932E+0,1.5408880E+1,3.8354341E+3,0.0000000E+0
11233275,29/9/2021,5:17:27 AM,-9.9214382E+0,1.5161636E+1,3.8363269E+3,0.0000000E+0
11233276,29/9/2021,5:17:28 AM,-1.4901889E+1,1.4544856E+1,3.8363269E+3,0.0000000E+0
11233277,29/9/2021,5:17:28 AM,-2.0666636E+1,1.2598806E+1,3.8327556E+3,0.0000000E+0
11233278,29/9/2021,5:17:28 AM,-2.4815920E+1,9.5122452E+0,3.8345413E+3,0.0000000E+0
11233279,29/9/2021,5:17:28 AM,-3.0481291E+1,5.5138059E+0,3.8309702E+3,0.0000000E+0
11233280,29/9/2021,5:17:28 AM,-3.5455116E+1,1.6355540E+0,3.8309702E+3,0.0000000E+0
11233281,29/9/2021,5:17:28 AM,-4.1359867E+1,-9.9052447E-1,3.8336484E+3,0.0000000E+0
11233282,29/9/2021,5:17:28 AM,-4.6945442E+1,-4.6728969E+0,3.8291846E+3,0.0000000E+0
11233283,29/9/2021,5:17:28 AM,-5.2770401E+1,-8.7731724E+0,3.8282915E+3,0.0000000E+0
11233284,29/9/2021,5:17:28 AM,-5.8808144E+1,-1.3741977E+1,3.8256133E+3,0.0000000E+0
11233285,29/9/2021,5:17:28 AM,-6.3702175E+1,-1.7429369E+1,3.8256133E+3,0.0000000E+0
11233286,29/9/2021,5:17:29 AM,-6.8676003E+1,-2.0399294E+1,3.8256133E+3,0.0000000E+0
11233287,29/9/2021,5:17:29 AM,-7.3277451E+1,-2.4538280E+1,3.8238276E+3,0.0000000E+0
11233288,29/9/2021,5:17:29 AM,-7.4926521E+1,-2.8677269E+1,3.8247205E+3,0.0000000E+0
11233289,29/9/2021,5:17:29 AM,-7.5032913E+1,-3.3864441E+1,3.8202566E+3,0.0000000E+0
11233290,29/9/2021,5:17:29 AM,-7.4367966E+1,-3.7869045E+1,3.8220420E+3,0.0000000E+0
11233291,29/9/2021,5:17:29 AM,-7.1069817E+1,-4.1873650E+1,3.8220420E+3,0.0000000E+0
11233292,29/9/2021,5:17:29 AM,-6.5165062E+1,-4.6953316E+1,3.8184709E+3,0.0000000E+0
11233293,29/9/2021,5:17:29 AM,-5.7824020E+1,-5.1065426E+1,3.8229348E+3,0.0000000E+0
11233294,29/9/2021,5:17:29 AM,-4.9472252E+1,-5.5231293E+1,3.8220420E+3,0.0000000E+0
11233295,29/9/2021,5:17:29 AM,-4.1625847E+1,-5.9531540E+1,3.8211492E+3,0.0000000E+0
11233296,29/9/2021,5:17:30 AM,-3.4364597E+1,-6.3804909E+1,3.8184709E+3,0.0000000E+0
11233297,29/9/2021,5:17:30 AM,-2.6172417E+1,-6.5981903E+1,3.8211492E+3,0.0000000E+0
11233298,29/9/2021,5:17:30 AM,-1.6677803E+1,-6.6734451E+1,3.8256133E+3,0.0000000E+0
11233299,29/9/2021,5:17:30 AM,-9.7846270E+0,-6.7809517E+1,3.8220420E+3,0.0000000E+0
11233300,29/9/2021,5:17:30 AM,-6.1328220E+0,-6.7917015E+1,3.8211492E+3,0.0000000E+0
11233301,29/9/2021,5:17:30 AM,-2.4988120E+0,-6.5901276E+1,3.8229348E+3,0.0000000E+0
11233302,29/9/2021,5:17:30 AM,3.0106168E+0,-6.2944859E+1,3.8256133E+3,0.0000000E+0
11233303,29/9/2021,5:17:30 AM,9.4320745E+0,-5.9424030E+1,3.8256133E+3,0.0000000E+0
11233304,29/9/2021,5:17:30 AM,1.2836567E+1,-5.4881893E+1,3.8291846E+3,0.0000000E+0
11233305,29/9/2021,5:17:30 AM,1.6435753E+1,-5.1119179E+1,3.8256133E+3,0.0000000E+0
11233306,29/9/2021,5:17:31 AM,2.0071772E+1,-4.7033943E+1,3.8273987E+3,0.0000000E+0
11233307,29/9/2021,5:17:31 AM,2.3805197E+1,-4.1470501E+1,3.8291846E+3,0.0000000E+0
11233308,29/9/2021,5:17:31 AM,2.8646030E+1,-3.5235146E+1,3.8318628E+3,0.0000000E+0
11233309,29/9/2021,5:17:31 AM,3.1890985E+1,-2.9268553E+1,3.8327556E+3,0.0000000E+0
11233310,29/9/2021,5:17:31 AM,3.3939030E+1,-2.3624479E+1,3.8327556E+3,0.0000000E+0
11233311,29/9/2021,5:17:31 AM,3.4949753E+1,-1.6435076E+1,3.8345413E+3,0.0000000E+0
11233312,29/9/2021,5:17:31 AM,3.4338001E+1,-9.6292210E+0,3.8345413E+3,0.0000000E+0
11233313,29/9/2021,5:17:31 AM,3.3274082E+1,-2.2255702E+0,3.8381123E+3,0.0000000E+0
11233314,29/9/2021,5:17:31 AM,3.1518612E+1,5.5855861E+0,3.8398979E+3,0.0000000E+0
11233315,29/9/2021,5:17:31 AM,2.5108498E+1,1.3893514E+1,3.8390051E+3,0.0000000E+0
11233316,29/9/2021,5:17:32 AM,1.7327656E+1,2.0561125E+1,3.8390051E+3,0.0000000E+0
11233317,29/9/2021,5:17:32 AM,1.0889640E+1,2.6607775E+1,3.8398979E+3,0.0000000E+0
11233318,29/9/2021,5:17:32 AM,3.2863262E+0,3.3837566E+1,3.8407908E+3,0.0000000E+0
11233319,29/9/2021,5:17:32 AM,-4.2291245E+0,3.8863476E+1,3.8425762E+3,0.0000000E+0
11233320,29/9/2021,5:17:32 AM,-1.0534456E+1,4.1954281E+1,3.8434690E+3,0.0000000E+0
11233321,29/9/2021,5:17:32 AM,-1.8237976E+1,4.4426922E+1,3.8416836E+3,0.0000000E+0
11233322,29/9/2021,5:17:32 AM,-2.6092623E+1,4.3593750E+1,3.8381123E+3,0.0000000E+0
11233323,29/9/2021,5:17:32 AM,-2.9044998E+1,4.0610451E+1,3.8398979E+3,0.0000000E+0
11233324,29/9/2021,5:17:32 AM,-3.1172838E+1,3.6471466E+1,3.8390051E+3,0.0000000E+0
11233325,29/9/2021,5:17:32 AM,-3.4045422E+1,2.8919157E+1,3.8345413E+3,0.0000000E+0
11233326,29/9/2021,5:17:33 AM,-3.8673473E+1,2.3490097E+1,3.8363269E+3,0.0000000E+0
11233327,29/9/2021,5:17:33 AM,-4.3913273E+1,1.6953491E+1,3.8309702E+3,0.0000000E+0
11233328,29/9/2021,5:17:33 AM,-4.6918846E+1,9.1825867E+0,3.8291846E+3,0.0000000E+0
11233329,29/9/2021,5:17:33 AM,-4.8115757E+1,2.5666108E+0,3.8318628E+3,0.0000000E+0
11233330,29/9/2021,5:17:33 AM,-5.0429775E+1,-4.4943709E+0,3.8265059E+3,0.0000000E+0
11233331,29/9/2021,5:17:33 AM,-5.3674732E+1,-1.0450709E+1,3.8273987E+3,0.0000000E+0
11233332,29/9/2021,5:17:33 AM,-5.5802574E+1,-1.6033636E+1,3.8273987E+3,0.0000000E+0
11233333,29/9/2021,5:17:33 AM,-5.7105873E+1,-2.1474356E+1,3.8247205E+3,0.0000000E+0
11233334,29/9/2021,5:17:33 AM,-5.6494118E+1,-2.7655962E+1,3.8238276E+3,0.0000000E+0
11233335,29/9/2021,5:17:33 AM,-5.3089581E+1,-3.4052578E+1,3.8220420E+3,0.0000000E+0
11233336,29/9/2021,5:17:34 AM,-5.1413906E+1,-3.7707787E+1,3.8247205E+3,0.0000000E+0
11233337,29/9/2021,5:17:34 AM,-5.0403183E+1,-4.1174862E+1,3.8229348E+3,0.0000000E+0
11233338,29/9/2021,5:17:34 AM,-4.8807304E+1,-4.5448231E+1,3.8247205E+3,0.0000000E+0
11233339,29/9/2021,5:17:34 AM,-4.3115334E+1,-5.1092300E+1,3.8220420E+3,0.0000000E+0
11233340,29/9/2021,5:17:34 AM,-3.8540482E+1,-5.5177540E+1,3.8229348E+3,0.0000000E+0
11233341,29/9/2021,5:17:34 AM,-3.4072021E+1,-5.9665924E+1,3.8220420E+3,0.0000000E+0
11233342,29/9/2021,5:17:34 AM,-3.0534487E+1,-6.3321129E+1,3.8211492E+3,0.0000000E+0
11233343,29/9/2021,5:17:34 AM,-2.7342730E+1,-6.5659393E+1,3.8238276E+3,0.0000000E+0
11233344,29/9/2021,5:17:34 AM,-2.5055302E+1,-6.7083847E+1,3.8220420E+3,0.0000000E+0
11233345,29/9/2021,5:17:34 AM,-2.0241066E+1,-6.9502731E+1,3.8220420E+3,0.0000000E+0
11233346,29/9/2021,5:17:35 AM,-1.5546479E+1,-7.1572227E+1,3.8202566E+3,0.0000000E+0
11233347,29/9/2021,5:17:35 AM,-1.2291954E+1,-7.2136635E+1,3.8202566E+3,0.0000000E+0
11233348,29/9/2021,5:17:35 AM,-9.8188295E+0,-6.9852127E+1,3.8238276E+3,0.0000000E+0
11233349,29/9/2021,5:17:35 AM,-8.4770279E+0,-6.6331299E+1,3.8238276E+3,0.0000000E+0
11233350,29/9/2021,5:17:35 AM,-7.0536661E+0,-6.3858662E+1,3.8238276E+3,0.0000000E+0
11233351,29/9/2021,5:17:35 AM,-2.3506579E+0,-6.2487953E+1,3.8220420E+3,0.0000000E+0
11233352,29/9/2021,5:17:35 AM,1.6083032E+0,-5.7972698E+1,3.8256133E+3,0.0000000E+0
11233353,29/9/2021,5:17:35 AM,1.5290765E+0,-5.1737339E+1,3.8273987E+3,0.0000000E+0
11233354,29/9/2021,5:17:35 AM,1.6708924E+0,-4.5985760E+1,3.8291846E+3,0.0000000E+0
11233355,29/9/2021,5:17:35 AM,2.3760107E+0,-4.1497379E+1,3.8273987E+3,0.0000000E+0
11233356,29/9/2021,5:17:36 AM,2.5788310E+0,-3.7385269E+1,3.8291846E+3,0.0000000E+0
11233357,29/9/2021,5:17:36 AM,3.0827134E+0,-3.1364923E+1,3.8291846E+3,0.0000000E+0
11233358,29/9/2021,5:17:36 AM,3.8829036E+0,-2.4188885E+1,3.8318628E+3,0.0000000E+0
11233359,29/9/2021,5:17:36 AM,1.8570753E+0,-1.7192759E+1,3.8327556E+3,0.0000000E+0
11233360,29/9/2021,5:17:36 AM,1.1876091E+0,-1.1213709E+1,3.8336484E+3,0.0000000E+0
11233361,29/9/2021,5:17:36 AM,5.9659874E-1,-6.4761958E+0,3.8327556E+3,0.0000000E+0
11233362,29/9/2021,5:17:36 AM,7.5966728E-1,-1.9285609E+0,3.8327556E+3,0.0000000E+0
11233363,29/9/2021,5:17:36 AM,9.1903043E-1,4.2838225E+0,3.8345413E+3,0.0000000E+0
11233364,29/9/2021,5:17:36 AM,-1.2377907E+0,9.9110260E+0,3.8345413E+3,0.0000000E+0
11233365,29/9/2021,5:17:36 AM,-1.4742137E+0,1.5390271E+1,3.8381123E+3,0.0000000E+0
11233366,29/9/2021,5:17:37 AM,-2.3332281E+0,2.1071207E+1,3.8363269E+3,0.0000000E+0
11233367,29/9/2021,5:17:37 AM,-3.1445100E+0,2.5452085E+1,3.8381123E+3,0.0000000E+0
11233368,29/9/2021,5:17:37 AM,-3.0518148E+0,2.9456688E+1,3.8381123E+3,0.0000000E+0
11233369,29/9/2021,5:17:37 AM,-3.4194269E+0,3.4643860E+1,3.8416836E+3,0.0000000E+0
11233370,29/9/2021,5:17:37 AM,-5.0372376E+0,3.8594711E+1,3.8416836E+3,0.0000000E+0
11233371,29/9/2021,5:17:37 AM,-6.6300774E+0,4.0422318E+1,3.8416836E+3,0.0000000E+0
11233372,29/9/2021,5:17:37 AM,-8.0508089E+0,4.0502945E+1,3.8416836E+3,0.0000000E+0
11233373,29/9/2021,5:17:37 AM,-8.9006166E+0,3.9024738E+1,3.8407908E+3,0.0000000E+0
11233374,29/9/2021,5:17:37 AM,-1.0247680E+1,3.7654034E+1,3.8416836E+3,0.0000000E+0
11233375,29/9/2021,5:17:37 AM,-1.2915496E+1,3.4186962E+1,3.8381123E+3,0.0000000E+0
11233376,29/9/2021,5:17:38 AM,-1.5054486E+1,3.0370491E+1,3.8398979E+3,0.0000000E+0
11233377,29/9/2021,5:17:38 AM,-1.5867459E+1,2.4403898E+1,3.8381123E+3,0.0000000E+0
11233378,29/9/2021,5:17:38 AM,-1.6559408E+1,1.5988441E+1,3.8345413E+3,0.0000000E+0
11233379,29/9/2021,5:17:38 AM,-1.8848364E+1,8.4461718E+0,3.8327556E+3,0.0000000E+0
11233380,29/9/2021,5:17:38 AM,-2.0932615E+1,1.3345417E+0,3.8336484E+3,0.0000000E+0
11233381,29/9/2021,5:17:38 AM,-2.2821072E+1,-5.5054846E+0,3.8327556E+3,0.0000000E+0
11233382,29/9/2021,5:17:38 AM,-2.4310558E+1,-1.3215588E+1,3.8327556E+3,0.0000000E+0
11233383,29/9/2021,5:17:38 AM,-2.3964785E+1,-2.4350145E+1,3.8256133E+3,0.0000000E+0
11233384,29/9/2021,5:17:38 AM,-2.4895714E+1,-3.3111897E+1,3.8273987E+3,0.0000000E+0
11233385,29/9/2021,5:17:38 AM,-2.8193863E+1,-4.0261055E+1,3.8220420E+3,0.0000000E+0
11233386,29/9/2021,5:17:39 AM,-3.0853664E+1,-4.6657673E+1,3.8256133E+3,0.0000000E+0
11233387,29/9/2021,5:17:39 AM,-3.2103767E+1,-5.2678017E+1,3.8247205E+3,0.0000000E+0
11233388,29/9/2021,5:17:39 AM,-3.3460266E+1,-5.9988438E+1,3.8202566E+3,0.0000000E+0
11233389,29/9/2021,5:17:39 AM,-3.5827484E+1,-6.4960602E+1,3.8220420E+3,0.0000000E+0
11233390,29/9/2021,5:17:39 AM,-3.8247902E+1,-7.0282150E+1,3.8166853E+3,0.0000000E+0
11233391,29/9/2021,5:17:39 AM,-4.1439659E+1,-7.2889175E+1,3.8175781E+3,0.0000000E+0
11233392,29/9/2021,5:17:39 AM,-4.1971619E+1,-7.3883606E+1,3.8202566E+3,0.0000000E+0
11233393,29/9/2021,5:17:39 AM,-4.2476982E+1,-7.6302498E+1,3.8166853E+3,0.0000000E+0
11233394,29/9/2021,5:17:39 AM,-4.1120487E+1,-7.8371994E+1,3.8166853E+3,0.0000000E+0
11233395,29/9/2021,5:17:39 AM,-3.8673473E+1,-7.8640762E+1,3.8166853E+3,0.0000000E+0
11233396,29/9/2021,5:17:40 AM,-3.5534908E+1,-7.6490639E+1,3.8184709E+3,0.0000000E+0
11233397,29/9/2021,5:17:40 AM,-3.2662327E+1,-7.1169075E+1,3.8220420E+3,0.0000000E+0
11233398,29/9/2021,5:17:40 AM,-3.0640879E+1,-6.7621376E+1,3.8202566E+3,0.0000000E+0
11233399,29/9/2021,5:17:40 AM,-2.6332005E+1,-6.4826218E+1,3.8220420E+3,0.0000000E+0
11233400,29/9/2021,5:17:40 AM,-2.1331585E+1,-5.9370277E+1,3.8247205E+3,0.0000000E+0
11233401,29/9/2021,5:17:40 AM,-2.2049728E+1,-5.2516762E+1,3.8238276E+3,0.0000000E+0
11233402,29/9/2021,5:17:40 AM,-2.2209316E+1,-4.5367603E+1,3.8256133E+3,0.0000000E+0
11233403,29/9/2021,5:17:40 AM,-2.2262514E+1,-3.8540958E+1,3.8273987E+3,0.0000000E+0
11233404,29/9/2021,5:17:40 AM,-1.9848137E+1,-3.1391800E+1,3.8282915E+3,0.0000000E+0
11233405,29/9/2021,5:17:40 AM,-1.8940449E+1,-2.3893246E+1,3.8291846E+3,0.0000000E+0
11233406,29/9/2021,5:17:41 AM,-1.8637886E+1,-1.7671295E+1,3.8300774E+3,0.0000000E+0
11233407,29/9/2021,5:17:41 AM,-1.7290823E+1,-9.9774895E+0,3.8309702E+3,0.0000000E+0
11233408,29/9/2021,5:17:41 AM,-1.4228356E+1,-4.2670107E+0,3.8327556E+3,0.0000000E+0
11233409,29/9/2021,5:17:41 AM,-9.4768009E+0,6.9216728E-1,3.8327556E+3,0.0000000E+0
11233410,29/9/2021,5:17:41 AM,-3.6365082E+0,5.0131373E+0,3.8354341E+3,0.0000000E+0
11233411,29/9/2021,5:17:41 AM,1.2559973E-1,9.3474159E+0,3.8354341E+3,0.0000000E+0
11233412,29/9/2021,5:17:41 AM,3.9098403E+0,1.5143027E+1,3.8381123E+3,0.0000000E+0
11233413,29/9/2021,5:17:41 AM,6.1380839E+0,1.9835344E+1,3.8390051E+3,0.0000000E+0
11233414,29/9/2021,5:17:41 AM,8.2349777E+0,2.2737553E+1,3.8390051E+3,0.0000000E+0
11233415,29/9/2021,5:17:41 AM,1.1876259E+1,2.5828354E+1,3.8416836E+3,0.0000000E+0
11233416,29/9/2021,5:17:42 AM,1.2591886E+1,2.9053539E+1,3.8416836E+3,0.0000000E+0
11233417,29/9/2021,5:17:42 AM,1.1092225E+1,3.0908022E+1,3.8425762E+3,0.0000000E+0
11233418,29/9/2021,5:17:42 AM,1.0523933E+1,3.1149912E+1,3.8416836E+3,0.0000000E+0
11233419,29/9/2021,5:17:42 AM,8.4086227E+0,2.9994219E+1,3.8416836E+3,0.0000000E+0
11233420,29/9/2021,5:17:42 AM,5.8355207E+0,2.6339008E+1,3.8398979E+3,0.0000000E+0
11233421,29/9/2021,5:17:42 AM,4.2909212E+0,2.1313097E+1,3.8381123E+3,0.0000000E+0
11233422,29/9/2021,5:17:42 AM,1.8253845E+0,1.7642052E+1,3.8398979E+3,0.0000000E+0
11233423,29/9/2021,5:17:42 AM,-3.7799087E+0,1.3428270E+1,3.8327556E+3,0.0000000E+0
11233424,29/9/2021,5:17:42 AM,-7.1931081E+0,8.5631475E+0,3.8345413E+3,0.0000000E+0
11233425,29/9/2021,5:17:42 AM,-8.6480417E+0,3.4928646E+0,3.8336484E+3,0.0000000E+0
11233426,29/9/2021,5:17:43 AM,-1.1152739E+1,-1.7197530E+0,3.8327556E+3,0.0000000E+0
11233427,29/9/2021,5:17:43 AM,-1.3662696E+1,-7.3561716E+0,3.8309702E+3,0.0000000E+0
11233428,29/9/2021,5:17:43 AM,-1.7338179E+1,-1.2388782E+1,3.8291846E+3,0.0000000E+0
11233429,29/9/2021,5:17:43 AM,-2.1039007E+1,-1.7176807E+1,3.8291846E+3,0.0000000E+0
11233430,29/9/2021,5:17:43 AM,-2.1916739E+1,-2.2603170E+1,3.8291846E+3,0.0000000E+0
11233431,29/9/2021,5:17:43 AM,-2.2821072E+1,-2.7279688E+1,3.8291846E+3,0.0000000E+0
11233432,29/9/2021,5:17:43 AM,-2.5507467E+1,-3.1794947E+1,3.8256133E+3,0.0000000E+0
11233433,29/9/2021,5:17:43 AM,-2.8725822E+1,-3.6686478E+1,3.8256133E+3,0.0000000E+0
11233434,29/9/2021,5:17:43 AM,-3.1757994E+1,-4.0449196E+1,3.8273987E+3,0.0000000E+0
11233435,29/9/2021,5:17:43 AM,-3.4311401E+1,-4.4507553E+1,3.8238276E+3,0.0000000E+0
11233436,29/9/2021,5:17:44 AM,-3.5295525E+1,-4.7678982E+1,3.8265059E+3,0.0000000E+0
11233437,29/9/2021,5:17:44 AM,-3.7449963E+1,-5.1522324E+1,3.8220420E+3,0.0000000E+0
11233438,29/9/2021,5:17:44 AM,-3.9763988E+1,-5.5795700E+1,3.8202566E+3,0.0000000E+0
11233439,29/9/2021,5:17:44 AM,-4.1758835E+1,-5.8537106E+1,3.8202566E+3,0.0000000E+0
11233440,29/9/2021,5:17:44 AM,-4.2796158E+1,-6.0257202E+1,3.8202566E+3,0.0000000E+0
11233441,29/9/2021,5:17:44 AM,-4.3647293E+1,-6.1439770E+1,3.8211492E+3,0.0000000E+0
11233442,29/9/2021,5:17:44 AM,-4.2955746E+1,-6.2944859E+1,3.8184709E+3,0.0000000E+0
11233443,29/9/2021,5:17:44 AM,-4.1998219E+1,-6.3778030E+1,3.8184709E+3,0.0000000E+0
11233444,29/9/2021,5:17:44 AM,-4.0907700E+1,-6.0848484E+1,3.8202566E+3,0.0000000E+0
11233445,29/9/2021,5:17:44 AM,-3.8992645E+1,-5.6978264E+1,3.8238276E+3,0.0000000E+0
11233446,29/9/2021,5:17:45 AM,-3.5721096E+1,-5.4693760E+1,3.8211492E+3,0.0000000E+0
11233447,29/9/2021,5:17:45 AM,-3.1890985E+1,-5.2355499E+1,3.8229348E+3,0.0000000E+0
11233448,29/9/2021,5:17:45 AM,-2.8247059E+1,-4.7302711E+1,3.8282915E+3,0.0000000E+0
11233449,29/9/2021,5:17:45 AM,-2.6199017E+1,-4.4265663E+1,3.8247205E+3,0.0000000E+0
11233450,29/9/2021,5:17:45 AM,-2.4736126E+1,-4.0986725E+1,3.8238276E+3,0.0000000E+0
11233451,29/9/2021,5:17:45 AM,-2.1863544E+1,-3.5450157E+1,3.8291846E+3,0.0000000E+0
11233452,29/9/2021,5:17:45 AM,-1.9111462E+1,-3.0424242E+1,3.8282915E+3,0.0000000E+0
11233453,29/9/2021,5:17:45 AM,-1.5772744E+1,-2.6312132E+1,3.8291846E+3,0.0000000E+0
11233454,29/9/2021,5:17:45 AM,-1.4081022E+1,-2.1313097E+1,3.8291846E+3,0.0000000E+0
11233455,29/9/2021,5:17:45 AM,-1.4601957E+1,-1.5347733E+1,3.8291846E+3,0.0000000E+0
11233456,29/9/2021,5:17:46 AM,-1.3612708E+1,-1.0780367E+1,3.8300774E+3,0.0000000E+0
11233457,29/9/2021,5:17:46 AM,-9.8451395E+0,-6.4123912E+0,3.8309702E+3,0.0000000E+0
11233458,29/9/2021,5:17:46 AM,-6.2301683E+0,-1.3251431E-1,3.8345413E+3,0.0000000E+0
11233459,29/9/2021,5:17:46 AM,-5.3905888E+0,6.0295620E+0,3.8345413E+3,0.0000000E+0
11233460,29/9/2021,5:17:46 AM,-3.7260346E+0,1.0139660E+1,3.8345413E+3,0.0000000E+0
11233461,29/9/2021,5:17:46 AM,-1.2660242E+0,1.4778808E+1,3.8363269E+3,0.0000000E+0
11233462,29/9/2021,5:17:46 AM,1.0703535E+0,1.8947393E+1,3.8381123E+3,0.0000000E+0
11233463,29/9/2021,5:17:46 AM,4.7615285E+0,2.2818184E+1,3.8407908E+3,0.0000000E+0
11233464,29/9/2021,5:17:46 AM,7.1641674E+0,2.5210196E+1,3.8407908E+3,0.0000000E+0
11233465,29/9/2021,5:17:46 AM,7.5509224E+0,2.6688404E+1,3.8398979E+3,0.0000000E+0
11233466,29/9/2021,5:17:47 AM,8.4217768E+0,2.7494699E+1,3.8416836E+3,0.0000000E+0
11233467,29/9/2021,5:17:47 AM,9.1268806E+0,2.7091555E+1,3.8398979E+3,0.0000000E+0
11233468,29/9/2021,5:17:47 AM,9.1663456E+0,2.5129566E+1,3.8416836E+3,0.0000000E+0
11233469,29/9/2021,5:17:47 AM,8.8348417E+0,2.0266027E+1,3.8363269E+3,0.0000000E+0
11233470,29/9/2021,5:17:47 AM,7.3430738E+0,1.6522808E+1,3.8390051E+3,0.0000000E+0
11233471,29/9/2021,5:17:47 AM,5.7144957E+0,1.2928466E+1,3.8363269E+3,0.0000000E+0
11233472,29/9/2021,5:17:47 AM,4.3574719E+0,7.5794892E+0,3.8327556E+3,0.0000000E+0
11233473,29/9/2021,5:17:47 AM,3.3354466E+0,3.3631730E+0,3.8363269E+3,0.0000000E+0
11233474,29/9/2021,5:17:47 AM,1.8166696E+0,-2.0014122E+0,3.8309702E+3,0.0000000E+0
11233475,29/9/2021,5:17:47 AM,1.2803044E+0,-7.2179275E+0,3.8345413E+3,0.0000000E+0
11233476,29/9/2021,5:17:48 AM,-2.8629351E-1,-1.1112684E+1,3.8327556E+3,0.0000000E+0
11233477,29/9/2021,5:17:48 AM,-3.1381719E+0,-1.6682320E+1,3.8291846E+3,0.0000000E+0
11233478,29/9/2021,5:17:48 AM,-4.4232302E+0,-2.1528109E+1,3.8327556E+3,0.0000000E+0
11233479,29/9/2021,5:17:48 AM,-5.7855320E+0,-2.6312132E+1,3.8309702E+3,0.0000000E+0
11233480,29/9/2021,5:17:48 AM,-8.6401491E+0,-3.1418676E+1,3.8291846E+3,0.0000000E+0
11233481,29/9/2021,5:17:48 AM,-1.0826496E+1,-3.6605850E+1,3.8300774E+3,0.0000000E+0
11233482,29/9/2021,5:17:48 AM,-1.5364943E+1,-4.2626194E+1,3.8256133E+3,0.0000000E+0
11233483,29/9/2021,5:17:48 AM,-1.8503704E+1,-4.8028378E+1,3.8256133E+3,0.0000000E+0
11233484,29/9/2021,5:17:48 AM,-2.3645609E+1,-5.0957916E+1,3.8256133E+3,0.0000000E+0
11233485,29/9/2021,5:17:48 AM,-2.7768297E+1,-5.5822578E+1,3.8238276E+3,0.0000000E+0
11233486,29/9/2021,5:17:49 AM,-3.0960054E+1,-6.0042191E+1,3.8220420E+3,0.0000000E+0
11233487,29/9/2021,5:17:49 AM,-3.5082745E+1,-6.3536140E+1,3.8184709E+3,0.0000000E+0
11233488,29/9/2021,5:17:49 AM,-4.1200279E+1,-6.5363747E+1,3.8175781E+3,0.0000000E+0
11233489,29/9/2021,5:17:49 AM,-4.4418633E+1,-6.6358177E+1,3.8175781E+3,0.0000000E+0
11233490,29/9/2021,5:17:49 AM,-4.8195549E+1,-6.4826218E+1,3.8193638E+3,0.0000000E+0
11233491,29/9/2021,5:17:49 AM,-5.2025661E+1,-6.2272945E+1,3.8175781E+3,0.0000000E+0
11233492,29/9/2021,5:17:49 AM,-5.4525871E+1,-5.8644608E+1,3.8202566E+3,0.0000000E+0
11233493,29/9/2021,5:17:49 AM,-5.7451645E+1,-5.3887463E+1,3.8202566E+3,0.0000000E+0
11233494,29/9/2021,5:17:49 AM,-5.9233711E+1,-4.8055256E+1,3.8220420E+3,0.0000000E+0
11233495,29/9/2021,5:17:49 AM,-5.7957012E+1,-4.2948711E+1,3.8238276E+3,0.0000000E+0
11233496,29/9/2021,5:17:50 AM,-5.7531441E+1,-3.8379700E+1,3.8247205E+3,0.0000000E+0
11233497,29/9/2021,5:17:50 AM,-5.5057831E+1,-3.4106331E+1,3.8256133E+3,0.0000000E+0
11233498,29/9/2021,5:17:50 AM,-5.2238441E+1,-2.9698578E+1,3.8273987E+3,0.0000000E+0
11233499,29/9/2021,5:17:50 AM,-4.9764828E+1,-2.5425207E+1,3.8273987E+3,0.0000000E+0
11233500,29/9/2021,5:17:50 AM,-4.5775131E+1,-2.2065639E+1,3.8273987E+3,0.0000000E+0
11233501,29/9/2021,5:17:50 AM,-4.2450386E+1,-1.7721807E+1,3.8282915E+3,0.0000000E+0
11233502,29/9/2021,5:17:50 AM,-4.0295948E+1,-1.4010489E+1,3.8291846E+3,0.0000000E+0
11233503,29/9/2021,5:17:50 AM,-3.6997799E+1,-1.1163197E+1,3.8291846E+3,0.0000000E+0
11233504,29/9/2021,5:17:50 AM,-3.3300678E+1,-6.8829522E+0,3.8300774E+3,0.0000000E+0
11233505,29/9/2021,5:17:50 AM,-2.9736547E+1,-2.9532838E+0,3.8309702E+3,0.0000000E+0
11233506,29/9/2021,5:17:51 AM,-2.4975508E+1,9.9985637E-2,3.8327556E+3,0.0000000E+0
11233507,29/9/2021,5:17:51 AM,-1.9608717E+1,3.3215435E+0,3.8327556E+3,0.0000000E+0
11233508,29/9/2021,5:17:51 AM,-1.4086285E+1,5.3573799E+0,3.8327556E+3,0.0000000E+0
11233509,29/9/2021,5:17:51 AM,-7.5377669E+0,7.4173183E+0,3.8354341E+3,0.0000000E+0
11233510,29/9/2021,5:17:51 AM,-2.8339100E-1,8.6561966E+0,3.8363269E+3,0.0000000E+0
11233511,29/9/2021,5:17:51 AM,6.0696783E+0,9.5202208E+0,3.8381123E+3,0.0000000E+0
11233512,29/9/2021,5:17:51 AM,1.1731554E+1,1.0339050E+1,3.8381123E+3,0.0000000E+0
11233513,29/9/2021,5:17:51 AM,1.6801458E+1,9.4962940E+0,3.8381123E+3,0.0000000E+0
11233514,29/9/2021,5:17:51 AM,2.1890142E+1,8.3026114E+0,3.8398979E+3,0.0000000E+0
11233515,29/9/2021,5:17:51 AM,2.5401077E+1,8.1351233E+0,3.8398979E+3,0.0000000E+0
11233516,29/9/2021,5:17:52 AM,2.6597984E+1,5.5776105E+0,3.8390051E+3,0.0000000E+0
11233517,29/9/2021,5:17:52 AM,2.7395924E+1,1.5418879E+0,3.8363269E+3,0.0000000E+0
11233518,29/9/2021,5:17:52 AM,2.6677778E+1,-2.2752051E+0,3.8363269E+3,0.0000000E+0
11233519,29/9/2021,5:17:52 AM,2.4177568E+1,-5.4446416E+0,3.8345413E+3,0.0000000E+0
11233520,29/9/2021,5:17:52 AM,2.2315708E+1,-8.4700985E+0,3.8345413E+3,0.0000000E+0
11233521,29/9/2021,5:17:52 AM,1.8401096E+1,-1.0113075E+1,3.8345413E+3,0.0000000E+0
11233522,29/9/2021,5:17:52 AM,1.4033665E+1,-1.3343197E+1,3.8318628E+3,0.0000000E+0
11233523,29/9/2021,5:17:52 AM,1.0166119E+1,-1.7301758E+1,3.8291846E+3,0.0000000E+0
11233524,29/9/2021,5:17:52 AM,6.2854185E+0,-1.9080320E+1,3.8309702E+3,0.0000000E+0
11233525,29/9/2021,5:17:52 AM,2.1866586E+0,-1.9758247E+1,3.8318628E+3,0.0000000E+0
11233526,29/9/2021,5:17:53 AM,-8.8447541E-1,-2.1017454E+1,3.8309702E+3,0.0000000E+0
11233527,29/9/2021,5:17:53 AM,-3.4043739E+0,-2.3731985E+1,3.8309702E+3,0.0000000E+0
11233528,29/9/2021,5:17:53 AM,-5.9828558E+0,-2.7817219E+1,3.8273987E+3,0.0000000E+0
11233529,29/9/2021,5:17:53 AM,-8.1455240E+0,-3.0101727E+1,3.8291846E+3,0.0000000E+0
11233530,29/9/2021,5:17:53 AM,-9.9766884E+0,-3.1633688E+1,3.8291846E+3,0.0000000E+0
11233531,29/9/2021,5:17:53 AM,-1.3728471E+1,-3.2574364E+1,3.8291846E+3,0.0000000E+0
11233532,29/9/2021,5:17:53 AM,-1.7480253E+1,-3.4670738E+1,3.8291846E+3,0.0000000E+0
11233533,29/9/2021,5:17:53 AM,-2.1358183E+1,-3.8003429E+1,3.8256133E+3,0.0000000E+0
11233534,29/9/2021,5:17:53 AM,-2.6730976E+1,-3.8782848E+1,3.8247205E+3,0.0000000E+0
11233535,29/9/2021,5:17:53 AM,-3.3167686E+1,-3.7707787E+1,3.8256133E+3,0.0000000E+0
11233536,29/9/2021,5:17:54 AM,-3.9285225E+1,-3.6659599E+1,3.8256133E+3,0.0000000E+0
11233537,29/9/2021,5:17:54 AM,-4.3620693E+1,-3.6686478E+1,3.8256133E+3,0.0000000E+0
11233538,29/9/2021,5:17:54 AM,-4.7184826E+1,-3.7197132E+1,3.8229348E+3,0.0000000E+0
11233539,29/9/2021,5:17:54 AM,-5.0137203E+1,-3.6793983E+1,3.8220420E+3,0.0000000E+0
11233540,29/9/2021,5:17:54 AM,-5.1201122E+1,-3.5530788E+1,3.8238276E+3,0.0000000E+0
11233541,29/9/2021,5:17:54 AM,-5.2132050E+1,-3.2144341E+1,3.8256133E+3,0.0000000E+0
11233542,29/9/2021,5:17:54 AM,-5.1413906E+1,-2.9806084E+1,3.8256133E+3,0.0000000E+0
11233543,29/9/2021,5:17:54 AM,-4.9631840E+1,-2.8247242E+1,3.8256133E+3,0.0000000E+0
11233544,29/9/2021,5:17:54 AM,-4.5509151E+1,-2.7602207E+1,3.8256133E+3,0.0000000E+0
11233545,29/9/2021,5:17:54 AM,-4.1572651E+1,-2.5532713E+1,3.8256133E+3,0.0000000E+0
11233546,29/9/2021,5:17:55 AM,-3.7902126E+1,-2.2415033E+1,3.8282915E+3,0.0000000E+0
11233547,29/9/2021,5:17:55 AM,-3.2635727E+1,-2.0399294E+1,3.8291846E+3,0.0000000E+0
11233548,29/9/2021,5:17:55 AM,-2.6863964E+1,-1.8761295E+1,3.8309702E+3,0.0000000E+0
11233549,29/9/2021,5:17:55 AM,-2.3060453E+1,-1.7333662E+1,3.8291846E+3,0.0000000E+0
11233550,29/9/2021,5:17:55 AM,-1.8706289E+1,-1.5730563E+1,3.8309702E+3,0.0000000E+0
11233551,29/9/2021,5:17:55 AM,-1.6196333E+1,-1.3571831E+1,3.8309702E+3,0.0000000E+0
11233552,29/9/2021,5:17:55 AM,-1.3578504E+1,-1.1040904E+1,3.8327556E+3,0.0000000E+0
11233553,29/9/2021,5:17:55 AM,-1.1465825E+1,-8.6694889E+0,3.8327556E+3,0.0000000E+0
11233554,29/9/2021,5:17:55 AM,-1.0187167E+1,-6.6064644E+0,3.8327556E+3,0.0000000E+0
11233555,29/9/2021,5:17:55 AM,-9.5504694E+0,-6.1810985E+0,3.8327556E+3,0.0000000E+0
11233556,29/9/2021,5:17:56 AM,-7.8692708E+0,-4.9266763E+0,3.8327556E+3,0.0000000E+0
11233557,29/9/2021,5:17:56 AM,-7.4956708E+0,-3.0941832E+0,3.8345413E+3,0.0000000E+0
11233558,29/9/2021,5:17:56 AM,-7.5640764E+0,-2.5578046E+0,3.8336484E+3,0.0000000E+0
11233559,29/9/2021,5:17:56 AM,-5.3541446E+0,-3.8002810E+0,3.8354341E+3,0.0000000E+0
11233560,29/9/2021,5:17:56 AM,-3.4550791E+0,-5.8886595E+0,3.8318628E+3,0.0000000E+0
11233561,29/9/2021,5:17:56 AM,-2.5780389E+0,-8.0154886E+0,3.8327556E+3,0.0000000E+0
11233562,29/9/2021,5:17:56 AM,-3.5595387E-1,-9.2729769E+0,3.8336484E+3,0.0000000E+0
11233563,29/9/2021,5:17:56 AM,-6.1929113E-1,-1.1710855E+1,3.8318628E+3,0.0000000E+0
11233564,29/9/2021,5:17:56 AM,-2.6333725E-1,-1.4504978E+1,3.8327556E+3,0.0000000E+0
11233565,29/9/2021,5:17:56 AM,-2.6228181E-1,-1.6762075E+1,3.8318628E+3,0.0000000E+0
11233566,29/9/2021,5:17:57 AM,-1.9347174E+0,-1.9165394E+1,3.8309702E+3,0.0000000E+0
11233567,29/9/2021,5:17:57 AM,-3.8868649E+0,-2.0318665E+1,3.8318628E+3,0.0000000E+0
11233568,29/9/2021,5:17:57 AM,-6.1801796E+0,-2.1017454E+1,3.8327556E+3,0.0000000E+0
11233569,29/9/2021,5:17:57 AM,-1.1431622E+1,-2.2415033E+1,3.8291846E+3,0.0000000E+0
11233570,29/9/2021,5:17:57 AM,-1.4609849E+1,-2.4135134E+1,3.8291846E+3,0.0000000E+0
11233571,29/9/2021,5:17:57 AM,-1.7580229E+1,-2.5586466E+1,3.8291846E+3,0.0000000E+0
11233572,29/9/2021,5:17:57 AM,-2.0267666E+1,-2.7145304E+1,3.8291846E+3,0.0000000E+0
11233573,29/9/2021,5:17:57 AM,-2.3486021E+1,-2.8166615E+1,3.8282915E+3,0.0000000E+0
11233574,29/9/2021,5:17:57 AM,-2.6757574E+1,-2.9134169E+1,3.8273987E+3,0.0000000E+0
11233575,29/9/2021,5:17:57 AM,-2.9151392E+1,-3.1499304E+1,3.8256133E+3,0.0000000E+0
11233576,29/9/2021,5:17:58 AM,-2.9284380E+1,-3.3165649E+1,3.8256133E+3,0.0000000E+0
11233577,29/9/2021,5:17:58 AM,-3.0029127E+1,-3.3058144E+1,3.8265059E+3,0.0000000E+0
11233578,29/9/2021,5:17:58 AM,-2.9603558E+1,-3.4401974E+1,3.8238276E+3,0.0000000E+0
11233579,29/9/2021,5:17:58 AM,-2.8938608E+1,-3.4267590E+1,3.8265059E+3,0.0000000E+0
11233580,29/9/2021,5:17:58 AM,-2.6996956E+1,-3.3300034E+1,3.8256133E+3,0.0000000E+0
11233581,29/9/2021,5:17:58 AM,-2.5374477E+1,-3.0800516E+1,3.8273987E+3,0.0000000E+0
11233582,29/9/2021,5:17:58 AM,-2.3113649E+1,-2.7924726E+1,3.8309702E+3,0.0000000E+0
11233583,29/9/2021,5:17:58 AM,-2.1491173E+1,-2.6580896E+1,3.8291846E+3,0.0000000E+0
11233584,29/9/2021,5:17:58 AM,-2.0693233E+1,-2.4592035E+1,3.8291846E+3,0.0000000E+0
11233585,29/9/2021,5:17:58 AM,-1.9800779E+1,-2.3731985E+1,3.8291846E+3,0.0000000E+0
11233586,29/9/2021,5:17:59 AM,-1.8979914E+1,-2.2092516E+1,3.8291846E+3,0.0000000E+0
11233587,29/9/2021,5:17:59 AM,-1.7864376E+1,-2.0291788E+1,3.8309702E+3,0.0000000E+0
11233588,29/9/2021,5:17:59 AM,-1.8935186E+1,-1.8008930E+1,3.8291846E+3,0.0000000E+0
11233589,29/9/2021,5:17:59 AM,-2.0187870E+1,-1.6977417E+1,3.8309702E+3,0.0000000E+0
11233590,29/9/2021,5:17:59 AM,-2.0613438E+1,-1.6669025E+1,3.8282915E+3,0.0000000E+0
11233591,29/9/2021,5:17:59 AM,-2.0746428E+1,-1.5337100E+1,3.8291846E+3,0.0000000E+0
11233592,29/9/2021,5:17:59 AM,-2.1358183E+1,-1.3040124E+1,3.8309702E+3,0.0000000E+0
11233593,29/9/2021,5:17:59 AM,-2.1624163E+1,-1.2317002E+1,3.8309702E+3,0.0000000E+0
11233594,29/9/2021,5:17:59 AM,-2.2422102E+1,-1.1476904E+1,3.8309702E+3,0.0000000E+0
11233595,29/9/2021,5:17:59 AM,-2.2448700E+1,-1.1596539E+1,3.8291846E+3,0.0000000E+0
11233596,29/9/2021,5:18:00 AM,-2.1650759E+1,-1.0418806E+1,3.8309702E+3,0.0000000E+0
11233597,29/9/2021,5:18:00 AM,-2.0826223E+1,-9.7355623E+0,3.8318628E+3,0.0000000E+0
11233598,29/9/2021,5:18:00 AM,-1.9445597E+1,-1.0248660E+1,3.8309702E+3,0.0000000E+0
11233599,29/9/2021,5:18:00 AM,-1.7235571E+1,-1.0506538E+1,3.8327556E+3,0.0000000E+0
11233600,29/9/2021,5:18:00 AM,-1.6675171E+1,-1.1330685E+1,3.8309702E+3,0.0000000E+0
11233601,29/9/2021,5:18:00 AM,-1.6172653E+1,-1.2428660E+1,3.8309702E+3,0.0000000E+0
11233602,29/9/2021,5:18:00 AM,-1.4541445E+1,-1.4196588E+1,3.8309702E+3,0.0000000E+0
11233603,29/9/2021,5:18:00 AM,-1.4317811E+1,-1.4621954E+1,3.8309702E+3,0.0000000E+0
11233604,29/9/2021,5:18:00 AM,-1.5164987E+1,-1.5430149E+1,3.8309702E+3,0.0000000E+0
11233605,29/9/2021,5:18:00 AM,-1.5404408E+1,-1.6924246E+1,3.8291846E+3,0.0000000E+0
11233606,29/9/2021,5:18:01 AM,-1.5599099E+1,-1.7846758E+1,3.8309702E+3,0.0000000E+0
11233607,29/9/2021,5:18:01 AM,-1.6154236E+1,-1.8147173E+1,3.8291846E+3,0.0000000E+0
11233608,29/9/2021,5:18:01 AM,-1.6383133E+1,-1.9721027E+1,3.8291846E+3,0.0000000E+0
11233609,29/9/2021,5:18:01 AM,-1.5167618E+1,-2.0963701E+1,3.8300774E+3,0.0000000E+0
11233610,29/9/2021,5:18:01 AM,-1.4057343E+1,-2.3086948E+1,3.8282915E+3,0.0000000E+0
11233611,29/9/2021,5:18:01 AM,-1.2431396E+1,-2.4860800E+1,3.8291846E+3,0.0000000E+0
11233612,29/9/2021,5:18:01 AM,-9.7925196E+0,-2.6473392E+1,3.8291846E+3,0.0000000E+0
11233613,29/9/2021,5:18:01 AM,-7.5351357E+0,-2.7575331E+1,3.8273987E+3,0.0000000E+0
11233614,29/9/2021,5:18:01 AM,-4.7337990E+0,-2.9187923E+1,3.8291846E+3,0.0000000E+0
11233615,29/9/2021,5:18:01 AM,-3.5621771E-1,-3.0585505E+1,3.8291846E+3,0.0000000E+0
11233616,29/9/2021,5:18:02 AM,2.6184444E+0,-3.0773638E+1,3.8291846E+3,0.0000000E+0
11233617,29/9/2021,5:18:02 AM,4.7345910E+0,-3.0397366E+1,3.8291846E+3,0.0000000E+0
11233618,29/9/2021,5:18:02 AM,7.2062631E+0,-3.0236107E+1,3.8309702E+3,0.0000000E+0
11233619,29/9/2021,5:18:02 AM,9.4215508E+0,-2.9752331E+1,3.8291846E+3,0.0000000E+0
11233620,29/9/2021,5:18:02 AM,9.6714945E+0,-2.8731024E+1,3.8309702E+3,0.0000000E+0
11233621,29/9/2021,5:18:02 AM,9.6504459E+0,-2.7252811E+1,3.8318628E+3,0.0000000E+0
11233622,29/9/2021,5:18:02 AM,7.9297838E+0,-2.5532713E+1,3.8309702E+3,0.0000000E+0
11233623,29/9/2021,5:18:02 AM,5.1608310E+0,-2.3167578E+1,3.8309702E+3,0.0000000E+0
11233624,29/9/2021,5:18:02 AM,2.9123757E+0,-2.1608738E+1,3.8309702E+3,0.0000000E+0
11233625,29/9/2021,5:18:02 AM,5.2034175E-1,-1.9300980E+1,3.8309702E+3,0.0000000E+0
11233626,29/9/2021,5:18:03 AM,-2.4338460E+0,-1.6355320E+1,3.8318628E+3,0.0000000E+0
11233627,29/9/2021,5:18:03 AM,-6.7484722E+0,-1.4047709E+1,3.8300774E+3,0.0000000E+0
11233628,29/9/2021,5:18:03 AM,-1.0926473E+1,-1.1652368E+1,3.8309702E+3,0.0000000E+0
11233629,29/9/2021,5:18:03 AM,-1.2960223E+1,-8.2707081E+0,3.8318628E+3,0.0000000E+0
11233630,29/9/2021,5:18:03 AM,-1.5236023E+1,-4.6793017E+0,3.8327556E+3,0.0000000E+0
11233631,29/9/2021,5:18:03 AM,-1.7498671E+1,-1.2435548E+0,3.8345413E+3,0.0000000E+0
11233632,29/9/2021,5:18:03 AM,-2.0879417E+1,1.0951728E+0,3.8327556E+3,0.0000000E+0
11233633,29/9/2021,5:18:03 AM,-2.3645609E+1,2.3104303E+0,3.8327556E+3,0.0000000E+0
11233634,29/9/2021,5:18:03 AM,-2.6411798E+1,4.9226732E+0,3.8345413E+3,0.0000000E+0
11233635,29/9/2021,5:18:03 AM,-2.9098196E+1,6.3140249E+0,3.8354341E+3,0.0000000E+0
11233636,29/9/2021,5:18:04 AM,-3.2609131E+1,6.4496107E+0,3.8345413E+3,0.0000000E+0
11233637,29/9/2021,5:18:04 AM,-3.7316975E+1,5.0491624E+0,3.8327556E+3,0.0000000E+0
11233638,29/9/2021,5:18:04 AM,-4.1599251E+1,2.4105008E+0,3.8291846E+3,0.0000000E+0
11233639,29/9/2021,5:18:04 AM,-4.4418633E+1,4.6846610E-1,3.8318628E+3,0.0000000E+0
11233640,29/9/2021,5:18:04 AM,-4.7610394E+1,-4.2233935E-1,3.8327556E+3,0.0000000E+0
11233641,29/9/2021,5:18:04 AM,-5.0084003E+1,-4.4271235E+0,3.8291846E+3,0.0000000E+0
11233642,29/9/2021,5:18:04 AM,-5.1440506E+1,-9.4723673E+0,3.8282915E+3,0.0000000E+0
11233643,29/9/2021,5:18:04 AM,-5.2584221E+1,-1.3585125E+1,3.8282915E+3,0.0000000E+0
11233644,29/9/2021,5:18:04 AM,-5.3515148E+1,-1.8192368E+1,3.8256133E+3,0.0000000E+0
11233645,29/9/2021,5:18:04 AM,-5.3195969E+1,-2.2253777E+1,3.8273987E+3,0.0000000E+0
11233646,29/9/2021,5:18:05 AM,-5.2876793E+1,-2.6688404E+1,3.8256133E+3,0.0000000E+0
11233647,29/9/2021,5:18:05 AM,-5.1573490E+1,-3.0881145E+1,3.8256133E+3,0.0000000E+0
11233648,29/9/2021,5:18:05 AM,-4.9951015E+1,-3.4643860E+1,3.8238276E+3,0.0000000E+0
11233649,29/9/2021,5:18:05 AM,-4.6812454E+1,-3.7680912E+1,3.8256133E+3,0.0000000E+0
11233650,29/9/2021,5:18:05 AM,-4.3673893E+1,-4.0314812E+1,3.8247205E+3,0.0000000E+0
11233651,29/9/2021,5:18:05 AM,-3.9684193E+1,-4.3647503E+1,3.8238276E+3,0.0000000E+0
11233652,29/9/2021,5:18:05 AM,-3.6332848E+1,-4.6012638E+1,3.8247205E+3,0.0000000E+0
11233653,29/9/2021,5:18:05 AM,-3.1412222E+1,-4.8324020E+1,3.8238276E+3,0.0000000E+0
11233654,29/9/2021,5:18:05 AM,-2.6571386E+1,-5.0339760E+1,3.8256133E+3,0.0000000E+0
11233655,29/9/2021,5:18:05 AM,-2.2289112E+1,-5.2946785E+1,3.8238276E+3,0.0000000E+0
11233656,29/9/2021,5:18:06 AM,-1.6951424E+1,-5.5634438E+1,3.8265059E+3,0.0000000E+0
11233657,29/9/2021,5:18:06 AM,-1.1592112E+1,-5.8268337E+1,3.8229348E+3,0.0000000E+0
11233658,29/9/2021,5:18:06 AM,-9.0795231E+0,-6.0472214E+1,3.8220420E+3,0.0000000E+0
11233659,29/9/2021,5:18:06 AM,-4.0770087E+0,-6.1332264E+1,3.8238276E+3,0.0000000E+0
11233660,29/9/2021,5:18:06 AM,6.4752465E-1,-5.9101513E+1,3.8256133E+3,0.0000000E+0
11233661,29/9/2021,5:18:06 AM,2.9931870E+0,-5.6870762E+1,3.8265059E+3,0.0000000E+0
11233662,29/9/2021,5:18:06 AM,5.7118645E+0,-5.4774387E+1,3.8247205E+3,0.0000000E+0
11233663,29/9/2021,5:18:06 AM,8.5927906E+0,-5.1495453E+1,3.8265059E+3,0.0000000E+0
11233664,29/9/2021,5:18:06 AM,9.1374044E+0,-4.7302711E+1,3.8256133E+3,0.0000000E+0
11233665,29/9/2021,5:18:06 AM,1.1484241E+1,-4.1524258E+1,3.8300774E+3,0.0000000E+0
11233666,29/9/2021,5:18:07 AM,1.2565577E+1,-3.6525219E+1,3.8291846E+3,0.0000000E+0
11233667,29/9/2021,5:18:07 AM,1.2849723E+1,-3.0934896E+1,3.8300774E+3,0.0000000E+0
11233668,29/9/2021,5:18:07 AM,1.3352240E+1,-2.5048935E+1,3.8318628E+3,0.0000000E+0
11233669,29/9/2021,5:18:07 AM,1.2726066E+1,-1.9513662E+1,3.8309702E+3,0.0000000E+0
11233670,29/9/2021,5:18:07 AM,1.1242191E+1,-1.4167343E+1,3.8318628E+3,0.0000000E+0
11233671,29/9/2021,5:18:07 AM,1.0952783E+1,-8.3797083E+0,3.8345413E+3,0.0000000E+0
11233672,29/9/2021,5:18:07 AM,8.8059006E+0,-2.2127614E+0,3.8345413E+3,0.0000000E+0
11233673,29/9/2021,5:18:07 AM,5.9433908E+0,2.4985628E+0,3.8354341E+3,0.0000000E+0
11233674,29/9/2021,5:18:07 AM,3.3203936E+0,7.0344887E+0,3.8345413E+3,0.0000000E+0
11233675,29/9/2021,5:18:07 AM,-4.5754188E-1,1.2266490E+1,3.8345413E+3,0.0000000E+0
11233676,29/9/2021,5:18:08 AM,-4.4652200E+0,1.7416077E+1,3.8363269E+3,0.0000000E+0
11233677,29/9/2021,5:18:08 AM,-9.1717129E+0,2.3544079E+1,3.8390051E+3,0.0000000E+0
11233678,29/9/2021,5:18:08 AM,-1.4502147E+1,2.7924997E+1,3.8381123E+3,0.0000000E+0
11233679,29/9/2021,5:18:08 AM,-1.9035383E+1,3.1795258E+1,3.8363269E+3,0.0000000E+0
11233680,29/9/2021,5:18:08 AM,-2.3459652E+1,3.5396751E+1,3.8398979E+3,0.0000000E+0
11233681,29/9/2021,5:18:08 AM,-2.6279064E+1,3.5773022E+1,3.8363269E+3,0.0000000E+0
11233682,29/9/2021,5:18:08 AM,-2.8513317E+1,3.6606205E+1,3.8398979E+3,0.0000000E+0
11233683,29/9/2021,5:18:08 AM,-2.8965488E+1,3.4778584E+1,3.8381123E+3,0.0000000E+0
11233684,29/9/2021,5:18:08 AM,-2.9284666E+1,2.9376345E+1,3.8327556E+3,0.0000000E+0
11233685,29/9/2021,5:18:08 AM,-2.8779299E+1,2.4565397E+1,3.8345413E+3,0.0000000E+0
11233686,29/9/2021,5:18:09 AM,-2.6039682E+1,2.0614508E+1,3.8345413E+3,0.0000000E+0
11233687,29/9/2021,5:18:09 AM,-2.2661705E+1,1.5347910E+1,3.8363269E+3,0.0000000E+0
11233688,29/9/2021,5:18:09 AM,-2.0773230E+1,8.7254190E+0,3.8327556E+3,0.0000000E+0
11233689,29/9/2021,5:18:09 AM,-1.9090633E+1,2.3960881E+0,3.8309702E+3,0.0000000E+0
11233690,29/9/2021,5:18:09 AM,-1.8222399E+1,-1.8308899E+0,3.8318628E+3,0.0000000E+0
11233691,29/9/2021,5:18:09 AM,-1.7296284E+1,-5.3309555E+0,3.8318628E+3,0.0000000E+0
11233692,29/9/2021,5:18:09 AM,-1.7443619E+1,-9.0444469E+0,3.8327556E+3,0.0000000E+0
11233693,29/9/2021,5:18:09 AM,-1.7675148E+1,-1.3024323E+1,3.8318628E+3,0.0000000E+0
11233694,29/9/2021,5:18:09 AM,-1.7972452E+1,-1.8229797E+1,3.8309702E+3,0.0000000E+0
11233695,29/9/2021,5:18:09 AM,-1.9124838E+1,-2.3355942E+1,3.8282915E+3,0.0000000E+0
11233696,29/9/2021,5:18:10 AM,-1.9464237E+1,-2.9026945E+1,3.8291846E+3,0.0000000E+0
11233697,29/9/2021,5:18:10 AM,-1.7911940E+1,-3.4617321E+1,3.8300774E+3,0.0000000E+0
11233698,29/9/2021,5:18:10 AM,-1.6485929E+1,-4.1874058E+1,3.8273987E+3,0.0000000E+0
11233699,29/9/2021,5:18:10 AM,-1.4118018E+1,-5.0098358E+1,3.8256133E+3,0.0000000E+0
11233700,29/9/2021,5:18:10 AM,-1.0895026E+1,-5.8268906E+1,3.8229348E+3,0.0000000E+0
11233701,29/9/2021,5:18:10 AM,-8.2771683E+0,-6.6009430E+1,3.8220420E+3,0.0000000E+0
11233702,29/9/2021,5:18:10 AM,-5.0641689E+0,-7.2755501E+1,3.8220420E+3,0.0000000E+0
11233703,29/9/2021,5:18:10 AM,-2.5653598E+0,-7.7163300E+1,3.8202566E+3,0.0000000E+0
11233704,29/9/2021,5:18:10 AM,-2.9171262E+0,-8.0415390E+1,3.8202566E+3,0.0000000E+0
11233705,29/9/2021,5:18:10 AM,-3.4558678E+0,-8.2888062E+1,3.8184709E+3,0.0000000E+0
11233706,29/9/2021,5:18:11 AM,-5.0419855E+0,-8.2108627E+1,3.8184709E+3,0.0000000E+0
11233707,29/9/2021,5:18:11 AM,-8.5744724E+0,-7.8560890E+1,3.8193638E+3,0.0000000E+0
11233708,29/9/2021,5:18:11 AM,-1.1984266E+1,-7.1787933E+1,3.8247205E+3,0.0000000E+0
11233709,29/9/2021,5:18:11 AM,-1.6312284E+1,-6.4692467E+1,3.8238276E+3,0.0000000E+0
11233710,29/9/2021,5:18:11 AM,-2.0959417E+1,-5.9424610E+1,3.8220420E+3,0.0000000E+0
11233711,29/9/2021,5:18:11 AM,-2.4257599E+1,-5.3081680E+1,3.8247205E+3,0.0000000E+0
11233712,29/9/2021,5:18:11 AM,-2.6864227E+1,-4.5878700E+1,3.8256133E+3,0.0000000E+0
11233713,29/9/2021,5:18:11 AM,-2.9630444E+1,-3.9051994E+1,3.8291846E+3,0.0000000E+0
11233714,29/9/2021,5:18:11 AM,-3.1492321E+1,-3.4321678E+1,3.8273987E+3,0.0000000E+0
11233715,29/9/2021,5:18:11 AM,-3.1572117E+1,-3.0639555E+1,3.8282915E+3,0.0000000E+0
11233716,29/9/2021,5:18:12 AM,-3.1971090E+1,-2.7817492E+1,3.8256133E+3,0.0000000E+0
11233717,29/9/2021,5:18:12 AM,-3.4125549E+1,-2.3194681E+1,3.8273987E+3,0.0000000E+0
11233718,29/9/2021,5:18:12 AM,-3.6067219E+1,-1.7068005E+1,3.8282915E+3,0.0000000E+0
11233719,29/9/2021,5:18:12 AM,-3.8088684E+1,-1.1205862E+1,3.8309702E+3,0.0000000E+0
11233720,29/9/2021,5:18:12 AM,-4.0854904E+1,-4.9426823E+0,3.8300774E+3,0.0000000E+0
11233721,29/9/2021,5:18:12 AM,-4.3275345E+1,2.7035874E-1,3.8291846E+3,0.0000000E+0
11233722,29/9/2021,5:18:12 AM,-4.7211884E+1,6.9202514E+0,3.8291846E+3,0.0000000E+0
11233723,29/9/2021,5:18:12 AM,-4.9898308E+1,1.5390447E+1,3.8345413E+3,0.0000000E+0
11233724,29/9/2021,5:18:12 AM,-5.2398540E+1,2.2469006E+1,3.8354341E+3,0.0000000E+0
11233725,29/9/2021,5:18:12 AM,-5.3169888E+1,2.7494968E+1,3.8363269E+3,0.0000000E+0
11233726,29/9/2021,5:18:13 AM,-5.0802647E+1,3.0263281E+1,3.8363269E+3,0.0000000E+0
11233727,29/9/2021,5:18:13 AM,-4.7664055E+1,3.1203966E+1,3.8354341E+3,0.0000000E+0
11233728,29/9/2021,5:18:13 AM,-4.1865639E+1,3.0343910E+1,3.8381123E+3,0.0000000E+0
11233729,29/9/2021,5:18:13 AM,-3.4604317E+1,2.8731300E+1,3.8390051E+3,0.0000000E+0
11233730,29/9/2021,5:18:13 AM,-2.7023815E+1,2.5183563E+1,3.8390051E+3,0.0000000E+0
11233731,29/9/2021,5:18:13 AM,-1.9414249E+1,1.7410959E+1,3.8345413E+3,0.0000000E+0
11233732,29/9/2021,5:18:13 AM,-1.0339883E+1,8.1671190E+0,3.8318628E+3,0.0000000E+0
11233733,29/9/2021,5:18:13 AM,-2.1470430E+0,2.2279696E+0,3.8345413E+3,0.0000000E+0
11233734,29/9/2021,5:18:13 AM,2.1335745E+0,-2.3120289E+0,3.8345413E+3,0.0000000E+0
11233735,29/9/2021,5:18:13 AM,5.9145184E+0,-7.4253788E+0,3.8327556E+3,0.0000000E+0
11233736,29/9/2021,5:18:14 AM,7.0274372E+0,-1.2080530E+1,3.8318628E+3,0.0000000E+0
11233737,29/9/2021,5:18:14 AM,7.0800571E+0,-1.5435643E+1,3.8291846E+3,0.0000000E+0
11233738,29/9/2021,5:18:14 AM,7.8483129E+0,-1.7551863E+1,3.8327556E+3,0.0000000E+0
11233739,29/9/2021,5:18:14 AM,6.4986033E+0,-2.0032305E+1,3.8318628E+3,0.0000000E+0
11233740,29/9/2021,5:18:14 AM,6.3670526E+0,-2.3248434E+1,3.8318628E+3,0.0000000E+0
11233741,29/9/2021,5:18:14 AM,6.8985171E+0,-2.6258636E+1,3.8318628E+3,0.0000000E+0
11233742,29/9/2021,5:18:14 AM,8.5297451E+0,-3.0773939E+1,3.8291846E+3,0.0000000E+0
11233743,29/9/2021,5:18:14 AM,1.2610447E+1,-3.5988037E+1,3.8291846E+3,0.0000000E+0
11233744,29/9/2021,5:18:14 AM,1.7033180E+1,-4.0557095E+1,3.8291846E+3,0.0000000E+0
11233745,29/9/2021,5:18:14 AM,1.9729971E+1,-4.3621052E+1,3.8282915E+3,0.0000000E+0
11233746,29/9/2021,5:18:15 AM,2.2448917E+1,-4.7249416E+1,3.8291846E+3,0.0000000E+0
11233747,29/9/2021,5:18:15 AM,2.4550179E+1,-5.0582142E+1,3.8273987E+3,0.0000000E+0
11233748,29/9/2021,5:18:15 AM,2.5853495E+1,-5.3162312E+1,3.8273987E+3,0.0000000E+0
11233749,29/9/2021,5:18:15 AM,2.3699036E+1,-5.3027927E+1,3.8265059E+3,0.0000000E+0
11233750,29/9/2021,5:18:15 AM,1.9422140E+1,-5.0797157E+1,3.8273987E+3,0.0000000E+0
11233751,29/9/2021,5:18:15 AM,1.3933847E+1,-4.7518185E+1,3.8273987E+3,0.0000000E+0
11233752,29/9/2021,5:18:15 AM,7.0300674E+0,-4.3083515E+1,3.8291846E+3,0.0000000E+0
11233753,29/9/2021,5:18:15 AM,-9.8236042E-1,-3.7305004E+1,3.8291846E+3,0.0000000E+0
11233754,29/9/2021,5:18:15 AM,-1.1731688E+1,-3.1822134E+1,3.8282915E+3,0.0000000E+0
11233755,29/9/2021,5:18:15 AM,-2.1890356E+1,-2.6581156E+1,3.8282915E+3,0.0000000E+0
11233756,29/9/2021,5:18:16 AM,-2.9630444E+1,-2.1447687E+1,3.8291846E+3,0.0000000E+0
11233757,29/9/2021,5:18:16 AM,-3.8168480E+1,-1.7248787E+1,3.8291846E+3,0.0000000E+0
11233758,29/9/2021,5:18:16 AM,-4.4498863E+1,-1.5060785E+1,3.8273987E+3,0.0000000E+0
11233759,29/9/2021,5:18:16 AM,-4.8834373E+1,-1.4763025E+1,3.8291846E+3,0.0000000E+0
11233760,29/9/2021,5:18:16 AM,-5.3036896E+1,-1.3284862E+1,3.8256133E+3,0.0000000E+0
11233761,29/9/2021,5:18:16 AM,-5.3888042E+1,-1.3024323E+1,3.8291846E+3,0.0000000E+0
11233762,29/9/2021,5:18:16 AM,-5.3435871E+1,-1.3524133E+1,3.8256133E+3,0.0000000E+0
11233763,29/9/2021,5:18:16 AM,-5.2584728E+1,-1.3978748E+1,3.8273987E+3,0.0000000E+0
11233764,29/9/2021,5:18:16 AM,-5.1999569E+1,-1.3752770E+1,3.8273987E+3,0.0000000E+0
11233765,29/9/2021,5:18:16 AM,-5.3196487E+1,-1.2455388E+1,3.8273987E+3,0.0000000E+0
11233766,29/9/2021,5:18:17 AM,-5.2425137E+1,-1.1346766E+1,3.8291846E+3,0.0000000E+0
11233767,29/9/2021,5:18:17 AM,-4.9579128E+1,-1.0743271E+1,3.8291846E+3,0.0000000E+0
11233768,29/9/2021,5:18:17 AM,-5.0270683E+1,-9.7915039E+0,3.8291846E+3,0.0000000E+0
11233769,29/9/2021,5:18:17 AM,-5.0882442E+1,-9.9696283E+0,3.8282915E+3,0.0000000E+0
11233770,29/9/2021,5:18:17 AM,-4.9898308E+1,-9.6745272E+0,3.8291846E+3,0.0000000E+0
11233771,29/9/2021,5:18:17 AM,-4.6387341E+1,-1.1123446E+1,3.8291846E+3,0.0000000E+0
11233772,29/9/2021,5:18:17 AM,-4.3754112E+1,-1.2537805E+1,3.8291846E+3,0.0000000E+0
11233773,29/9/2021,5:18:17 AM,-3.9551590E+1,-1.6126869E+1,3.8273987E+3,0.0000000E+0
11233774,29/9/2021,5:18:17 AM,-3.4604317E+1,-1.9692009E+1,3.8256133E+3,0.0000000E+0
11233775,29/9/2021,5:18:17 AM,-2.8566513E+1,-2.1608950E+1,3.8273987E+3,0.0000000E+0
11233776,29/9/2021,5:18:18 AM,-2.1704168E+1,-2.3006542E+1,3.8273987E+3,0.0000000E+0
11233777,29/9/2021,5:18:18 AM,-1.4217996E+1,-2.4565397E+1,3.8291846E+3,0.0000000E+0
11233778,29/9/2021,5:18:18 AM,-6.9853401E+0,-2.6285515E+1,3.8291846E+3,0.0000000E+0
11233779,29/9/2021,5:18:18 AM,-1.0422572E+0,-2.7011185E+1,3.8273987E+3,0.0000000E+0
11233780,29/9/2021,5:18:18 AM,4.3123078E+0,-2.5049179E+1,3.8318628E+3,0.0000000E+0
11233781,29/9/2021,5:18:18 AM,8.8849325E+0,-2.3114050E+1,3.8309702E+3,0.0000000E+0
11233782,29/9/2021,5:18:18 AM,1.2457849E+1,-2.1259550E+1,3.8354341E+3,0.0000000E+0
11233783,29/9/2021,5:18:18 AM,1.6764816E+1,-2.0058891E+1,3.8336484E+3,0.0000000E+0
11233784,29/9/2021,5:18:18 AM,1.8990656E+1,-1.9160295E+1,3.8327556E+3,0.0000000E+0
11233785,29/9/2021,5:18:18 AM,1.9693134E+1,-1.7480080E+1,3.8327556E+3,0.0000000E+0
11233786,29/9/2021,5:18:19 AM,2.1092407E+1,-1.5908868E+1,3.8345413E+3,0.0000000E+0
11233787,29/9/2021,5:18:19 AM,2.2023348E+1,-1.5486156E+1,3.8345413E+3,0.0000000E+0
11233788,29/9/2021,5:18:19 AM,2.3353258E+1,-1.5510083E+1,3.8327556E+3,0.0000000E+0
11233789,29/9/2021,5:18:19 AM,2.4071411E+1,-1.5797208E+1,3.8336484E+3,0.0000000E+0
11233790,29/9/2021,5:18:19 AM,2.2156338E+1,-1.5592498E+1,3.8309702E+3,0.0000000E+0
11233791,29/9/2021,5:18:19 AM,2.0427187E+1,-1.4709853E+1,3.8327556E+3,0.0000000E+0
11233792,29/9/2021,5:18:19 AM,1.8385523E+1,-1.2673390E+1,3.8336484E+3,0.0000000E+0
11233793,29/9/2021,5:18:19 AM,1.4978359E+1,-1.0618319E+1,3.8327556E+3,0.0000000E+0
11233794,29/9/2021,5:18:19 AM,1.1331775E+1,-8.8636646E+0,3.8327556E+3,0.0000000E+0
11233795,29/9/2021,5:18:19 AM,6.1934056E+0,-5.9817767E+0,3.8327556E+3,0.0000000E+0
11233796,29/9/2021,5:18:20 AM,2.1510043E+0,-2.4833496E+0,3.8363269E+3,0.0000000E+0
11233797,29/9/2021,5:18:20 AM,-2.4362204E+0,5.4844964E-1,3.8372195E+3,0.0000000E+0
11233798,29/9/2021,5:18:20 AM,-7.4904952E+0,1.5538948E+0,3.8363269E+3,0.0000000E+0
11233799,29/9/2021,5:18:20 AM,-1.2802512E+1,2.0396887E-1,3.8327556E+3,0.0000000E+0
11233800,29/9/2021,5:18:20 AM,-1.7106850E+1,-2.2255681E+0,3.8327556E+3,0.0000000E+0
11233801,29/9/2021,5:18:20 AM,-1.9948343E+1,-3.9571879E+0,3.8345413E+3,0.0000000E+0
11233802,29/9/2021,5:18:20 AM,-2.3220268E+1,-7.0505209E+0,3.8327556E+3,0.0000000E+0
11233803,29/9/2021,5:18:20 AM,-2.5481119E+1,-1.3183836E+1,3.8309702E+3,0.0000000E+0
11233804,29/9/2021,5:18:20 AM,-2.8593111E+1,-1.8612631E+1,3.8273987E+3,0.0000000E+0
11233805,29/9/2021,5:18:20 AM,-3.1838099E+1,-2.2925913E+1,3.8291846E+3,0.0000000E+0
11233806,29/9/2021,5:18:21 AM,-3.4896896E+1,-2.7494968E+1,3.8256133E+3,0.0000000E+0
11233807,29/9/2021,5:18:21 AM,-3.8594051E+1,-3.1069582E+1,3.8273987E+3,0.0000000E+0
11233808,29/9/2021,5:18:21 AM,-4.2131618E+1,-3.4751705E+1,3.8247205E+3,0.0000000E+0
11233809,29/9/2021,5:18:21 AM,-4.5110622E+1,-3.7842541E+1,3.8229348E+3,0.0000000E+0
11233810,29/9/2021,5:18:21 AM,-4.9658920E+1,-3.9670162E+1,3.8220420E+3,0.0000000E+0
11233811,29/9/2021,5:18:21 AM,-5.3329479E+1,-4.1014000E+1,3.8220420E+3,0.0000000E+0
11233812,29/9/2021,5:18:21 AM,-5.6813847E+1,-4.1067753E+1,3.8238276E+3,0.0000000E+0
11233813,29/9/2021,5:18:21 AM,-5.9287487E+1,-4.0933369E+1,3.8229348E+3,0.0000000E+0
11233814,29/9/2021,5:18:21 AM,-6.2027103E+1,-4.0691479E+1,3.8238276E+3,0.0000000E+0
11233815,29/9/2021,5:18:21 AM,-6.3117634E+1,-4.0987122E+1,3.8220420E+3,0.0000000E+0
11233816,29/9/2021,5:18:22 AM,-6.2638863E+1,-4.1954689E+1,3.8220420E+3,0.0000000E+0
11233817,29/9/2021,5:18:22 AM,-5.8835316E+1,-4.1766552E+1,3.8238276E+3,0.0000000E+0
11233818,29/9/2021,5:18:22 AM,-5.5350948E+1,-3.9858299E+1,3.8256133E+3,0.0000000E+0
11233819,29/9/2021,5:18:22 AM,-5.1095230E+1,-4.0127068E+1,3.8238276E+3,0.0000000E+0
11233820,29/9/2021,5:18:22 AM,-4.7903439E+1,-4.0234573E+1,3.8238276E+3,0.0000000E+0
11233821,29/9/2021,5:18:22 AM,-4.2849770E+1,-4.0073315E+1,3.8273987E+3,0.0000000E+0
11233822,29/9/2021,5:18:22 AM,-4.0110153E+1,-3.9105747E+1,3.8256133E+3,0.0000000E+0
11233823,29/9/2021,5:18:22 AM,-3.8700447E+1,-3.8514458E+1,3.8247205E+3,0.0000000E+0
11233824,29/9/2021,5:18:22 AM,-3.8860035E+1,-3.6713711E+1,3.8238276E+3,0.0000000E+0
11233825,29/9/2021,5:18:22 AM,-3.8860035E+1,-3.3918526E+1,3.8247205E+3,0.0000000E+0
11233826,29/9/2021,5:18:23 AM,-3.8274872E+1,-3.0854570E+1,3.8256133E+3,0.0000000E+0
11233827,29/9/2021,5:18:23 AM,-3.7264141E+1,-2.7199324E+1,3.8256133E+3,0.0000000E+0
11233828,29/9/2021,5:18:23 AM,-3.6599186E+1,-2.3087173E+1,3.8282915E+3,0.0000000E+0
11233829,29/9/2021,5:18:23 AM,-3.4045753E+1,-1.9455397E+1,3.8273987E+3,0.0000000E+0
11233830,29/9/2021,5:18:23 AM,-3.0215607E+1,-1.6437923E+1,3.8282915E+3,0.0000000E+0
11233831,29/9/2021,5:18:23 AM,-2.4044813E+1,-1.3300814E+1,3.8291846E+3,0.0000000E+0
11233832,29/9/2021,5:18:23 AM,-1.7869843E+1,-1.0511975E+1,3.8309702E+3,0.0000000E+0
11233833,29/9/2021,5:18:23 AM,-9.6242466E+0,-9.6585760E+0,3.8327556E+3,0.0000000E+0
11233834,29/9/2021,5:18:23 AM,-5.1585138E-1,-8.7785902E+0,3.8327556E+3,0.0000000E+0
11233835,29/9/2021,5:18:23 AM,7.3668375E+0,-7.5343800E+0,3.8345413E+3,0.0000000E+0
11233836,29/9/2021,5:18:24 AM,1.4962573E+1,-8.6430025E+0,3.8345413E+3,0.0000000E+0
11233837,29/9/2021,5:18:24 AM,2.2741499E+1,-8.9965925E+0,3.8363269E+3,0.0000000E+0
11233838,29/9/2021,5:18:24 AM,2.8007952E+1,-8.5180502E+0,3.8363269E+3,0.0000000E+0
11233839,29/9/2021,5:18:24 AM,3.0614580E+1,-8.5233679E+0,3.8363269E+3,0.0000000E+0
11233840,29/9/2021,5:18:24 AM,3.3061615E+1,-8.3718290E+0,3.8363269E+3,0.0000000E+0
11233841,29/9/2021,5:18:24 AM,3.3327599E+1,-8.1485090E+0,3.8363269E+3,0.0000000E+0
11233842,29/9/2021,5:18:24 AM,3.2210476E+1,-8.3532190E+0,3.8363269E+3,0.0000000E+0
11233843,29/9/2021,5:18:24 AM,3.1279535E+1,-8.3691702E+0,3.8327556E+3,0.0000000E+0
11233844,29/9/2021,5:18:24 AM,2.8140944E+1,-6.8325186E+0,3.8363269E+3,0.0000000E+0
11233845,29/9/2021,5:18:24 AM,2.6199270E+1,-6.5081730E+0,3.8327556E+3,0.0000000E+0
11233846,29/9/2021,5:18:25 AM,2.4709768E+1,-6.4071474E+0,3.8336484E+3,0.0000000E+0
11233847,29/9/2021,5:18:25 AM,2.3326660E+1,-6.2369995E+0,3.8327556E+3,0.0000000E+0
11233848,29/9/2021,5:18:25 AM,2.2422319E+1,-5.7664328E+0,3.8327556E+3,0.0000000E+0
11233849,29/9/2021,5:18:25 AM,2.1757364E+1,-5.1051965E+0,3.8336484E+3,0.0000000E+0
11233850,29/9/2021,5:18:25 AM,2.0403509E+1,-4.7737632E+0,3.8327556E+3,0.0000000E+0
11233851,29/9/2021,5:18:25 AM,2.0853024E+1,-4.2590008E+0,3.8363269E+3,0.0000000E+0
11233852,29/9/2021,5:18:25 AM,2.0746632E+1,-3.6121447E+0,3.8327556E+3,0.0000000E+0
11233853,29/9/2021,5:18:25 AM,2.0640238E+1,-1.9189519E+0,3.8363269E+3,0.0000000E+0
11233854,29/9/2021,5:18:25 AM,1.9919403E+1,-5.8311099E-1,3.8381123E+3,0.0000000E+0
11233855,29/9/2021,5:18:25 AM,1.8393414E+1,-8.9479679E-1,3.8363269E+3,0.0000000E+0
11233856,29/9/2021,5:18:26 AM,1.3812821E+1,-9.2252582E-2,3.8363269E+3,0.0000000E+0
11233857,29/9/2021,5:18:26 AM,7.0063891E+0,-2.7729100E-2,3.8327556E+3,0.0000000E+0
11233858,29/9/2021,5:18:26 AM,2.7935326E+0,-7.7294868E-1,3.8381123E+3,0.0000000E+0
11233859,29/9/2021,5:18:26 AM,-2.7935326E+0,-1.4691091E+0,3.8336484E+3,0.0000000E+0
11233860,29/9/2021,5:18:26 AM,-1.1907967E+1,-2.5594032E+0,3.8327556E+3,0.0000000E+0
11233861,29/9/2021,5:18:26 AM,-2.1624372E+1,-3.9083538E+0,3.8327556E+3,0.0000000E+0
11233862,29/9/2021,5:18:26 AM,-3.1811501E+1,-5.7026272E+0,3.8282915E+3,0.0000000E+0
11233863,29/9/2021,5:18:26 AM,-3.9657986E+1,-6.4417090E+0,3.8309702E+3,0.0000000E+0
11233864,29/9/2021,5:18:26 AM,-4.6094757E+1,-8.9487381E+0,3.8273987E+3,0.0000000E+0
11233865,29/9/2021,5:18:26 AM,-5.2691120E+1,-1.2218776E+1,3.8273987E+3,0.0000000E+0
11233866,29/9/2021,5:18:27 AM,-5.8861916E+1,-1.5286763E+1,3.8247205E+3,0.0000000E+0
11233867,29/9/2021,5:18:27 AM,-6.4607140E+1,-1.7429569E+1,3.8256133E+3,0.0000000E+0
11233868,29/9/2021,5:18:27 AM,-6.7399948E+1,-1.9436787E+1,3.8273987E+3,0.0000000E+0
11233869,29/9/2021,5:18:27 AM,-6.9235229E+1,-2.3436573E+1,3.8256133E+3,0.0000000E+0
11233870,29/9/2021,5:18:27 AM,-6.9554413E+1,-2.8140013E+1,3.8256133E+3,0.0000000E+0
11233871,29/9/2021,5:18:27 AM,-6.9687401E+1,-3.1795258E+1,3.8238276E+3,0.0000000E+0
11233872,29/9/2021,5:18:27 AM,-7.1309891E+1,-3.5208611E+1,3.8238276E+3,0.0000000E+0
11233873,29/9/2021,5:18:27 AM,-6.9049042E+1,-3.8541332E+1,3.8256133E+3,0.0000000E+0
11233874,29/9/2021,5:18:27 AM,-6.8410683E+1,-4.1040878E+1,3.8247205E+3,0.0000000E+0
11233875,29/9/2021,5:18:27 AM,-6.7772324E+1,-4.5475548E+1,3.8220420E+3,0.0000000E+0
11233876,29/9/2021,5:18:28 AM,-6.6469009E+1,-4.9211426E+1,3.8220420E+3,0.0000000E+0
11233877,29/9/2021,5:18:28 AM,-6.7054176E+1,-5.2732288E+1,3.8202566E+3,0.0000000E+0
11233878,29/9/2021,5:18:28 AM,-6.4899719E+1,-5.3941742E+1,3.8211492E+3,0.0000000E+0
11233879,29/9/2021,5:18:28 AM,-6.3490009E+1,-5.3807358E+1,3.8220420E+3,0.0000000E+0
11233880,29/9/2021,5:18:28 AM,-6.0617401E+1,-5.5204952E+1,3.8184709E+3,0.0000000E+0
11233881,29/9/2021,5:18:28 AM,-5.6627666E+1,-5.6495041E+1,3.8184709E+3,0.0000000E+0
11233882,29/9/2021,5:18:28 AM,-5.4792385E+1,-5.5500599E+1,3.8184709E+3,0.0000000E+0
11233883,29/9/2021,5:18:28 AM,-4.9871708E+1,-5.3189190E+1,3.8220420E+3,0.0000000E+0
11233884,29/9/2021,5:18:28 AM,-4.3594524E+1,-5.1737846E+1,3.8247205E+3,0.0000000E+0
11233885,29/9/2021,5:18:28 AM,-3.6386398E+1,-5.0582142E+1,3.8220420E+3,0.0000000E+0
11233886,29/9/2021,5:18:29 AM,-2.8672907E+1,-4.9318932E+1,3.8220420E+3,0.0000000E+0
11233887,29/9/2021,5:18:29 AM,-1.9558954E+1,-4.7303169E+1,3.8247205E+3,0.0000000E+0
11233888,29/9/2021,5:18:29 AM,-8.7823229E+0,-4.3459789E+1,3.8309702E+3,0.0000000E+0
11233889,29/9/2021,5:18:29 AM,3.4196591E-1,-4.0906494E+1,3.8273987E+3,0.0000000E+0
11233890,29/9/2021,5:18:29 AM,9.1743431E+0,-3.8218811E+1,3.8309702E+3,0.0000000E+0
11233891,29/9/2021,5:18:29 AM,1.8027704E+1,-3.5154858E+1,3.8318628E+3,0.0000000E+0
11233892,29/9/2021,5:18:29 AM,2.4869358E+1,-3.2332794E+1,3.8291846E+3,0.0000000E+0
11233893,29/9/2021,5:18:29 AM,3.1199739E+1,-2.6903679E+1,3.8345413E+3,0.0000000E+0
11233894,29/9/2021,5:18:29 AM,3.5083084E+1,-2.1259550E+1,3.8363269E+3,0.0000000E+0
11233895,29/9/2021,5:18:29 AM,3.8274872E+1,-1.6951027E+1,3.8363269E+3,0.0000000E+0
11233896,29/9/2021,5:18:30 AM,3.9844170E+1,-1.2330436E+1,3.8363269E+3,0.0000000E+0
11233897,29/9/2021,5:18:30 AM,3.8062088E+1,-7.9597511E+0,3.8345413E+3,0.0000000E+0
11233898,29/9/2021,5:18:30 AM,3.5934227E+1,-3.7314289E+0,3.8381123E+3,0.0000000E+0
11233899,29/9/2021,5:18:30 AM,3.4178745E+1,-4.0527146E-2,3.8363269E+3,0.0000000E+0
11233900,29/9/2021,5:18:30 AM,3.0587982E+1,3.4328187E+0,3.8381123E+3,0.0000000E+0
11233901,29/9/2021,5:18:30 AM,2.6917423E+1,6.6251502E+0,3.8363269E+3,0.0000000E+0
11233902,29/9/2021,5:18:30 AM,2.2289328E+1,9.0896416E+0,3.8381123E+3,0.0000000E+0
11233903,29/9/2021,5:18:30 AM,1.7509394E+1,1.1578061E+1,3.8363269E+3,0.0000000E+0
11233904,29/9/2021,5:18:30 AM,1.3581291E+1,1.2721245E+1,3.8363269E+3,0.0000000E+0
11233905,29/9/2021,5:18:30 AM,9.9899578E+0,1.4146237E+1,3.8381123E+3,0.0000000E+0
11233906,29/9/2021,5:18:31 AM,4.6434755E+0,1.5116614E+1,3.8363269E+3,0.0000000E+0
11233907,29/9/2021,5:18:31 AM,1.6899050E+0,1.6499069E+1,3.8390051E+3,0.0000000E+0
11233908,29/9/2021,5:18:31 AM,-4.9052054E-1,1.6459192E+1,3.8381123E+3,0.0000000E+0
11233909,29/9/2021,5:18:31 AM,-5.6694613E+0,1.5345251E+1,3.8363269E+3,0.0000000E+0
11233910,29/9/2021,5:18:31 AM,-1.1116032E+1,1.4260556E+1,3.8345413E+3,0.0000000E+0
11233911,29/9/2021,5:18:31 AM,-1.3310297E+1,1.2123068E+1,3.8372195E+3,0.0000000E+0
11233912,29/9/2021,5:18:31 AM,-1.9085371E+1,1.0230167E+1,3.8336484E+3,0.0000000E+0
11233913,29/9/2021,5:18:31 AM,-2.6598244E+1,8.3372679E+0,3.8336484E+3,0.0000000E+0
11233914,29/9/2021,5:18:31 AM,-3.3487190E+1,5.8568244E+0,3.8327556E+3,0.0000000E+0
11233915,29/9/2021,5:18:31 AM,-4.0296341E+1,2.2223656E+0,3.8282915E+3,0.0000000E+0
11233916,29/9/2021,5:18:32 AM,-4.8249218E+1,7.6255023E-2,3.8309702E+3,0.0000000E+0
11233917,29/9/2021,5:18:32 AM,-5.4233822E+1,-2.6995020E+0,3.8273987E+3,0.0000000E+0
11233918,29/9/2021,5:18:32 AM,-5.9739658E+1,-5.4342284E+0,3.8282915E+3,0.0000000E+0
11233919,29/9/2021,5:18:32 AM,-6.6043442E+1,-7.3190360E+0,3.8265059E+3,0.0000000E+0
11233920,29/9/2021,5:18:32 AM,-6.9607605E+1,-1.2258655E+1,3.8256133E+3,0.0000000E+0
11233921,29/9/2021,5:18:32 AM,-6.9394821E+1,-1.6895195E+1,3.8238276E+3,0.0000000E+0
11233922,29/9/2021,5:18:32 AM,-6.7905319E+1,-2.0096113E+1,3.8256133E+3,0.0000000E+0
11233923,29/9/2021,5:18:32 AM,-6.6761589E+1,-2.3382818E+1,3.8256133E+3,0.0000000E+0
11233924,29/9/2021,5:18:32 AM,-6.3277222E+1,-2.8166889E+1,3.8238276E+3,0.0000000E+0
11233925,29/9/2021,5:18:32 AM,-5.7292618E+1,-3.3837894E+1,3.8238276E+3,0.0000000E+0
11233926,29/9/2021,5:18:33 AM,-5.0217487E+1,-3.9186378E+1,3.8238276E+3,0.0000000E+0
11233927,29/9/2021,5:18:33 AM,-4.1998627E+1,-4.3647926E+1,3.8256133E+3,0.0000000E+0
11233928,29/9/2021,5:18:33 AM,-3.5083084E+1,-4.6443115E+1,3.8256133E+3,0.0000000E+0
11233929,29/9/2021,5:18:33 AM,-2.8992086E+1,-5.0716526E+1,3.8256133E+3,0.0000000E+0
11233930,29/9/2021,5:18:33 AM,-2.1438185E+1,-5.6306904E+1,3.8238276E+3,0.0000000E+0
11233931,29/9/2021,5:18:33 AM,-1.5359856E+1,-6.0419052E+1,3.8220420E+3,0.0000000E+0
11233932,29/9/2021,5:18:33 AM,-1.0639818E+1,-6.2676701E+1,3.8220420E+3,0.0000000E+0
11233933,29/9/2021,5:18:33 AM,-5.5645933E+0,-6.3859283E+1,3.8256133E+3,0.0000000E+0
11233934,29/9/2021,5:18:33 AM,-2.4346359E+0,-6.4423698E+1,3.8238276E+3,0.0000000E+0
11233935,29/9/2021,5:18:33 AM,7.3881526E-3,-6.6063179E+1,3.8220420E+3,0.0000000E+0
11233936,29/9/2021,5:18:34 AM,4.3020086E+0,-6.5364388E+1,3.8211492E+3,0.0000000E+0
11233937,29/9/2021,5:18:34 AM,8.7139168E+0,-6.2354179E+1,3.8256133E+3,0.0000000E+0
11233938,29/9/2021,5:18:34 AM,1.2863025E+1,-5.8860195E+1,3.8256133E+3,0.0000000E+0
11233939,29/9/2021,5:18:34 AM,1.7135792E+1,-5.5016815E+1,3.8273987E+3,0.0000000E+0
11233940,29/9/2021,5:18:34 AM,2.1783962E+1,-5.1119678E+1,3.8273987E+3,0.0000000E+0
11233941,29/9/2021,5:18:34 AM,2.5401323E+1,-4.7948215E+1,3.8273987E+3,0.0000000E+0
11233942,29/9/2021,5:18:34 AM,3.0375196E+1,-4.3513542E+1,3.8291846E+3,0.0000000E+0
11233943,29/9/2021,5:18:34 AM,3.3620182E+1,-3.6391190E+1,3.8327556E+3,0.0000000E+0
11233944,29/9/2021,5:18:34 AM,3.4551121E+1,-2.9698866E+1,3.8327556E+3,0.0000000E+0
11233945,29/9/2021,5:18:34 AM,3.4045753E+1,-2.3570955E+1,3.8345413E+3,0.0000000E+0
11233946,29/9/2021,5:18:35 AM,3.1705107E+1,-1.6831390E+1,3.8345413E+3,0.0000000E+0
11233947,29/9/2021,5:18:35 AM,2.6412056E+1,-9.3847427E+0,3.8345413E+3,0.0000000E+0
11233948,29/9/2021,5:18:35 AM,2.0003595E+1,-1.4957717E-1,3.8390051E+3,0.0000000E+0
11233949,29/9/2021,5:18:35 AM,1.3126125E+1,7.4546227E+0,3.8363269E+3,0.0000000E+0
11233950,29/9/2021,5:18:35 AM,5.2041445E+0,1.5435643E+1,3.8381123E+3,0.0000000E+0
11233951,29/9/2021,5:18:35 AM,-3.4867661E+0,2.2442129E+1,3.8363269E+3,0.0000000E+0
11233952,29/9/2021,5:18:35 AM,-1.2292094E+1,2.7548723E+1,3.8363269E+3,0.0000000E+0
11233953,29/9/2021,5:18:35 AM,-2.1119005E+1,3.3380985E+1,3.8390051E+3,0.0000000E+0
11233954,29/9/2021,5:18:35 AM,-2.9151676E+1,4.0180817E+1,3.8416836E+3,0.0000000E+0
11233955,29/9/2021,5:18:35 AM,-3.5827835E+1,4.2895374E+1,3.8398979E+3,0.0000000E+0
11233956,29/9/2021,5:18:36 AM,-4.0003757E+1,4.2411594E+1,3.8381123E+3,0.0000000E+0
11233957,29/9/2021,5:18:36 AM,-4.1972031E+1,4.0073315E+1,3.8381123E+3,0.0000000E+0
11233958,29/9/2021,5:18:36 AM,-4.2902969E+1,3.6659958E+1,3.8398979E+3,0.0000000E+0
11233959,29/9/2021,5:18:36 AM,-4.4206284E+1,3.0612679E+1,3.8327556E+3,0.0000000E+0
11233960,29/9/2021,5:18:36 AM,-4.4445663E+1,2.4323507E+1,3.8354341E+3,0.0000000E+0
11233961,29/9/2021,5:18:36 AM,-4.4232883E+1,1.8118137E+1,3.8354341E+3,0.0000000E+0
11233962,29/9/2021,5:18:36 AM,-4.3275345E+1,9.4006948E+0,3.8309702E+3,0.0000000E+0
11233963,29/9/2021,5:18:36 AM,-4.2823174E+1,8.7661755E-1,3.8291846E+3,0.0000000E+0
11233964,29/9/2021,5:18:36 AM,-4.2530594E+1,-5.9418983E+0,3.8282915E+3,0.0000000E+0
11233965,29/9/2021,5:18:36 AM,-4.4259476E+1,-1.0759223E+1,3.8291846E+3,0.0000000E+0
11233966,29/9/2021,5:18:37 AM,-4.7531063E+1,-1.4143579E+1,3.8300774E+3,0.0000000E+0
11233967,29/9/2021,5:18:37 AM,-4.8382206E+1,-2.0587631E+1,3.8282915E+3,0.0000000E+0
11233968,29/9/2021,5:18:37 AM,-4.8462002E+1,-2.7172447E+1,3.8220420E+3,0.0000000E+0
11233969,29/9/2021,5:18:37 AM,-4.8674789E+1,-3.2601562E+1,3.8247205E+3,0.0000000E+0
11233970,29/9/2021,5:18:37 AM,-4.9286545E+1,-3.6444942E+1,3.8256133E+3,0.0000000E+0
11233971,29/9/2021,5:18:37 AM,-4.8515198E+1,-4.0476463E+1,3.8273987E+3,0.0000000E+0
11233972,29/9/2021,5:18:37 AM,-4.5695786E+1,-4.6577499E+1,3.8220420E+3,0.0000000E+0
11233973,29/9/2021,5:18:37 AM,-4.2610386E+1,-5.2140999E+1,3.8238276E+3,0.0000000E+0
11233974,29/9/2021,5:18:37 AM,-3.7982292E+1,-5.8967705E+1,3.8202566E+3,0.0000000E+0
11233975,29/9/2021,5:18:37 AM,-3.4258537E+1,-6.5095619E+1,3.8202566E+3,0.0000000E+0
11233976,29/9/2021,5:18:38 AM,-3.0641176E+1,-6.8347710E+1,3.8220420E+3,0.0000000E+0
11233977,29/9/2021,5:18:38 AM,-2.6465252E+1,-7.2137337E+1,3.8211492E+3,0.0000000E+0
11233978,29/9/2021,5:18:38 AM,-2.0986015E+1,-7.6034470E+1,3.8211492E+3,0.0000000E+0
11233979,29/9/2021,5:18:38 AM,-1.5704519E+1,-7.8937172E+1,3.8184709E+3,0.0000000E+0
11233980,29/9/2021,5:18:38 AM,-1.2578876E+1,-8.0012245E+1,3.8184709E+3,0.0000000E+0
11233981,29/9/2021,5:18:38 AM,-1.2076352E+1,-7.7136421E+1,3.8202566E+3,0.0000000E+0
11233982,29/9/2021,5:18:38 AM,-1.1934277E+1,-7.3481178E+1,3.8220420E+3,0.0000000E+0
11233983,29/9/2021,5:18:38 AM,-9.2559052E+0,-7.0578484E+1,3.8256133E+3,0.0000000E+0
11233984,29/9/2021,5:18:38 AM,-7.8141098E+0,-6.7541405E+1,3.8184709E+3,0.0000000E+0
11233985,29/9/2021,5:18:38 AM,-7.2537036E+0,-6.4074295E+1,3.8220420E+3,0.0000000E+0
11233986,29/9/2021,5:18:39 AM,-5.9487214E+0,-5.7355095E+1,3.8256133E+3,0.0000000E+0
11233987,29/9/2021,5:18:39 AM,-6.4565072E+0,-4.9077042E+1,3.8273987E+3,0.0000000E+0
11233988,29/9/2021,5:18:39 AM,-7.4220886E+0,-4.1900936E+1,3.8273987E+3,0.0000000E+0
11233989,29/9/2021,5:18:39 AM,-6.6064744E+0,-3.6633080E+1,3.8256133E+3,0.0000000E+0
11233990,29/9/2021,5:18:39 AM,-4.8225279E+0,-3.0720186E+1,3.8282915E+3,0.0000000E+0
11233991,29/9/2021,5:18:39 AM,-3.8028805E+0,-2.3060297E+1,3.8291846E+3,0.0000000E+0
11233992,29/9/2021,5:18:39 AM,-3.7973347E+0,-1.4244605E+1,3.8345413E+3,0.0000000E+0
11233993,29/9/2021,5:18:39 AM,-2.8616676E+0,-7.0345697E+0,3.8345413E+3,0.0000000E+0
11233994,29/9/2021,5:18:39 AM,-1.7833924E+0,-1.4355142E+0,3.8327556E+3,0.0000000E+0
11233995,29/9/2021,5:18:39 AM,3.9500228E-1,3.5296867E+0,3.8345413E+3,0.0000000E+0
11233996,29/9/2021,5:18:40 AM,2.2738056E+0,9.5123549E+0,3.8345413E+3,0.0000000E+0
11233997,29/9/2021,5:18:40 AM,2.1628883E+0,1.6626680E+1,3.8363269E+3,0.0000000E+0
11233998,29/9/2021,5:18:40 AM,2.2912354E+0,2.3329065E+1,3.8416836E+3,0.0000000E+0
11233999,29/9/2021,5:18:40 AM,3.3401966E+0,2.8059381E+1,3.8398979E+3,0.0000000E+0
11234000,29/9/2021,5:18:40 AM,4.0706668E+0,3.0693310E+1,3.8381123E+3,0.0000000E+0
11234001,29/9/2021,5:18:40 AM,4.1776228E+0,3.3219730E+1,3.8398979E+3,0.0000000E+0
11234002,29/9/2021,5:18:40 AM,5.0023723E+0,3.6014915E+1,3.8416836E+3,0.0000000E+0
11234003,29/9/2021,5:18:40 AM,4.0880966E+0,3.9240131E+1,3.8434690E+3,0.0000000E+0
11234004,29/9/2021,5:18:40 AM,2.2532067E+0,3.9831421E+1,3.8416836E+3,0.0000000E+0
11234005,29/9/2021,5:18:40 AM,1.3381386E+0,3.7466263E+1,3.8398979E+3,0.0000000E+0
11234006,29/9/2021,5:18:41 AM,1.0402462E+0,3.4348553E+1,3.8390051E+3,0.0000000E+0
11234007,29/9/2021,5:18:41 AM,8.3512509E-1,3.1203966E+1,3.8381123E+3,0.0000000E+0
11234008,29/9/2021,5:18:41 AM,1.5937302E-1,2.8785053E+1,3.8398979E+3,0.0000000E+0
11234009,29/9/2021,5:18:41 AM,-1.1496493E+0,2.4484768E+1,3.8363269E+3,0.0000000E+0
11234010,29/9/2021,5:18:41 AM,-1.1335536E+0,1.8708340E+1,3.8381123E+3,0.0000000E+0
11234011,29/9/2021,5:18:41 AM,-1.5433322E+0,1.2928614E+1,3.8354341E+3,0.0000000E+0
11234012,29/9/2021,5:18:41 AM,-2.4607806E+0,6.6756625E+0,3.8345413E+3,0.0000000E+0
11234013,29/9/2021,5:18:41 AM,-4.2093134E+0,5.8497739E-1,3.8345413E+3,0.0000000E+0
11234014,29/9/2021,5:18:41 AM,-6.4407206E+0,-5.5038776E+0,3.8345413E+3,0.0000000E+0
11234015,29/9/2021,5:18:41 AM,-8.1982384E+0,-1.1899748E+1,3.8345413E+3,0.0000000E+0
11234016,29/9/2021,5:18:42 AM,-1.1960588E+1,-1.9168272E+1,3.8300774E+3,0.0000000E+0
11234017,29/9/2021,5:18:42 AM,-1.5333546E+1,-2.7091816E+1,3.8273987E+3,0.0000000E+0
11234018,29/9/2021,5:18:42 AM,-1.8703875E+1,-3.3031590E+1,3.8273987E+3,0.0000000E+0
11234019,29/9/2021,5:18:42 AM,-2.4869358E+1,-3.7869411E+1,3.8273987E+3,0.0000000E+0
11234020,29/9/2021,5:18:42 AM,-2.8460119E+1,-4.4292973E+1,3.8265059E+3,0.0000000E+0
11234021,29/9/2021,5:18:42 AM,-3.1598715E+1,-5.1146557E+1,3.8238276E+3,0.0000000E+0
11234022,29/9/2021,5:18:42 AM,-3.7051357E+1,-5.7086330E+1,3.8202566E+3,0.0000000E+0
11234023,29/9/2021,5:18:42 AM,-4.0216545E+1,-6.2811085E+1,3.8184709E+3,0.0000000E+0
11234024,29/9/2021,5:18:42 AM,-4.2769978E+1,-6.7863922E+1,3.8184709E+3,0.0000000E+0
11234025,29/9/2021,5:18:42 AM,-4.5110622E+1,-7.0981636E+1,3.8175781E+3,0.0000000E+0
11234026,29/9/2021,5:18:43 AM,-4.7291679E+1,-7.2513611E+1,3.8184709E+3,0.0000000E+0
11234027,29/9/2021,5:18:43 AM,-5.0031300E+1,-7.3911209E+1,3.8166853E+3,0.0000000E+0
11234028,29/9/2021,5:18:43 AM,-5.1760185E+1,-7.3776825E+1,3.8157925E+3,0.0000000E+0
11234029,29/9/2021,5:18:43 AM,-5.2664520E+1,-7.0739746E+1,3.8166853E+3,0.0000000E+0
11234030,29/9/2021,5:18:43 AM,-5.3435871E+1,-6.4154930E+1,3.8211492E+3,0.0000000E+0
11234031,29/9/2021,5:18:43 AM,-5.3063496E+1,-5.7596985E+1,3.8238276E+3,0.0000000E+0
11234032,29/9/2021,5:18:43 AM,-5.2983700E+1,-5.2839790E+1,3.8220420E+3,0.0000000E+0
11234033,29/9/2021,5:18:43 AM,-5.1893177E+1,-4.8593258E+1,3.8202566E+3,0.0000000E+0
11234034,29/9/2021,5:18:43 AM,-4.9047161E+1,-4.2519100E+1,3.8256133E+3,0.0000000E+0
11234035,29/9/2021,5:18:43 AM,-4.3940300E+1,-3.6337437E+1,3.8291846E+3,0.0000000E+0
11234036,29/9/2021,5:18:44 AM,-4.0775108E+1,-3.2762821E+1,3.8282915E+3,0.0000000E+0
11234037,29/9/2021,5:18:44 AM,-3.8780239E+1,-3.0451418E+1,3.8256133E+3,0.0000000E+0
11234038,29/9/2021,5:18:44 AM,-3.4338333E+1,-2.8193766E+1,3.8273987E+3,0.0000000E+0
11234039,29/9/2021,5:18:44 AM,-2.8752701E+1,-2.4726658E+1,3.8291846E+3,0.0000000E+0
11234040,29/9/2021,5:18:44 AM,-2.4550179E+1,-2.0802645E+1,3.8291846E+3,0.0000000E+0
11234041,29/9/2021,5:18:44 AM,-2.1225399E+1,-1.6347532E+1,3.8327556E+3,0.0000000E+0
11234042,29/9/2021,5:18:44 AM,-1.9143253E+1,-1.3460328E+1,3.8291846E+3,0.0000000E+0
11234043,29/9/2021,5:18:44 AM,-1.6251770E+1,-1.0410950E+1,3.8291846E+3,0.0000000E+0
11234044,29/9/2021,5:18:44 AM,-1.1479112E+1,-6.3273902E+0,3.8327556E+3,0.0000000E+0
11234045,29/9/2021,5:18:44 AM,-7.0221748E+0,-1.9837976E+0,3.8327556E+3,0.0000000E+0
11234046,29/9/2021,5:18:45 AM,-2.3863075E+0,7.8601336E-1,3.8363269E+3,0.0000000E+0
11234047,29/9/2021,5:18:45 AM,2.1304054E+0,3.0037162E+0,3.8354341E+3,0.0000000E+0
11234048,29/9/2021,5:18:45 AM,6.7090840E+0,4.7185245E+0,3.8363269E+3,0.0000000E+0
11234049,29/9/2021,5:18:45 AM,1.1158128E+1,5.4128437E+0,3.8363269E+3,0.0000000E+0
11234050,29/9/2021,5:18:45 AM,1.7219982E+1,4.9899154E+0,3.8398979E+3,0.0000000E+0
11234051,29/9/2021,5:18:45 AM,2.2901089E+1,5.4952588E+0,3.8398979E+3,0.0000000E+0
11234052,29/9/2021,5:18:45 AM,2.5055546E+1,3.8947439E+0,3.8381123E+3,0.0000000E+0
11234053,29/9/2021,5:18:45 AM,2.6890825E+1,1.7500330E+0,3.8381123E+3,0.0000000E+0
11234054,29/9/2021,5:18:45 AM,2.7449389E+1,-4.4846487E-1,3.8363269E+3,0.0000000E+0
11234055,29/9/2021,5:18:45 AM,2.7316397E+1,-3.2318769E+0,3.8354341E+3,0.0000000E+0
11234056,29/9/2021,5:18:46 AM,2.5454521E+1,-5.2236805E+0,3.8354341E+3,0.0000000E+0
11234057,29/9/2021,5:18:46 AM,2.1278595E+1,-7.4599404E+0,3.8327556E+3,0.0000000E+0
11234058,29/9/2021,5:18:46 AM,1.5749247E+1,-8.3665123E+0,3.8327556E+3,0.0000000E+0
11234059,29/9/2021,5:18:46 AM,9.2716913E+0,-7.5210872E+0,3.8327556E+3,0.0000000E+0
11234060,29/9/2021,5:18:46 AM,1.9458072E+0,-6.7182002E+0,3.8309702E+3,0.0000000E+0
11234061,29/9/2021,5:18:46 AM,-4.3741045E+0,-5.8621411E+0,3.8309702E+3,0.0000000E+0
11234062,29/9/2021,5:18:46 AM,-6.7801218E+0,-5.2781186E+0,3.8327556E+3,0.0000000E+0
11234063,29/9/2021,5:18:46 AM,-9.7479048E+0,-3.2502899E+0,3.8345413E+3,0.0000000E+0
11234064,29/9/2021,5:18:46 AM,-1.3820713E+1,-3.2318769E+0,3.8327556E+3,0.0000000E+0
11234065,29/9/2021,5:18:46 AM,-1.5262509E+1,-5.8009944E+0,3.8309702E+3,0.0000000E+0
11234066,29/9/2021,5:18:47 AM,-1.5964990E+1,-7.7949195E+0,3.8309702E+3,0.0000000E+0
11234067,29/9/2021,5:18:47 AM,-1.4888905E+1,-1.0299291E+1,3.8318628E+3,0.0000000E+0
11234068,29/9/2021,5:18:47 AM,-1.4320606E+1,-1.2306509E+1,3.8327556E+3,0.0000000E+0
11234069,29/9/2021,5:18:47 AM,-1.6430679E+1,-1.4223336E+1,3.8318628E+3,0.0000000E+0
11234070,29/9/2021,5:18:47 AM,-2.0400854E+1,-1.7177004E+1,3.8282915E+3,0.0000000E+0
11234071,29/9/2021,5:18:47 AM,-2.6013084E+1,-1.7506666E+1,3.8309702E+3,0.0000000E+0
11234072,29/9/2021,5:18:47 AM,-3.1465723E+1,-1.7421593E+1,3.8309702E+3,0.0000000E+0
11234073,29/9/2021,5:18:47 AM,-3.7476925E+1,-1.8017113E+1,3.8300774E+3,0.0000000E+0
11234074,29/9/2021,5:18:47 AM,-4.4259476E+1,-1.9391592E+1,3.8282915E+3,0.0000000E+0
11234075,29/9/2021,5:18:47 AM,-5.1547401E+1,-2.1125168E+1,3.8256133E+3,0.0000000E+0
11234076,29/9/2021,5:18:48 AM,-5.7957573E+1,-2.3329065E+1,3.8256133E+3,0.0000000E+0
11234077,29/9/2021,5:18:48 AM,-6.1042973E+1,-2.6527403E+1,3.8238276E+3,0.0000000E+0
11234078,29/9/2021,5:18:48 AM,-6.0776993E+1,-3.0263281E+1,3.8256133E+3,0.0000000E+0
11234079,29/9/2021,5:18:48 AM,-6.0670597E+1,-3.4160416E+1,3.8229348E+3,0.0000000E+0
11234080,29/9/2021,5:18:48 AM,-5.8622532E+1,-3.9213253E+1,3.8220420E+3,0.0000000E+0
11234081,29/9/2021,5:18:48 AM,-5.4925377E+1,-4.2411594E+1,3.8220420E+3,0.0000000E+0
11234082,29/9/2021,5:18:48 AM,-5.1361214E+1,-4.4507984E+1,3.8220420E+3,0.0000000E+0
11234083,29/9/2021,5:18:48 AM,-4.5350006E+1,-4.6013084E+1,3.8247205E+3,0.0000000E+0
11234084,29/9/2021,5:18:48 AM,-3.9232410E+1,-4.7034401E+1,3.8238276E+3,0.0000000E+0
11234085,29/9/2021,5:18:48 AM,-3.5216076E+1,-4.7706322E+1,3.8238276E+3,0.0000000E+0
11234086,29/9/2021,5:18:49 AM,-3.3886162E+1,-4.7276295E+1,3.8238276E+3,0.0000000E+0
11234087,29/9/2021,5:18:49 AM,-3.1811501E+1,-4.6254978E+1,3.8238276E+3,0.0000000E+0
11234088,29/9/2021,5:18:49 AM,-2.8619709E+1,-4.4077957E+1,3.8273987E+3,0.0000000E+0
11234089,29/9/2021,5:18:49 AM,-2.5294931E+1,-4.2707237E+1,3.8282915E+3,0.0000000E+0
11234090,29/9/2021,5:18:49 AM,-2.3645840E+1,-4.2814747E+1,3.8256133E+3,0.0000000E+0
11234091,29/9/2021,5:18:49 AM,-2.2714901E+1,-4.2330963E+1,3.8220420E+3,0.0000000E+0
11234092,29/9/2021,5:18:49 AM,-1.9919403E+1,-4.0422710E+1,3.8273987E+3,0.0000000E+0
11234093,29/9/2021,5:18:49 AM,-1.5294081E+1,-3.7654400E+1,3.8273987E+3,0.0000000E+0
11234094,29/9/2021,5:18:49 AM,-1.0771369E+1,-3.5235489E+1,3.8291846E+3,0.0000000E+0
11234095,29/9/2021,5:18:49 AM,-6.1644645E+0,-3.3999153E+1,3.8256133E+3,0.0000000E+0
11234096,29/9/2021,5:18:50 AM,-3.0930095E+0,-3.1768379E+1,3.8256133E+3,0.0000000E+0
11234097,29/9/2021,5:18:50 AM,1.5900793E+0,-2.8381905E+1,3.8291846E+3,0.0000000E+0
11234098,29/9/2021,5:18:50 AM,7.1852980E+0,-2.4726658E+1,3.8309702E+3,0.0000000E+0
11234099,29/9/2021,5:18:50 AM,1.2855131E+1,-2.0533876E+1,3.8345413E+3,0.0000000E+0
11234100,29/9/2021,5:18:50 AM,1.7614634E+1,-1.6876587E+1,3.8327556E+3,0.0000000E+0
11234101,29/9/2021,5:18:50 AM,1.9995703E+1,-1.4010651E+1,3.8327556E+3,0.0000000E+0
11234102,29/9/2021,5:18:50 AM,2.1225399E+1,-8.9062014E+0,3.8354341E+3,0.0000000E+0
11234103,29/9/2021,5:18:50 AM,2.2236132E+1,-3.5569062E+0,3.8381123E+3,0.0000000E+0
11234104,29/9/2021,5:18:50 AM,2.1225399E+1,1.1103823E+0,3.8390051E+3,0.0000000E+0
11234105,29/9/2021,5:18:50 AM,2.0640238E+1,3.9667947E+0,3.8390051E+3,0.0000000E+0
11234106,29/9/2021,5:18:51 AM,1.7001610E+1,6.3938546E+0,3.8363269E+3,0.0000000E+0
11234107,29/9/2021,5:18:51 AM,1.2057935E+1,8.7945414E+0,3.8363269E+3,0.0000000E+0
11234108,29/9/2021,5:18:51 AM,7.0116506E+0,1.1062300E+1,3.8363269E+3,0.0000000E+0
11234109,29/9/2021,5:18:51 AM,1.9339232E+0,1.2412851E+1,3.8381123E+3,0.0000000E+0
11234110,29/9/2021,5:18:51 AM,-3.7688129E+0,1.2224093E+1,3.8354341E+3,0.0000000E+0
11234111,29/9/2021,5:18:51 AM,-7.3589444E+0,1.0442853E+1,3.8345413E+3,0.0000000E+0
11234112,29/9/2021,5:18:51 AM,-1.0282001E+1,9.2651081E+0,3.8336484E+3,0.0000000E+0
11234113,29/9/2021,5:18:51 AM,-1.4120649E+1,7.3296704E+0,3.8318628E+3,0.0000000E+0
11234114,29/9/2021,5:18:51 AM,-1.6809544E+1,5.6388216E+0,3.8327556E+3,0.0000000E+0
11234115,29/9/2021,5:18:51 AM,-1.7009501E+1,3.4488299E+0,3.8327556E+3,0.0000000E+0
11234116,29/9/2021,5:18:52 AM,-1.8014549E+1,1.4322090E+0,3.8336484E+3,0.0000000E+0
11234117,29/9/2021,5:18:52 AM,-1.9693134E+1,-1.7213373E+0,3.8309702E+3,0.0000000E+0
11234118,29/9/2021,5:18:52 AM,-2.1012613E+1,-5.1868544E+0,3.8309702E+3,0.0000000E+0
11234119,29/9/2021,5:18:52 AM,-2.3725634E+1,-7.7018695E+0,3.8291846E+3,0.0000000E+0
11234120,29/9/2021,5:18:52 AM,-2.5454521E+1,-9.2066193E+0,3.8327556E+3,0.0000000E+0
11234121,29/9/2021,5:18:52 AM,-2.7210005E+1,-1.0937346E+1,3.8327556E+3,0.0000000E+0
11234122,29/9/2021,5:18:52 AM,-3.0056017E+1,-1.5390447E+1,3.8273987E+3,0.0000000E+0
11234123,29/9/2021,5:18:52 AM,-3.3008419E+1,-1.8854561E+1,3.8273987E+3,0.0000000E+0
11234124,29/9/2021,5:18:52 AM,-3.5801235E+1,-2.0069527E+1,3.8282915E+3,0.0000000E+0
11234125,29/9/2021,5:18:52 AM,-3.9126019E+1,-2.1743334E+1,3.8282915E+3,0.0000000E+0
11234126,29/9/2021,5:18:53 AM,-3.9179214E+1,-2.5210440E+1,3.8273987E+3,0.0000000E+0
11234127,29/9/2021,5:18:53 AM,-3.9764374E+1,-2.8758177E+1,3.8256133E+3,0.0000000E+0
11234128,29/9/2021,5:18:53 AM,-3.9259010E+1,-3.2252163E+1,3.8238276E+3,0.0000000E+0
11234129,29/9/2021,5:18:53 AM,-3.9445198E+1,-3.3246605E+1,3.8247205E+3,0.0000000E+0
11234130,29/9/2021,5:18:53 AM,-3.8221676E+1,-3.4724831E+1,3.8256133E+3,0.0000000E+0
11234131,29/9/2021,5:18:53 AM,-3.6067219E+1,-3.6068668E+1,3.8273987E+3,0.0000000E+0
11234132,29/9/2021,5:18:53 AM,-3.2130680E+1,-3.7842541E+1,3.8256133E+3,0.0000000E+0
11234133,29/9/2021,5:18:53 AM,-2.9790033E+1,-3.9508900E+1,3.8256133E+3,0.0000000E+0
11234134,29/9/2021,5:18:53 AM,-2.6172670E+1,-4.1014000E+1,3.8256133E+3,0.0000000E+0
11234135,29/9/2021,5:18:53 AM,-2.2502115E+1,-4.0449585E+1,3.8273987E+3,0.0000000E+0
11234136,29/9/2021,5:18:54 AM,-1.8390785E+1,-4.0530216E+1,3.8273987E+3,0.0000000E+0
11234137,29/9/2021,5:18:54 AM,-1.5491406E+1,-4.0503342E+1,3.8282915E+3,0.0000000E+0
11234138,29/9/2021,5:18:54 AM,-1.1907967E+1,-4.1659042E+1,3.8273987E+3,0.0000000E+0
11234139,29/9/2021,5:18:54 AM,-1.1329144E+1,-4.2330963E+1,3.8256133E+3,0.0000000E+0
11234140,29/9/2021,5:18:54 AM,-1.0973957E+1,-4.1390274E+1,3.8273987E+3,0.0000000E+0
11234141,29/9/2021,5:18:54 AM,-1.0489851E+1,-3.8702595E+1,3.8291846E+3,0.0000000E+0
11234142,29/9/2021,5:18:54 AM,-1.1705379E+1,-3.6955605E+1,3.8291846E+3,0.0000000E+0
11234143,29/9/2021,5:18:54 AM,-1.2381549E+1,-3.6203053E+1,3.8273987E+3,0.0000000E+0
11234144,29/9/2021,5:18:54 AM,-1.3015623E+1,-3.4993599E+1,3.8265059E+3,0.0000000E+0
11234145,29/9/2021,5:18:54 AM,-1.5728199E+1,-3.1849010E+1,3.8282915E+3,0.0000000E+0
11234146,29/9/2021,5:18:55 AM,-1.6499084E+1,-2.9645113E+1,3.8291846E+3,0.0000000E+0
11234147,29/9/2021,5:18:55 AM,-1.6559599E+1,-2.8166889E+1,3.8282915E+3,0.0000000E+0
11234148,29/9/2021,5:18:55 AM,-1.5386167E+1,-2.6823048E+1,3.8291846E+3,0.0000000E+0
11234149,29/9/2021,5:18:55 AM,-1.6228090E+1,-2.4807287E+1,3.8291846E+3,0.0000000E+0
11234150,29/9/2021,5:18:55 AM,-1.5933418E+1,-2.3355942E+1,3.8291846E+3,0.0000000E+0
11234151,29/9/2021,5:18:55 AM,-1.4289034E+1,-2.1635826E+1,3.8300774E+3,0.0000000E+0
11234152,29/9/2021,5:18:55 AM,-1.3333976E+1,-2.0291985E+1,3.8309702E+3,0.0000000E+0
11234153,29/9/2021,5:18:55 AM,-1.1713272E+1,-1.8748217E+1,3.8309702E+3,0.0000000E+0
11234154,29/9/2021,5:18:55 AM,-1.0700332E+1,-1.7990526E+1,3.8309702E+3,0.0000000E+0
11234155,29/9/2021,5:18:55 AM,-1.0660866E+1,-1.6071041E+1,3.8291846E+3,0.0000000E+0
11234156,29/9/2021,5:18:56 AM,-1.1287047E+1,-1.3298155E+1,3.8327556E+3,0.0000000E+0
11234157,29/9/2021,5:18:56 AM,-1.2547303E+1,-1.1769478E+1,3.8309702E+3,0.0000000E+0
11234158,29/9/2021,5:18:56 AM,-1.3012992E+1,-9.5362816E+0,3.8327556E+3,0.0000000E+0
11234159,29/9/2021,5:18:56 AM,-1.5394060E+1,-6.5826135E+0,3.8309702E+3,0.0000000E+0
11234160,29/9/2021,5:18:56 AM,-1.8877522E+1,-3.6281559E+0,3.8327556E+3,0.0000000E+0
11234161,29/9/2021,5:18:56 AM,-2.0613640E+1,-1.8525051E+0,3.8327556E+3,0.0000000E+0
11234162,29/9/2021,5:18:56 AM,-2.3406454E+1,-3.3328247E-1,3.8309702E+3,0.0000000E+0
11234163,29/9/2021,5:18:56 AM,-2.4762966E+1,1.4562260E+0,3.8345413E+3,0.0000000E+0
11234164,29/9/2021,5:18:56 AM,-2.5028948E+1,2.9612863E+0,3.8327556E+3,0.0000000E+0
11234165,29/9/2021,5:18:56 AM,-2.5560913E+1,3.3311467E+0,3.8327556E+3,0.0000000E+0
11234166,29/9/2021,5:18:57 AM,-2.4310797E+1,2.3736722E+0,3.8318628E+3,0.0000000E+0
11234167,29/9/2021,5:18:57 AM,-2.1757364E+1,1.4546248E+0,3.8336484E+3,0.0000000E+0
11234168,29/9/2021,5:18:57 AM,-1.9169565E+1,-2.7569124E-1,3.8327556E+3,0.0000000E+0
11234169,29/9/2021,5:18:57 AM,-1.6028133E+1,-3.5505016E+0,3.8309702E+3,0.0000000E+0
11234170,29/9/2021,5:18:57 AM,-1.2923537E+1,-5.0507584E+0,3.8327556E+3,0.0000000E+0
11234171,29/9/2021,5:18:57 AM,-1.1600138E+1,-6.6118574E+0,3.8309702E+3,0.0000000E+0
11234172,29/9/2021,5:18:57 AM,-1.1300202E+1,-7.7736511E+0,3.8327556E+3,0.0000000E+0
11234173,29/9/2021,5:18:57 AM,-1.0387241E+1,-9.9350672E+0,3.8318628E+3,0.0000000E+0
11234174,29/9/2021,5:18:57 AM,-1.0724011E+1,-1.0987859E+1,3.8309702E+3,0.0000000E+0
11234175,29/9/2021,5:18:57 AM,-1.1047626E+1,-1.1064958E+1,3.8327556E+3,0.0000000E+0
11234176,29/9/2021,5:18:58 AM,-1.2060566E+1,-1.1644526E+1,3.8327556E+3,0.0000000E+0
11234177,29/9/2021,5:18:58 AM,-1.3968051E+1,-1.3508181E+1,3.8300774E+3,0.0000000E+0
11234178,29/9/2021,5:18:58 AM,-1.4299559E+1,-1.5129909E+1,3.8309702E+3,0.0000000E+0
11234179,29/9/2021,5:18:58 AM,-1.5152007E+1,-1.6626680E+1,3.8318628E+3,0.0000000E+0
11234180,29/9/2021,5:18:58 AM,-1.5065183E+1,-1.9564398E+1,3.8309702E+3,0.0000000E+0
11234181,29/9/2021,5:18:58 AM,-1.5146745E+1,-2.3006542E+1,3.8309702E+3,0.0000000E+0
11234182,29/9/2021,5:18:58 AM,-1.5954466E+1,-2.6554279E+1,3.8282915E+3,0.0000000E+0
11234183,29/9/2021,5:18:58 AM,-1.4681055E+1,-3.1607119E+1,3.8273987E+3,0.0000000E+0
11234184,29/9/2021,5:18:58 AM,-1.2841976E+1,-3.5853653E+1,3.8273987E+3,0.0000000E+0
11234185,29/9/2021,5:18:58 AM,-1.1592245E+1,-3.9213253E+1,3.8273987E+3,0.0000000E+0
11234186,29/9/2021,5:18:59 AM,-1.0289894E+1,-4.2411594E+1,3.8256133E+3,0.0000000E+0
11234187,29/9/2021,5:18:59 AM,-9.6084614E+0,-4.4830505E+1,3.8256133E+3,0.0000000E+0
11234188,29/9/2021,5:18:59 AM,-9.2716913E+0,-4.6604378E+1,3.8256133E+3,0.0000000E+0
11234189,29/9/2021,5:18:59 AM,-9.5058517E+0,-4.7948215E+1,3.8238276E+3,0.0000000E+0
11234190,29/9/2021,5:18:59 AM,-9.0875206E+0,-4.7115032E+1,3.8256133E+3,0.0000000E+0
11234191,29/9/2021,5:18:59 AM,-1.1023947E+1,-4.4830505E+1,3.8256133E+3,0.0000000E+0
11234192,29/9/2021,5:18:59 AM,-1.3281355E+1,-4.2196579E+1,3.8273987E+3,0.0000000E+0
11234193,29/9/2021,5:18:59 AM,-1.4673162E+1,-3.8863857E+1,3.8273987E+3,0.0000000E+0
11234194,29/9/2021,5:18:59 AM,-1.6485929E+1,-3.5154858E+1,3.8282915E+3,0.0000000E+0
11234195,29/9/2021,5:18:59 AM,-1.8622313E+1,-3.1902763E+1,3.8273987E+3,0.0000000E+0
11234196,29/9/2021,5:19:00 AM,-1.9240602E+1,-2.8166889E+1,3.8300774E+3,0.0000000E+0
11234197,29/9/2021,5:19:00 AM,-2.0773230E+1,-2.4431013E+1,3.8291846E+3,0.0000000E+0
11234198,29/9/2021,5:19:00 AM,-2.1039211E+1,-2.2200239E+1,3.8291846E+3,0.0000000E+0
11234199,29/9/2021,5:19:00 AM,-2.1358391E+1,-2.0829521E+1,3.8291846E+3,0.0000000E+0
11234200,29/9/2021,5:19:00 AM,-2.1624372E+1,-1.9479324E+1,3.8273987E+3,0.0000000E+0
11234201,29/9/2021,5:19:00 AM,-2.1996748E+1,-1.6403360E+1,3.8309702E+3,0.0000000E+0
11234202,29/9/2021,5:19:00 AM,-2.2528713E+1,-1.4191433E+1,3.8300774E+3,0.0000000E+0
11234203,29/9/2021,5:19:00 AM,-2.2688303E+1,-1.3183836E+1,3.8291846E+3,0.0000000E+0
11234204,29/9/2021,5:19:00 AM,-2.3486250E+1,-1.1152691E+1,3.8309702E+3,0.0000000E+0
11234205,29/9/2021,5:19:00 AM,-2.3007483E+1,-9.3235960E+0,3.8309702E+3,0.0000000E+0
11234206,29/9/2021,5:19:01 AM,-2.3007483E+1,-6.1838279E+0,3.8327556E+3,0.0000000E+0
11234207,29/9/2021,5:19:01 AM,-2.3167072E+1,-4.5936360E+0,3.8318628E+3,0.0000000E+0
11234208,29/9/2021,5:19:01 AM,-2.3007483E+1,-3.2919195E+0,3.8327556E+3,0.0000000E+0
11234209,29/9/2021,5:19:01 AM,-2.2794695E+1,-2.5137711E+0,3.8327556E+3,0.0000000E+0
11234210,29/9/2021,5:19:01 AM,-2.3379856E+1,-2.2431803E+0,3.8327556E+3,0.0000000E+0
11234211,29/9/2021,5:19:01 AM,-2.2608507E+1,-3.0013144E+0,3.8345413E+3,0.0000000E+0
11234212,29/9/2021,5:19:01 AM,-2.1411587E+1,-4.1941547E+0,3.8318628E+3,0.0000000E+0
11234213,29/9/2021,5:19:01 AM,-2.0826426E+1,-6.6357846E+0,3.8318628E+3,0.0000000E+0
11234214,29/9/2021,5:19:01 AM,-2.0056215E+1,-9.2172537E+0,3.8309702E+3,0.0000000E+0
11234215,29/9/2021,5:19:01 AM,-1.9282698E+1,-1.2173580E+1,3.8300774E+3,0.0000000E+0
11234216,29/9/2021,5:19:02 AM,-1.8298698E+1,-1.4178141E+1,3.8291846E+3,0.0000000E+0
11234217,29/9/2021,5:19:02 AM,-1.7872475E+1,-1.5805184E+1,3.8300774E+3,0.0000000E+0
11234218,29/9/2021,5:19:02 AM,-1.7496241E+1,-1.7283346E+1,3.8291846E+3,0.0000000E+0
11234219,29/9/2021,5:19:02 AM,-1.7801437E+1,-1.7796450E+1,3.8291846E+3,0.0000000E+0
11234220,29/9/2021,5:19:02 AM,-1.7330486E+1,-1.8402605E+1,3.8291846E+3,0.0000000E+0
11234221,29/9/2021,5:19:02 AM,-1.6764816E+1,-1.8407921E+1,3.8291846E+3,0.0000000E+0
11234222,29/9/2021,5:19:02 AM,-1.5775558E+1,-1.7716694E+1,3.8318628E+3,0.0000000E+0
11234223,29/9/2021,5:19:02 AM,-1.5049397E+1,-1.8054333E+1,3.8309702E+3,0.0000000E+0
11234224,29/9/2021,5:19:02 AM,-1.3399752E+1,-1.9827595E+1,3.8291846E+3,0.0000000E+0
11234225,29/9/2021,5:19:02 AM,-1.0305679E+1,-2.0829521E+1,3.8309702E+3,0.0000000E+0
11234226,29/9/2021,5:19:03 AM,-9.2006540E+0,-2.1071413E+1,3.8309702E+3,0.0000000E+0
11234227,29/9/2021,5:19:03 AM,-7.1089978E+0,-2.2549637E+1,3.8309702E+3,0.0000000E+0
11234228,29/9/2021,5:19:03 AM,-5.7777052E+0,-2.3812847E+1,3.8300774E+3,0.0000000E+0
11234229,29/9/2021,5:19:03 AM,-5.3668151E+0,-2.4565397E+1,3.8291846E+3,0.0000000E+0
11234230,29/9/2021,5:19:03 AM,-5.2725353E+0,-2.3947231E+1,3.8309702E+3,0.0000000E+0
11234231,29/9/2021,5:19:03 AM,-6.5591168E+0,-2.3517200E+1,3.8291846E+3,0.0000000E+0
11234232,29/9/2021,5:19:03 AM,-8.3903017E+0,-2.2549637E+1,3.8309702E+3,0.0000000E+0
11234233,29/9/2021,5:19:03 AM,-9.9504929E+0,-2.1582071E+1,3.8309702E+3,0.0000000E+0
11234234,29/9/2021,5:19:03 AM,-1.1415968E+1,-2.0345739E+1,3.8309702E+3,0.0000000E+0
11234235,29/9/2021,5:19:03 AM,-1.2878810E+1,-2.0013697E+1,3.8309702E+3,0.0000000E+0
11234236,29/9/2021,5:19:04 AM,-1.4439002E+1,-2.0318863E+1,3.8309702E+3,0.0000000E+0
11234237,29/9/2021,5:19:04 AM,-1.5165161E+1,-2.1017660E+1,3.8291846E+3,0.0000000E+0
11234238,29/9/2021,5:19:04 AM,-1.6164946E+1,-2.1716455E+1,3.8291846E+3,0.0000000E+0
11234239,29/9/2021,5:19:04 AM,-1.6893738E+1,-2.3033421E+1,3.8291846E+3,0.0000000E+0
11234240,29/9/2021,5:19:04 AM,-1.6956882E+1,-2.3812847E+1,3.8291846E+3,0.0000000E+0
11234241,29/9/2021,5:19:04 AM,-1.7932987E+1,-2.4323507E+1,3.8291846E+3,0.0000000E+0
11234242,29/9/2021,5:19:04 AM,-1.9627359E+1,-2.4242876E+1,3.8291846E+3,0.0000000E+0
11234243,29/9/2021,5:19:04 AM,-2.0454050E+1,-2.4726658E+1,3.8282915E+3,0.0000000E+0
11234244,29/9/2021,5:19:04 AM,-2.1225399E+1,-2.4914795E+1,3.8291846E+3,0.0000000E+0
11234245,29/9/2021,5:19:04 AM,-2.2661705E+1,-2.4753534E+1,3.8291846E+3,0.0000000E+0
11234246,29/9/2021,5:19:05 AM,-2.4204403E+1,-2.4807287E+1,3.8291846E+3,0.0000000E+0
11234247,29/9/2021,5:19:05 AM,-2.6332260E+1,-2.4162245E+1,3.8291846E+3,0.0000000E+0
11234248,29/9/2021,5:19:05 AM,-2.8672907E+1,-2.4619152E+1,3.8282915E+3,0.0000000E+0
11234249,29/9/2021,5:19:05 AM,-3.0561384E+1,-2.5076056E+1,3.8291846E+3,0.0000000E+0
11234250,29/9/2021,5:19:05 AM,-3.1146544E+1,-2.5613592E+1,3.8291846E+3,0.0000000E+0
11234251,29/9/2021,5:19:05 AM,-3.2769039E+1,-2.6124252E+1,3.8273987E+3,0.0000000E+0
11234252,29/9/2021,5:19:05 AM,-3.3699974E+1,-2.7468092E+1,3.8256133E+3,0.0000000E+0
11234253,29/9/2021,5:19:05 AM,-3.3513786E+1,-2.8113136E+1,3.8273987E+3,0.0000000E+0
11234254,29/9/2021,5:19:05 AM,-3.2263672E+1,-2.8032505E+1,3.8273987E+3,0.0000000E+0
11234255,29/9/2021,5:19:05 AM,-3.2263672E+1,-2.8032505E+1,3.8273987E+3,0.0000000E+0
11234256,29/9/2021,5:19:06 AM,-3.1146544E+1,-2.8516289E+1,3.8273987E+3,0.0000000E+0
11234257,29/9/2021,5:19:06 AM,-3.1359329E+1,-2.7817492E+1,3.8273987E+3,0.0000000E+0
11234258,29/9/2021,5:19:06 AM,-3.1040150E+1,-2.8328150E+1,3.8265059E+3,0.0000000E+0
11234259,29/9/2021,5:19:06 AM,-3.0295401E+1,-2.7548723E+1,3.8273987E+3,0.0000000E+0
11234260,29/9/2021,5:19:06 AM,-3.0534786E+1,-2.6634911E+1,3.8265059E+3,0.0000000E+0
11234261,29/9/2021,5:19:06 AM,-3.0508188E+1,-2.5586716E+1,3.8256133E+3,0.0000000E+0
11234262,29/9/2021,5:19:06 AM,-2.8194139E+1,-2.3974108E+1,3.8282915E+3,0.0000000E+0
11234263,29/9/2021,5:19:06 AM,-2.6119474E+1,-2.1743334E+1,3.8282915E+3,0.0000000E+0
11234264,29/9/2021,5:19:06 AM,-2.3140472E+1,-1.9120419E+1,3.8291846E+3,0.0000000E+0
11234265,29/9/2021,5:19:06 AM,-2.0533844E+1,-1.7147760E+1,3.8291846E+3,0.0000000E+0
11234266,29/9/2021,5:19:07 AM,-1.7267342E+1,-1.6331579E+1,3.8291846E+3,0.0000000E+0
11234267,29/9/2021,5:19:07 AM,-1.2520992E+1,-1.4850758E+1,3.8309702E+3,0.0000000E+0
11234268,29/9/2021,5:19:07 AM,-8.8217878E+0,-1.1987481E+1,3.8327556E+3,0.0000000E+0
11234269,29/9/2021,5:19:07 AM,-5.5277591E+0,-1.0714027E+1,3.8327556E+3,0.0000000E+0
11234270,29/9/2021,5:19:07 AM,-8.5227615E-1,-1.0644904E+1,3.8327556E+3,0.0000000E+0
11234271,29/9/2021,5:19:07 AM,3.1128161E+0,-9.2199125E+0,3.8327556E+3,0.0000000E+0
11234272,29/9/2021,5:19:07 AM,5.7592888E+0,-7.0717893E+0,3.8345413E+3,0.0000000E+0
11234273,29/9/2021,5:19:07 AM,7.9930186E+0,-6.1253395E+0,3.8345413E+3,0.0000000E+0
11234274,29/9/2021,5:19:07 AM,1.0160974E+1,-4.8033843E+0,3.8354341E+3,0.0000000E+0
11234275,29/9/2021,5:19:07 AM,1.0584567E+1,-3.8555164E+0,3.8345413E+3,0.0000000E+0
11234276,29/9/2021,5:19:08 AM,1.1576459E+1,-3.3039279E+0,3.8345413E+3,0.0000000E+0
11234277,29/9/2021,5:19:08 AM,1.1944800E+1,-2.7427323E+0,3.8363269E+3,0.0000000E+0
11234278,29/9/2021,5:19:08 AM,1.2328929E+1,-2.3912847E+0,3.8345413E+3,0.0000000E+0
11234279,29/9/2021,5:19:08 AM,1.2744629E+1,-2.5465941E+0,3.8363269E+3,0.0000000E+0
11234280,29/9/2021,5:19:08 AM,1.2092137E+1,-4.5432005E+0,3.8327556E+3,0.0000000E+0
11234281,29/9/2021,5:19:08 AM,1.2349977E+1,-7.2499137E+0,3.8327556E+3,0.0000000E+0
11234282,29/9/2021,5:19:08 AM,1.2365764E+1,-7.5583072E+0,3.8345413E+3,0.0000000E+0
11234283,29/9/2021,5:19:08 AM,1.1581721E+1,-8.1352167E+0,3.8327556E+3,0.0000000E+0
11234284,29/9/2021,5:19:08 AM,1.1394919E+1,-9.5495749E+0,3.8327556E+3,0.0000000E+0
11234285,29/9/2021,5:19:08 AM,1.1226535E+1,-1.0828345E+1,3.8327556E+3,0.0000000E+0
11234286,29/9/2021,5:19:09 AM,9.3479910E+0,-1.0456145E+1,3.8354341E+3,0.0000000E+0
11234287,29/9/2021,5:19:09 AM,7.2773829E+0,-1.1131422E+1,3.8336484E+3,0.0000000E+0
11234288,29/9/2021,5:19:09 AM,4.0928502E+0,-1.1827967E+1,3.8327556E+3,0.0000000E+0
11234289,29/9/2021,5:19:09 AM,5.5279213E-1,-1.2521852E+1,3.8327556E+3,0.0000000E+0
11234290,29/9/2021,5:19:09 AM,-3.3188055E+0,-1.2742514E+1,3.8327556E+3,0.0000000E+0
11234291,29/9/2021,5:19:09 AM,-6.6775122E+0,-1.4122310E+1,3.8336484E+3,0.0000000E+0
11234292,29/9/2021,5:19:09 AM,-1.1942170E+1,-1.5432984E+1,3.8309702E+3,0.0000000E+0
11234293,29/9/2021,5:19:09 AM,-1.8877522E+1,-1.6541607E+1,3.8318628E+3,0.0000000E+0
11234294,29/9/2021,5:19:09 AM,-2.4975752E+1,-1.8474384E+1,3.8291846E+3,0.0000000E+0
11234295,29/9/2021,5:19:09 AM,-3.0242205E+1,-2.1662703E+1,3.8291846E+3,0.0000000E+0
11234296,29/9/2021,5:19:10 AM,-3.5561852E+1,-2.4296629E+1,3.8282915E+3,0.0000000E+0
11234297,29/9/2021,5:19:10 AM,-4.0748512E+1,-2.7038063E+1,3.8273987E+3,0.0000000E+0
11234298,29/9/2021,5:19:10 AM,-4.6520332E+1,-3.0263281E+1,3.8247205E+3,0.0000000E+0
11234299,29/9/2021,5:19:10 AM,-5.1893177E+1,-3.2332794E+1,3.8238276E+3,0.0000000E+0
11234300,29/9/2021,5:19:10 AM,-5.6680862E+1,-3.3488495E+1,3.8256133E+3,0.0000000E+0
11234301,29/9/2021,5:19:10 AM,-6.0431213E+1,-3.6283684E+1,3.8220420E+3,0.0000000E+0
11234302,29/9/2021,5:19:10 AM,-6.3463409E+1,-3.8487579E+1,3.8229348E+3,0.0000000E+0
11234303,29/9/2021,5:19:10 AM,-6.5963646E+1,-3.9535778E+1,3.8220420E+3,0.0000000E+0
11234304,29/9/2021,5:19:10 AM,-6.9049042E+1,-4.0100189E+1,3.8220420E+3,0.0000000E+0
11234305,29/9/2021,5:19:10 AM,-6.9873589E+1,-4.1793427E+1,3.8220420E+3,0.0000000E+0
11234306,29/9/2021,5:19:11 AM,-6.9660805E+1,-4.2841621E+1,3.8220420E+3,0.0000000E+0
11234307,29/9/2021,5:19:11 AM,-6.8330887E+1,-4.3459789E+1,3.8220420E+3,0.0000000E+0
11234308,29/9/2021,5:19:11 AM,-6.6788193E+1,-4.3083515E+1,3.8220420E+3,0.0000000E+0
11234309,29/9/2021,5:19:11 AM,-6.4314552E+1,-4.2357841E+1,3.8238276E+3,0.0000000E+0
11234310,29/9/2021,5:19:11 AM,-6.2080299E+1,-4.2115952E+1,3.8211492E+3,0.0000000E+0
11234311,29/9/2021,5:19:11 AM,-5.7558598E+1,-4.1497784E+1,3.8256133E+3,0.0000000E+0
11234312,29/9/2021,5:19:11 AM,-5.4526402E+1,-3.9697037E+1,3.8256133E+3,0.0000000E+0
11234313,29/9/2021,5:19:11 AM,-5.2584728E+1,-3.9992683E+1,3.8220420E+3,0.0000000E+0
11234314,29/9/2021,5:19:11 AM,-4.8967365E+1,-3.9347637E+1,3.8238276E+3,0.0000000E+0
11234315,29/9/2021,5:19:11 AM,-4.2610386E+1,-3.7493141E+1,3.8247205E+3,0.0000000E+0
11234316,29/9/2021,5:19:12 AM,-3.6093819E+1,-3.4778584E+1,3.8265059E+3,0.0000000E+0
11234317,29/9/2021,5:19:12 AM,-3.0827364E+1,-3.1714626E+1,3.8273987E+3,0.0000000E+0
11234318,29/9/2021,5:19:12 AM,-2.6305662E+1,-2.9725742E+1,3.8256133E+3,0.0000000E+0
11234319,29/9/2021,5:19:12 AM,-1.9895723E+1,-2.5962992E+1,3.8282915E+3,0.0000000E+0
11234320,29/9/2021,5:19:12 AM,-1.0224118E+1,-2.2737774E+1,3.8291846E+3,0.0000000E+0
11234321,29/9/2021,5:19:12 AM,-2.2270001E-1,-1.9093832E+1,3.8327556E+3,0.0000000E+0
11234322,29/9/2021,5:19:12 AM,9.3690386E+0,-1.6485777E+1,3.8327556E+3,0.0000000E+0
11234323,29/9/2021,5:19:12 AM,1.7709351E+1,-1.4406777E+1,3.8327556E+3,0.0000000E+0
11234324,29/9/2021,5:19:12 AM,2.6013084E+1,-1.1399938E+1,3.8363269E+3,0.0000000E+0
11234325,29/9/2021,5:19:12 AM,3.5561852E+1,-7.7789688E+0,3.8381123E+3,0.0000000E+0
11234326,29/9/2021,5:19:13 AM,4.2344402E+1,-5.2380900E+0,3.8390051E+3,0.0000000E+0
11234327,29/9/2021,5:19:13 AM,4.7424671E+1,-3.3807819E+0,3.8390051E+3,0.0000000E+0
11234328,29/9/2021,5:19:13 AM,5.1175022E+1,-2.6242487E+0,3.8398979E+3,0.0000000E+0
11234329,29/9/2021,5:19:13 AM,5.2957104E+1,-3.1408539E-1,3.8398979E+3,0.0000000E+0
11234330,29/9/2021,5:19:13 AM,5.2238949E+1,1.0271236E+0,3.8398979E+3,0.0000000E+0
11234331,29/9/2021,5:19:13 AM,5.1148426E+1,1.3633605E+0,3.8398979E+3,0.0000000E+0
11234332,29/9/2021,5:19:13 AM,4.8222618E+1,1.4474198E+0,3.8390051E+3,0.0000000E+0
11234333,29/9/2021,5:19:13 AM,4.2849770E+1,5.5884802E-1,3.8363269E+3,0.0000000E+0
11234334,29/9/2021,5:19:13 AM,3.5615047E+1,-2.0263575E-1,3.8363269E+3,0.0000000E+0
11234335,29/9/2021,5:19:13 AM,2.9896427E+1,1.4451128E-1,3.8372195E+3,0.0000000E+0
11234336,29/9/2021,5:19:14 AM,2.3113874E+1,-3.1301889E-1,3.8345413E+3,0.0000000E+0
11234337,29/9/2021,5:19:14 AM,1.5978146E+1,-4.4233251E-1,3.8327556E+3,0.0000000E+0
11234338,29/9/2021,5:19:14 AM,1.0247797E+1,-4.6259606E-1,3.8327556E+3,0.0000000E+0
11234339,29/9/2021,5:19:14 AM,3.4202156E+0,2.8795606E-2,3.8327556E+3,0.0000000E+0
11234340,29/9/2021,5:19:14 AM,-3.2736464E+0,1.1838193E-1,3.8327556E+3,0.0000000E+0
11234341,29/9/2021,5:19:14 AM,-9.1848679E+0,3.8900727E-1,3.8336484E+3,0.0000000E+0
11234342,29/9/2021,5:19:14 AM,-1.7112112E+1,4.2926782E-1,3.8309702E+3,0.0000000E+0
11234343,29/9/2021,5:19:14 AM,-2.2369123E+1,-4.4179922E-1,3.8318628E+3,0.0000000E+0
11234344,29/9/2021,5:19:14 AM,-2.8672907E+1,-5.6364733E-1,3.8336484E+3,0.0000000E+0
11234345,29/9/2021,5:19:14 AM,-3.6067219E+1,-1.4621768E+0,3.8291846E+3,0.0000000E+0
11234346,29/9/2021,5:19:15 AM,-4.3089157E+1,-2.7531397E+0,3.8327556E+3,0.0000000E+0
11234347,29/9/2021,5:19:15 AM,-5.0031300E+1,-3.2406831E+0,3.8291846E+3,0.0000000E+0
11234348,29/9/2021,5:19:15 AM,-5.5936111E+1,-5.4822626E+0,3.8291846E+3,0.0000000E+0
11234349,29/9/2021,5:19:15 AM,-6.0245026E+1,-8.4196835E+0,3.8282915E+3,0.0000000E+0
11234350,29/9/2021,5:19:15 AM,-6.4500748E+1,-1.0652880E+1,3.8265059E+3,0.0000000E+0
11234351,29/9/2021,5:19:15 AM,-6.8570274E+1,-1.2987103E+1,3.8273987E+3,0.0000000E+0
11234352,29/9/2021,5:19:15 AM,-7.1336487E+1,-1.6868612E+1,3.8238276E+3,0.0000000E+0
11234353,29/9/2021,5:19:15 AM,-7.1442886E+1,-2.1662703E+1,3.8238276E+3,0.0000000E+0
11234354,29/9/2021,5:19:15 AM,-7.0352356E+1,-2.5317947E+1,3.8220420E+3,0.0000000E+0
11234355,29/9/2021,5:19:15 AM,-6.9288429E+1,-2.8623796E+1,3.8220420E+3,0.0000000E+0
11234356,29/9/2021,5:19:16 AM,-6.6362617E+1,-3.1660873E+1,3.8229348E+3,0.0000000E+0
11234357,29/9/2021,5:19:16 AM,-6.2399479E+1,-3.4294800E+1,3.8238276E+3,0.0000000E+0
11234358,29/9/2021,5:19:16 AM,-5.7000034E+1,-3.6552452E+1,3.8247205E+3,0.0000000E+0
11234359,29/9/2021,5:19:16 AM,-4.8940769E+1,-3.8971363E+1,3.8238276E+3,0.0000000E+0
11234360,29/9/2021,5:19:16 AM,-4.1360271E+1,-4.0825863E+1,3.8256133E+3,0.0000000E+0
11234361,29/9/2021,5:19:16 AM,-3.5349064E+1,-4.2142826E+1,3.8265059E+3,0.0000000E+0
11234362,29/9/2021,5:19:16 AM,-3.1040150E+1,-4.3647926E+1,3.8256133E+3,0.0000000E+0
11234363,29/9/2021,5:19:16 AM,-2.5560913E+1,-4.5690563E+1,3.8265059E+3,0.0000000E+0
11234364,29/9/2021,5:19:16 AM,-1.8096111E+1,-4.8405121E+1,3.8282915E+3,0.0000000E+0
11234365,29/9/2021,5:19:16 AM,-1.1521208E+1,-5.2060368E+1,3.8256133E+3,0.0000000E+0
11234366,29/9/2021,5:19:17 AM,-7.1353083E+0,-5.3511711E+1,3.8256133E+3,0.0000000E+0
11234367,29/9/2021,5:19:17 AM,-4.3281531E+0,-5.4344894E+1,3.8256133E+3,0.0000000E+0
11234368,29/9/2021,5:19:17 AM,-1.4227471E+0,-5.4909306E+1,3.8238276E+3,0.0000000E+0
11234369,29/9/2021,5:19:17 AM,2.3268874E+0,-5.4156754E+1,3.8256133E+3,0.0000000E+0
11234370,29/9/2021,5:19:17 AM,5.5198660E+0,-5.1388447E+1,3.8256133E+3,0.0000000E+0
11234371,29/9/2021,5:19:17 AM,7.6746664E+0,-4.7518185E+1,3.8291846E+3,0.0000000E+0
11234372,29/9/2021,5:19:17 AM,8.8533602E+0,-4.4938011E+1,3.8273987E+3,0.0000000E+0
11234373,29/9/2021,5:19:17 AM,1.0216225E+1,-4.1927811E+1,3.8273987E+3,0.0000000E+0
11234374,29/9/2021,5:19:17 AM,1.2784095E+1,-3.6901852E+1,3.8309702E+3,0.0000000E+0
11234375,29/9/2021,5:19:17 AM,1.5530873E+1,-3.3596001E+1,3.8291846E+3,0.0000000E+0
11234376,29/9/2021,5:19:18 AM,1.6838486E+1,-2.9779497E+1,3.8327556E+3,0.0000000E+0
11234377,29/9/2021,5:19:18 AM,1.8019812E+1,-2.5586716E+1,3.8327556E+3,0.0000000E+0
11234378,29/9/2021,5:19:18 AM,1.7462036E+1,-2.1985224E+1,3.8327556E+3,0.0000000E+0
11234379,29/9/2021,5:19:18 AM,1.7504131E+1,-1.9489958E+1,3.8327556E+3,0.0000000E+0
11234380,29/9/2021,5:19:18 AM,1.8098742E+1,-1.5850380E+1,3.8345413E+3,0.0000000E+0
11234381,29/9/2021,5:19:18 AM,1.6264925E+1,-1.2295875E+1,3.8345413E+3,0.0000000E+0
11234382,29/9/2021,5:19:18 AM,1.0784524E+1,-8.0208979E+0,3.8345413E+3,0.0000000E+0
11234383,29/9/2021,5:19:18 AM,5.3725295E+0,-4.5920353E+0,3.8354341E+3,0.0000000E+0
11234384,29/9/2021,5:19:18 AM,-1.7325217E+0,-1.6683754E+0,3.8318628E+3,0.0000000E+0
11234385,29/9/2021,5:19:18 AM,-9.0401621E+0,1.3129250E+0,3.8336484E+3,0.0000000E+0
11234386,29/9/2021,5:19:19 AM,-1.5188841E+1,5.1420226E+0,3.8345413E+3,0.0000000E+0
11234387,29/9/2021,5:19:19 AM,-2.3246866E+1,8.4542446E+0,3.8336484E+3,0.0000000E+0
11234388,29/9/2021,5:19:19 AM,-3.0587982E+1,1.1990139E+1,3.8345413E+3,0.0000000E+0
11234389,29/9/2021,5:19:19 AM,-3.7397133E+1,1.3960137E+1,3.8327556E+3,0.0000000E+0
11234390,29/9/2021,5:19:19 AM,-4.2823174E+1,1.5246884E+1,3.8318628E+3,0.0000000E+0
11234391,29/9/2021,5:19:19 AM,-4.5004230E+1,1.5879623E+1,3.8345413E+3,0.0000000E+0
11234392,29/9/2021,5:19:19 AM,-4.7930038E+1,1.6222578E+1,3.8327556E+3,0.0000000E+0
11234393,29/9/2021,5:19:19 AM,-4.9392941E+1,1.5012931E+1,3.8327556E+3,0.0000000E+0
11234394,29/9/2021,5:19:19 AM,-5.0031300E+1,1.1952920E+1,3.8318628E+3,0.0000000E+0
11234395,29/9/2021,5:19:19 AM,-5.0350479E+1,8.4090490E+0,3.8309702E+3,0.0000000E+0
11234396,29/9/2021,5:19:20 AM,-4.9472733E+1,4.7241282E+0,3.8291846E+3,0.0000000E+0
11234397,29/9/2021,5:19:20 AM,-4.7398071E+1,6.9029462E-1,3.8309702E+3,0.0000000E+0
11234398,29/9/2021,5:19:20 AM,-4.5323410E+1,-3.0869749E+0,3.8291846E+3,0.0000000E+0
11234399,29/9/2021,5:19:20 AM,-4.4897835E+1,-6.3965135E+0,3.8291846E+3,0.0000000E+0
11234400,29/9/2021,5:19:20 AM,-4.3780712E+1,-1.0599709E+1,3.8282915E+3,0.0000000E+0
11234401,29/9/2021,5:19:20 AM,-4.0642117E+1,-1.5153835E+1,3.8273987E+3,0.0000000E+0
11234402,29/9/2021,5:19:20 AM,-3.8088684E+1,-1.8812023E+1,3.8273987E+3,0.0000000E+0
11234403,29/9/2021,5:19:20 AM,-3.7264141E+1,-2.1152044E+1,3.8273987E+3,0.0000000E+0
11234404,29/9/2021,5:19:20 AM,-3.6838570E+1,-2.3732216E+1,3.8282915E+3,0.0000000E+0
11234405,29/9/2021,5:19:20 AM,-3.4790504E+1,-2.6500526E+1,3.8256133E+3,0.0000000E+0
11234406,29/9/2021,5:19:21 AM,-3.1146544E+1,-2.9618237E+1,3.8273987E+3,0.0000000E+0
11234407,29/9/2021,5:19:21 AM,-2.5826897E+1,-3.1902763E+1,3.8273987E+3,0.0000000E+0
11234408,29/9/2021,5:19:21 AM,-2.0720034E+1,-3.4563568E+1,3.8273987E+3,0.0000000E+0
11234409,29/9/2021,5:19:21 AM,-1.6946358E+1,-3.7036236E+1,3.8273987E+3,0.0000000E+0
11234410,29/9/2021,5:19:21 AM,-1.2623603E+1,-3.9589531E+1,3.8273987E+3,0.0000000E+0
11234411,29/9/2021,5:19:21 AM,-4.5579104E+0,-4.3137268E+1,3.8282915E+3,0.0000000E+0
11234412,29/9/2021,5:19:21 AM,2.9369328E+0,-4.7464432E+1,3.8256133E+3,0.0000000E+0
11234413,29/9/2021,5:19:21 AM,9.6558189E+0,-5.0340252E+1,3.8273987E+3,0.0000000E+0
11234414,29/9/2021,5:19:21 AM,1.5459835E+1,-5.2329136E+1,3.8265059E+3,0.0000000E+0
11234415,29/9/2021,5:19:21 AM,1.8474977E+1,-5.3001053E+1,3.8256133E+3,0.0000000E+0
11234416,29/9/2021,5:19:22 AM,2.2448917E+1,-5.3565464E+1,3.8291846E+3,0.0000000E+0
11234417,29/9/2021,5:19:22 AM,2.7263201E+1,-5.3619217E+1,3.8273987E+3,0.0000000E+0
11234418,29/9/2021,5:19:22 AM,2.9258068E+1,-5.2382889E+1,3.8291846E+3,0.0000000E+0
11234419,29/9/2021,5:19:22 AM,2.8805899E+1,-4.8888905E+1,3.8282915E+3,0.0000000E+0
11234420,29/9/2021,5:19:22 AM,2.5880093E+1,-4.4534863E+1,3.8291846E+3,0.0000000E+0
11234421,29/9/2021,5:19:22 AM,2.1943552E+1,-3.9132626E+1,3.8291846E+3,0.0000000E+0
11234422,29/9/2021,5:19:22 AM,1.9572109E+1,-3.4079784E+1,3.8318628E+3,0.0000000E+0
11234423,29/9/2021,5:19:22 AM,1.7051600E+1,-2.9268837E+1,3.8309702E+3,0.0000000E+0
11234424,29/9/2021,5:19:22 AM,1.1363347E+1,-2.4538521E+1,3.8309702E+3,0.0000000E+0
11234425,29/9/2021,5:19:22 AM,6.4565072E+0,-1.9947231E+1,3.8309702E+3,0.0000000E+0
11234426,29/9/2021,5:19:23 AM,2.7309434E+0,-1.4954442E+1,3.8318628E+3,0.0000000E+0
11234427,29/9/2021,5:19:23 AM,1.2375207E+0,-1.0363096E+1,3.8336484E+3,0.0000000E+0
11234428,29/9/2021,5:19:23 AM,-1.3166744E-1,-7.6327477E+0,3.8327556E+3,0.0000000E+0
11234429,29/9/2021,5:19:23 AM,-3.0042756E+0,-5.8807516E+0,3.8318628E+3,0.0000000E+0
11234430,29/9/2021,5:19:23 AM,-6.8380041E+0,-2.7051058E+0,3.8309702E+3,0.0000000E+0
11234431,29/9/2021,5:19:23 AM,-9.9189205E+0,1.8781232E+0,3.8354341E+3,0.0000000E+0
11234432,29/9/2021,5:19:23 AM,-1.3002469E+1,4.8938479E+0,3.8363269E+3,0.0000000E+0
11234433,29/9/2021,5:19:23 AM,-1.5872904E+1,6.1758523E+0,3.8327556E+3,0.0000000E+0
11234434,29/9/2021,5:19:23 AM,-2.0613640E+1,9.1188869E+0,3.8363269E+3,0.0000000E+0
11234435,29/9/2021,5:19:23 AM,-2.8619709E+1,1.2936590E+1,3.8345413E+3,0.0000000E+0
11234436,29/9/2021,5:19:24 AM,-3.5295868E+1,1.4747074E+1,3.8363269E+3,0.0000000E+0
11234437,29/9/2021,5:19:24 AM,-4.1041092E+1,1.6358166E+1,3.8363269E+3,0.0000000E+0
11234438,29/9/2021,5:19:24 AM,-4.6334145E+1,1.5752012E+1,3.8336484E+3,0.0000000E+0
11234439,29/9/2021,5:19:24 AM,-5.1999569E+1,1.3946845E+1,3.8327556E+3,0.0000000E+0
11234440,29/9/2021,5:19:24 AM,-5.7930977E+1,1.0753905E+1,3.8291846E+3,0.0000000E+0
11234441,29/9/2021,5:19:24 AM,-6.1628128E+1,6.8218837E+0,3.8291846E+3,0.0000000E+0
11234442,29/9/2021,5:19:24 AM,-6.2585667E+1,3.2775092E+0,3.8309702E+3,0.0000000E+0
11234443,29/9/2021,5:19:24 AM,-6.2053703E+1,-2.1503148E+0,3.8282915E+3,0.0000000E+0
11234444,29/9/2021,5:19:24 AM,-5.9872650E+1,-9.1135693E+0,3.8247205E+3,0.0000000E+0
11234445,29/9/2021,5:19:24 AM,-5.7026634E+1,-1.3928235E+1,3.8265059E+3,0.0000000E+0
11234446,29/9/2021,5:19:25 AM,-5.4287018E+1,-1.8761511E+1,3.8256133E+3,0.0000000E+0
11234447,29/9/2021,5:19:25 AM,-4.9339745E+1,-2.3167805E+1,3.8256133E+3,0.0000000E+0
11234448,29/9/2021,5:19:25 AM,-4.3807308E+1,-2.7172447E+1,3.8273987E+3,0.0000000E+0
11234449,29/9/2021,5:19:25 AM,-3.8833439E+1,-3.1311474E+1,3.8256133E+3,0.0000000E+0
11234450,29/9/2021,5:19:25 AM,-3.4630917E+1,-3.4026031E+1,3.8256133E+3,0.0000000E+0
11234451,29/9/2021,5:19:25 AM,-3.2237072E+1,-3.4832336E+1,3.8273987E+3,0.0000000E+0
11234452,29/9/2021,5:19:25 AM,-3.0614580E+1,-3.5289242E+1,3.8282915E+3,0.0000000E+0
11234453,29/9/2021,5:19:25 AM,-2.8167542E+1,-3.5746147E+1,3.8291846E+3,0.0000000E+0
11234454,29/9/2021,5:19:25 AM,-2.5640709E+1,-3.8326321E+1,3.8256133E+3,0.0000000E+0
11234455,29/9/2021,5:19:25 AM,-2.4098009E+1,-3.9643284E+1,3.8273987E+3,0.0000000E+0
11234456,29/9/2021,5:19:26 AM,-2.2502115E+1,-4.0960247E+1,3.8273987E+3,0.0000000E+0
11234457,29/9/2021,5:19:26 AM,-2.1065809E+1,-4.2357841E+1,3.8256133E+3,0.0000000E+0
11234458,29/9/2021,5:19:26 AM,-1.8101374E+1,-4.3916695E+1,3.8273987E+3,0.0000000E+0
11234459,29/9/2021,5:19:26 AM,-1.3462895E+1,-4.6201225E+1,3.8256133E+3,0.0000000E+0
11234460,29/9/2021,5:19:26 AM,-9.0348997E+0,-4.9856468E+1,3.8238276E+3,0.0000000E+0
11234461,29/9/2021,5:19:26 AM,-4.1895070E+0,-5.1146557E+1,3.8238276E+3,0.0000000E+0
11234462,29/9/2021,5:19:26 AM,-6.7047483E-1,-4.9533947E+1,3.8247205E+3,0.0000000E+0
11234463,29/9/2021,5:19:26 AM,2.7895713E+0,-4.6496868E+1,3.8273987E+3,0.0000000E+0
11234464,29/9/2021,5:19:26 AM,6.4722929E+0,-4.3782310E+1,3.8291846E+3,0.0000000E+0
11234465,29/9/2021,5:19:26 AM,1.0758214E+1,-4.2115952E+1,3.8273987E+3,0.0000000E+0
11234466,29/9/2021,5:19:27 AM,1.2573613E+1,-3.8810101E+1,3.8291846E+3,0.0000000E+0
11234467,29/9/2021,5:19:27 AM,1.1836929E+1,-3.3784142E+1,3.8309702E+3,0.0000000E+0
11234468,29/9/2021,5:19:27 AM,1.2139496E+1,-2.9349468E+1,3.8345413E+3,0.0000000E+0
11234469,29/9/2021,5:19:27 AM,1.2010576E+1,-2.5076056E+1,3.8327556E+3,0.0000000E+0
11234470,29/9/2021,5:19:27 AM,1.0139926E+1,-2.2603390E+1,3.8336484E+3,0.0000000E+0
11234471,29/9/2021,5:19:27 AM,8.6718197E+0,-2.0829521E+1,3.8327556E+3,0.0000000E+0
11234472,29/9/2021,5:19:27 AM,5.4172568E+0,-1.8282969E+1,3.8318628E+3,0.0000000E+0
11234473,29/9/2021,5:19:27 AM,1.7659627E+0,-1.5472862E+1,3.8327556E+3,0.0000000E+0
11234474,29/9/2021,5:19:27 AM,-8.3222264E-1,-1.2721245E+1,3.8327556E+3,0.0000000E+0
11234475,29/9/2021,5:19:27 AM,-2.0931687E+0,-1.1703014E+1,3.8327556E+3,0.0000000E+0
11234476,29/9/2021,5:19:28 AM,-5.1449804E+0,-1.1463743E+1,3.8291846E+3,0.0000000E+0
11234477,29/9/2021,5:19:28 AM,-7.2063460E+0,-1.0761881E+1,3.8291846E+3,0.0000000E+0
11234478,29/9/2021,5:19:28 AM,-9.1322479E+0,-8.9646902E+0,3.8309702E+3,0.0000000E+0
11234479,29/9/2021,5:19:28 AM,-1.1755368E+1,-6.6916142E+0,3.8309702E+3,0.0000000E+0
11234480,29/9/2021,5:19:28 AM,-1.2628865E+1,-4.4447312E+0,3.8336484E+3,0.0000000E+0
11234481,29/9/2021,5:19:28 AM,-1.3355024E+1,-2.7211170E+0,3.8309702E+3,0.0000000E+0
11234482,29/9/2021,5:19:28 AM,-1.6278080E+1,-3.3354908E-1,3.8309702E+3,0.0000000E+0
11234483,29/9/2021,5:19:28 AM,-1.8330271E+1,2.1791353E+0,3.8327556E+3,0.0000000E+0
11234484,29/9/2021,5:19:28 AM,-2.0043060E+1,5.4899421E+0,3.8345413E+3,0.0000000E+0
11234485,29/9/2021,5:19:28 AM,-2.1810560E+1,7.2313032E+0,3.8345413E+3,0.0000000E+0
11234486,29/9/2021,5:19:29 AM,-2.3167072E+1,7.7736511E+0,3.8336484E+3,0.0000000E+0
11234487,29/9/2021,5:19:29 AM,-2.3752232E+1,8.4329767E+0,3.8345413E+3,0.0000000E+0
11234488,29/9/2021,5:19:29 AM,-2.6013084E+1,8.9806404E+0,3.8336484E+3,0.0000000E+0
11234489,29/9/2021,5:19:29 AM,-2.7874962E+1,7.8374567E+0,3.8327556E+3,0.0000000E+0
11234490,29/9/2021,5:19:29 AM,-2.8140944E+1,7.0000086E+0,3.8354341E+3,0.0000000E+0
11234491,29/9/2021,5:19:29 AM,-2.8805899E+1,3.4144056E+0,3.8309702E+3,0.0000000E+0
11234492,29/9/2021,5:19:29 AM,-2.8619709E+1,3.2821655E-1,3.8327556E+3,0.0000000E+0
11234493,29/9/2021,5:19:29 AM,-2.8859095E+1,-3.1294048E+0,3.8309702E+3,0.0000000E+0
11234494,29/9/2021,5:19:29 AM,-2.9976223E+1,-6.6995897E+0,3.8282915E+3,0.0000000E+0
11234495,29/9/2021,5:19:29 AM,-3.0135811E+1,-8.9487381E+0,3.8318628E+3,0.0000000E+0
11234496,29/9/2021,5:19:30 AM,-2.8832497E+1,-1.2527170E+1,3.8291846E+3,0.0000000E+0
11234497,29/9/2021,5:19:30 AM,-2.7741970E+1,-1.6520338E+1,3.8291846E+3,0.0000000E+0
11234498,29/9/2021,5:19:30 AM,-2.6092878E+1,-2.1071413E+1,3.8273987E+3,0.0000000E+0
11234499,29/9/2021,5:19:30 AM,-2.4204403E+1,-2.5102934E+1,3.8282915E+3,0.0000000E+0
11234500,29/9/2021,5:19:30 AM,-2.2236132E+1,-2.7709984E+1,3.8282915E+3,0.0000000E+0
11234501,29/9/2021,5:19:30 AM,-2.0986015E+1,-3.0612679E+1,3.8291846E+3,0.0000000E+0
11234502,29/9/2021,5:19:30 AM,-1.9916771E+1,-3.3380985E+1,3.8273987E+3,0.0000000E+0
11234503,29/9/2021,5:19:30 AM,-1.8819639E+1,-3.6686836E+1,3.8273987E+3,0.0000000E+0
11234504,29/9/2021,5:19:30 AM,-1.8517073E+1,-3.9078869E+1,3.8265059E+3,0.0000000E+0
11234505,29/9/2021,5:19:30 AM,-1.9127468E+1,-3.9938931E+1,3.8273987E+3,0.0000000E+0
11234506,29/9/2021,5:19:31 AM,-1.9577370E+1,-4.1605289E+1,3.8273987E+3,0.0000000E+0
11234507,29/9/2021,5:19:31 AM,-1.9701029E+1,-4.3862942E+1,3.8256133E+3,0.0000000E+0
11234508,29/9/2021,5:19:31 AM,-1.9814163E+1,-4.5045521E+1,3.8273987E+3,0.0000000E+0
11234509,29/9/2021,5:19:31 AM,-2.0666836E+1,-4.6013084E+1,3.8238276E+3,0.0000000E+0
11234510,29/9/2021,5:19:31 AM,-2.0720034E+1,-4.7518185E+1,3.8256133E+3,0.0000000E+0
11234511,29/9/2021,5:19:31 AM,-2.0161469E+1,-4.8351368E+1,3.8247205E+3,0.0000000E+0
11234512,29/9/2021,5:19:31 AM,-2.0081675E+1,-4.8243858E+1,3.8238276E+3,0.0000000E+0
11234513,29/9/2021,5:19:31 AM,-1.8695982E+1,-4.7733200E+1,3.8256133E+3,0.0000000E+0
11234514,29/9/2021,5:19:31 AM,-1.7683041E+1,-4.5932457E+1,3.8247205E+3,0.0000000E+0
11234515,29/9/2021,5:19:31 AM,-1.7896154E+1,-4.3647926E+1,3.8256133E+3,0.0000000E+0
11234516,29/9/2021,5:19:32 AM,-1.6441204E+1,-4.1632168E+1,3.8256133E+3,0.0000000E+0
11234517,29/9/2021,5:19:32 AM,-1.5167792E+1,-3.7735031E+1,3.8273987E+3,0.0000000E+0
11234518,29/9/2021,5:19:32 AM,-1.5591386E+1,-3.3784142E+1,3.8256133E+3,0.0000000E+0
11234519,29/9/2021,5:19:32 AM,-1.5159899E+1,-3.0182650E+1,3.8256133E+3,0.0000000E+0
11234520,29/9/2021,5:19:32 AM,-1.4667899E+1,-2.4431013E+1,3.8309702E+3,0.0000000E+0
11234521,29/9/2021,5:19:32 AM,-1.4391644E+1,-1.9067245E+1,3.8291846E+3,0.0000000E+0
11234522,29/9/2021,5:19:32 AM,-1.4415323E+1,-1.4077114E+1,3.8318628E+3,0.0000000E+0
11234523,29/9/2021,5:19:32 AM,-1.4654745E+1,-9.0205202E+0,3.8327556E+3,0.0000000E+0
11234524,29/9/2021,5:19:32 AM,-1.4244307E+1,-5.4382315E+0,3.8309702E+3,0.0000000E+0
11234525,29/9/2021,5:19:32 AM,-1.3015623E+1,-1.3464612E+0,3.8345413E+3,0.0000000E+0
11234526,29/9/2021,5:19:33 AM,-1.0695069E+1,2.0638540E+0,3.8345413E+3,0.0000000E+0
11234527,29/9/2021,5:19:33 AM,-9.6479263E+0,4.5135798E+0,3.8363269E+3,0.0000000E+0
11234528,29/9/2021,5:19:33 AM,-7.9824948E+0,5.6228700E+0,3.8354341E+3,0.0000000E+0
11234529,29/9/2021,5:19:33 AM,-5.6935129E+0,6.7341514E+0,3.8354341E+3,0.0000000E+0
11234530,29/9/2021,5:19:33 AM,-5.0586233E+0,7.4679160E+0,3.8354341E+3,0.0000000E+0
11234531,29/9/2021,5:19:33 AM,-2.9694159E+0,7.2871332E+0,3.8363269E+3,0.0000000E+0
11234532,29/9/2021,5:19:33 AM,-2.2085299E-1,6.6251502E+0,3.8363269E+3,0.0000000E+0
11234533,29/9/2021,5:19:33 AM,2.4855855E-1,6.4656363E+0,3.8354341E+3,0.0000000E+0
11234534,29/9/2021,5:19:33 AM,-1.1960891E+0,4.5367966E+0,3.8336484E+3,0.0000000E+0
11234535,29/9/2021,5:19:33 AM,-1.8697497E+0,1.4946530E+0,3.8336484E+3,0.0000000E+0
11234536,29/9/2021,5:19:34 AM,-1.9133242E+0,-2.9115558E-1,3.8327556E+3,0.0000000E+0
11234537,29/9/2021,5:19:34 AM,-2.7000451E+0,-5.5724829E-1,3.8363269E+3,0.0000000E+0
11234538,29/9/2021,5:19:34 AM,-3.9740100E+0,-2.4016922E+0,3.8327556E+3,0.0000000E+0
11234539,29/9/2021,5:19:34 AM,-5.1996465E+0,-6.1200223E+0,3.8309702E+3,0.0000000E+0
11234540,29/9/2021,5:19:34 AM,-5.3834529E+0,-8.0900211E+0,3.8327556E+3,0.0000000E+0
11234541,29/9/2021,5:19:34 AM,-5.2012315E+0,-9.0125437E+0,3.8345413E+3,0.0000000E+0
11234542,29/9/2021,5:19:34 AM,-5.5698552E+0,-1.2218776E+1,3.8336484E+3,0.0000000E+0
11234543,29/9/2021,5:19:34 AM,-6.0197587E+0,-1.6796829E+1,3.8309702E+3,0.0000000E+0
11234544,29/9/2021,5:19:34 AM,-7.4194584E+0,-2.0775768E+1,3.8291846E+3,0.0000000E+0
11234545,29/9/2021,5:19:34 AM,-8.8691463E+0,-2.4646029E+1,3.8300774E+3,0.0000000E+0
11234546,29/9/2021,5:19:35 AM,-9.8610382E+0,-2.7736860E+1,3.8309702E+3,0.0000000E+0
11234547,29/9/2021,5:19:35 AM,-1.2489421E+1,-3.0773939E+1,3.8291846E+3,0.0000000E+0
11234548,29/9/2021,5:19:35 AM,-1.6706936E+1,-3.3811016E+1,3.8282915E+3,0.0000000E+0
11234549,29/9/2021,5:19:35 AM,-2.2103142E+1,-3.6176174E+1,3.8256133E+3,0.0000000E+0
11234550,29/9/2021,5:19:35 AM,-2.8752701E+1,-3.7681278E+1,3.8256133E+3,0.0000000E+0
11234551,29/9/2021,5:19:35 AM,-3.5029888E+1,-3.7546894E+1,3.8256133E+3,0.0000000E+0
11234552,29/9/2021,5:19:35 AM,-4.1174084E+1,-3.7466263E+1,3.8256133E+3,0.0000000E+0
11234553,29/9/2021,5:19:35 AM,-4.8515198E+1,-3.7681278E+1,3.8238276E+3,0.0000000E+0
11234554,29/9/2021,5:19:35 AM,-5.5616932E+1,-3.8165058E+1,3.8220420E+3,0.0000000E+0
11234555,29/9/2021,5:19:35 AM,-6.0245026E+1,-3.8353195E+1,3.8220420E+3,0.0000000E+0
11234556,29/9/2021,5:19:36 AM,-6.3250626E+1,-3.7976921E+1,3.8220420E+3,0.0000000E+0
11234557,29/9/2021,5:19:36 AM,-6.4793327E+1,-3.7224373E+1,3.8238276E+3,0.0000000E+0
11234558,29/9/2021,5:19:36 AM,-6.4660332E+1,-3.6794342E+1,3.8238276E+3,0.0000000E+0
11234559,29/9/2021,5:19:36 AM,-6.4021973E+1,-3.6686836E+1,3.8229348E+3,0.0000000E+0
11234560,29/9/2021,5:19:36 AM,-6.1548336E+1,-3.6310558E+1,3.8220420E+3,0.0000000E+0
11234561,29/9/2021,5:19:36 AM,-5.7186222E+1,-3.4859215E+1,3.8256133E+3,0.0000000E+0
11234562,29/9/2021,5:19:36 AM,-5.3622059E+1,-3.3864769E+1,3.8247205E+3,0.0000000E+0
11234563,29/9/2021,5:19:36 AM,-5.0722855E+1,-3.1875887E+1,3.8282915E+3,0.0000000E+0
11234564,29/9/2021,5:19:36 AM,-4.9180153E+1,-3.1929642E+1,3.8238276E+3,0.0000000E+0
11234565,29/9/2021,5:19:36 AM,-4.7398071E+1,-3.2171532E+1,3.8238276E+3,0.0000000E+0
11234566,29/9/2021,5:19:37 AM,-4.4206284E+1,-2.9725742E+1,3.8256133E+3,0.0000000E+0
11234567,29/9/2021,5:19:37 AM,-4.0110153E+1,-2.6661787E+1,3.8256133E+3,0.0000000E+0
11234568,29/9/2021,5:19:37 AM,-3.5721443E+1,-2.4592276E+1,3.8291846E+3,0.0000000E+0
11234569,29/9/2021,5:19:37 AM,-3.0082615E+1,-2.3517200E+1,3.8256133E+3,0.0000000E+0
11234570,29/9/2021,5:19:37 AM,-2.4098009E+1,-2.2227116E+1,3.8273987E+3,0.0000000E+0
11234571,29/9/2021,5:19:37 AM,-1.5544027E+1,-2.1904594E+1,3.8273987E+3,0.0000000E+0
11234572,29/9/2021,5:19:37 AM,-4.6688280E+0,-1.9995087E+1,3.8318628E+3,0.0000000E+0
11234573,29/9/2021,5:19:37 AM,6.5091271E+0,-1.9200174E+1,3.8309702E+3,0.0000000E+0
11234574,29/9/2021,5:19:37 AM,1.6875320E+1,-1.9325127E+1,3.8327556E+3,0.0000000E+0
11234575,29/9/2021,5:19:37 AM,2.6997217E+1,-1.8208529E+1,3.8327556E+3,0.0000000E+0
11234576,29/9/2021,5:19:38 AM,3.6253407E+1,-1.8290945E+1,3.8327556E+3,0.0000000E+0
11234577,29/9/2021,5:19:38 AM,4.4897835E+1,-1.6041796E+1,3.8381123E+3,0.0000000E+0
11234578,29/9/2021,5:19:38 AM,5.2877308E+1,-1.3742135E+1,3.8381123E+3,0.0000000E+0
11234579,29/9/2021,5:19:38 AM,5.7266018E+1,-1.1974188E+1,3.8390051E+3,0.0000000E+0
11234580,29/9/2021,5:19:38 AM,5.9287487E+1,-9.0869837E+0,3.8390051E+3,0.0000000E+0
11234581,29/9/2021,5:19:38 AM,5.7930977E+1,-6.8697381E+0,3.8381123E+3,0.0000000E+0
11234582,29/9/2021,5:19:38 AM,5.4233822E+1,-4.1405172E+0,3.8381123E+3,0.0000000E+0
11234583,29/9/2021,5:19:38 AM,5.0802647E+1,-1.2211469E+0,3.8398979E+3,0.0000000E+0
11234584,29/9/2021,5:19:38 AM,4.3700916E+1,1.6779822E+0,3.8390051E+3,0.0000000E+0
11234585,29/9/2021,5:19:38 AM,3.5029888E+1,2.6130409E+0,3.8354341E+3,0.0000000E+0
11234586,29/9/2021,5:19:39 AM,2.6997217E+1,3.9395754E+0,3.8381123E+3,0.0000000E+0
11234587,29/9/2021,5:19:39 AM,2.0666836E+1,5.6175528E+0,3.8345413E+3,0.0000000E+0
11234588,29/9/2021,5:19:39 AM,1.5115171E+1,6.2157307E+0,3.8345413E+3,0.0000000E+0
11234589,29/9/2021,5:19:39 AM,1.1358085E+1,7.1515465E+0,3.8363269E+3,0.0000000E+0
11234590,29/9/2021,5:19:39 AM,7.5562701E+0,7.7470655E+0,3.8363269E+3,0.0000000E+0
11234591,29/9/2021,5:19:39 AM,3.2950375E+0,6.7873230E+0,3.8336484E+3,0.0000000E+0
11234592,29/9/2021,5:19:39 AM,-7.4066234E-1,7.1223025E+0,3.8345413E+3,0.0000000E+0
11234593,29/9/2021,5:19:39 AM,-5.0015802E+0,6.2768779E+0,3.8354341E+3,0.0000000E+0
11234594,29/9/2021,5:19:39 AM,-9.1664505E+0,5.1524301E+0,3.8345413E+3,0.0000000E+0
11234595,29/9/2021,5:19:39 AM,-1.5259878E+1,5.3509703E+0,3.8363269E+3,0.0000000E+0
11234596,29/9/2021,5:19:40 AM,-2.5241734E+1,5.7318716E+0,3.8345413E+3,0.0000000E+0
11234597,29/9/2021,5:19:40 AM,-3.5056488E+1,3.3791804E+0,3.8327556E+3,0.0000000E+0
11234598,29/9/2021,5:19:40 AM,-4.3301941E+1,1.4137961E+0,3.8327556E+3,0.0000000E+0
11234599,29/9/2021,5:19:40 AM,-5.2797512E+1,7.4388647E-1,3.8327556E+3,0.0000000E+0
11234600,29/9/2021,5:19:40 AM,-6.1628128E+1,-3.7498419E+0,3.8300774E+3,0.0000000E+0
11234601,29/9/2021,5:19:40 AM,-7.0751328E+1,-9.1720581E+0,3.8273987E+3,0.0000000E+0
11234602,29/9/2021,5:19:40 AM,-7.8065849E+1,-1.4154214E+1,3.8265059E+3,0.0000000E+0
11234603,29/9/2021,5:19:40 AM,-8.3491890E+1,-2.1178921E+1,3.8220420E+3,0.0000000E+0
11234604,29/9/2021,5:19:40 AM,-8.7189049E+1,-2.7924997E+1,3.8229348E+3,0.0000000E+0
11234605,29/9/2021,5:19:40 AM,-8.7986992E+1,-3.5584885E+1,3.8220420E+3,0.0000000E+0
11234606,29/9/2021,5:19:41 AM,-8.9689278E+1,-4.1175262E+1,3.8184709E+3,0.0000000E+0
11234607,29/9/2021,5:19:41 AM,-8.8385971E+1,-4.7545063E+1,3.8184709E+3,0.0000000E+0
11234608,29/9/2021,5:19:41 AM,-8.6470894E+1,-5.2920422E+1,3.8166853E+3,0.0000000E+0
11234609,29/9/2021,5:19:41 AM,-8.3571686E+1,-5.7220715E+1,3.8184709E+3,0.0000000E+0
11234610,29/9/2021,5:19:41 AM,-7.7560478E+1,-5.9962147E+1,3.8193638E+3,0.0000000E+0
11234611,29/9/2021,5:19:41 AM,-7.4262299E+1,-6.1225357E+1,3.8202566E+3,0.0000000E+0
11234612,29/9/2021,5:19:41 AM,-6.9235229E+1,-6.3321747E+1,3.8184709E+3,0.0000000E+0
11234613,29/9/2021,5:19:41 AM,-6.3410213E+1,-6.5256874E+1,3.8202566E+3,0.0000000E+0
11234614,29/9/2021,5:19:41 AM,-6.1202564E+1,-6.6305077E+1,3.8148999E+3,0.0000000E+0
11234615,29/9/2021,5:19:41 AM,-5.7425610E+1,-6.5606277E+1,3.8229348E+3,0.0000000E+0
11234616,29/9/2021,5:19:42 AM,-5.1467606E+1,-6.4880600E+1,3.8220420E+3,0.0000000E+0
11234617,29/9/2021,5:19:42 AM,-4.6094757E+1,-6.5176247E+1,3.8202566E+3,0.0000000E+0
11234618,29/9/2021,5:19:42 AM,-4.0934700E+1,-6.5203125E+1,3.8202566E+3,0.0000000E+0
11234619,29/9/2021,5:19:42 AM,-3.1997688E+1,-6.5203125E+1,3.8202566E+3,0.0000000E+0
11234620,29/9/2021,5:19:42 AM,-2.2502115E+1,-6.3590515E+1,3.8220420E+3,0.0000000E+0
11234621,29/9/2021,5:19:42 AM,-1.4118018E+1,-5.9585869E+1,3.8238276E+3,0.0000000E+0
11234622,29/9/2021,5:19:42 AM,-4.9936571E+0,-5.5312458E+1,3.8256133E+3,0.0000000E+0
11234623,29/9/2021,5:19:42 AM,4.4533315E+0,-5.2167877E+1,3.8238276E+3,0.0000000E+0
11234624,29/9/2021,5:19:42 AM,1.3741783E+1,-4.9399563E+1,3.8256133E+3,0.0000000E+0
11234625,29/9/2021,5:19:42 AM,2.5321529E+1,-4.4561741E+1,3.8273987E+3,0.0000000E+0
11234626,29/9/2021,5:19:43 AM,3.4657513E+1,-3.6552452E+1,3.8327556E+3,0.0000000E+0
11234627,29/9/2021,5:19:43 AM,4.1120888E+1,-2.9215084E+1,3.8327556E+3,0.0000000E+0
11234628,29/9/2021,5:19:43 AM,4.7770447E+1,-2.2630266E+1,3.8354341E+3,0.0000000E+0
11234629,29/9/2021,5:19:43 AM,5.3888042E+1,-1.5438301E+1,3.8363269E+3,0.0000000E+0
11234630,29/9/2021,5:19:43 AM,5.6654263E+1,-8.0102634E+0,3.8363269E+3,0.0000000E+0
11234631,29/9/2021,5:19:43 AM,5.7718189E+1,7.6868266E-1,3.8416836E+3,0.0000000E+0
11234632,29/9/2021,5:19:43 AM,5.6893642E+1,1.0650221E+1,3.8416836E+3,0.0000000E+0
11234633,29/9/2021,5:19:43 AM,5.2611324E+1,1.9543129E+1,3.8434690E+3,0.0000000E+0
11234634,29/9/2021,5:19:43 AM,4.7664055E+1,2.6581156E+1,3.8434690E+3,0.0000000E+0
11234635,29/9/2021,5:19:43 AM,4.2557190E+1,3.3918526E+1,3.8434690E+3,0.0000000E+0
11234636,29/9/2021,5:19:44 AM,3.5615047E+1,4.0153942E+1,3.8452546E+3,0.0000000E+0
11234637,29/9/2021,5:19:44 AM,2.8779299E+1,4.4857380E+1,3.8452546E+3,0.0000000E+0
11234638,29/9/2021,5:19:44 AM,2.1438185E+1,4.7975090E+1,3.8434690E+3,0.0000000E+0
11234639,29/9/2021,5:19:44 AM,1.3526039E+1,4.8781399E+1,3.8416836E+3,0.0000000E+0
11234640,29/9/2021,5:19:44 AM,1.0405658E+1,4.9641453E+1,3.8470403E+3,0.0000000E+0
11234641,29/9/2021,5:19:44 AM,6.7143464E+0,4.8109474E+1,3.8416836E+3,0.0000000E+0
11234642,29/9/2021,5:19:44 AM,1.5639346E+0,4.3298527E+1,3.8390051E+3,0.0000000E+0
11234643,29/9/2021,5:19:44 AM,-2.5930891E+0,3.8890732E+1,3.8390051E+3,0.0000000E+0
11234644,29/9/2021,5:19:44 AM,-7.7141314E+0,3.4590446E+1,3.8381123E+3,0.0000000E+0
11234645,29/9/2021,5:19:44 AM,-1.2810404E+1,3.0532049E+1,3.8381123E+3,0.0000000E+0
11234646,29/9/2021,5:19:45 AM,-2.0006226E+1,2.5613592E+1,3.8372195E+3,0.0000000E+0
11234647,29/9/2021,5:19:45 AM,-2.8087748E+1,1.9139027E+1,3.8327556E+3,0.0000000E+0
11234648,29/9/2021,5:19:45 AM,-3.5375664E+1,1.3824551E+1,3.8345413E+3,0.0000000E+0
11234649,29/9/2021,5:19:45 AM,-4.4631855E+1,8.4196835E+0,3.8327556E+3,0.0000000E+0
11234650,29/9/2021,5:19:45 AM,-5.2238949E+1,2.7283220E+0,3.8309702E+3,0.0000000E+0
11234651,29/9/2021,5:19:45 AM,-5.9792854E+1,-3.2655008E+0,3.8309702E+3,0.0000000E+0
11234652,29/9/2021,5:19:45 AM,-6.6043442E+1,-1.1570086E+1,3.8238276E+3,0.0000000E+0
11234653,29/9/2021,5:19:45 AM,-7.0059776E+1,-1.9965841E+1,3.8256133E+3,0.0000000E+0
11234654,29/9/2021,5:19:45 AM,-7.1895050E+1,-2.8731300E+1,3.8211492E+3,0.0000000E+0
11234655,29/9/2021,5:19:45 AM,-7.2586609E+1,-3.6337437E+1,3.8229348E+3,0.0000000E+0
11234656,29/9/2021,5:19:46 AM,-7.1868454E+1,-4.4696125E+1,3.8202566E+3,0.0000000E+0
11234657,29/9/2021,5:19:46 AM,-6.8357491E+1,-5.4694294E+1,3.8184709E+3,0.0000000E+0
11234658,29/9/2021,5:19:46 AM,-6.3117634E+1,-6.2730453E+1,3.8175781E+3,0.0000000E+0
11234659,29/9/2021,5:19:46 AM,-5.7718189E+1,-7.0417221E+1,3.8166853E+3,0.0000000E+0
11234660,29/9/2021,5:19:46 AM,-5.1387810E+1,-7.7378311E+1,3.8166853E+3,0.0000000E+0
11234661,29/9/2021,5:19:46 AM,-4.3674316E+1,-8.3129951E+1,3.8184709E+3,0.0000000E+0
11234662,29/9/2021,5:19:46 AM,-3.6971561E+1,-8.8505310E+1,3.8166853E+3,0.0000000E+0
11234663,29/9/2021,5:19:46 AM,-2.9949623E+1,-9.2079926E+1,3.8175781E+3,0.0000000E+0
11234664,29/9/2021,5:19:46 AM,-2.1916954E+1,-9.3719414E+1,3.8184709E+3,0.0000000E+0
11234665,29/9/2021,5:19:46 AM,-1.7612003E+1,-9.3450645E+1,3.8166853E+3,0.0000000E+0
11234666,29/9/2021,5:19:47 AM,-1.6535919E+1,-9.1381126E+1,3.8184709E+3,0.0000000E+0
11234667,29/9/2021,5:19:47 AM,-1.3836500E+1,-8.7618378E+1,3.8202566E+3,0.0000000E+0
11234668,29/9/2021,5:19:47 AM,-8.1350937E+0,-8.3291214E+1,3.8238276E+3,0.0000000E+0
11234669,29/9/2021,5:19:47 AM,-5.1703329E+0,-7.8372757E+1,3.8220420E+3,0.0000000E+0
11234670,29/9/2021,5:19:47 AM,-4.5175052E+0,-7.3454300E+1,3.8184709E+3,0.0000000E+0
11234671,29/9/2021,5:19:47 AM,-3.6293743E+0,-6.5633156E+1,3.8238276E+3,0.0000000E+0
11234672,29/9/2021,5:19:47 AM,-2.4037375E+0,-5.7220715E+1,3.8256133E+3,0.0000000E+0
11234673,29/9/2021,5:19:47 AM,-7.0979035E-1,-4.8996410E+1,3.8273987E+3,0.0000000E+0
11234674,29/9/2021,5:19:47 AM,1.4870847E+0,-4.2169704E+1,3.8273987E+3,0.0000000E+0
11234675,29/9/2021,5:19:47 AM,2.5463455E+0,-3.4697952E+1,3.8273987E+3,0.0000000E+0
11234676,29/9/2021,5:19:48 AM,1.2414820E+0,-2.4538521E+1,3.8291846E+3,0.0000000E+0
11234677,29/9/2021,5:19:48 AM,9.2299086E-1,-1.2694660E+1,3.8345413E+3,0.0000000E+0
11234678,29/9/2021,5:19:48 AM,6.5701790E-2,-3.1125929E+0,3.8363269E+3,0.0000000E+0
11234679,29/9/2021,5:19:48 AM,-2.2956045E-2,4.9666991E+0,3.8363269E+3,0.0000000E+0
11234680,29/9/2021,5:19:48 AM,-1.6436001E+0,1.3566670E+1,3.8363269E+3,0.0000000E+0
11234681,29/9/2021,5:19:48 AM,-5.4032598E+0,2.2442129E+1,3.8381123E+3,0.0000000E+0
11234682,29/9/2021,5:19:48 AM,-9.3427286E+0,3.0747063E+1,3.8416836E+3,0.0000000E+0
11234683,29/9/2021,5:19:48 AM,-1.1897443E+1,3.7439388E+1,3.8434690E+3,0.0000000E+0
11234684,29/9/2021,5:19:48 AM,-1.4567922E+1,4.1659042E+1,3.8434690E+3,0.0000000E+0
11234685,29/9/2021,5:19:48 AM,-1.7501501E+1,4.3567295E+1,3.8407908E+3,0.0000000E+0
11234686,29/9/2021,5:19:49 AM,-2.0746632E+1,4.3755436E+1,3.8398979E+3,0.0000000E+0
11234687,29/9/2021,5:19:49 AM,-2.4044813E+1,4.5045521E+1,3.8398979E+3,0.0000000E+0
11234688,29/9/2021,5:19:49 AM,-2.7741970E+1,4.4938011E+1,3.8416836E+3,0.0000000E+0
11234689,29/9/2021,5:19:49 AM,-2.9391060E+1,3.9616405E+1,3.8381123E+3,0.0000000E+0
11234690,29/9/2021,5:19:49 AM,-2.8752701E+1,3.2064026E+1,3.8354341E+3,0.0000000E+0
11234691,29/9/2021,5:19:49 AM,-2.7635576E+1,2.6097376E+1,3.8345413E+3,0.0000000E+0
11234692,29/9/2021,5:19:49 AM,-2.8194139E+1,2.1877718E+1,3.8354341E+3,0.0000000E+0
11234693,29/9/2021,5:19:49 AM,-2.7635576E+1,1.5624402E+1,3.8327556E+3,0.0000000E+0
11234694,29/9/2021,5:19:49 AM,-2.4842760E+1,7.6699672E+0,3.8309702E+3,0.0000000E+0
11234695,29/9/2021,5:19:49 AM,-2.2023348E+1,1.5306784E+0,3.8309702E+3,0.0000000E+0
11234696,29/9/2021,5:19:50 AM,-1.8469715E+1,-4.5175829E+0,3.8309702E+3,0.0000000E+0
11234697,29/9/2021,5:19:50 AM,-1.6036026E+1,-9.7303572E+0,3.8309702E+3,0.0000000E+0
11234698,29/9/2021,5:19:50 AM,-1.5904476E+1,-1.4467924E+1,3.8291846E+3,0.0000000E+0
11234699,29/9/2021,5:19:50 AM,-1.3978574E+1,-1.8668461E+1,3.8318628E+3,0.0000000E+0
11234700,29/9/2021,5:19:50 AM,-1.0155712E+1,-2.4672903E+1,3.8291846E+3,0.0000000E+0
11234701,29/9/2021,5:19:50 AM,-7.1747742E+0,-3.1257719E+1,3.8291846E+3,0.0000000E+0
11234702,29/9/2021,5:19:50 AM,-5.2376757E+0,-3.5880531E+1,3.8309702E+3,0.0000000E+0
11234703,29/9/2021,5:19:50 AM,-5.0815992E+0,-4.0449585E+1,3.8273987E+3,0.0000000E+0
11234704,29/9/2021,5:19:50 AM,-4.9698892E+0,-4.5368042E+1,3.8282915E+3,0.0000000E+0
11234705,29/9/2021,5:19:50 AM,-4.7203255E+0,-5.0071484E+1,3.8256133E+3,0.0000000E+0
11234706,29/9/2021,5:19:51 AM,-4.5159206E+0,-5.5312458E+1,3.8247205E+3,0.0000000E+0
11234707,29/9/2021,5:19:51 AM,-4.0033240E+0,-5.9343979E+1,3.8238276E+3,0.0000000E+0
11234708,29/9/2021,5:19:51 AM,-5.3644385E+0,-6.1198483E+1,3.8238276E+3,0.0000000E+0
11234709,29/9/2021,5:19:51 AM,-7.1984525E+0,-6.2891716E+1,3.8229348E+3,0.0000000E+0
11234710,29/9/2021,5:19:51 AM,-6.9669237E+0,-6.5095619E+1,3.8211492E+3,0.0000000E+0
11234711,29/9/2021,5:19:51 AM,-6.6722503E+0,-6.5848167E+1,3.8220420E+3,0.0000000E+0
11234712,29/9/2021,5:19:51 AM,-7.1747742E+0,-6.4423698E+1,3.8211492E+3,0.0000000E+0
11234713,29/9/2021,5:19:51 AM,-7.8377891E+0,-6.1897278E+1,3.8220420E+3,0.0000000E+0
11234714,29/9/2021,5:19:51 AM,-8.9664936E+0,-5.6065010E+1,3.8265059E+3,0.0000000E+0
11234715,29/9/2021,5:19:51 AM,-1.0674022E+1,-5.0528389E+1,3.8273987E+3,0.0000000E+0
11234716,29/9/2021,5:19:52 AM,-1.0458279E+1,-4.7760078E+1,3.8256133E+3,0.0000000E+0
11234717,29/9/2021,5:19:52 AM,-1.0342514E+1,-4.3379158E+1,3.8291846E+3,0.0000000E+0
11234718,29/9/2021,5:19:52 AM,-1.3062982E+1,-3.8218811E+1,3.8273987E+3,0.0000000E+0
11234719,29/9/2021,5:19:52 AM,-1.6230721E+1,-3.2762821E+1,3.8309702E+3,0.0000000E+0
11234720,29/9/2021,5:19:52 AM,-2.0400854E+1,-2.8193766E+1,3.8309702E+3,0.0000000E+0
11234721,29/9/2021,5:19:52 AM,-2.4071411E+1,-2.6124252E+1,3.8273987E+3,0.0000000E+0
11234722,29/9/2021,5:19:52 AM,-2.7662174E+1,-2.2038979E+1,3.8291846E+3,0.0000000E+0
11234723,29/9/2021,5:19:52 AM,-3.2902031E+1,-1.8096869E+1,3.8273987E+3,0.0000000E+0
11234724,29/9/2021,5:19:52 AM,-3.9631386E+1,-1.2769099E+1,3.8291846E+3,0.0000000E+0
11234725,29/9/2021,5:19:52 AM,-4.4951031E+1,-8.7280779E+0,3.8282915E+3,0.0000000E+0
11234726,29/9/2021,5:19:53 AM,-4.8196018E+1,-4.7425413E+0,3.8282915E+3,0.0000000E+0
11234727,29/9/2021,5:19:53 AM,-4.9791912E+1,-5.2072048E-1,3.8291846E+3,0.0000000E+0
11234728,29/9/2021,5:19:53 AM,-5.0802647E+1,2.6074371E+0,3.8282915E+3,0.0000000E+0
11234729,29/9/2021,5:19:53 AM,-4.9712120E+1,6.1652179E+0,3.8300774E+3,0.0000000E+0
11234730,29/9/2021,5:19:53 AM,-4.6919304E+1,9.3448648E+0,3.8318628E+3,0.0000000E+0
11234731,29/9/2021,5:19:53 AM,-4.1759247E+1,1.0623636E+1,3.8327556E+3,0.0000000E+0
11234732,29/9/2021,5:19:53 AM,-3.4923496E+1,1.1647184E+1,3.8336484E+3,0.0000000E+0
11234733,29/9/2021,5:19:53 AM,-2.8327131E+1,1.1296253E+1,3.8327556E+3,0.0000000E+0
11234734,29/9/2021,5:19:53 AM,-2.1491381E+1,1.1458426E+1,3.8363269E+3,0.0000000E+0
11234735,29/9/2021,5:19:53 AM,-1.5478252E+1,1.1987481E+1,3.8381123E+3,0.0000000E+0
11234736,29/9/2021,5:19:54 AM,-1.1097614E+1,1.1386644E+1,3.8381123E+3,0.0000000E+0
11234737,29/9/2021,5:19:54 AM,-5.9171491E+0,7.7975783E+0,3.8363269E+3,0.0000000E+0
11234738,29/9/2021,5:19:54 AM,-2.3086655E+0,4.1661353E+0,3.8345413E+3,0.0000000E+0
11234739,29/9/2021,5:19:54 AM,-1.2554582E+0,2.2800064E+0,3.8345413E+3,0.0000000E+0
11234740,29/9/2021,5:19:54 AM,-7.5438315E-1,7.6521650E-2,3.8363269E+3,0.0000000E+0
11234741,29/9/2021,5:19:54 AM,1.4512444E-1,-3.8202915E+0,3.8345413E+3,0.0000000E+0
11234742,29/9/2021,5:19:54 AM,6.1110574E-1,-7.9145555E+0,3.8318628E+3,0.0000000E+0
11234743,29/9/2021,5:19:54 AM,1.4697146E-1,-1.1636550E+1,3.8318628E+3,0.0000000E+0
11234744,29/9/2021,5:19:54 AM,4.1795835E-1,-1.6576170E+1,3.8291846E+3,0.0000000E+0
11234745,29/9/2021,5:19:54 AM,1.6685138E+0,-2.0560753E+1,3.8291846E+3,0.0000000E+0
11234746,29/9/2021,5:19:55 AM,2.0250337E+0,-2.2684021E+1,3.8309702E+3,0.0000000E+0
11234747,29/9/2021,5:19:55 AM,4.8209434E+0,-2.6258636E+1,3.8309702E+3,0.0000000E+0
11234748,29/9/2021,5:19:55 AM,7.9114575E+0,-3.0639555E+1,3.8291846E+3,0.0000000E+0
11234749,29/9/2021,5:19:55 AM,1.0589829E+1,-3.4617321E+1,3.8273987E+3,0.0000000E+0
11234750,29/9/2021,5:19:55 AM,1.3465527E+1,-3.5504257E+1,3.8318628E+3,0.0000000E+0
11234751,29/9/2021,5:19:55 AM,1.4778402E+1,-3.6310558E+1,3.8309702E+3,0.0000000E+0
11234752,29/9/2021,5:19:55 AM,1.4583708E+1,-3.7358757E+1,3.8309702E+3,0.0000000E+0
11234753,29/9/2021,5:19:55 AM,1.4888905E+1,-3.8245689E+1,3.8291846E+3,0.0000000E+0
11234754,29/9/2021,5:19:55 AM,1.2694640E+1,-3.8030674E+1,3.8291846E+3,0.0000000E+0
11234755,29/9/2021,5:19:55 AM,9.9583855E+0,-3.7331879E+1,3.8291846E+3,0.0000000E+0
11234756,29/9/2021,5:19:56 AM,5.8618979E+0,-3.4859215E+1,3.8327556E+3,0.0000000E+0
11234757,29/9/2021,5:19:56 AM,-1.7950932E+0,-3.2870583E+1,3.8291846E+3,0.0000000E+0
11234758,29/9/2021,5:19:56 AM,-9.2612686E+0,-3.1714874E+1,3.8291846E+3,0.0000000E+0
11234759,29/9/2021,5:19:56 AM,-1.7338568E+1,-2.9645346E+1,3.8273987E+3,0.0000000E+0
11234760,29/9/2021,5:19:56 AM,-2.4789757E+1,-2.7307045E+1,3.8273987E+3,0.0000000E+0
11234761,29/9/2021,5:19:56 AM,-3.2423512E+1,-2.3920540E+1,3.8291846E+3,0.0000000E+0
11234762,29/9/2021,5:19:56 AM,-3.9312511E+1,-2.1797255E+1,3.8291846E+3,0.0000000E+0
11234763,29/9/2021,5:19:56 AM,-4.5935528E+1,-2.1044699E+1,3.8273987E+3,0.0000000E+0
11234764,29/9/2021,5:19:56 AM,-5.0164677E+1,-2.0775930E+1,3.8256133E+3,0.0000000E+0
11234765,29/9/2021,5:19:56 AM,-5.2505344E+1,-1.9561953E+1,3.8273987E+3,0.0000000E+0
11234766,29/9/2021,5:19:57 AM,-5.3569283E+1,-1.9750711E+1,3.8256133E+3,0.0000000E+0
11234767,29/9/2021,5:19:57 AM,-5.3915058E+1,-1.9968718E+1,3.8282915E+3,0.0000000E+0
11234768,29/9/2021,5:19:57 AM,-5.2531940E+1,-2.1340345E+1,3.8273987E+3,0.0000000E+0
11234769,29/9/2021,5:19:57 AM,-5.1175419E+1,-2.3571138E+1,3.8265059E+3,0.0000000E+0
11234770,29/9/2021,5:19:57 AM,-4.8728363E+1,-2.4484957E+1,3.8273987E+3,0.0000000E+0
11234771,29/9/2021,5:19:57 AM,-4.6733479E+1,-2.4619343E+1,3.8265059E+3,0.0000000E+0
11234772,29/9/2021,5:19:57 AM,-4.5430153E+1,-2.4458080E+1,3.8291846E+3,0.0000000E+0
11234773,29/9/2021,5:19:57 AM,-4.3993839E+1,-2.5425653E+1,3.8273987E+3,0.0000000E+0
11234774,29/9/2021,5:19:57 AM,-4.2929901E+1,-2.6097578E+1,3.8273987E+3,0.0000000E+0
11234775,29/9/2021,5:19:57 AM,-4.3701256E+1,-2.5183760E+1,3.8273987E+3,0.0000000E+0
11234776,29/9/2021,5:19:58 AM,-4.3355476E+1,-2.5425653E+1,3.8256133E+3,0.0000000E+0
11234777,29/9/2021,5:19:58 AM,-4.1653175E+1,-2.5721300E+1,3.8291846E+3,0.0000000E+0
11234778,29/9/2021,5:19:58 AM,-4.0722229E+1,-2.6661995E+1,3.8247205E+3,0.0000000E+0
11234779,29/9/2021,5:19:58 AM,-4.0881821E+1,-2.7145781E+1,3.8256133E+3,0.0000000E+0
11234780,29/9/2021,5:19:58 AM,-3.8301769E+1,-2.7280165E+1,3.8256133E+3,0.0000000E+0
11234781,29/9/2021,5:19:58 AM,-3.3913025E+1,-2.6903889E+1,3.8265059E+3,0.0000000E+0
11234782,29/9/2021,5:19:58 AM,-2.9072107E+1,-2.6312593E+1,3.8273987E+3,0.0000000E+0
11234783,29/9/2021,5:19:58 AM,-2.3326841E+1,-2.5613792E+1,3.8273987E+3,0.0000000E+0
11234784,29/9/2021,5:19:58 AM,-1.8998755E+1,-2.3813032E+1,3.8282915E+3,0.0000000E+0
11234785,29/9/2021,5:19:58 AM,-1.3986620E+1,-2.1958517E+1,3.8273987E+3,0.0000000E+0
11234786,29/9/2021,5:19:59 AM,-6.9564748E+0,-1.9700199E+1,3.8327556E+3,0.0000000E+0
11234787,29/9/2021,5:19:59 AM,-1.0739423E-1,-1.7108067E+1,3.8318628E+3,0.0000000E+0
11234788,29/9/2021,5:19:59 AM,5.2345848E+0,-1.4882823E+1,3.8345413E+3,0.0000000E+0
11234789,29/9/2021,5:19:59 AM,9.1981230E+0,-1.3176003E+1,3.8327556E+3,0.0000000E+0
11234790,29/9/2021,5:19:59 AM,1.2250132E+1,-1.1365499E+1,3.8345413E+3,0.0000000E+0
11234791,29/9/2021,5:19:59 AM,1.5220577E+1,-9.2439394E+0,3.8354341E+3,0.0000000E+0
11234792,29/9/2021,5:19:59 AM,1.7883194E+1,-6.8166409E+0,3.8363269E+3,0.0000000E+0
11234793,29/9/2021,5:19:59 AM,1.9280275E+1,-6.0323553E+0,3.8381123E+3,0.0000000E+0
11234794,29/9/2021,5:19:59 AM,1.8756699E+1,-6.2157984E+0,3.8345413E+3,0.0000000E+0
11234795,29/9/2021,5:19:59 AM,1.7299101E+1,-6.6039534E+0,3.8345413E+3,0.0000000E+0
11234796,29/9/2021,5:20:00 AM,1.6472954E+1,-6.8565197E+0,3.8345413E+3,0.0000000E+0
11234797,29/9/2021,5:20:00 AM,1.6738689E+1,-7.3217745E+0,3.8345413E+3,0.0000000E+0
11234798,29/9/2021,5:20:00 AM,1.4994308E+1,-6.9761567E+0,3.8345413E+3,0.0000000E+0
11234799,29/9/2021,5:20:00 AM,1.2813175E+1,-8.3027964E+0,3.8309702E+3,0.0000000E+0
11234800,29/9/2021,5:20:00 AM,1.0316317E+1,-9.5948744E+0,3.8318628E+3,0.0000000E+0
11234801,29/9/2021,5:20:00 AM,8.1667547E+0,-9.4965057E+0,3.8327556E+3,0.0000000E+0
11234802,29/9/2021,5:20:00 AM,7.0985518E+0,-9.0578375E+0,3.8345413E+3,0.0000000E+0
11234803,29/9/2021,5:20:00 AM,5.5304503E+0,-9.6533632E+0,3.8327556E+3,0.0000000E+0
11234804,29/9/2021,5:20:00 AM,4.1499553E+0,-1.1735044E+1,3.8309702E+3,0.0000000E+0
11234805,29/9/2021,5:20:00 AM,3.8354206E+0,-1.1836071E+1,3.8345413E+3,0.0000000E+0
11234806,29/9/2021,5:20:01 AM,3.3323238E+0,-1.2280057E+1,3.8327556E+3,0.0000000E+0
11234807,29/9/2021,5:20:01 AM,2.0638857E+0,-1.3386032E+1,3.8336484E+3,0.0000000E+0
11234808,29/9/2021,5:20:01 AM,-2.7626967E-1,-1.4271346E+1,3.8327556E+3,0.0000000E+0
11234809,29/9/2021,5:20:01 AM,-3.7157865E+0,-1.5143365E+1,3.8327556E+3,0.0000000E+0
11234810,29/9/2021,5:20:01 AM,-6.7959814E+0,-1.6464687E+1,3.8309702E+3,0.0000000E+0
11234811,29/9/2021,5:20:01 AM,-1.0787272E+1,-1.7639788E+1,3.8300774E+3,0.0000000E+0
11234812,29/9/2021,5:20:01 AM,-1.5338975E+1,-1.7645103E+1,3.8318628E+3,0.0000000E+0
11234813,29/9/2021,5:20:01 AM,-2.2289503E+1,-1.6956528E+1,3.8291846E+3,0.0000000E+0
11234814,29/9/2021,5:20:01 AM,-2.9550879E+1,-1.7110725E+1,3.8291846E+3,0.0000000E+0
11234815,29/9/2021,5:20:01 AM,-3.4604584E+1,-1.7552053E+1,3.8273987E+3,0.0000000E+0
11234816,29/9/2021,5:20:02 AM,-3.8035786E+1,-1.7738155E+1,3.8291846E+3,0.0000000E+0
11234817,29/9/2021,5:20:02 AM,-4.1972355E+1,-1.7336708E+1,3.8273987E+3,0.0000000E+0
11234818,29/9/2021,5:20:02 AM,-4.4898186E+1,-1.8019966E+1,3.8273987E+3,0.0000000E+0
11234819,29/9/2021,5:20:02 AM,-4.7611229E+1,-1.9000988E+1,3.8273987E+3,0.0000000E+0
11234820,29/9/2021,5:20:02 AM,-4.8728363E+1,-2.0426529E+1,3.8273987E+3,0.0000000E+0
11234821,29/9/2021,5:20:02 AM,-4.7238850E+1,-2.2979845E+1,3.8273987E+3,0.0000000E+0
11234822,29/9/2021,5:20:02 AM,-4.5350357E+1,-2.6097578E+1,3.8256133E+3,0.0000000E+0
11234823,29/9/2021,5:20:02 AM,-4.4100235E+1,-2.8543385E+1,3.8273987E+3,0.0000000E+0
11234824,29/9/2021,5:20:02 AM,-4.2344734E+1,-3.1365471E+1,3.8256133E+3,0.0000000E+0
11234825,29/9/2021,5:20:02 AM,-4.1679771E+1,-3.3542511E+1,3.8256133E+3,0.0000000E+0
11234826,29/9/2021,5:20:03 AM,-3.9764683E+1,-3.5128254E+1,3.8265059E+3,0.0000000E+0
11234827,29/9/2021,5:20:03 AM,-3.9950874E+1,-3.6283966E+1,3.8256133E+3,0.0000000E+0
11234828,29/9/2021,5:20:03 AM,-4.0642433E+1,-3.7224663E+1,3.8256133E+3,0.0000000E+0
11234829,29/9/2021,5:20:03 AM,-4.1280796E+1,-3.6230213E+1,3.8256133E+3,0.0000000E+0
11234830,29/9/2021,5:20:03 AM,-4.3461868E+1,-3.5182007E+1,3.8256133E+3,0.0000000E+0
11234831,29/9/2021,5:20:03 AM,-4.4552406E+1,-3.3999420E+1,3.8256133E+3,0.0000000E+0
11234832,29/9/2021,5:20:03 AM,-4.4020435E+1,-3.3219986E+1,3.8273987E+3,0.0000000E+0
11234833,29/9/2021,5:20:03 AM,-4.5456753E+1,-3.2010521E+1,3.8256133E+3,0.0000000E+0
11234834,29/9/2021,5:20:03 AM,-4.4259823E+1,-3.0666670E+1,3.8256133E+3,0.0000000E+0
11234835,29/9/2021,5:20:03 AM,-4.2956497E+1,-2.9161558E+1,3.8273987E+3,0.0000000E+0
11234836,29/9/2021,5:20:04 AM,-3.9791283E+1,-2.9403450E+1,3.8265059E+3,0.0000000E+0
11234837,29/9/2021,5:20:04 AM,-3.5030159E+1,-3.0801054E+1,3.8256133E+3,0.0000000E+0
11234838,29/9/2021,5:20:04 AM,-3.0721212E+1,-3.1231087E+1,3.8256133E+3,0.0000000E+0
11234839,29/9/2021,5:20:04 AM,-2.5401522E+1,-2.9645346E+1,3.8273987E+3,0.0000000E+0
11234840,29/9/2021,5:20:04 AM,-2.0480808E+1,-2.8839033E+1,3.8282915E+3,0.0000000E+0
11234841,29/9/2021,5:20:04 AM,-1.4912746E+1,-2.7172657E+1,3.8282915E+3,0.0000000E+0
11234842,29/9/2021,5:20:04 AM,-1.0797796E+1,-2.5828806E+1,3.8291846E+3,0.0000000E+0
11234843,29/9/2021,5:20:04 AM,-6.9327955E+0,-2.3813032E+1,3.8291846E+3,0.0000000E+0
11234844,29/9/2021,5:20:04 AM,-2.5455911E+0,-1.9974035E+1,3.8327556E+3,0.0000000E+0
11234845,29/9/2021,5:20:04 AM,-9.1298282E-2,-1.6036654E+1,3.8327556E+3,0.0000000E+0
11234846,29/9/2021,5:20:05 AM,2.5804515E+0,-1.3824701E+1,3.8354341E+3,0.0000000E+0
11234847,29/9/2021,5:20:05 AM,7.7984085E+0,-1.2726701E+1,3.8327556E+3,0.0000000E+0
11234848,29/9/2021,5:20:05 AM,1.0803059E+1,-1.1426647E+1,3.8327556E+3,0.0000000E+0
11234849,29/9/2021,5:20:05 AM,1.4020823E+1,-1.0185082E+1,3.8345413E+3,0.0000000E+0
11234850,29/9/2021,5:20:05 AM,1.7835833E+1,-9.4539690E+0,3.8363269E+3,0.0000000E+0
11234851,29/9/2021,5:20:05 AM,2.1571342E+1,-9.7517309E+0,3.8363269E+3,0.0000000E+0
11234852,29/9/2021,5:20:05 AM,2.4151394E+1,-1.1054444E+1,3.8336484E+3,0.0000000E+0
11234853,29/9/2021,5:20:05 AM,2.5986687E+1,-1.2447548E+1,3.8336484E+3,0.0000000E+0
11234854,29/9/2021,5:20:05 AM,2.6864435E+1,-1.2654920E+1,3.8327556E+3,0.0000000E+0
11234855,29/9/2021,5:20:05 AM,2.7263412E+1,-1.1373475E+1,3.8354341E+3,0.0000000E+0
11234856,29/9/2021,5:20:06 AM,2.4390779E+1,-1.0642361E+1,3.8345413E+3,0.0000000E+0
11234857,29/9/2021,5:20:06 AM,2.1385155E+1,-1.1070395E+1,3.8327556E+3,0.0000000E+0
11234858,29/9/2021,5:20:06 AM,1.7446440E+1,-9.8500996E+0,3.8327556E+3,0.0000000E+0
11234859,29/9/2021,5:20:06 AM,1.3131531E+1,-8.4676294E+0,3.8327556E+3,0.0000000E+0
11234860,29/9/2021,5:20:06 AM,9.5848856E+0,-7.1622591E+0,3.8345413E+3,0.0000000E+0
11234861,29/9/2021,5:20:06 AM,6.6617990E+0,-6.3513870E+0,3.8345413E+3,0.0000000E+0
11234862,29/9/2021,5:20:06 AM,2.0401175E+0,-5.8834739E+0,3.8327556E+3,0.0000000E+0
11234863,29/9/2021,5:20:06 AM,-8.1667107E-1,-5.8701811E+0,3.8336484E+3,0.0000000E+0
11234864,29/9/2021,5:20:06 AM,-3.3901601E+0,-6.9096918E+0,3.8327556E+3,0.0000000E+0
11234865,29/9/2021,5:20:06 AM,-7.0590858E+0,-6.8246174E+0,3.8336484E+3,0.0000000E+0
11234866,29/9/2021,5:20:07 AM,-1.2073852E+1,-7.1755519E+0,3.8318628E+3,0.0000000E+0
11234867,29/9/2021,5:20:07 AM,-1.6696592E+1,-8.6457548E+0,3.8318628E+3,0.0000000E+0
11234868,29/9/2021,5:20:07 AM,-2.2981062E+1,-9.2625504E+0,3.8291846E+3,0.0000000E+0
11234869,29/9/2021,5:20:07 AM,-2.9497683E+1,-9.8952961E+0,3.8309702E+3,0.0000000E+0
11234870,29/9/2021,5:20:07 AM,-3.6572868E+1,-9.9458094E+0,3.8291846E+3,0.0000000E+0
11234871,29/9/2021,5:20:07 AM,-4.4206627E+1,-1.0052153E+1,3.8273987E+3,0.0000000E+0
11234872,29/9/2021,5:20:07 AM,-5.1600998E+1,-1.0078739E+1,3.8291846E+3,0.0000000E+0
11234873,29/9/2021,5:20:07 AM,-5.7106876E+1,-1.0849731E+1,3.8265059E+3,0.0000000E+0
11234874,29/9/2021,5:20:07 AM,-6.0963650E+1,-1.1758971E+1,3.8291846E+3,0.0000000E+0
11234875,29/9/2021,5:20:07 AM,-6.4155464E+1,-1.3045732E+1,3.8256133E+3,0.0000000E+0
11234876,29/9/2021,5:20:08 AM,-6.6389732E+1,-1.5964871E+1,3.8256133E+3,0.0000000E+0
11234877,29/9/2021,5:20:08 AM,-6.5964157E+1,-1.9455608E+1,3.8256133E+3,0.0000000E+0
11234878,29/9/2021,5:20:08 AM,-6.4288460E+1,-2.1824133E+1,3.8256133E+3,0.0000000E+0
11234879,29/9/2021,5:20:08 AM,-6.1389221E+1,-2.5586916E+1,3.8247205E+3,0.0000000E+0
11234880,29/9/2021,5:20:08 AM,-5.6947285E+1,-2.9510958E+1,3.8256133E+3,0.0000000E+0
11234881,29/9/2021,5:20:08 AM,-5.2212761E+1,-3.3004971E+1,3.8256133E+3,0.0000000E+0
11234882,29/9/2021,5:20:08 AM,-4.8196392E+1,-3.5477654E+1,3.8256133E+3,0.0000000E+0
11234883,29/9/2021,5:20:08 AM,-4.3435272E+1,-3.7789078E+1,3.8256133E+3,0.0000000E+0
11234884,29/9/2021,5:20:08 AM,-3.7663406E+1,-3.9912365E+1,3.8273987E+3,0.0000000E+0
11234885,29/9/2021,5:20:08 AM,-3.5109955E+1,-4.1068073E+1,3.8247205E+3,0.0000000E+0
11234886,29/9/2021,5:20:09 AM,-3.3301262E+1,-4.2788204E+1,3.8238276E+3,0.0000000E+0
11234887,29/9/2021,5:20:09 AM,-3.0907400E+1,-4.3056973E+1,3.8256133E+3,0.0000000E+0
11234888,29/9/2021,5:20:09 AM,-2.7821980E+1,-4.2573185E+1,3.8273987E+3,0.0000000E+0
11234889,29/9/2021,5:20:09 AM,-2.5162136E+1,-4.3137600E+1,3.8256133E+3,0.0000000E+0
11234890,29/9/2021,5:20:09 AM,-2.4497173E+1,-4.3191357E+1,3.8238276E+3,0.0000000E+0
11234891,29/9/2021,5:20:09 AM,-2.3140652E+1,-4.4024544E+1,3.8238276E+3,0.0000000E+0
11234892,29/9/2021,5:20:09 AM,-1.8172607E+1,-4.3245113E+1,3.8256133E+3,0.0000000E+0
11234893,29/9/2021,5:20:09 AM,-1.2394839E+1,-4.0745548E+1,3.8273987E+3,0.0000000E+0
11234894,29/9/2021,5:20:09 AM,-6.1224346E+0,-3.9509209E+1,3.8282915E+3,0.0000000E+0
11234895,29/9/2021,5:20:09 AM,1.8417978E-1,-3.9428577E+1,3.8273987E+3,0.0000000E+0
11234896,29/9/2021,5:20:10 AM,7.7878842E+0,-3.8299740E+1,3.8273987E+3,0.0000000E+0
11234897,29/9/2021,5:20:10 AM,1.4057657E+1,-3.5585163E+1,3.8309702E+3,0.0000000E+0
11234898,29/9/2021,5:20:10 AM,2.2103313E+1,-3.3112476E+1,3.8318628E+3,0.0000000E+0
11234899,29/9/2021,5:20:10 AM,2.8726326E+1,-3.0693548E+1,3.8327556E+3,0.0000000E+0
11234900,29/9/2021,5:20:10 AM,3.2529903E+1,-2.7253288E+1,3.8336484E+3,0.0000000E+0
11234901,29/9/2021,5:20:10 AM,3.4657784E+1,-2.4269941E+1,3.8345413E+3,0.0000000E+0
11234902,29/9/2021,5:20:10 AM,3.4710979E+1,-2.0829683E+1,3.8327556E+3,0.0000000E+0
11234903,29/9/2021,5:20:10 AM,3.2450111E+1,-1.6398224E+1,3.8345413E+3,0.0000000E+0
11234904,29/9/2021,5:20:10 AM,3.1040392E+1,-1.1224594E+1,3.8363269E+3,0.0000000E+0
11234905,29/9/2021,5:20:10 AM,2.5348324E+1,-6.6278806E+0,3.8363269E+3,0.0000000E+0
11234906,29/9/2021,5:20:11 AM,1.7122822E+1,-2.9124954E+0,3.8345413E+3,0.0000000E+0
11234907,29/9/2021,5:20:11 AM,8.7876806E+0,1.1128006E+0,3.8354341E+3,0.0000000E+0
11234908,29/9/2021,5:20:11 AM,1.0917599E+0,4.5464711E+0,3.8336484E+3,0.0000000E+0
11234909,29/9/2021,5:20:11 AM,-5.6331010E+0,7.7524672E+0,3.8345413E+3,0.0000000E+0
11234910,29/9/2021,5:20:11 AM,-1.1523964E+1,1.0424356E+1,3.8345413E+3,0.0000000E+0
11234911,29/9/2021,5:20:11 AM,-1.5412643E+1,1.2184347E+1,3.8354341E+3,0.0000000E+0
11234912,29/9/2021,5:20:11 AM,-1.9830164E+1,1.4763186E+1,3.8345413E+3,0.0000000E+0
11234913,29/9/2021,5:20:11 AM,-2.3938606E+1,1.5395932E+1,3.8327556E+3,0.0000000E+0
11234914,29/9/2021,5:20:11 AM,-2.4550369E+1,1.4523911E+1,3.8327556E+3,0.0000000E+0
11234915,29/9/2021,5:20:11 AM,-2.4018402E+1,1.4529229E+1,3.8363269E+3,0.0000000E+0
11234916,29/9/2021,5:20:12 AM,-2.4337582E+1,1.3197272E+1,3.8363269E+3,0.0000000E+0
11234917,29/9/2021,5:20:12 AM,-2.4922749E+1,9.4885302E+0,3.8336484E+3,0.0000000E+0
11234918,29/9/2021,5:20:12 AM,-2.6997427E+1,6.2025056E+0,3.8327556E+3,0.0000000E+0
11234919,29/9/2021,5:20:12 AM,-3.0375431E+1,4.8562937E+0,3.8327556E+3,0.0000000E+0
11234920,29/9/2021,5:20:12 AM,-3.3780033E+1,3.2095091E+0,3.8327556E+3,0.0000000E+0
11234921,29/9/2021,5:20:12 AM,-3.4897171E+1,-1.1326498E+0,3.8309702E+3,0.0000000E+0
11234922,29/9/2021,5:20:12 AM,-3.7450619E+1,-3.5049214E+0,3.8309702E+3,0.0000000E+0
11234923,29/9/2021,5:20:12 AM,-4.0881821E+1,-6.0509653E+0,3.8300774E+3,0.0000000E+0
11234924,29/9/2021,5:20:12 AM,-4.3754452E+1,-1.0224961E+1,3.8282915E+3,0.0000000E+0
11234925,29/9/2021,5:20:12 AM,-4.3967239E+1,-1.4149050E+1,3.8273987E+3,0.0000000E+0
11234926,29/9/2021,5:20:13 AM,-4.3142685E+1,-1.8126310E+1,3.8282915E+3,0.0000000E+0
11234927,29/9/2021,5:20:13 AM,-4.2584118E+1,-2.1555363E+1,3.8265059E+3,0.0000000E+0
11234928,29/9/2021,5:20:13 AM,-4.0376450E+1,-2.6581364E+1,3.8256133E+3,0.0000000E+0
11234929,29/9/2021,5:20:13 AM,-3.7955990E+1,-3.1365471E+1,3.8256133E+3,0.0000000E+0
11234930,29/9/2021,5:20:13 AM,-3.3168270E+1,-3.5262642E+1,3.8273987E+3,0.0000000E+0
11234931,29/9/2021,5:20:13 AM,-2.7954973E+1,-3.9159805E+1,3.8247205E+3,0.0000000E+0
11234932,29/9/2021,5:20:13 AM,-2.1730934E+1,-4.3083847E+1,3.8273987E+3,0.0000000E+0
11234933,29/9/2021,5:20:13 AM,-1.6817621E+1,-4.6228458E+1,3.8256133E+3,0.0000000E+0
11234934,29/9/2021,5:20:13 AM,-1.3676156E+1,-4.9077423E+1,3.8273987E+3,0.0000000E+0
11234935,29/9/2021,5:20:13 AM,-1.0689924E+1,-5.2114525E+1,3.8265059E+3,0.0000000E+0
11234936,29/9/2021,5:20:14 AM,-7.4668970E+0,-5.5742924E+1,3.8256133E+3,0.0000000E+0
11234937,29/9/2021,5:20:14 AM,-6.6144395E+0,-5.6952385E+1,3.8256133E+3,0.0000000E+0
11234938,29/9/2021,5:20:14 AM,-8.6903315E+0,-5.6629864E+1,3.8256133E+3,0.0000000E+0
11234939,29/9/2021,5:20:14 AM,-1.1421353E+1,-5.7086769E+1,3.8238276E+3,0.0000000E+0
11234940,29/9/2021,5:20:14 AM,-1.3810339E+1,-5.6522358E+1,3.8229348E+3,0.0000000E+0
11234941,29/9/2021,5:20:14 AM,-1.7149132E+1,-5.3377743E+1,3.8247205E+3,0.0000000E+0
11234942,29/9/2021,5:20:14 AM,-1.9169771E+1,-4.9399948E+1,3.8256133E+3,0.0000000E+0
11234943,29/9/2021,5:20:14 AM,-2.1970320E+1,-4.5583412E+1,3.8256133E+3,0.0000000E+0
11234944,29/9/2021,5:20:14 AM,-2.4736559E+1,-4.2707573E+1,3.8238276E+3,0.0000000E+0
11234945,29/9/2021,5:20:14 AM,-2.6917631E+1,-3.8380371E+1,3.8256133E+3,0.0000000E+0
11234946,29/9/2021,5:20:15 AM,-2.6784641E+1,-3.4993870E+1,3.8273987E+3,0.0000000E+0
11234947,29/9/2021,5:20:15 AM,-2.5268530E+1,-3.2843708E+1,3.8265059E+3,0.0000000E+0
11234948,29/9/2021,5:20:15 AM,-2.4417379E+1,-2.9564711E+1,3.8282915E+3,0.0000000E+0
11234949,29/9/2021,5:20:15 AM,-2.3938606E+1,-2.7441429E+1,3.8282915E+3,0.0000000E+0
11234950,29/9/2021,5:20:15 AM,-2.1837330E+1,-2.5801929E+1,3.8273987E+3,0.0000000E+0
11234951,29/9/2021,5:20:15 AM,-2.0427610E+1,-2.3060476E+1,3.8291846E+3,0.0000000E+0
11234952,29/9/2021,5:20:15 AM,-1.8340994E+1,-1.9756029E+1,3.8309702E+3,0.0000000E+0
11234953,29/9/2021,5:20:15 AM,-1.7880562E+1,-1.6345051E+1,3.8309702E+3,0.0000000E+0
11234954,29/9/2021,5:20:15 AM,-1.6951805E+1,-1.2790506E+1,3.8309702E+3,0.0000000E+0
11234955,29/9/2021,5:20:15 AM,-1.7922659E+1,-8.7893200E+0,3.8309702E+3,0.0000000E+0
11234956,29/9/2021,5:20:16 AM,-1.8209442E+1,-4.9779816E+0,3.8318628E+3,0.0000000E+0
11234957,29/9/2021,5:20:16 AM,-1.8277849E+1,-9.1507864E-1,3.8327556E+3,0.0000000E+0
11234958,29/9/2021,5:20:16 AM,-1.8790903E+1,3.3119829E+0,3.8327556E+3,0.0000000E+0
11234959,29/9/2021,5:20:16 AM,-2.0081831E+1,6.4231687E+0,3.8345413E+3,0.0000000E+0
11234960,29/9/2021,5:20:16 AM,-1.8875095E+1,8.5925827E+0,3.8327556E+3,0.0000000E+0
11234961,29/9/2021,5:20:16 AM,-1.8754068E+1,1.0801877E+1,3.8345413E+3,0.0000000E+0
11234962,29/9/2021,5:20:16 AM,-1.6344032E+1,1.2452866E+1,3.8354341E+3,0.0000000E+0
11234963,29/9/2021,5:20:16 AM,-1.2289598E+1,1.2779873E+1,3.8363269E+3,0.0000000E+0
11234964,29/9/2021,5:20:16 AM,-8.3956556E+0,1.2141809E+1,3.8354341E+3,0.0000000E+0
11234965,29/9/2021,5:20:16 AM,-4.4217072E+0,1.0948100E+1,3.8363269E+3,0.0000000E+0
11234966,29/9/2021,5:20:17 AM,8.1456012E-1,8.6298037E+0,3.8363269E+3,0.0000000E+0
11234967,29/9/2021,5:20:17 AM,4.4256682E+0,6.7182736E+0,3.8363269E+3,0.0000000E+0
11234968,29/9/2021,5:20:17 AM,7.4484801E+0,4.1838102E+0,3.8345413E+3,0.0000000E+0
11234969,29/9/2021,5:20:17 AM,9.3849268E+0,1.2232801E+0,3.8363269E+3,0.0000000E+0
11234970,29/9/2021,5:20:17 AM,9.4217615E+0,-2.1799684E+0,3.8336484E+3,0.0000000E+0
11234971,29/9/2021,5:20:17 AM,7.7221084E+0,-5.1605124E+0,3.8345413E+3,0.0000000E+0
11234972,29/9/2021,5:20:17 AM,6.2750354E+0,-7.1542826E+0,3.8345413E+3,0.0000000E+0
11234973,29/9/2021,5:20:17 AM,3.3354928E+0,-9.4911890E+0,3.8336484E+3,0.0000000E+0
11234974,29/9/2021,5:20:17 AM,7.2590053E-1,-1.3255761E+1,3.8309702E+3,0.0000000E+0
11234975,29/9/2021,5:20:17 AM,-2.0591321E+0,-1.6568373E+1,3.8309702E+3,0.0000000E+0
11234976,29/9/2021,5:20:18 AM,-4.3947692E+0,-1.9040869E+1,3.8309702E+3,0.0000000E+0
11234977,29/9/2021,5:20:18 AM,-7.5379357E+0,-2.1635994E+1,3.8309702E+3,0.0000000E+0
11234978,29/9/2021,5:20:18 AM,-9.1402407E+0,-2.5318144E+1,3.8291846E+3,0.0000000E+0
11234979,29/9/2021,5:20:18 AM,-1.0418926E+1,-2.8516508E+1,3.8291846E+3,0.0000000E+0
11234980,29/9/2021,5:20:18 AM,-1.2455353E+1,-3.1661119E+1,3.8273987E+3,0.0000000E+0
11234981,29/9/2021,5:20:18 AM,-1.4839077E+1,-3.4644466E+1,3.8273987E+3,0.0000000E+0
11234982,29/9/2021,5:20:18 AM,-1.6144073E+1,-3.6498981E+1,3.8273987E+3,0.0000000E+0
11234983,29/9/2021,5:20:18 AM,-1.7483274E+1,-3.7493431E+1,3.8273987E+3,0.0000000E+0
11234984,29/9/2021,5:20:18 AM,-2.0720194E+1,-3.8917912E+1,3.8256133E+3,0.0000000E+0
11234985,29/9/2021,5:20:18 AM,-2.2582085E+1,-4.0960567E+1,3.8256133E+3,0.0000000E+0
11234986,29/9/2021,5:20:19 AM,-2.4736559E+1,-4.1417477E+1,3.8247205E+3,0.0000000E+0
11234987,29/9/2021,5:20:19 AM,-2.7050627E+1,-4.0234886E+1,3.8256133E+3,0.0000000E+0
11234988,29/9/2021,5:20:19 AM,-3.0375431E+1,-3.8057850E+1,3.8256133E+3,0.0000000E+0
11234989,29/9/2021,5:20:19 AM,-3.3913025E+1,-3.5988319E+1,3.8265059E+3,0.0000000E+0
11234990,29/9/2021,5:20:19 AM,-3.7610210E+1,-3.3918789E+1,3.8238276E+3,0.0000000E+0
11234991,29/9/2021,5:20:19 AM,-3.9844479E+1,-3.0424776E+1,3.8273987E+3,0.0000000E+0
11234992,29/9/2021,5:20:19 AM,-4.2557522E+1,-2.6823259E+1,3.8273987E+3,0.0000000E+0
11234993,29/9/2021,5:20:19 AM,-4.3275681E+1,-2.3893661E+1,3.8273987E+3,0.0000000E+0
11234994,29/9/2021,5:20:19 AM,-4.1839363E+1,-2.1662870E+1,3.8291846E+3,0.0000000E+0
11234995,29/9/2021,5:20:19 AM,-4.0376450E+1,-2.0077719E+1,3.8273987E+3,0.0000000E+0
11234996,29/9/2021,5:20:20 AM,-3.7769802E+1,-2.0019230E+1,3.8291846E+3,0.0000000E+0
11234997,29/9/2021,5:20:20 AM,-3.3221466E+1,-2.0215967E+1,3.8291846E+3,0.0000000E+0
11234998,29/9/2021,5:20:20 AM,-2.9205099E+1,-2.0507160E+1,3.8300774E+3,0.0000000E+0
11234999,29/9/2021,5:20:20 AM,-2.5853695E+1,-2.1071577E+1,3.8291846E+3,0.0000000E+0
11235000,29/9/2021,5:20:20 AM,-2.3353439E+1,-2.2307920E+1,3.8291846E+3,0.0000000E+0
11235001,29/9/2021,5:20:20 AM,-2.0799988E+1,-2.2415428E+1,3.8291846E+3,0.0000000E+0
11235002,29/9/2021,5:20:20 AM,-1.9048744E+1,-2.2227287E+1,3.8291846E+3,0.0000000E+0
11235003,29/9/2021,5:20:20 AM,-1.8633039E+1,-2.1716625E+1,3.8309702E+3,0.0000000E+0
11235004,29/9/2021,5:20:20 AM,-1.8383091E+1,-2.0990946E+1,3.8291846E+3,0.0000000E+0
11235005,29/9/2021,5:20:20 AM,-1.9348684E+1,-2.0133551E+1,3.8291846E+3,0.0000000E+0
11235006,29/9/2021,5:20:21 AM,-1.9572321E+1,-1.9455608E+1,3.8291846E+3,0.0000000E+0
11235007,29/9/2021,5:20:21 AM,-1.8688292E+1,-1.8312412E+1,3.8309702E+3,0.0000000E+0
11235008,29/9/2021,5:20:21 AM,-1.8230492E+1,-1.8931866E+1,3.8309702E+3,0.0000000E+0
11235009,29/9/2021,5:20:21 AM,-1.6086191E+1,-2.0587790E+1,3.8291846E+3,0.0000000E+0
11235010,29/9/2021,5:20:21 AM,-1.2973669E+1,-2.2119780E+1,3.8291846E+3,0.0000000E+0
11235011,29/9/2021,5:20:21 AM,-1.0113726E+1,-2.2791706E+1,3.8300774E+3,0.0000000E+0
11235012,29/9/2021,5:20:21 AM,-6.4697323E+0,-2.4619343E+1,3.8300774E+3,0.0000000E+0
11235013,29/9/2021,5:20:21 AM,-3.0811715E+0,-2.6016947E+1,3.8309702E+3,0.0000000E+0
11235014,29/9/2021,5:20:21 AM,-5.6071925E-1,-2.6420103E+1,3.8291846E+3,0.0000000E+0
11235015,29/9/2021,5:20:21 AM,6.1797857E-1,-2.6473856E+1,3.8291846E+3,0.0000000E+0
11235016,29/9/2021,5:20:22 AM,6.2220043E-1,-2.5022497E+1,3.8309702E+3,0.0000000E+0
11235017,29/9/2021,5:20:22 AM,-2.6122918E-2,-2.2764830E+1,3.8309702E+3,0.0000000E+0
11235018,29/9/2021,5:20:22 AM,-1.9545515E+0,-2.0319021E+1,3.8291846E+3,0.0000000E+0
11235019,29/9/2021,5:20:22 AM,-4.3828855E+0,-1.6557739E+1,3.8327556E+3,0.0000000E+0
11235020,29/9/2021,5:20:22 AM,-7.2643065E+0,-1.3436547E+1,3.8309702E+3,0.0000000E+0
11235021,29/9/2021,5:20:22 AM,-1.0308423E+1,-1.0384477E+1,3.8318628E+3,0.0000000E+0
11235022,29/9/2021,5:20:22 AM,-1.1797592E+1,-7.5211692E+0,3.8327556E+3,0.0000000E+0
11235023,29/9/2021,5:20:22 AM,-1.3063124E+1,-4.8683023E+0,3.8318628E+3,0.0000000E+0
11235024,29/9/2021,5:20:22 AM,-1.4494411E+1,-2.0582809E+0,3.8336484E+3,0.0000000E+0
11235025,29/9/2021,5:20:22 AM,-1.4720680E+1,-1.2659655E+0,3.8318628E+3,0.0000000E+0
11235026,29/9/2021,5:20:23 AM,-1.3794554E+1,-1.0342629E+0,3.8336484E+3,0.0000000E+0
11235027,29/9/2021,5:20:23 AM,-1.2697409E+1,-1.2819633E+0,3.8336484E+3,0.0000000E+0
11235028,29/9/2021,5:20:23 AM,-1.2239607E+1,-1.6371162E+0,3.8327556E+3,0.0000000E+0
11235029,29/9/2021,5:20:23 AM,-1.1742341E+1,-1.7123063E+0,3.8345413E+3,0.0000000E+0
11235030,29/9/2021,5:20:23 AM,-1.1671303E+1,-3.1622751E+0,3.8327556E+3,0.0000000E+0
11235031,29/9/2021,5:20:23 AM,-1.2978930E+1,-4.4199800E+0,3.8327556E+3,0.0000000E+0
11235032,29/9/2021,5:20:23 AM,-1.4939056E+1,-5.2437730E+0,3.8318628E+3,0.0000000E+0
11235033,29/9/2021,5:20:23 AM,-1.6807096E+1,-5.9579144E+0,3.8327556E+3,0.0000000E+0
11235034,29/9/2021,5:20:23 AM,-1.9906464E+1,-5.6920547E+0,3.8336484E+3,0.0000000E+0
11235035,29/9/2021,5:20:23 AM,-2.3752417E+1,-7.0000844E+0,3.8309702E+3,0.0000000E+0
11235036,29/9/2021,5:20:24 AM,-2.7928371E+1,-8.8451500E+0,3.8318628E+3,0.0000000E+0
11235037,29/9/2021,5:20:24 AM,-3.1066990E+1,-1.1556918E+1,3.8309702E+3,0.0000000E+0
11235038,29/9/2021,5:20:24 AM,-3.2396912E+1,-1.4933336E+1,3.8291846E+3,0.0000000E+0
11235039,29/9/2021,5:20:24 AM,-3.3301262E+1,-1.7966793E+1,3.8291846E+3,0.0000000E+0
11235040,29/9/2021,5:20:24 AM,-3.4312000E+1,-2.2899214E+1,3.8273987E+3,0.0000000E+0
11235041,29/9/2021,5:20:24 AM,-3.3274662E+1,-2.8301495E+1,3.8273987E+3,0.0000000E+0
11235042,29/9/2021,5:20:24 AM,-3.2370316E+1,-3.2386799E+1,3.8265059E+3,0.0000000E+0
11235043,29/9/2021,5:20:24 AM,-3.1731953E+1,-3.6176460E+1,3.8247205E+3,0.0000000E+0
11235044,29/9/2021,5:20:24 AM,-3.0402031E+1,-3.9616714E+1,3.8265059E+3,0.0000000E+0
11235045,29/9/2021,5:20:24 AM,-2.9178501E+1,-4.2035645E+1,3.8247205E+3,0.0000000E+0
11235046,29/9/2021,5:20:25 AM,-2.8540138E+1,-4.3379498E+1,3.8247205E+3,0.0000000E+0
11235047,29/9/2021,5:20:25 AM,-2.8008171E+1,-4.4777100E+1,3.8238276E+3,0.0000000E+0
11235048,29/9/2021,5:20:25 AM,-2.7449600E+1,-4.5717796E+1,3.8238276E+3,0.0000000E+0
11235049,29/9/2021,5:20:25 AM,-2.6199474E+1,-4.5018997E+1,3.8265059E+3,0.0000000E+0
11235050,29/9/2021,5:20:25 AM,-2.4869553E+1,-4.3970791E+1,3.8256133E+3,0.0000000E+0
11235051,29/9/2021,5:20:25 AM,-2.4310984E+1,-4.3513882E+1,3.8256133E+3,0.0000000E+0
11235052,29/9/2021,5:20:25 AM,-2.3034260E+1,-4.4212685E+1,3.8238276E+3,0.0000000E+0
11235053,29/9/2021,5:20:25 AM,-1.9275013E+1,-4.3137600E+1,3.8273987E+3,0.0000000E+0
11235054,29/9/2021,5:20:25 AM,-1.5004832E+1,-4.1605614E+1,3.8273987E+3,0.0000000E+0
11235055,29/9/2021,5:20:25 AM,-1.3110483E+1,-4.1551861E+1,3.8256133E+3,0.0000000E+0
11235056,29/9/2021,5:20:26 AM,-8.6298180E+0,-4.2492554E+1,3.8256133E+3,0.0000000E+0
11235057,29/9/2021,5:20:26 AM,-3.7625310E+0,-4.1578735E+1,3.8265059E+3,0.0000000E+0
11235058,29/9/2021,5:20:26 AM,1.0581102E-1,-3.9132927E+1,3.8291846E+3,0.0000000E+0
11235059,29/9/2021,5:20:26 AM,3.3418314E+0,-3.6445229E+1,3.8291846E+3,0.0000000E+0
11235060,29/9/2021,5:20:26 AM,4.7901163E+0,-3.3058723E+1,3.8291846E+3,0.0000000E+0
11235061,29/9/2021,5:20:26 AM,4.3955617E+0,-2.9725975E+1,3.8273987E+3,0.0000000E+0
11235062,29/9/2021,5:20:26 AM,4.0398283E+0,-2.4323694E+1,3.8309702E+3,0.0000000E+0
11235063,29/9/2021,5:20:26 AM,3.6912260E+0,-1.8923889E+1,3.8309702E+3,0.0000000E+0
11235064,29/9/2021,5:20:26 AM,3.0756257E+0,-1.3391350E+1,3.8327556E+3,0.0000000E+0
11235065,29/9/2021,5:20:26 AM,7.3065013E-1,-6.7023215E+0,3.8354341E+3,0.0000000E+0
11235066,29/9/2021,5:20:27 AM,-1.6380918E+0,-1.5931220E+0,3.8327556E+3,0.0000000E+0
11235067,29/9/2021,5:20:27 AM,-4.2806816E+0,2.7003427E+0,3.8345413E+3,0.0000000E+0
11235068,29/9/2021,5:20:27 AM,-4.7520871E+0,6.8884234E+0,3.8354341E+3,0.0000000E+0
11235069,29/9/2021,5:20:27 AM,-5.7146235E+0,1.1070395E+1,3.8363269E+3,0.0000000E+0
11235070,29/9/2021,5:20:27 AM,-6.7565155E+0,1.3954972E+1,3.8363269E+3,0.0000000E+0
11235071,29/9/2021,5:20:27 AM,-8.1904335E+0,1.5834600E+1,3.8363269E+3,0.0000000E+0
11235072,29/9/2021,5:20:27 AM,-9.5033236E+0,1.7674349E+1,3.8363269E+3,0.0000000E+0
11235073,29/9/2021,5:20:27 AM,-1.1181929E+1,1.8886667E+1,3.8363269E+3,0.0000000E+0
11235074,29/9/2021,5:20:27 AM,-1.1726555E+1,1.8846790E+1,3.8381123E+3,0.0000000E+0
11235075,29/9/2021,5:20:27 AM,-1.3236773E+1,1.8495855E+1,3.8363269E+3,0.0000000E+0
11235076,29/9/2021,5:20:28 AM,-1.5144278E+1,1.6927282E+1,3.8354341E+3,0.0000000E+0
11235077,29/9/2021,5:20:28 AM,-1.8077888E+1,1.6065899E+1,3.8354341E+3,0.0000000E+0
11235078,29/9/2021,5:20:28 AM,-2.1624542E+1,1.4412251E+1,3.8336484E+3,0.0000000E+0
11235079,29/9/2021,5:20:28 AM,-2.3114054E+1,1.2811776E+1,3.8363269E+3,0.0000000E+0
11235080,29/9/2021,5:20:28 AM,-2.3885408E+1,1.0496139E+1,3.8363269E+3,0.0000000E+0
11235081,29/9/2021,5:20:28 AM,-2.6492056E+1,5.2341657E+0,3.8309702E+3,0.0000000E+0
11235082,29/9/2021,5:20:28 AM,-2.7954973E+1,2.9649401E-1,3.8345413E+3,0.0000000E+0
11235083,29/9/2021,5:20:28 AM,-2.8965714E+1,-5.4599280E+0,3.8291846E+3,0.0000000E+0
11235084,29/9/2021,5:20:28 AM,-2.7290010E+1,-1.1027858E+1,3.8309702E+3,0.0000000E+0
11235085,29/9/2021,5:20:28 AM,-2.7529398E+1,-1.5887773E+1,3.8318628E+3,0.0000000E+0
11235086,29/9/2021,5:20:29 AM,-2.6492056E+1,-2.3651770E+1,3.8265059E+3,0.0000000E+0
11235087,29/9/2021,5:20:29 AM,-2.5933489E+1,-2.9134680E+1,3.8291846E+3,0.0000000E+0
11235088,29/9/2021,5:20:29 AM,-2.6891033E+1,-3.3972542E+1,3.8238276E+3,0.0000000E+0
11235089,29/9/2021,5:20:29 AM,-2.6359064E+1,-3.8756649E+1,3.8273987E+3,0.0000000E+0
11235090,29/9/2021,5:20:29 AM,-2.5614307E+1,-4.2922588E+1,3.8256133E+3,0.0000000E+0
11235091,29/9/2021,5:20:29 AM,-2.6864435E+1,-4.5637165E+1,3.8256133E+3,0.0000000E+0
11235092,29/9/2021,5:20:29 AM,-2.7742184E+1,-4.8459251E+1,3.8256133E+3,0.0000000E+0
11235093,29/9/2021,5:20:29 AM,-2.8699728E+1,-5.2840206E+1,3.8220420E+3,0.0000000E+0
11235094,29/9/2021,5:20:29 AM,-2.7981571E+1,-5.6172951E+1,3.8238276E+3,0.0000000E+0
11235095,29/9/2021,5:20:29 AM,-2.6704845E+1,-5.9398197E+1,3.8220420E+3,0.0000000E+0
11235096,29/9/2021,5:20:30 AM,-2.5428120E+1,-6.1951508E+1,3.8220420E+3,0.0000000E+0
11235097,29/9/2021,5:20:30 AM,-2.3433237E+1,-6.4289810E+1,3.8220420E+3,0.0000000E+0
11235098,29/9/2021,5:20:30 AM,-2.2342699E+1,-6.6762497E+1,3.8202566E+3,0.0000000E+0
11235099,29/9/2021,5:20:30 AM,-2.0321217E+1,-6.7434418E+1,3.8211492E+3,0.0000000E+0
11235100,29/9/2021,5:20:30 AM,-1.8333101E+1,-6.5768044E+1,3.8220420E+3,0.0000000E+0
11235101,29/9/2021,5:20:30 AM,-1.7528002E+1,-6.2032139E+1,3.8247205E+3,0.0000000E+0
11235102,29/9/2021,5:20:30 AM,-1.8825106E+1,-5.8108097E+1,3.8220420E+3,0.0000000E+0
11235103,29/9/2021,5:20:30 AM,-2.0214823E+1,-5.4855980E+1,3.8238276E+3,0.0000000E+0
11235104,29/9/2021,5:20:30 AM,-1.9874891E+1,-4.9077423E+1,3.8273987E+3,0.0000000E+0
11235105,29/9/2021,5:20:30 AM,-2.3273645E+1,-4.3513882E+1,3.8247205E+3,0.0000000E+0
11235106,29/9/2021,5:20:31 AM,-2.5348324E+1,-3.8568512E+1,3.8256133E+3,0.0000000E+0
11235107,29/9/2021,5:20:31 AM,-2.6678247E+1,-3.1580490E+1,3.8282915E+3,0.0000000E+0
11235108,29/9/2021,5:20:31 AM,-2.8912518E+1,-2.6097578E+1,3.8273987E+3,0.0000000E+0
11235109,29/9/2021,5:20:31 AM,-2.7795382E+1,-2.0453405E+1,3.8291846E+3,0.0000000E+0
11235110,29/9/2021,5:20:31 AM,-2.8061367E+1,-1.5600643E+1,3.8282915E+3,0.0000000E+0
11235111,29/9/2021,5:20:31 AM,-2.7103823E+1,-1.0403088E+1,3.8291846E+3,0.0000000E+0
11235112,29/9/2021,5:20:31 AM,-2.5241932E+1,-4.5040402E+0,3.8318628E+3,0.0000000E+0
11235113,29/9/2021,5:20:31 AM,-2.3725819E+1,-8.8468260E-1,3.8309702E+3,0.0000000E+0
11235114,29/9/2021,5:20:31 AM,-1.8938240E+1,3.2783585E+0,3.8345413E+3,0.0000000E+0
11235115,29/9/2021,5:20:31 AM,-1.6372974E+1,8.2708931E+0,3.8327556E+3,0.0000000E+0
11235116,29/9/2021,5:20:32 AM,-1.5673117E+1,1.3032440E+1,3.8363269E+3,0.0000000E+0
11235117,29/9/2021,5:20:32 AM,-1.3189414E+1,1.7934893E+1,3.8372195E+3,0.0000000E+0
11235118,29/9/2021,5:20:32 AM,-1.2021232E+1,2.1447855E+1,3.8363269E+3,0.0000000E+0
11235119,29/9/2021,5:20:32 AM,-1.0337364E+1,2.5183760E+1,3.8398979E+3,0.0000000E+0
11235120,29/9/2021,5:20:32 AM,-8.5745659E+0,2.6688871E+1,3.8381123E+3,0.0000000E+0
11235121,29/9/2021,5:20:32 AM,-7.6615949E+0,2.7575813E+1,3.8398979E+3,0.0000000E+0
11235122,29/9/2021,5:20:32 AM,-6.9143786E+0,2.8140230E+1,3.8398979E+3,0.0000000E+0
11235123,29/9/2021,5:20:32 AM,-5.8251271E+0,2.7172657E+1,3.8398979E+3,0.0000000E+0
11235124,29/9/2021,5:20:32 AM,-4.5888777E+0,2.3544262E+1,3.8381123E+3,0.0000000E+0
11235125,29/9/2021,5:20:32 AM,-2.2920620E+0,1.7557371E+1,3.8354341E+3,0.0000000E+0
11235126,29/9/2021,5:20:33 AM,-1.8629071E-1,1.3024464E+1,3.8363269E+3,0.0000000E+0
11235127,29/9/2021,5:20:33 AM,7.7049419E-2,9.2625504E+0,3.8345413E+3,0.0000000E+0
11235128,29/9/2021,5:20:33 AM,8.4622425E-1,3.3175871E+0,3.8345413E+3,0.0000000E+0
11235129,29/9/2021,5:20:33 AM,3.1255391E+0,-2.2944508E+0,3.8345413E+3,0.0000000E+0
11235130,29/9/2021,5:20:33 AM,5.0198774E+0,-8.5287771E+0,3.8309702E+3,0.0000000E+0
11235131,29/9/2021,5:20:33 AM,5.8961654E+0,-1.3356788E+1,3.8327556E+3,0.0000000E+0
11235132,29/9/2021,5:20:33 AM,7.2827244E+0,-1.8580931E+1,3.8336484E+3,0.0000000E+0
11235133,29/9/2021,5:20:33 AM,8.1693850E+0,-2.4108679E+1,3.8309702E+3,0.0000000E+0
11235134,29/9/2021,5:20:33 AM,8.2193756E+0,-2.9161558E+1,3.8318628E+3,0.0000000E+0
11235135,29/9/2021,5:20:33 AM,8.8718739E+0,-3.4966991E+1,3.8282915E+3,0.0000000E+0
11235136,29/9/2021,5:20:34 AM,8.6035070E+0,-4.0181133E+1,3.8291846E+3,0.0000000E+0
11235137,29/9/2021,5:20:34 AM,7.6694875E+0,-4.3917034E+1,3.8273987E+3,0.0000000E+0
11235138,29/9/2021,5:20:34 AM,6.5434012E+0,-4.6819752E+1,3.8291846E+3,0.0000000E+0
11235139,29/9/2021,5:20:34 AM,3.5018716E+0,-4.9829979E+1,3.8273987E+3,0.0000000E+0
11235140,29/9/2021,5:20:34 AM,-1.4950753E+0,-5.2893959E+1,3.8238276E+3,0.0000000E+0
11235141,29/9/2021,5:20:34 AM,-4.3234644E+0,-5.5286011E+1,3.8256133E+3,0.0000000E+0
11235142,29/9/2021,5:20:34 AM,-8.3877621E+0,-5.6791126E+1,3.8220420E+3,0.0000000E+0
11235143,29/9/2021,5:20:34 AM,-1.2810544E+1,-5.7033016E+1,3.8238276E+3,0.0000000E+0
11235144,29/9/2021,5:20:34 AM,-1.6880766E+1,-5.5635414E+1,3.8238276E+3,0.0000000E+0
11235145,29/9/2021,5:20:34 AM,-2.1943722E+1,-5.4936611E+1,3.8202566E+3,0.0000000E+0
11235146,29/9/2021,5:20:35 AM,-2.6146278E+1,-5.2114525E+1,3.8229348E+3,0.0000000E+0
11235147,29/9/2021,5:20:35 AM,-2.9471085E+1,-4.7411049E+1,3.8238276E+3,0.0000000E+0
11235148,29/9/2021,5:20:35 AM,-3.3035278E+1,-4.2492554E+1,3.8256133E+3,0.0000000E+0
11235149,29/9/2021,5:20:35 AM,-3.6067501E+1,-3.8380371E+1,3.8256133E+3,0.0000000E+0
11235150,29/9/2021,5:20:35 AM,-4.0030670E+1,-3.2816830E+1,3.8265059E+3,0.0000000E+0
11235151,29/9/2021,5:20:35 AM,-4.4153431E+1,-2.7199535E+1,3.8282915E+3,0.0000000E+0
11235152,29/9/2021,5:20:35 AM,-4.6786674E+1,-2.3194860E+1,3.8265059E+3,0.0000000E+0
11235153,29/9/2021,5:20:35 AM,-4.9579514E+1,-1.8245947E+1,3.8291846E+3,0.0000000E+0
11235154,29/9/2021,5:20:35 AM,-5.2638336E+1,-1.3298300E+1,3.8291846E+3,0.0000000E+0
11235155,29/9/2021,5:20:35 AM,-5.5590763E+1,-8.1060610E+0,3.8291846E+3,0.0000000E+0
11235156,29/9/2021,5:20:36 AM,-5.8649590E+1,-3.9804640E+0,3.8309702E+3,0.0000000E+0
11235157,29/9/2021,5:20:36 AM,-6.0671070E+1,-1.8941628E+0,3.8282915E+3,0.0000000E+0
11235158,29/9/2021,5:20:36 AM,-6.1149837E+1,7.8949529E-1,3.8309702E+3,0.0000000E+0
11235159,29/9/2021,5:20:36 AM,-6.1203033E+1,2.5538373E+0,3.8309702E+3,0.0000000E+0
11235160,29/9/2021,5:20:36 AM,-5.8197411E+1,1.9694170E+0,3.8309702E+3,0.0000000E+0
11235161,29/9/2021,5:20:36 AM,-5.3941658E+1,1.0759741E+0,3.8309702E+3,0.0000000E+0
11235162,29/9/2021,5:20:36 AM,-5.0111481E+1,-5.3592891E-1,3.8291846E+3,0.0000000E+0
11235163,29/9/2021,5:20:36 AM,-4.5270565E+1,-2.4313493E+0,3.8291846E+3,0.0000000E+0
11235164,29/9/2021,5:20:36 AM,-3.8434761E+1,-4.9219413E+0,3.8309702E+3,0.0000000E+0
11235165,29/9/2021,5:20:36 AM,-3.2529903E+1,-7.3616533E+0,3.8291846E+3,0.0000000E+0
11235166,29/9/2021,5:20:37 AM,-2.5162136E+1,-9.7304630E+0,3.8318628E+3,0.0000000E+0
11235167,29/9/2021,5:20:37 AM,-1.8396246E+1,-1.2638967E+1,3.8309702E+3,0.0000000E+0
11235168,29/9/2021,5:20:37 AM,-1.3294656E+1,-1.4598352E+1,3.8291846E+3,0.0000000E+0
11235169,29/9/2021,5:20:37 AM,-9.4112368E+0,-1.5712304E+1,3.8327556E+3,0.0000000E+0
11235170,29/9/2021,5:20:37 AM,-4.5872931E+0,-1.6868793E+1,3.8327556E+3,0.0000000E+0
11235171,29/9/2021,5:20:37 AM,-1.0079752E+0,-1.9245579E+1,3.8309702E+3,0.0000000E+0
11235172,29/9/2021,5:20:37 AM,2.5717363E+0,-2.1179085E+1,3.8336484E+3,0.0000000E+0
11235173,29/9/2021,5:20:37 AM,6.2434630E+0,-2.3436752E+1,3.8327556E+3,0.0000000E+0
11235174,29/9/2021,5:20:37 AM,8.8139906E+0,-2.6420103E+1,3.8309702E+3,0.0000000E+0
11235175,29/9/2021,5:20:37 AM,1.0521537E+1,-2.9967867E+1,3.8309702E+3,0.0000000E+0
11235176,29/9/2021,5:20:38 AM,1.4170793E+1,-3.4483204E+1,3.8309702E+3,0.0000000E+0
11235177,29/9/2021,5:20:38 AM,1.7606934E+1,-3.8326618E+1,3.8291846E+3,0.0000000E+0
11235178,29/9/2021,5:20:38 AM,1.8406771E+1,-4.0530533E+1,3.8291846E+3,0.0000000E+0
11235179,29/9/2021,5:20:38 AM,1.8843523E+1,-4.3325741E+1,3.8273987E+3,0.0000000E+0
11235180,29/9/2021,5:20:38 AM,1.9980133E+1,-4.5502781E+1,3.8265059E+3,0.0000000E+0
11235181,29/9/2021,5:20:38 AM,1.9035589E+1,-4.5610291E+1,3.8256133E+3,0.0000000E+0
11235182,29/9/2021,5:20:38 AM,1.8014746E+1,-4.2734447E+1,3.8291846E+3,0.0000000E+0
11235183,29/9/2021,5:20:38 AM,1.5154802E+1,-3.9267311E+1,3.8291846E+3,0.0000000E+0
11235184,29/9/2021,5:20:38 AM,1.0592575E+1,-3.5504532E+1,3.8273987E+3,0.0000000E+0
11235185,29/9/2021,5:20:38 AM,5.8961654E+0,-2.8946541E+1,3.8300774E+3,0.0000000E+0
11235186,29/9/2021,5:20:39 AM,8.0400538E-1,-2.2764830E+1,3.8300774E+3,0.0000000E+0
11235187,29/9/2021,5:20:39 AM,-4.0937037E+0,-1.7304804E+1,3.8309702E+3,0.0000000E+0
11235188,29/9/2021,5:20:39 AM,-9.1244535E+0,-1.1360182E+1,3.8318628E+3,0.0000000E+0
11235189,29/9/2021,5:20:39 AM,-1.4323393E+1,-6.1519918E+0,3.8318628E+3,0.0000000E+0
11235190,29/9/2021,5:20:39 AM,-1.7164919E+1,-2.5042017E+0,3.8327556E+3,0.0000000E+0
11235191,29/9/2021,5:20:39 AM,-2.0101160E+1,-1.6691120E-1,3.8318628E+3,0.0000000E+0
11235192,29/9/2021,5:20:39 AM,-2.2369297E+1,2.2159944E+0,3.8327556E+3,0.0000000E+0
11235193,29/9/2021,5:20:39 AM,-2.3938606E+1,4.1958189E+0,3.8336484E+3,0.0000000E+0
11235194,29/9/2021,5:20:39 AM,-2.5295128E+1,4.9683747E+0,3.8327556E+3,0.0000000E+0
11235195,29/9/2021,5:20:39 AM,-2.6199474E+1,5.3158245E+0,3.8327556E+3,0.0000000E+0
11235196,29/9/2021,5:20:40 AM,-2.7130421E+1,6.2636528E+0,3.8318628E+3,0.0000000E+0
11235197,29/9/2021,5:20:40 AM,-2.8008171E+1,7.2446747E+0,3.8345413E+3,0.0000000E+0
11235198,29/9/2021,5:20:40 AM,-2.8540138E+1,7.9332514E+0,3.8336484E+3,0.0000000E+0
11235199,29/9/2021,5:20:40 AM,-3.0641415E+1,8.5606804E+0,3.8336484E+3,0.0000000E+0
11235200,29/9/2021,5:20:40 AM,-3.1891542E+1,6.7927136E+0,3.8318628E+3,0.0000000E+0
11235201,29/9/2021,5:20:40 AM,-3.1598959E+1,4.3839540E+0,3.8318628E+3,0.0000000E+0
11235202,29/9/2021,5:20:40 AM,-3.1731953E+1,3.2039049E+0,3.8345413E+3,0.0000000E+0
11235203,29/9/2021,5:20:40 AM,-2.9949856E+1,2.0770580E-1,3.8327556E+3,0.0000000E+0
11235204,29/9/2021,5:20:40 AM,-2.8220957E+1,-3.6674385E+0,3.8309702E+3,0.0000000E+0
11235205,29/9/2021,5:20:40 AM,-2.6970829E+1,-8.4064817E+0,3.8309702E+3,0.0000000E+0
11235206,29/9/2021,5:20:41 AM,-2.3805614E+1,-1.3239810E+1,3.8309702E+3,0.0000000E+0
11235207,29/9/2021,5:20:41 AM,-2.1385155E+1,-1.7102749E+1,3.8300774E+3,0.0000000E+0
11235208,29/9/2021,5:20:41 AM,-1.8806688E+1,-2.2066027E+1,3.8309702E+3,0.0000000E+0
11235209,29/9/2021,5:20:41 AM,-1.6801834E+1,-2.6715748E+1,3.8300774E+3,0.0000000E+0
11235210,29/9/2021,5:20:41 AM,-1.4920640E+1,-3.2064274E+1,3.8282915E+3,0.0000000E+0
11235211,29/9/2021,5:20:41 AM,-1.5039036E+1,-3.6095825E+1,3.8273987E+3,0.0000000E+0
11235212,29/9/2021,5:20:41 AM,-1.5496838E+1,-4.0261761E+1,3.8273987E+3,0.0000000E+0
11235213,29/9/2021,5:20:41 AM,-1.6580826E+1,-4.2841957E+1,3.8273987E+3,0.0000000E+0
11235214,29/9/2021,5:20:41 AM,-1.7898979E+1,-4.5422150E+1,3.8273987E+3,0.0000000E+0
11235215,29/9/2021,5:20:41 AM,-1.9361837E+1,-4.9050545E+1,3.8238276E+3,0.0000000E+0
11235216,29/9/2021,5:20:42 AM,-2.1278761E+1,-5.2087650E+1,3.8238276E+3,0.0000000E+0
11235217,29/9/2021,5:20:42 AM,-2.3725819E+1,-5.3700272E+1,3.8229348E+3,0.0000000E+0
11235218,29/9/2021,5:20:42 AM,-2.6279270E+1,-5.4103424E+1,3.8238276E+3,0.0000000E+0
11235219,29/9/2021,5:20:42 AM,-2.8008171E+1,-5.4399071E+1,3.8229348E+3,0.0000000E+0
11235220,29/9/2021,5:20:42 AM,-2.9072107E+1,-5.5259132E+1,3.8211492E+3,0.0000000E+0
11235221,29/9/2021,5:20:42 AM,-2.9790266E+1,-5.3512127E+1,3.8220420E+3,0.0000000E+0
11235222,29/9/2021,5:20:42 AM,-2.8992313E+1,-5.0501904E+1,3.8238276E+3,0.0000000E+0
11235223,29/9/2021,5:20:42 AM,-2.9231697E+1,-4.7061646E+1,3.8238276E+3,0.0000000E+0
11235224,29/9/2021,5:20:42 AM,-2.8540138E+1,-4.3970791E+1,3.8247205E+3,0.0000000E+0
11235225,29/9/2021,5:20:42 AM,-2.7954973E+1,-3.9589836E+1,3.8265059E+3,0.0000000E+0
11235226,29/9/2021,5:20:43 AM,-2.6492056E+1,-3.6660244E+1,3.8282915E+3,0.0000000E+0
11235227,29/9/2021,5:20:43 AM,-2.5454718E+1,-3.4187557E+1,3.8247205E+3,0.0000000E+0
11235228,29/9/2021,5:20:43 AM,-2.6545256E+1,-2.8516508E+1,3.8291846E+3,0.0000000E+0
11235229,29/9/2021,5:20:43 AM,-2.6625051E+1,-2.3974295E+1,3.8273987E+3,0.0000000E+0
11235230,29/9/2021,5:20:43 AM,-2.5215332E+1,-1.9349264E+1,3.8300774E+3,0.0000000E+0
11235231,29/9/2021,5:20:43 AM,-2.4151394E+1,-1.4680769E+1,3.8309702E+3,0.0000000E+0
11235232,29/9/2021,5:20:43 AM,-2.3539629E+1,-1.1017223E+1,3.8282915E+3,0.0000000E+0
11235233,29/9/2021,5:20:43 AM,-2.2741676E+1,-5.7478852E+0,3.8309702E+3,0.0000000E+0
11235234,29/9/2021,5:20:43 AM,-2.0214823E+1,-1.0723912E+0,3.8318628E+3,0.0000000E+0
11235235,29/9/2021,5:20:43 AM,-1.6778154E+1,2.7139525E+0,3.8327556E+3,0.0000000E+0
11235236,29/9/2021,5:20:44 AM,-1.1881785E+1,6.2450428E+0,3.8363269E+3,0.0000000E+0
11235237,29/9/2021,5:20:44 AM,-6.9669995E+0,7.5716825E+0,3.8327556E+3,0.0000000E+0
11235238,29/9/2021,5:20:44 AM,-1.8998841E+0,9.8102207E+0,3.8363269E+3,0.0000000E+0
11235239,29/9/2021,5:20:44 AM,3.4757264E+0,1.1070395E+1,3.8363269E+3,0.0000000E+0
11235240,29/9/2021,5:20:44 AM,7.5747700E+0,1.2226885E+1,3.8381123E+3,0.0000000E+0
11235241,29/9/2021,5:20:44 AM,1.3055231E+1,1.1966342E+1,3.8398979E+3,0.0000000E+0
11235242,29/9/2021,5:20:44 AM,1.7749010E+1,1.0825805E+1,3.8390051E+3,0.0000000E+0
11235243,29/9/2021,5:20:44 AM,1.8722494E+1,9.4220657E+0,3.8381123E+3,0.0000000E+0
11235244,29/9/2021,5:20:44 AM,1.9367100E+1,7.0107188E+0,3.8381123E+3,0.0000000E+0
11235245,29/9/2021,5:20:44 AM,1.7935814E+1,4.2206364E+0,3.8381123E+3,0.0000000E+0
11235246,29/9/2021,5:20:45 AM,1.5741525E+1,1.2689129E+0,3.8354341E+3,0.0000000E+0
11235247,29/9/2021,5:20:45 AM,1.3202569E+1,-6.3884860E-1,3.8390051E+3,0.0000000E+0
11235248,29/9/2021,5:20:45 AM,7.0222507E+0,-3.5673666E+0,3.8327556E+3,0.0000000E+0
11235249,29/9/2021,5:20:45 AM,7.3381656E-1,-7.0798426E+0,3.8309702E+3,0.0000000E+0
11235250,29/9/2021,5:20:45 AM,-3.8520586E+0,-8.0768156E+0,3.8336484E+3,0.0000000E+0
11235251,29/9/2021,5:20:45 AM,-7.5721388E+0,-9.5762634E+0,3.8345413E+3,0.0000000E+0
11235252,29/9/2021,5:20:45 AM,-1.2123841E+1,-1.3340837E+1,3.8309702E+3,0.0000000E+0
11235253,29/9/2021,5:20:45 AM,-1.6228268E+1,-1.8490538E+1,3.8282915E+3,0.0000000E+0
11235254,29/9/2021,5:20:45 AM,-1.9822271E+1,-2.2737951E+1,3.8273987E+3,0.0000000E+0
11235255,29/9/2021,5:20:45 AM,-2.2502289E+1,-2.5371897E+1,3.8273987E+3,0.0000000E+0
11235256,29/9/2021,5:20:46 AM,-2.3060858E+1,-2.8543385E+1,3.8291846E+3,0.0000000E+0
11235257,29/9/2021,5:20:46 AM,-2.3459835E+1,-3.2091152E+1,3.8282915E+3,0.0000000E+0
11235258,29/9/2021,5:20:46 AM,-2.6997427E+1,-3.5773304E+1,3.8238276E+3,0.0000000E+0
11235259,29/9/2021,5:20:46 AM,-3.0508423E+1,-3.7896584E+1,3.8256133E+3,0.0000000E+0
11235260,29/9/2021,5:20:46 AM,-3.4764175E+1,-3.7762199E+1,3.8238276E+3,0.0000000E+0
11235261,29/9/2021,5:20:46 AM,-3.9179520E+1,-3.7412800E+1,3.8273987E+3,0.0000000E+0
11235262,29/9/2021,5:20:46 AM,-4.4126831E+1,-3.6740875E+1,3.8256133E+3,0.0000000E+0
11235263,29/9/2021,5:20:46 AM,-5.0297668E+1,-3.6257088E+1,3.8247205E+3,0.0000000E+0
11235264,29/9/2021,5:20:46 AM,-5.7027081E+1,-3.5692673E+1,3.8238276E+3,0.0000000E+0
11235265,29/9/2021,5:20:46 AM,-6.2133980E+1,-3.4966991E+1,3.8220420E+3,0.0000000E+0
11235266,29/9/2021,5:20:47 AM,-6.4208664E+1,-3.4429451E+1,3.8247205E+3,0.0000000E+0
11235267,29/9/2021,5:20:47 AM,-6.4102264E+1,-3.4617588E+1,3.8220420E+3,0.0000000E+0
11235268,29/9/2021,5:20:47 AM,-6.1921196E+1,-3.4563835E+1,3.8247205E+3,0.0000000E+0
11235269,29/9/2021,5:20:47 AM,-5.8543190E+1,-3.4913239E+1,3.8220420E+3,0.0000000E+0
11235270,29/9/2021,5:20:47 AM,-5.3542683E+1,-3.5853935E+1,3.8220420E+3,0.0000000E+0
11235271,29/9/2021,5:20:47 AM,-4.4977982E+1,-3.6095825E+1,3.8247205E+3,0.0000000E+0
11235272,29/9/2021,5:20:47 AM,-3.5854713E+1,-3.5128254E+1,3.8273987E+3,0.0000000E+0
11235273,29/9/2021,5:20:47 AM,-2.8220957E+1,-3.6337719E+1,3.8282915E+3,0.0000000E+0
11235274,29/9/2021,5:20:47 AM,-2.1730934E+1,-3.8541634E+1,3.8238276E+3,0.0000000E+0
11235275,29/9/2021,5:20:47 AM,-1.6344032E+1,-3.8165356E+1,3.8256133E+3,0.0000000E+0
11235276,29/9/2021,5:20:48 AM,-9.7848454E+0,-3.5988319E+1,3.8291846E+3,0.0000000E+0
11235277,29/9/2021,5:20:48 AM,-3.1802063E+0,-3.2897465E+1,3.8327556E+3,0.0000000E+0
11235278,29/9/2021,5:20:48 AM,1.4926529E+0,-3.1150457E+1,3.8309702E+3,0.0000000E+0
11235279,29/9/2021,5:20:48 AM,2.8918169E+0,-2.9430326E+1,3.8291846E+3,0.0000000E+0
11235280,29/9/2021,5:20:48 AM,4.5556021E+0,-2.7307045E+1,3.8291846E+3,0.0000000E+0
11235281,29/9/2021,5:20:48 AM,7.7036905E+0,-2.3974295E+1,3.8309702E+3,0.0000000E+0
11235282,29/9/2021,5:20:48 AM,1.0290005E+1,-1.9793251E+1,3.8345413E+3,0.0000000E+0
11235283,29/9/2021,5:20:48 AM,1.2836854E+1,-1.7735497E+1,3.8327556E+3,0.0000000E+0
11235284,29/9/2021,5:20:48 AM,1.5878339E+1,-1.7102749E+1,3.8309702E+3,0.0000000E+0
11235285,29/9/2021,5:20:48 AM,1.6591351E+1,-1.4165001E+1,3.8309702E+3,0.0000000E+0
11235286,29/9/2021,5:20:49 AM,1.7851620E+1,-1.0565262E+1,3.8327556E+3,0.0000000E+0
11235287,29/9/2021,5:20:49 AM,1.9990658E+1,-7.2765784E+0,3.8363269E+3,0.0000000E+0
11235288,29/9/2021,5:20:49 AM,2.1863928E+1,-4.7249994E+0,3.8354341E+3,0.0000000E+0
11235289,29/9/2021,5:20:49 AM,2.1651140E+1,-2.2432139E+0,3.8363269E+3,0.0000000E+0
11235290,29/9/2021,5:20:49 AM,2.0666998E+1,6.0045367E-1,3.8363269E+3,0.0000000E+0
11235291,29/9/2021,5:20:49 AM,1.7467487E+1,4.3991652E+0,3.8354341E+3,0.0000000E+0
11235292,29/9/2021,5:20:49 AM,1.4568080E+1,7.8082976E+0,3.8390051E+3,0.0000000E+0
11235293,29/9/2021,5:20:49 AM,1.0339995E+1,9.8314896E+0,3.8381123E+3,0.0000000E+0
11235294,29/9/2021,5:20:49 AM,4.8020005E+0,1.0512090E+1,3.8363269E+3,0.0000000E+0
11235295,29/9/2021,5:20:49 AM,-6.3803250E-1,1.2354497E+1,3.8381123E+3,0.0000000E+0
11235296,29/9/2021,5:20:50 AM,-6.1171727E+0,1.2870266E+1,3.8354341E+3,0.0000000E+0
11235297,29/9/2021,5:20:50 AM,-1.1831796E+1,1.3059026E+1,3.8363269E+3,0.0000000E+0
11235298,29/9/2021,5:20:50 AM,-1.6412441E+1,1.1740362E+1,3.8345413E+3,0.0000000E+0
11235299,29/9/2021,5:20:50 AM,-2.1172367E+1,9.6693153E+0,3.8345413E+3,0.0000000E+0
11235300,29/9/2021,5:20:50 AM,-2.6305868E+1,7.8455181E+0,3.8327556E+3,0.0000000E+0
11235301,29/9/2021,5:20:50 AM,-3.1519163E+1,4.8098602E+0,3.8318628E+3,0.0000000E+0
11235302,29/9/2021,5:20:50 AM,-3.5828114E+1,3.5328647E-1,3.8309702E+3,0.0000000E+0
11235303,29/9/2021,5:20:50 AM,-3.8062382E+1,-3.5529561E+0,3.8309702E+3,0.0000000E+0
11235304,29/9/2021,5:20:50 AM,-4.0642433E+1,-7.7763944E+0,3.8309702E+3,0.0000000E+0
11235305,29/9/2021,5:20:50 AM,-4.3062893E+1,-1.3253102E+1,3.8273987E+3,0.0000000E+0
11235306,29/9/2021,5:20:51 AM,-4.3834248E+1,-1.9253555E+1,3.8256133E+3,0.0000000E+0
11235307,29/9/2021,5:20:51 AM,-4.4073631E+1,-2.4216187E+1,3.8265059E+3,0.0000000E+0
11235308,29/9/2021,5:20:51 AM,-4.2584118E+1,-2.8516508E+1,3.8273987E+3,0.0000000E+0
11235309,29/9/2021,5:20:51 AM,-4.0935017E+1,-3.2252415E+1,3.8265059E+3,0.0000000E+0
11235310,29/9/2021,5:20:51 AM,-4.0562637E+1,-3.5155128E+1,3.8256133E+3,0.0000000E+0
11235311,29/9/2021,5:20:51 AM,-3.9658291E+1,-3.8649143E+1,3.8238276E+3,0.0000000E+0
11235312,29/9/2021,5:20:51 AM,-3.8780540E+1,-4.1390598E+1,3.8238276E+3,0.0000000E+0
11235313,29/9/2021,5:20:51 AM,-3.6599468E+1,-4.3218235E+1,3.8256133E+3,0.0000000E+0
11235314,29/9/2021,5:20:51 AM,-3.4950367E+1,-4.4212685E+1,3.8256133E+3,0.0000000E+0
11235315,29/9/2021,5:20:51 AM,-3.4046017E+1,-4.5153381E+1,3.8238276E+3,0.0000000E+0
11235316,29/9/2021,5:20:52 AM,-3.2184128E+1,-4.6335968E+1,3.8247205E+3,0.0000000E+0
11235317,29/9/2021,5:20:52 AM,-3.0402031E+1,-4.6631615E+1,3.8247205E+3,0.0000000E+0
11235318,29/9/2021,5:20:52 AM,-2.7130421E+1,-4.6631615E+1,3.8256133E+3,0.0000000E+0
11235319,29/9/2021,5:20:52 AM,-2.3566227E+1,-4.7652939E+1,3.8256133E+3,0.0000000E+0
11235320,29/9/2021,5:20:52 AM,-1.9606525E+1,-4.7706696E+1,3.8265059E+3,0.0000000E+0
11235321,29/9/2021,5:20:52 AM,-1.6601875E+1,-4.7411049E+1,3.8265059E+3,0.0000000E+0
11235322,29/9/2021,5:20:52 AM,-1.4381276E+1,-4.7867958E+1,3.8256133E+3,0.0000000E+0
11235323,29/9/2021,5:20:52 AM,-1.0816214E+1,-4.6550983E+1,3.8273987E+3,0.0000000E+0
11235324,29/9/2021,5:20:52 AM,-8.5061588E+0,-4.4212685E+1,3.8282915E+3,0.0000000E+0
11235325,29/9/2021,5:20:52 AM,-7.3432379E+0,-4.2895710E+1,3.8291846E+3,0.0000000E+0
11235326,29/9/2021,5:20:53 AM,-6.9933100E+0,-4.2035645E+1,3.8273987E+3,0.0000000E+0
11235327,29/9/2021,5:20:53 AM,-9.7453794E+0,-4.0046749E+1,3.8265059E+3,0.0000000E+0
11235328,29/9/2021,5:20:53 AM,-1.1584477E+1,-3.6821507E+1,3.8282915E+3,0.0000000E+0
11235329,29/9/2021,5:20:53 AM,-1.3215725E+1,-3.3838158E+1,3.8282915E+3,0.0000000E+0
11235330,29/9/2021,5:20:53 AM,-1.6465061E+1,-3.0586040E+1,3.8282915E+3,0.0000000E+0
11235331,29/9/2021,5:20:53 AM,-1.9664408E+1,-2.7118904E+1,3.8291846E+3,0.0000000E+0
11235332,29/9/2021,5:20:53 AM,-2.3353439E+1,-2.4189310E+1,3.8273987E+3,0.0000000E+0
11235333,29/9/2021,5:20:53 AM,-2.6438860E+1,-2.0695299E+1,3.8282915E+3,0.0000000E+0
11235334,29/9/2021,5:20:53 AM,-2.8194359E+1,-1.7206436E+1,3.8291846E+3,0.0000000E+0
11235335,29/9/2021,5:20:53 AM,-2.8274153E+1,-1.4063974E+1,3.8309702E+3,0.0000000E+0
11235336,29/9/2021,5:20:54 AM,-2.8247555E+1,-1.1814802E+1,3.8300774E+3,0.0000000E+0
11235337,29/9/2021,5:20:54 AM,-2.8752926E+1,-9.9936638E+0,3.8291846E+3,0.0000000E+0
11235338,29/9/2021,5:20:54 AM,-2.8965714E+1,-8.4277506E+0,3.8291846E+3,0.0000000E+0
11235339,29/9/2021,5:20:54 AM,-2.7024029E+1,-6.7076383E+0,3.8309702E+3,0.0000000E+0
11235340,29/9/2021,5:20:54 AM,-2.4736559E+1,-5.8329601E+0,3.8309702E+3,0.0000000E+0
11235341,29/9/2021,5:20:54 AM,-2.3087456E+1,-3.5017195E+0,3.8318628E+3,0.0000000E+0
11235342,29/9/2021,5:20:54 AM,-2.2369297E+1,-1.0793235E+0,3.8309702E+3,0.0000000E+0
11235343,29/9/2021,5:20:54 AM,-2.2023518E+1,8.8201636E-1,3.8318628E+3,0.0000000E+0
11235344,29/9/2021,5:20:54 AM,-1.9977503E+1,3.1942983E+0,3.8327556E+3,0.0000000E+0
11235345,29/9/2021,5:20:54 AM,-1.8148928E+1,5.6335659E+0,3.8327556E+3,0.0000000E+0
11235346,29/9/2021,5:20:55 AM,-1.6515051E+1,7.7950048E+0,3.8354341E+3,0.0000000E+0
11235347,29/9/2021,5:20:55 AM,-1.4662797E+1,9.8740263E+0,3.8345413E+3,0.0000000E+0
11235348,29/9/2021,5:20:55 AM,-1.3547235E+1,1.1001272E+1,3.8345413E+3,0.0000000E+0
11235349,29/9/2021,5:20:55 AM,-1.1152987E+1,1.1384109E+1,3.8354341E+3,0.0000000E+0
11235350,29/9/2021,5:20:55 AM,-6.2618804E+0,1.0570580E+1,3.8363269E+3,0.0000000E+0
11235351,29/9/2021,5:20:55 AM,-9.6417320E-1,7.7285399E+0,3.8345413E+3,0.0000000E+0
11235352,29/9/2021,5:20:55 AM,3.7490623E+0,5.1661167E+0,3.8354341E+3,0.0000000E+0
11235353,29/9/2021,5:20:55 AM,8.9665918E+0,3.6274097E+0,3.8363269E+3,0.0000000E+0
11235354,29/9/2021,5:20:55 AM,1.2881581E+1,6.7964321E-1,3.8345413E+3,0.0000000E+0
11235355,29/9/2021,5:20:55 AM,1.6970221E+1,-3.5753722E+0,3.8336484E+3,0.0000000E+0
11235356,29/9/2021,5:20:56 AM,2.1597942E+1,-6.4311447E+0,3.8363269E+3,0.0000000E+0
11235357,29/9/2021,5:20:56 AM,2.3380037E+1,-8.5553627E+0,3.8354341E+3,0.0000000E+0
11235358,29/9/2021,5:20:56 AM,2.3672623E+1,-1.1370816E+1,3.8327556E+3,0.0000000E+0
11235359,29/9/2021,5:20:56 AM,2.4098196E+1,-1.3574793E+1,3.8345413E+3,0.0000000E+0
11235360,29/9/2021,5:20:56 AM,2.4417379E+1,-1.5954237E+1,3.8327556E+3,0.0000000E+0
11235361,29/9/2021,5:20:56 AM,2.2103313E+1,-1.7373926E+1,3.8327556E+3,0.0000000E+0
11235362,29/9/2021,5:20:56 AM,2.0232714E+1,-1.8945158E+1,3.8345413E+3,0.0000000E+0
11235363,29/9/2021,5:20:56 AM,1.7709543E+1,-2.0345898E+1,3.8336484E+3,0.0000000E+0
11235364,29/9/2021,5:20:56 AM,1.3878747E+1,-2.0829683E+1,3.8336484E+3,0.0000000E+0
11235365,29/9/2021,5:20:56 AM,1.0397878E+1,-2.3544262E+1,3.8327556E+3,0.0000000E+0
11235366,29/9/2021,5:20:57 AM,8.1088715E+0,-2.7575813E+1,3.8318628E+3,0.0000000E+0
11235367,29/9/2021,5:20:57 AM,4.6379991E+0,-3.0639793E+1,3.8291846E+3,0.0000000E+0
11235368,29/9/2021,5:20:57 AM,1.2335778E+0,-3.2843708E+1,3.8309702E+3,0.0000000E+0
11235369,29/9/2021,5:20:57 AM,-2.2912698E+0,-3.5746426E+1,3.8291846E+3,0.0000000E+0
11235370,29/9/2021,5:20:57 AM,-6.1276970E+0,-3.9374821E+1,3.8273987E+3,0.0000000E+0
11235371,29/9/2021,5:20:57 AM,-1.0492596E+1,-4.2143154E+1,3.8256133E+3,0.0000000E+0
11235372,29/9/2021,5:20:57 AM,-1.7067570E+1,-4.2143154E+1,3.8265059E+3,0.0000000E+0
11235373,29/9/2021,5:20:57 AM,-2.4364182E+1,-4.2707573E+1,3.8247205E+3,0.0000000E+0
11235374,29/9/2021,5:20:57 AM,-3.1785151E+1,-4.1928139E+1,3.8256133E+3,0.0000000E+0
11235375,29/9/2021,5:20:57 AM,-3.9046528E+1,-4.1014320E+1,3.8238276E+3,0.0000000E+0
11235376,29/9/2021,5:20:58 AM,-4.7451637E+1,-4.0127377E+1,3.8229348E+3,0.0000000E+0
11235377,29/9/2021,5:20:58 AM,-5.5404575E+1,-3.7950340E+1,3.8247205E+3,0.0000000E+0
11235378,29/9/2021,5:20:58 AM,-6.2958534E+1,-3.5988319E+1,3.8220420E+3,0.0000000E+0
11235379,29/9/2021,5:20:58 AM,-6.8384621E+1,-3.4053173E+1,3.8238276E+3,0.0000000E+0
11235380,29/9/2021,5:20:58 AM,-7.3278732E+1,-3.1311718E+1,3.8256133E+3,0.0000000E+0
11235381,29/9/2021,5:20:58 AM,-7.7029114E+1,-3.1499859E+1,3.8220420E+3,0.0000000E+0
11235382,29/9/2021,5:20:58 AM,-7.9529366E+1,-3.0908562E+1,3.8238276E+3,0.0000000E+0
11235383,29/9/2021,5:20:58 AM,-8.0380516E+1,-2.9322821E+1,3.8238276E+3,0.0000000E+0
11235384,29/9/2021,5:20:58 AM,-8.0646500E+1,-2.8704649E+1,3.8238276E+3,0.0000000E+0
11235385,29/9/2021,5:20:58 AM,-7.8226044E+1,-2.9269066E+1,3.8238276E+3,0.0000000E+0
11235386,29/9/2021,5:20:59 AM,-7.5273621E+1,-2.8489632E+1,3.8247205E+3,0.0000000E+0
11235387,29/9/2021,5:20:59 AM,-7.3438324E+1,-2.8382124E+1,3.8211492E+3,0.0000000E+0
11235388,29/9/2021,5:20:59 AM,-7.0007126E+1,-2.7710197E+1,3.8247205E+3,0.0000000E+0
11235389,29/9/2021,5:20:59 AM,-6.5299202E+1,-2.6205086E+1,3.8273987E+3,0.0000000E+0
11235390,29/9/2021,5:20:59 AM,-6.2905338E+1,-2.5560038E+1,3.8238276E+3,0.0000000E+0
11235391,29/9/2021,5:20:59 AM,-6.0963650E+1,-2.4807482E+1,3.8238276E+3,0.0000000E+0
11235392,29/9/2021,5:20:59 AM,-5.6468510E+1,-2.3167984E+1,3.8256133E+3,0.0000000E+0
11235393,29/9/2021,5:20:59 AM,-5.0111481E+1,-2.2307920E+1,3.8256133E+3,0.0000000E+0
11235394,29/9/2021,5:20:59 AM,-4.3116089E+1,-2.0200016E+1,3.8291846E+3,0.0000000E+0
11235395,29/9/2021,5:20:59 AM,-3.7291031E+1,-1.8655371E+1,3.8273987E+3,0.0000000E+0
11235396,29/9/2021,5:21:00 AM,-3.0109446E+1,-1.8097067E+1,3.8273987E+3,0.0000000E+0
11235397,29/9/2021,5:21:00 AM,-2.0374413E+1,-1.6571032E+1,3.8291846E+3,0.0000000E+0
11235398,29/9/2021,5:21:00 AM,-9.8795624E+0,-1.5079559E+1,3.8309702E+3,0.0000000E+0
11235399,29/9/2021,5:21:00 AM,2.6105580E+0,-1.3319568E+1,3.8327556E+3,0.0000000E+0
11235400,29/9/2021,5:21:00 AM,1.2507974E+1,-1.2240178E+1,3.8345413E+3,0.0000000E+0
11235401,29/9/2021,5:21:00 AM,2.1810730E+1,-1.1727069E+1,3.8354341E+3,0.0000000E+0
11235402,29/9/2021,5:21:00 AM,3.1918140E+1,-1.0509431E+1,3.8354341E+3,0.0000000E+0
11235403,29/9/2021,5:21:00 AM,3.9046528E+1,-9.5204344E+0,3.8390051E+3,0.0000000E+0
11235404,29/9/2021,5:21:00 AM,4.6440899E+1,-9.3290148E+0,3.8390051E+3,0.0000000E+0
11235405,29/9/2021,5:21:00 AM,5.3010712E+1,-9.6294365E+0,3.8390051E+3,0.0000000E+0
11235406,29/9/2021,5:21:01 AM,5.4207645E+1,-9.8820028E+0,3.8363269E+3,0.0000000E+0
11235407,29/9/2021,5:21:01 AM,5.5510967E+1,-8.9275665E+0,3.8381123E+3,0.0000000E+0
11235408,29/9/2021,5:21:01 AM,5.5750351E+1,-8.4729462E+0,3.8381123E+3,0.0000000E+0
11235409,29/9/2021,5:21:01 AM,5.4021458E+1,-9.0418863E+0,3.8363269E+3,0.0000000E+0
11235410,29/9/2021,5:21:01 AM,5.2585140E+1,-8.7972956E+0,3.8390051E+3,0.0000000E+0
11235411,29/9/2021,5:21:01 AM,4.7770817E+1,-9.0551796E+0,3.8327556E+3,0.0000000E+0
11235412,29/9/2021,5:21:01 AM,4.1147804E+1,-8.4888983E+0,3.8354341E+3,0.0000000E+0
11235413,29/9/2021,5:21:01 AM,3.8221973E+1,-7.9332514E+0,3.8381123E+3,0.0000000E+0
11235414,29/9/2021,5:21:01 AM,3.1944740E+1,-6.4657063E+0,3.8327556E+3,0.0000000E+0
11235415,29/9/2021,5:21:01 AM,2.6332466E+1,-5.2405705E+0,3.8363269E+3,0.0000000E+0
11235416,29/9/2021,5:21:02 AM,2.1890526E+1,-4.7778378E+0,3.8336484E+3,0.0000000E+0
11235417,29/9/2021,5:21:02 AM,1.6749214E+1,-3.6073954E+0,3.8381123E+3,0.0000000E+0
11235418,29/9/2021,5:21:02 AM,9.9506006E+0,-3.3047776E+0,3.8327556E+3,0.0000000E+0
11235419,29/9/2021,5:21:02 AM,2.3348451E+0,-4.1742029E+0,3.8345413E+3,0.0000000E+0
11235420,29/9/2021,5:21:02 AM,-5.2844982E+0,-5.2509775E+0,3.8327556E+3,0.0000000E+0
11235421,29/9/2021,5:21:02 AM,-1.2486926E+1,-5.6335659E+0,3.8345413E+3,0.0000000E+0
11235422,29/9/2021,5:21:02 AM,-2.1970320E+1,-5.7133236E+0,3.8327556E+3,0.0000000E+0
11235423,29/9/2021,5:21:02 AM,-3.1386173E+1,-8.5846081E+0,3.8282915E+3,0.0000000E+0
11235424,29/9/2021,5:21:02 AM,-4.1254196E+1,-1.0937465E+1,3.8309702E+3,0.0000000E+0
11235425,29/9/2021,5:21:02 AM,-5.0909435E+1,-1.1969001E+1,3.8273987E+3,0.0000000E+0
11235426,29/9/2021,5:21:03 AM,-5.9979507E+1,-1.4263370E+1,3.8273987E+3,0.0000000E+0
11235427,29/9/2021,5:21:03 AM,-6.5990753E+1,-1.7294168E+1,3.8256133E+3,0.0000000E+0
11235428,29/9/2021,5:21:03 AM,-7.2108398E+1,-1.8905279E+1,3.8247205E+3,0.0000000E+0
11235429,29/9/2021,5:21:03 AM,-7.8119652E+1,-2.1340345E+1,3.8220420E+3,0.0000000E+0
11235430,29/9/2021,5:21:03 AM,-8.1843437E+1,-2.3813032E+1,3.8220420E+3,0.0000000E+0
11235431,29/9/2021,5:21:03 AM,-8.3545731E+1,-2.5748177E+1,3.8220420E+3,0.0000000E+0
11235432,29/9/2021,5:21:03 AM,-8.3652130E+1,-2.7871462E+1,3.8220420E+3,0.0000000E+0
11235433,29/9/2021,5:21:03 AM,-8.1737045E+1,-2.9725975E+1,3.8229348E+3,0.0000000E+0
11235434,29/9/2021,5:21:03 AM,-8.0380516E+1,-3.0720425E+1,3.8220420E+3,0.0000000E+0
11235435,29/9/2021,5:21:03 AM,-7.7933456E+1,-3.1903011E+1,3.8220420E+3,0.0000000E+0
11235436,29/9/2021,5:21:04 AM,-7.2533981E+1,-3.2467430E+1,3.8256133E+3,0.0000000E+0
11235437,29/9/2021,5:21:04 AM,-6.3916077E+1,-3.3865036E+1,3.8256133E+3,0.0000000E+0
11235438,29/9/2021,5:21:04 AM,-5.5643959E+1,-3.5585163E+1,3.8256133E+3,0.0000000E+0
11235439,29/9/2021,5:21:04 AM,-4.9074142E+1,-3.8165356E+1,3.8247205E+3,0.0000000E+0
11235440,29/9/2021,5:21:04 AM,-4.2743713E+1,-4.0019871E+1,3.8247205E+3,0.0000000E+0
11235441,29/9/2021,5:21:04 AM,-3.4790771E+1,-4.1605614E+1,3.8273987E+3,0.0000000E+0
11235442,29/9/2021,5:21:04 AM,-2.7050627E+1,-4.4132053E+1,3.8265059E+3,0.0000000E+0
11235443,29/9/2021,5:21:04 AM,-2.0108429E+1,-4.6631615E+1,3.8256133E+3,0.0000000E+0
11235444,29/9/2021,5:21:04 AM,-1.5036405E+1,-4.8163605E+1,3.8247205E+3,0.0000000E+0
11235445,29/9/2021,5:21:04 AM,-1.2250132E+1,-4.8190479E+1,3.8238276E+3,0.0000000E+0
11235446,29/9/2021,5:21:05 AM,-8.2904129E+0,-4.6765999E+1,3.8265059E+3,0.0000000E+0
11235447,29/9/2021,5:21:05 AM,-2.4338799E+0,-4.5502781E+1,3.8282915E+3,0.0000000E+0
11235448,29/9/2021,5:21:05 AM,2.2944388E+0,-4.4965240E+1,3.8273987E+3,0.0000000E+0
11235449,29/9/2021,5:21:05 AM,6.7801957E+0,-4.3782650E+1,3.8273987E+3,0.0000000E+0
11235450,29/9/2021,5:21:05 AM,1.0268957E+1,-4.1148705E+1,3.8256133E+3,0.0000000E+0
11235451,29/9/2021,5:21:05 AM,1.3978726E+1,-3.8004093E+1,3.8309702E+3,0.0000000E+0
11235452,29/9/2021,5:21:05 AM,2.0879784E+1,-3.5612038E+1,3.8318628E+3,0.0000000E+0
11235453,29/9/2021,5:21:05 AM,2.6731443E+1,-3.4214436E+1,3.8309702E+3,0.0000000E+0
11235454,29/9/2021,5:21:05 AM,2.9816866E+1,-3.2091152E+1,3.8318628E+3,0.0000000E+0
11235455,29/9/2021,5:21:05 AM,3.1944740E+1,-2.9080925E+1,3.8318628E+3,0.0000000E+0
11235456,29/9/2021,5:21:06 AM,3.2875687E+1,-2.4431204E+1,3.8327556E+3,0.0000000E+0
11235457,29/9/2021,5:21:06 AM,3.1652159E+1,-1.8503832E+1,3.8345413E+3,0.0000000E+0
11235458,29/9/2021,5:21:06 AM,2.9923258E+1,-1.3598720E+1,3.8345413E+3,0.0000000E+0
11235459,29/9/2021,5:21:06 AM,2.6625051E+1,-9.5257511E+0,3.8336484E+3,0.0000000E+0
11235460,29/9/2021,5:21:06 AM,2.0853186E+1,-2.8796718E+0,3.8345413E+3,0.0000000E+0
11235461,29/9/2021,5:21:06 AM,1.2339587E+1,4.9507618E+0,3.8363269E+3,0.0000000E+0
11235462,29/9/2021,5:21:06 AM,4.8598371E+0,1.1211301E+1,3.8381123E+3,0.0000000E+0
11235463,29/9/2021,5:21:06 AM,-1.0842332E+0,1.6339733E+1,3.8363269E+3,0.0000000E+0
11235464,29/9/2021,5:21:06 AM,-6.8591266E+0,1.9455608E+1,3.8345413E+3,0.0000000E+0
11235465,29/9/2021,5:21:06 AM,-1.2721088E+1,2.2522936E+1,3.8363269E+3,0.0000000E+0
11235466,29/9/2021,5:21:07 AM,-1.6759739E+1,2.5990070E+1,3.8390051E+3,0.0000000E+0
11235467,29/9/2021,5:21:07 AM,-1.9727552E+1,2.9027172E+1,3.8398979E+3,0.0000000E+0
11235468,29/9/2021,5:21:07 AM,-2.2183107E+1,2.8704649E+1,3.8381123E+3,0.0000000E+0
11235469,29/9/2021,5:21:07 AM,-2.2688478E+1,2.5130007E+1,3.8354341E+3,0.0000000E+0
11235470,29/9/2021,5:21:07 AM,-2.1571342E+1,2.1098454E+1,3.8363269E+3,0.0000000E+0
11235471,29/9/2021,5:21:07 AM,-2.1810730E+1,1.7533443E+1,3.8354341E+3,0.0000000E+0
11235472,29/9/2021,5:21:07 AM,-2.3858810E+1,1.3965607E+1,3.8363269E+3,0.0000000E+0
11235473,29/9/2021,5:21:07 AM,-2.7103823E+1,8.8876877E+0,3.8345413E+3,0.0000000E+0
11235474,29/9/2021,5:21:07 AM,-3.0109446E+1,2.9557266E+0,3.8309702E+3,0.0000000E+0
11235475,29/9/2021,5:21:07 AM,-3.3407654E+1,-1.8253132E+0,3.8309702E+3,0.0000000E+0
11235476,29/9/2021,5:21:08 AM,-3.7211235E+1,-6.1812367E+0,3.8309702E+3,0.0000000E+0
11235477,29/9/2021,5:21:08 AM,-4.1706371E+1,-1.0434991E+1,3.8291846E+3,0.0000000E+0
11235478,29/9/2021,5:21:08 AM,-4.6946266E+1,-1.4061316E+1,3.8282915E+3,0.0000000E+0
11235479,29/9/2021,5:21:08 AM,-5.0483864E+1,-1.9556635E+1,3.8256133E+3,0.0000000E+0
11235480,29/9/2021,5:21:08 AM,-5.0616856E+1,-2.5452532E+1,3.8256133E+3,0.0000000E+0
11235481,29/9/2021,5:21:08 AM,-5.0138081E+1,-3.0344145E+1,3.8247205E+3,0.0000000E+0
11235482,29/9/2021,5:21:08 AM,-4.8355984E+1,-3.5208885E+1,3.8238276E+3,0.0000000E+0
11235483,29/9/2021,5:21:08 AM,-4.5589745E+1,-4.0772427E+1,3.8247205E+3,0.0000000E+0
11235484,29/9/2021,5:21:08 AM,-4.1679771E+1,-4.6577862E+1,3.8220420E+3,0.0000000E+0
11235485,29/9/2021,5:21:08 AM,-3.5881313E+1,-5.2329540E+1,3.8220420E+3,0.0000000E+0
11235486,29/9/2021,5:21:09 AM,-2.8939116E+1,-5.7409298E+1,3.8229348E+3,0.0000000E+0
11235487,29/9/2021,5:21:09 AM,-2.2528889E+1,-6.1440849E+1,3.8220420E+3,0.0000000E+0
11235488,29/9/2021,5:21:09 AM,-1.7822680E+1,-6.3752270E+1,3.8238276E+3,0.0000000E+0
11235489,29/9/2021,5:21:09 AM,-1.4681215E+1,-6.5364891E+1,3.8238276E+3,0.0000000E+0
11235490,29/9/2021,5:21:09 AM,-1.1823902E+1,-6.5123001E+1,3.8238276E+3,0.0000000E+0
11235491,29/9/2021,5:21:09 AM,-1.1124045E+1,-6.4209183E+1,3.8229348E+3,0.0000000E+0
11235492,29/9/2021,5:21:09 AM,-1.2192249E+1,-6.1709618E+1,3.8238276E+3,0.0000000E+0
11235493,29/9/2021,5:21:09 AM,-1.4589128E+1,-5.8161850E+1,3.8238276E+3,0.0000000E+0
11235494,29/9/2021,5:21:09 AM,-1.7488535E+1,-5.3189606E+1,3.8265059E+3,0.0000000E+0
11235495,29/9/2021,5:21:09 AM,-1.9498652E+1,-4.8916161E+1,3.8273987E+3,0.0000000E+0
11235496,29/9/2021,5:21:10 AM,-2.0853186E+1,-4.6954140E+1,3.8238276E+3,0.0000000E+0
11235497,29/9/2021,5:21:10 AM,-2.1917124E+1,-4.3970791E+1,3.8256133E+3,0.0000000E+0
11235498,29/9/2021,5:21:10 AM,-2.0028635E+1,-4.0799301E+1,3.8247205E+3,0.0000000E+0
11235499,29/9/2021,5:21:10 AM,-1.7933184E+1,-3.6257088E+1,3.8273987E+3,0.0000000E+0
11235500,29/9/2021,5:21:10 AM,-1.4386539E+1,-3.3112476E+1,3.8273987E+3,0.0000000E+0
11235501,29/9/2021,5:21:10 AM,-1.0989862E+1,-3.0532284E+1,3.8273987E+3,0.0000000E+0
11235502,29/9/2021,5:21:10 AM,-7.8668156E+0,-2.6930767E+1,3.8273987E+3,0.0000000E+0
11235503,29/9/2021,5:21:10 AM,-5.1046515E+0,-2.2952967E+1,3.8282915E+3,0.0000000E+0
11235504,29/9/2021,5:21:10 AM,-2.9868903E+0,-1.7350000E+1,3.8327556E+3,0.0000000E+0
11235505,29/9/2021,5:21:10 AM,-1.5552372E+0,-1.0828464E+1,3.8345413E+3,0.0000000E+0
11235506,29/9/2021,5:21:11 AM,-2.2991924E+0,-4.6577511E+0,3.8345413E+3,0.0000000E+0
11235507,29/9/2021,5:21:11 AM,-3.4551268E+0,7.3643571E-1,3.8345413E+3,0.0000000E+0
11235508,29/9/2021,5:21:11 AM,-4.8677597E+0,5.5644422E+0,3.8354341E+3,0.0000000E+0
11235509,29/9/2021,5:21:11 AM,-7.4405866E+0,1.2101931E+1,3.8381123E+3,0.0000000E+0
11235510,29/9/2021,5:21:11 AM,-9.1744432E+0,1.7166557E+1,3.8381123E+3,0.0000000E+0
11235511,29/9/2021,5:21:11 AM,-1.0113726E+1,1.9803885E+1,3.8381123E+3,0.0000000E+0
11235512,29/9/2021,5:21:11 AM,-1.0816214E+1,2.0829683E+1,3.8372195E+3,0.0000000E+0
11235513,29/9/2021,5:21:11 AM,-1.0729390E+1,2.0668423E+1,3.8363269E+3,0.0000000E+0
11235514,29/9/2021,5:21:11 AM,-9.0902500E+0,2.1152208E+1,3.8363269E+3,0.0000000E+0
11235515,29/9/2021,5:21:11 AM,-8.2930441E+0,2.0829683E+1,3.8363269E+3,0.0000000E+0
11235516,29/9/2021,5:21:12 AM,-7.7536812E+0,1.9016939E+1,3.8363269E+3,0.0000000E+0
11235517,29/9/2021,5:21:12 AM,-6.0040379E+0,1.5417200E+1,3.8345413E+3,0.0000000E+0
11235518,29/9/2021,5:21:12 AM,-5.1173277E+0,1.1540967E+1,3.8318628E+3,0.0000000E+0
11235519,29/9/2021,5:21:12 AM,-4.4747896E+0,9.7517309E+0,3.8354341E+3,0.0000000E+0
11235520,29/9/2021,5:21:12 AM,-4.5865011E+0,9.0897417E+0,3.8363269E+3,0.0000000E+0
11235521,29/9/2021,5:21:12 AM,-6.4776254E+0,7.9864230E+0,3.8345413E+3,0.0000000E+0
11235522,29/9/2021,5:21:12 AM,-8.1325512E+0,5.3916335E+0,3.8345413E+3,0.0000000E+0
11235523,29/9/2021,5:21:12 AM,-8.0851927E+0,2.1335349E+0,3.8363269E+3,0.0000000E+0
11235524,29/9/2021,5:21:12 AM,-9.0534153E+0,-2.2210389E-1,3.8345413E+3,0.0000000E+0
11235525,29/9/2021,5:21:12 AM,-1.1013542E+1,-3.9964752E+0,3.8345413E+3,0.0000000E+0
11235526,29/9/2021,5:21:13 AM,-1.2673730E+1,-9.3210382E+0,3.8327556E+3,0.0000000E+0
11235527,29/9/2021,5:21:13 AM,-1.3344646E+1,-1.5302880E+1,3.8318628E+3,0.0000000E+0
11235528,29/9/2021,5:21:13 AM,-1.3186783E+1,-2.2845459E+1,3.8291846E+3,0.0000000E+0
11235529,29/9/2021,5:21:13 AM,-1.3578808E+1,-2.8677769E+1,3.8291846E+3,0.0000000E+0
11235530,29/9/2021,5:21:13 AM,-1.4662797E+1,-3.4106926E+1,3.8282915E+3,0.0000000E+0
11235531,29/9/2021,5:21:13 AM,-1.6622923E+1,-4.0530533E+1,3.8247205E+3,0.0000000E+0
11235532,29/9/2021,5:21:13 AM,-1.9032957E+1,-4.5825302E+1,3.8247205E+3,0.0000000E+0
11235533,29/9/2021,5:21:13 AM,-2.1225565E+1,-4.9964363E+1,3.8229348E+3,0.0000000E+0
11235534,29/9/2021,5:21:13 AM,-2.4603567E+1,-5.2248909E+1,3.8229348E+3,0.0000000E+0
11235535,29/9/2021,5:21:13 AM,-2.8486942E+1,-5.4022793E+1,3.8238276E+3,0.0000000E+0
11235536,29/9/2021,5:21:14 AM,-3.2370316E+1,-5.5366642E+1,3.8220420E+3,0.0000000E+0
11235537,29/9/2021,5:21:14 AM,-3.6120697E+1,-5.6764248E+1,3.8220420E+3,0.0000000E+0
11235538,29/9/2021,5:21:14 AM,-3.8541153E+1,-5.8081219E+1,3.8184709E+3,0.0000000E+0
11235539,29/9/2021,5:21:14 AM,-3.9445503E+1,-5.8161850E+1,3.8211492E+3,0.0000000E+0
11235540,29/9/2021,5:21:14 AM,-4.0615833E+1,-5.6092323E+1,3.8229348E+3,0.0000000E+0
11235541,29/9/2021,5:21:14 AM,-4.0589237E+1,-5.3754025E+1,3.8220420E+3,0.0000000E+0
11235542,29/9/2021,5:21:14 AM,-3.9365707E+1,-5.0958817E+1,3.8247205E+3,0.0000000E+0
11235543,29/9/2021,5:21:14 AM,-3.7104839E+1,-4.9050545E+1,3.8238276E+3,0.0000000E+0
11235544,29/9/2021,5:21:14 AM,-3.4631184E+1,-4.7626064E+1,3.8229348E+3,0.0000000E+0
11235545,29/9/2021,5:21:14 AM,-3.2795891E+1,-4.4992115E+1,3.8247205E+3,0.0000000E+0
11235546,29/9/2021,5:21:15 AM,-3.1013794E+1,-4.0745548E+1,3.8273987E+3,0.0000000E+0
11235547,29/9/2021,5:21:15 AM,-2.8779524E+1,-3.7466553E+1,3.8273987E+3,0.0000000E+0
11235548,29/9/2021,5:21:15 AM,-2.9018911E+1,-3.4402576E+1,3.8256133E+3,0.0000000E+0
11235549,29/9/2021,5:21:15 AM,-2.9391289E+1,-3.0586040E+1,3.8256133E+3,0.0000000E+0
11235550,29/9/2021,5:21:15 AM,-2.8752926E+1,-2.5990070E+1,3.8273987E+3,0.0000000E+0
11235551,29/9/2021,5:21:15 AM,-2.8806122E+1,-1.9942131E+1,3.8282915E+3,0.0000000E+0
11235552,29/9/2021,5:21:15 AM,-2.8114563E+1,-1.4138414E+1,3.8309702E+3,0.0000000E+0
11235553,29/9/2021,5:21:15 AM,-2.6944229E+1,-9.3024292E+0,3.8300774E+3,0.0000000E+0
11235554,29/9/2021,5:21:15 AM,-2.6039883E+1,-5.2830009E+0,3.8300774E+3,0.0000000E+0
11235555,29/9/2021,5:21:15 AM,-2.3433237E+1,-1.5944551E+0,3.8318628E+3,0.0000000E+0
11235556,29/9/2021,5:21:16 AM,-1.8043686E+1,2.6106782E+0,3.8336484E+3,0.0000000E+0
11235557,29/9/2021,5:21:16 AM,-1.2889475E+1,6.0403309E+0,3.8354341E+3,0.0000000E+0
11235558,29/9/2021,5:21:16 AM,-7.6484394E+0,8.1645489E+0,3.8363269E+3,0.0000000E+0
11235559,29/9/2021,5:21:16 AM,-1.4853122E+0,9.2864771E+0,3.8363269E+3,0.0000000E+0
11235560,29/9/2021,5:21:16 AM,3.1952596E+0,9.9537849E+0,3.8363269E+3,0.0000000E+0
11235561,29/9/2021,5:21:16 AM,7.7984085E+0,1.0788584E+1,3.8390051E+3,0.0000000E+0
11235562,29/9/2021,5:21:16 AM,1.2534284E+1,1.1769607E+1,3.8398979E+3,0.0000000E+0
11235563,29/9/2021,5:21:16 AM,1.3784029E+1,1.1299035E+1,3.8390051E+3,0.0000000E+0
11235564,29/9/2021,5:21:16 AM,1.4468101E+1,9.3423080E+0,3.8398979E+3,0.0000000E+0
11235565,29/9/2021,5:21:16 AM,1.3918212E+1,5.9100599E+0,3.8363269E+3,0.0000000E+0
11235566,29/9/2021,5:21:17 AM,1.1508178E+1,2.3801124E+0,3.8345413E+3,0.0000000E+0
11235567,29/9/2021,5:21:17 AM,9.1191912E+0,-4.1594484E-1,3.8354341E+3,0.0000000E+0
11235568,29/9/2021,5:21:17 AM,4.9770942E+0,-2.1551507E+0,3.8363269E+3,0.0000000E+0
11235569,29/9/2021,5:21:17 AM,1.8563088E+0,-6.0376725E+0,3.8327556E+3,0.0000000E+0
11235570,29/9/2021,5:21:17 AM,-2.3316760E+0,-9.9298573E+0,3.8291846E+3,0.0000000E+0
11235571,29/9/2021,5:21:17 AM,-7.2564139E+0,-1.2144468E+1,3.8300774E+3,0.0000000E+0
11235572,29/9/2021,5:21:17 AM,-8.5719347E+0,-1.4800406E+1,3.8300774E+3,0.0000000E+0
11235573,29/9/2021,5:21:17 AM,-8.7955742E+0,-1.7139971E+1,3.8309702E+3,0.0000000E+0
11235574,29/9/2021,5:21:17 AM,-9.8137865E+0,-1.9806543E+1,3.8300774E+3,0.0000000E+0
11235575,29/9/2021,5:21:17 AM,-1.1071424E+1,-2.4108679E+1,3.8273987E+3,0.0000000E+0
11235576,29/9/2021,5:21:18 AM,-1.1542381E+1,-2.6850136E+1,3.8273987E+3,0.0000000E+0
11235577,29/9/2021,5:21:18 AM,-1.2126472E+1,-2.8005846E+1,3.8291846E+3,0.0000000E+0
11235578,29/9/2021,5:21:18 AM,-1.3094696E+1,-2.9027172E+1,3.8300774E+3,0.0000000E+0
11235579,29/9/2021,5:21:18 AM,-1.4089231E+1,-3.0612917E+1,3.8309702E+3,0.0000000E+0
11235580,29/9/2021,5:21:18 AM,-1.6044094E+1,-3.3219986E+1,3.8273987E+3,0.0000000E+0
11235581,29/9/2021,5:21:18 AM,-2.0122210E+1,-3.3999420E+1,3.8265059E+3,0.0000000E+0
11235582,29/9/2021,5:21:18 AM,-2.3672623E+1,-3.3784401E+1,3.8273987E+3,0.0000000E+0
11235583,29/9/2021,5:21:18 AM,-2.7529398E+1,-3.3515633E+1,3.8273987E+3,0.0000000E+0
11235584,29/9/2021,5:21:18 AM,-3.0907400E+1,-3.2763077E+1,3.8273987E+3,0.0000000E+0
11235585,29/9/2021,5:21:18 AM,-3.5828114E+1,-3.2655567E+1,3.8256133E+3,0.0000000E+0
11235586,29/9/2021,5:21:19 AM,-4.0828621E+1,-3.3219986E+1,3.8238276E+3,0.0000000E+0
11235587,29/9/2021,5:21:19 AM,-4.2903301E+1,-3.3246861E+1,3.8238276E+3,0.0000000E+0
11235588,29/9/2021,5:21:19 AM,-4.4632202E+1,-3.1741751E+1,3.8247205E+3,0.0000000E+0
11235589,29/9/2021,5:21:19 AM,-4.4977982E+1,-3.0236639E+1,3.8265059E+3,0.0000000E+0
11235590,29/9/2021,5:21:19 AM,-4.3382072E+1,-3.0182884E+1,3.8256133E+3,0.0000000E+0
11235591,29/9/2021,5:21:19 AM,-4.1440388E+1,-3.0129131E+1,3.8247205E+3,0.0000000E+0
11235592,29/9/2021,5:21:19 AM,-3.8195377E+1,-2.8650892E+1,3.8273987E+3,0.0000000E+0
11235593,29/9/2021,5:21:19 AM,-3.4365196E+1,-2.5748177E+1,3.8291846E+3,0.0000000E+0
11235594,29/9/2021,5:21:19 AM,-3.0588219E+1,-2.4861237E+1,3.8282915E+3,0.0000000E+0
11235595,29/9/2021,5:21:19 AM,-2.7077225E+1,-2.4565588E+1,3.8291846E+3,0.0000000E+0
11235596,29/9/2021,5:21:20 AM,-2.2927864E+1,-2.3678648E+1,3.8291846E+3,0.0000000E+0
11235597,29/9/2021,5:21:20 AM,-2.0002035E+1,-2.2872337E+1,3.8309702E+3,0.0000000E+0
11235598,29/9/2021,5:21:20 AM,-1.8319944E+1,-2.2711075E+1,3.8291846E+3,0.0000000E+0
11235599,29/9/2021,5:21:20 AM,-1.6730797E+1,-2.1904764E+1,3.8309702E+3,0.0000000E+0
11235600,29/9/2021,5:21:20 AM,-1.6201958E+1,-2.1474731E+1,3.8291846E+3,0.0000000E+0
11235601,29/9/2021,5:21:20 AM,-1.4883804E+1,-2.0937193E+1,3.8291846E+3,0.0000000E+0
11235602,29/9/2021,5:21:20 AM,-1.4162899E+1,-1.9920862E+1,3.8309702E+3,0.0000000E+0
11235603,29/9/2021,5:21:20 AM,-1.3968202E+1,-1.8966427E+1,3.8291846E+3,0.0000000E+0
11235604,29/9/2021,5:21:20 AM,-1.2994717E+1,-1.7828548E+1,3.8309702E+3,0.0000000E+0
11235605,29/9/2021,5:21:20 AM,-1.2971038E+1,-1.7677008E+1,3.8282915E+3,0.0000000E+0
11235606,29/9/2021,5:21:21 AM,-1.0074260E+1,-1.7459002E+1,3.8309702E+3,0.0000000E+0
11235607,29/9/2021,5:21:21 AM,-7.3300829E+0,-1.5667109E+1,3.8309702E+3,0.0000000E+0
11235608,29/9/2021,5:21:21 AM,-6.1066484E+0,-1.4353761E+1,3.8309702E+3,0.0000000E+0
11235609,29/9/2021,5:21:21 AM,-2.9227159E+0,-1.3484402E+1,3.8327556E+3,0.0000000E+0
11235610,29/9/2021,5:21:21 AM,-4.6704613E-2,-1.2973950E+1,3.8309702E+3,0.0000000E+0
11235611,29/9/2021,5:21:21 AM,1.8056030E+0,-1.1525016E+1,3.8327556E+3,0.0000000E+0
11235612,29/9/2021,5:21:21 AM,4.3416867E+0,-9.9378338E+0,3.8345413E+3,0.0000000E+0
11235613,29/9/2021,5:21:21 AM,5.4594121E+0,-8.9727631E+0,3.8354341E+3,0.0000000E+0
11235614,29/9/2021,5:21:21 AM,4.7045507E+0,-8.5048494E+0,3.8336484E+3,0.0000000E+0
11235615,29/9/2021,5:21:21 AM,3.4083827E+0,-8.1539154E+0,3.8345413E+3,0.0000000E+0
11235616,29/9/2021,5:21:22 AM,2.3616174E-1,-7.6540990E+0,3.8336484E+3,0.0000000E+0
11235617,29/9/2021,5:21:22 AM,-3.4765186E+0,-8.2868452E+0,3.8327556E+3,0.0000000E+0
11235618,29/9/2021,5:21:22 AM,-7.1380172E+0,-8.0130091E+0,3.8345413E+3,0.0000000E+0
11235619,29/9/2021,5:21:22 AM,-1.0892514E+1,-9.0206175E+0,3.8318628E+3,0.0000000E+0
11235620,29/9/2021,5:21:22 AM,-1.5970425E+1,-9.9830294E+0,3.8291846E+3,0.0000000E+0
11235621,29/9/2021,5:21:22 AM,-1.9819639E+1,-1.0645020E+1,3.8309702E+3,0.0000000E+0
11235622,29/9/2021,5:21:22 AM,-2.1863928E+1,-1.1272449E+1,3.8309702E+3,0.0000000E+0
11235623,29/9/2021,5:21:22 AM,-2.3566227E+1,-1.2830386E+1,3.8309702E+3,0.0000000E+0
11235624,29/9/2021,5:21:22 AM,-2.5002544E+1,-1.4295273E+1,3.8309702E+3,0.0000000E+0
11235625,29/9/2021,5:21:22 AM,-2.6545256E+1,-1.6913990E+1,3.8291846E+3,0.0000000E+0
11235626,29/9/2021,5:21:23 AM,-2.8061367E+1,-1.9179113E+1,3.8282915E+3,0.0000000E+0
11235627,29/9/2021,5:21:23 AM,-2.8726326E+1,-2.0910315E+1,3.8291846E+3,0.0000000E+0
11235628,29/9/2021,5:21:23 AM,-2.9311491E+1,-2.2818583E+1,3.8291846E+3,0.0000000E+0
11235629,29/9/2021,5:21:23 AM,-3.0402031E+1,-2.5640669E+1,3.8273987E+3,0.0000000E+0
11235630,29/9/2021,5:21:23 AM,-3.0907400E+1,-2.7790831E+1,3.8291846E+3,0.0000000E+0
11235631,29/9/2021,5:21:23 AM,-3.3035278E+1,-2.9134680E+1,3.8273987E+3,0.0000000E+0
11235632,29/9/2021,5:21:23 AM,-3.4338600E+1,-3.1231087E+1,3.8256133E+3,0.0000000E+0
11235633,29/9/2021,5:21:23 AM,-3.4019421E+1,-3.3784401E+1,3.8273987E+3,0.0000000E+0
11235634,29/9/2021,5:21:23 AM,-3.3966225E+1,-3.6391472E+1,3.8238276E+3,0.0000000E+0
11235635,29/9/2021,5:21:23 AM,-3.4232208E+1,-3.7466553E+1,3.8256133E+3,0.0000000E+0
11235636,29/9/2021,5:21:24 AM,-3.3168270E+1,-3.8891033E+1,3.8238276E+3,0.0000000E+0
11235637,29/9/2021,5:21:24 AM,-3.1572361E+1,-3.9536083E+1,3.8238276E+3,0.0000000E+0
11235638,29/9/2021,5:21:24 AM,-2.8752926E+1,-3.8030972E+1,3.8256133E+3,0.0000000E+0
11235639,29/9/2021,5:21:24 AM,-2.6359064E+1,-3.6418350E+1,3.8256133E+3,0.0000000E+0
11235640,29/9/2021,5:21:24 AM,-2.5321726E+1,-3.5235764E+1,3.8256133E+3,0.0000000E+0
11235641,29/9/2021,5:21:24 AM,-2.1810730E+1,-3.3219986E+1,3.8273987E+3,0.0000000E+0
11235642,29/9/2021,5:21:24 AM,-1.8804058E+1,-3.0559164E+1,3.8273987E+3,0.0000000E+0
11235643,29/9/2021,5:21:24 AM,-1.7207014E+1,-2.7522060E+1,3.8282915E+3,0.0000000E+0
11235644,29/9/2021,5:21:24 AM,-1.4247092E+1,-2.5775053E+1,3.8273987E+3,0.0000000E+0
11235645,29/9/2021,5:21:24 AM,-1.0587313E+1,-2.2952967E+1,3.8291846E+3,0.0000000E+0
11235646,29/9/2021,5:21:25 AM,-7.9589019E+0,-1.8171507E+1,3.8309702E+3,0.0000000E+0
11235647,29/9/2021,5:21:25 AM,-5.8014479E+0,-1.5773453E+1,3.8309702E+3,0.0000000E+0
11235648,29/9/2021,5:21:25 AM,-2.1058764E+0,-1.3229176E+1,3.8327556E+3,0.0000000E+0
11235649,29/9/2021,5:21:25 AM,6.1745077E-1,-9.4034548E+0,3.8327556E+3,0.0000000E+0
11235650,29/9/2021,5:21:25 AM,1.9989190E+0,-6.8698130E+0,3.8336484E+3,0.0000000E+0
11235651,29/9/2021,5:21:25 AM,3.6983566E+0,-4.0877409E+0,3.8354341E+3,0.0000000E+0
11235652,29/9/2021,5:21:25 AM,4.7750630E+0,-1.1481144E+0,3.8345413E+3,0.0000000E+0
11235653,29/9/2021,5:21:25 AM,4.2054148E+0,1.5459123E+0,3.8363269E+3,0.0000000E+0
11235654,29/9/2021,5:21:25 AM,4.9319344E+0,2.9325099E+0,3.8363269E+3,0.0000000E+0
11235655,29/9/2021,5:21:25 AM,4.7441640E+0,4.0092845E+0,3.8345413E+3,0.0000000E+0
11235656,29/9/2021,5:21:26 AM,3.5795147E+0,5.2645874E+0,3.8363269E+3,0.0000000E+0
11235657,29/9/2021,5:21:26 AM,1.8666083E+0,5.4634156E+0,3.8363269E+3,0.0000000E+0
11235658,29/9/2021,5:21:26 AM,-5.7312101E-1,3.3368008E+0,3.8354341E+3,0.0000000E+0
11235659,29/9/2021,5:21:26 AM,-2.0718086E+0,7.4230158E-1,3.8327556E+3,0.0000000E+0
11235660,29/9/2021,5:21:26 AM,-2.8569567E+0,-6.9324142E-1,3.8363269E+3,0.0000000E+0
11235661,29/9/2021,5:21:26 AM,-6.5328774E+0,-3.3456070E+0,3.8318628E+3,0.0000000E+0
11235662,29/9/2021,5:21:26 AM,-7.7984085E+0,-7.8561521E+0,3.8327556E+3,0.0000000E+0
11235663,29/9/2021,5:21:26 AM,-8.4588003E+0,-1.0735412E+1,3.8327556E+3,0.0000000E+0
11235664,29/9/2021,5:21:26 AM,-1.1076687E+1,-1.4146391E+1,3.8309702E+3,0.0000000E+0
11235665,29/9/2021,5:21:26 AM,-1.3857699E+1,-1.8631443E+1,3.8309702E+3,0.0000000E+0
11235666,29/9/2021,5:21:27 AM,-1.5515254E+1,-2.3839909E+1,3.8282915E+3,0.0000000E+0
11235667,29/9/2021,5:21:27 AM,-1.8904036E+1,-2.7333921E+1,3.8273987E+3,0.0000000E+0
11235668,29/9/2021,5:21:27 AM,-2.1411753E+1,-3.0774178E+1,3.8273987E+3,0.0000000E+0
11235669,29/9/2021,5:21:27 AM,-2.3725819E+1,-3.4241310E+1,3.8273987E+3,0.0000000E+0
11235670,29/9/2021,5:21:27 AM,-2.6704845E+1,-3.6821507E+1,3.8256133E+3,0.0000000E+0
11235671,29/9/2021,5:21:27 AM,-3.0668013E+1,-3.8971668E+1,3.8256133E+3,0.0000000E+0
11235672,29/9/2021,5:21:27 AM,-3.4418396E+1,-4.0019871E+1,3.8238276E+3,0.0000000E+0
11235673,29/9/2021,5:21:27 AM,-3.7663406E+1,-4.0960567E+1,3.8220420E+3,0.0000000E+0
11235674,29/9/2021,5:21:27 AM,-3.9791283E+1,-4.0638042E+1,3.8247205E+3,0.0000000E+0
11235675,29/9/2021,5:21:27 AM,-4.1653175E+1,-3.9106052E+1,3.8247205E+3,0.0000000E+0
11235676,29/9/2021,5:21:28 AM,-4.3195885E+1,-3.8676018E+1,3.8229348E+3,0.0000000E+0
11235677,29/9/2021,5:21:28 AM,-4.4499207E+1,-3.7090279E+1,3.8247205E+3,0.0000000E+0
11235678,29/9/2021,5:21:28 AM,-4.2185143E+1,-3.4751972E+1,3.8256133E+3,0.0000000E+0
11235679,29/9/2021,5:21:28 AM,-3.9791283E+1,-3.1392349E+1,3.8273987E+3,0.0000000E+0
11235680,29/9/2021,5:21:28 AM,-3.6971848E+1,-2.8597139E+1,3.8291846E+3,0.0000000E+0
11235681,29/9/2021,5:21:28 AM,-3.4631184E+1,-2.7468306E+1,3.8273987E+3,0.0000000E+0
11235682,29/9/2021,5:21:28 AM,-3.2875687E+1,-2.7065151E+1,3.8238276E+3,0.0000000E+0
11235683,29/9/2021,5:21:28 AM,-3.0215839E+1,-2.4431204E+1,3.8291846E+3,0.0000000E+0
11235684,29/9/2021,5:21:28 AM,-2.6066481E+1,-2.2119780E+1,3.8300774E+3,0.0000000E+0
11235685,29/9/2021,5:21:28 AM,-2.3805614E+1,-2.0265266E+1,3.8291846E+3,0.0000000E+0
11235686,29/9/2021,5:21:29 AM,-2.3380037E+1,-1.8958452E+1,3.8291846E+3,0.0000000E+0
11235687,29/9/2021,5:21:29 AM,-2.2954462E+1,-1.7049578E+1,3.8282915E+3,0.0000000E+0
11235688,29/9/2021,5:21:29 AM,-2.2794872E+1,-1.4287297E+1,3.8309702E+3,0.0000000E+0
11235689,29/9/2021,5:21:29 AM,-2.1651140E+1,-1.1482478E+1,3.8318628E+3,0.0000000E+0
11235690,29/9/2021,5:21:29 AM,-1.8867203E+1,-9.8208551E+0,3.8327556E+3,0.0000000E+0
11235691,29/9/2021,5:21:29 AM,-1.8817213E+1,-7.8588109E+0,3.8309702E+3,0.0000000E+0
11235692,29/9/2021,5:21:29 AM,-1.8601467E+1,-7.4414115E+0,3.8309702E+3,0.0000000E+0
11235693,29/9/2021,5:21:29 AM,-1.5607342E+1,-6.9336195E+0,3.8318628E+3,0.0000000E+0
11235694,29/9/2021,5:21:29 AM,-1.2273811E+1,-6.8432269E+0,3.8327556E+3,0.0000000E+0
11235695,29/9/2021,5:21:29 AM,-7.6300220E+0,-7.7684188E+0,3.8345413E+3,0.0000000E+0
11235696,29/9/2021,5:21:30 AM,-2.7135541E+0,-9.5549955E+0,3.8345413E+3,0.0000000E+0
11235697,29/9/2021,5:21:30 AM,6.4119893E-1,-1.3202589E+1,3.8309702E+3,0.0000000E+0
11235698,29/9/2021,5:21:30 AM,3.8805807E+0,-1.5090193E+1,3.8327556E+3,0.0000000E+0
11235699,29/9/2021,5:21:30 AM,7.0196204E+0,-1.6350367E+1,3.8327556E+3,0.0000000E+0
11235700,29/9/2021,5:21:30 AM,8.7666321E+0,-1.8846790E+1,3.8327556E+3,0.0000000E+0
11235701,29/9/2021,5:21:30 AM,9.8821936E+0,-2.1555363E+1,3.8327556E+3,0.0000000E+0
11235702,29/9/2021,5:21:30 AM,8.9929018E+0,-2.2952967E+1,3.8318628E+3,0.0000000E+0
11235703,29/9/2021,5:21:30 AM,5.1965551E+0,-2.4108679E+1,3.8291846E+3,0.0000000E+0
11235704,29/9/2021,5:21:30 AM,2.4291263E+0,-2.4753727E+1,3.8309702E+3,0.0000000E+0
11235705,29/9/2021,5:21:30 AM,-1.7890242E-1,-2.5345020E+1,3.8291846E+3,0.0000000E+0
11235706,29/9/2021,5:21:31 AM,-3.4820645E+0,-2.4861237E+1,3.8300774E+3,0.0000000E+0
11235707,29/9/2021,5:21:31 AM,-6.7749333E+0,-2.4968744E+1,3.8291846E+3,0.0000000E+0
11235708,29/9/2021,5:21:31 AM,-9.9584942E+0,-2.5022497E+1,3.8273987E+3,0.0000000E+0
11235709,29/9/2021,5:21:31 AM,-1.2752661E+1,-2.3974295E+1,3.8291846E+3,0.0000000E+0
11235710,29/9/2021,5:21:31 AM,-1.3684050E+1,-2.1501608E+1,3.8309702E+3,0.0000000E+0
11235711,29/9/2021,5:21:31 AM,-1.4418110E+1,-2.0883438E+1,3.8309702E+3,0.0000000E+0
11235712,29/9/2021,5:21:31 AM,-1.4846970E+1,-2.1689749E+1,3.8291846E+3,0.0000000E+0
11235713,29/9/2021,5:21:31 AM,-1.5288985E+1,-2.1689749E+1,3.8291846E+3,0.0000000E+0
11235714,29/9/2021,5:21:31 AM,-1.6762369E+1,-1.9277483E+1,3.8309702E+3,0.0000000E+0
11235715,29/9/2021,5:21:31 AM,-1.8517275E+1,-1.8150238E+1,3.8309702E+3,0.0000000E+0
11235716,29/9/2021,5:21:32 AM,-1.9906464E+1,-1.7557371E+1,3.8309702E+3,0.0000000E+0
11235717,29/9/2021,5:21:32 AM,-2.1917124E+1,-1.6903357E+1,3.8291846E+3,0.0000000E+0
11235718,29/9/2021,5:21:32 AM,-2.6013285E+1,-1.5132731E+1,3.8291846E+3,0.0000000E+0
11235719,29/9/2021,5:21:32 AM,-3.0508423E+1,-1.2928754E+1,3.8300774E+3,0.0000000E+0
11235720,29/9/2021,5:21:32 AM,-3.4870571E+1,-1.0894928E+1,3.8291846E+3,0.0000000E+0
11235721,29/9/2021,5:21:32 AM,-3.8142181E+1,-9.6507053E+0,3.8309702E+3,0.0000000E+0
11235722,29/9/2021,5:21:32 AM,-4.0482845E+1,-8.5234604E+0,3.8291846E+3,0.0000000E+0
11235723,29/9/2021,5:21:32 AM,-4.2557522E+1,-7.4866071E+0,3.8291846E+3,0.0000000E+0
11235724,29/9/2021,5:21:32 AM,-4.3621460E+1,-7.4068494E+0,3.8291846E+3,0.0000000E+0
11235725,29/9/2021,5:21:32 AM,-4.1998955E+1,-8.4809227E+0,3.8300774E+3,0.0000000E+0
11235726,29/9/2021,5:21:33 AM,-3.9605095E+1,-1.0182424E+1,3.8291846E+3,0.0000000E+0
11235727,29/9/2021,5:21:33 AM,-3.4391796E+1,-1.3282347E+1,3.8291846E+3,0.0000000E+0
11235728,29/9/2021,5:21:33 AM,-2.9258295E+1,-1.5239075E+1,3.8291846E+3,0.0000000E+0
11235729,29/9/2021,5:21:33 AM,-2.5135534E+1,-1.6496590E+1,3.8309702E+3,0.0000000E+0
11235730,29/9/2021,5:21:33 AM,-2.0002035E+1,-1.8517124E+1,3.8309702E+3,0.0000000E+0
11235731,29/9/2021,5:21:33 AM,-1.5378440E+1,-2.0749052E+1,3.8291846E+3,0.0000000E+0
11235732,29/9/2021,5:21:33 AM,-1.2423780E+1,-2.2254166E+1,3.8291846E+3,0.0000000E+0
11235733,29/9/2021,5:21:33 AM,-1.0021640E+1,-2.3356123E+1,3.8309702E+3,0.0000000E+0
11235734,29/9/2021,5:21:33 AM,-7.9404850E+0,-2.4404327E+1,3.8309702E+3,0.0000000E+0
11235735,29/9/2021,5:21:33 AM,-7.2406278E+0,-2.4888113E+1,3.8291846E+3,0.0000000E+0
11235736,29/9/2021,5:21:34 AM,-6.0645518E+0,-2.5640669E+1,3.8309702E+3,0.0000000E+0
11235737,29/9/2021,5:21:34 AM,-4.6023464E+0,-2.6957644E+1,3.8309702E+3,0.0000000E+0
11235738,29/9/2021,5:21:34 AM,-3.5042484E+0,-2.8489632E+1,3.8291846E+3,0.0000000E+0
11235739,29/9/2021,5:21:34 AM,-2.3982272E+0,-2.9564711E+1,3.8291846E+3,0.0000000E+0
11235740,29/9/2021,5:21:34 AM,-1.0037533E+0,-3.1096703E+1,3.8291846E+3,0.0000000E+0
11235741,29/9/2021,5:21:34 AM,8.7393039E-1,-3.3246861E+1,3.8273987E+3,0.0000000E+0
11235742,29/9/2021,5:21:34 AM,3.1699069E+0,-3.3650017E+1,3.8291846E+3,0.0000000E+0
11235743,29/9/2021,5:21:34 AM,4.3931851E+0,-3.4295067E+1,3.8282915E+3,0.0000000E+0
11235744,29/9/2021,5:21:34 AM,6.0014067E+0,-3.4321945E+1,3.8282915E+3,0.0000000E+0
11235745,29/9/2021,5:21:34 AM,6.2855597E+0,-3.1661119E+1,3.8309702E+3,0.0000000E+0
11235746,29/9/2021,5:21:35 AM,5.2813292E+0,-2.8731525E+1,3.8309702E+3,0.0000000E+0
11235747,29/9/2021,5:21:35 AM,3.3362851E+0,-2.6984520E+1,3.8309702E+3,0.0000000E+0
11235748,29/9/2021,5:21:35 AM,1.5615811E+0,-2.5425653E+1,3.8309702E+3,0.0000000E+0
11235749,29/9/2021,5:21:35 AM,-2.1922350E+0,-2.2066027E+1,3.8309702E+3,0.0000000E+0
11235750,29/9/2021,5:21:35 AM,-6.5486636E+0,-1.8833496E+1,3.8309702E+3,0.0000000E+0
11235751,29/9/2021,5:21:35 AM,-1.0029532E+1,-1.6400881E+1,3.8327556E+3,0.0000000E+0
11235752,29/9/2021,5:21:35 AM,-1.3820864E+1,-1.4196904E+1,3.8309702E+3,0.0000000E+0
11235753,29/9/2021,5:21:35 AM,-1.7564837E+1,-1.1963683E+1,3.8327556E+3,0.0000000E+0
11235754,29/9/2021,5:21:35 AM,-2.1464951E+1,-1.0365868E+1,3.8309702E+3,0.0000000E+0
11235755,29/9/2021,5:21:35 AM,-2.4523771E+1,-9.1030340E+0,3.8309702E+3,0.0000000E+0
11235756,29/9/2021,5:21:36 AM,-2.6438860E+1,-7.5371208E+0,3.8327556E+3,0.0000000E+0
11235757,29/9/2021,5:21:36 AM,-2.9258295E+1,-6.9495707E+0,3.8318628E+3,0.0000000E+0
11235758,29/9/2021,5:21:36 AM,-3.1306377E+1,-7.8694453E+0,3.8291846E+3,0.0000000E+0
11235759,29/9/2021,5:21:36 AM,-3.3647041E+1,-8.2150621E+0,3.8300774E+3,0.0000000E+0
11235760,29/9/2021,5:21:36 AM,-3.4444996E+1,-8.6058760E+0,3.8300774E+3,0.0000000E+0
11235761,29/9/2021,5:21:36 AM,-3.6227089E+1,-7.3510194E+0,3.8318628E+3,0.0000000E+0
11235762,29/9/2021,5:21:36 AM,-3.8434761E+1,-8.5208015E+0,3.8291846E+3,0.0000000E+0
11235763,29/9/2021,5:21:36 AM,-4.0855221E+1,-9.9617605E+0,3.8282915E+3,0.0000000E+0
11235764,29/9/2021,5:21:36 AM,-4.2424530E+1,-1.1150153E+1,3.8291846E+3,0.0000000E+0
11235765,29/9/2021,5:21:36 AM,-4.3674660E+1,-1.1655287E+1,3.8291846E+3,0.0000000E+0
11235766,29/9/2021,5:21:37 AM,-4.4233227E+1,-1.2559209E+1,3.8291846E+3,0.0000000E+0
11235767,29/9/2021,5:21:37 AM,-4.3701256E+1,-1.3920411E+1,3.8291846E+3,0.0000000E+0
11235768,29/9/2021,5:21:37 AM,-4.4180027E+1,-1.5927650E+1,3.8282915E+3,0.0000000E+0
11235769,29/9/2021,5:21:37 AM,-4.1493584E+1,-1.8894644E+1,3.8273987E+3,0.0000000E+0
11235770,29/9/2021,5:21:37 AM,-3.8408165E+1,-2.0229261E+1,3.8291846E+3,0.0000000E+0
11235771,29/9/2021,5:21:37 AM,-3.4843971E+1,-2.2576691E+1,3.8282915E+3,0.0000000E+0
11235772,29/9/2021,5:21:37 AM,-2.9870062E+1,-2.5398775E+1,3.8291846E+3,0.0000000E+0
11235773,29/9/2021,5:21:37 AM,-2.5534512E+1,-2.8731525E+1,3.8273987E+3,0.0000000E+0
11235774,29/9/2021,5:21:37 AM,-2.3167250E+1,-3.1714874E+1,3.8256133E+3,0.0000000E+0
11235775,29/9/2021,5:21:37 AM,-1.8938240E+1,-3.3596264E+1,3.8291846E+3,0.0000000E+0
11235776,29/9/2021,5:21:38 AM,-1.5988843E+1,-3.4725098E+1,3.8273987E+3,0.0000000E+0
11235777,29/9/2021,5:21:38 AM,-1.4204995E+1,-3.6176460E+1,3.8273987E+3,0.0000000E+0
11235778,29/9/2021,5:21:38 AM,-1.2560595E+1,-3.8004093E+1,3.8282915E+3,0.0000000E+0
11235779,29/9/2021,5:21:38 AM,-1.1823902E+1,-3.8702896E+1,3.8256133E+3,0.0000000E+0
11235780,29/9/2021,5:21:38 AM,-1.2358004E+1,-3.8864159E+1,3.8256133E+3,0.0000000E+0
11235781,29/9/2021,5:21:38 AM,-1.1213501E+1,-3.8299740E+1,3.8265059E+3,0.0000000E+0
11235782,29/9/2021,5:21:38 AM,-8.9744844E+0,-3.7036522E+1,3.8291846E+3,0.0000000E+0
11235783,29/9/2021,5:21:38 AM,-8.0536194E+0,-3.5665794E+1,3.8256133E+3,0.0000000E+0
11235784,29/9/2021,5:21:38 AM,-7.4853148E+0,-3.4160679E+1,3.8291846E+3,0.0000000E+0
11235785,29/9/2021,5:21:38 AM,-3.5097942E+0,-3.2924339E+1,3.8282915E+3,0.0000000E+0
11235786,29/9/2021,5:21:39 AM,-1.7430129E+0,-3.0209761E+1,3.8282915E+3,0.0000000E+0
11235787,29/9/2021,5:21:39 AM,8.6786145E-1,-2.7602690E+1,3.8309702E+3,0.0000000E+0
11235788,29/9/2021,5:21:39 AM,5.0991049E+0,-2.5425653E+1,3.8318628E+3,0.0000000E+0
11235789,29/9/2021,5:21:39 AM,6.8696508E+0,-2.3678648E+1,3.8291846E+3,0.0000000E+0
11235790,29/9/2021,5:21:39 AM,7.7852530E+0,-2.0292143E+1,3.8327556E+3,0.0000000E+0
11235791,29/9/2021,5:21:39 AM,8.7903118E+0,-1.6677374E+1,3.8327556E+3,0.0000000E+0
11235792,29/9/2021,5:21:39 AM,8.6613903E+0,-1.3463133E+1,3.8327556E+3,0.0000000E+0
11235793,29/9/2021,5:21:39 AM,8.2509480E+0,-9.8979549E+0,3.8345413E+3,0.0000000E+0
11235794,29/9/2021,5:21:39 AM,6.9827852E+0,-7.0107188E+0,3.8327556E+3,0.0000000E+0
11235795,29/9/2021,5:21:39 AM,3.6888492E+0,-3.9100132E+0,3.8336484E+3,0.0000000E+0
11235796,29/9/2021,5:21:40 AM,1.0307544E+0,-7.0204026E-1,3.8327556E+3,0.0000000E+0
11235797,29/9/2021,5:21:40 AM,-1.2963828E+0,3.0389864E+0,3.8354341E+3,0.0000000E+0
11235798,29/9/2021,5:21:40 AM,-4.2545362E+0,6.1307230E+0,3.8354341E+3,0.0000000E+0
11235799,29/9/2021,5:21:40 AM,-6.6749539E+0,7.0559144E+0,3.8345413E+3,0.0000000E+0
11235800,29/9/2021,5:21:40 AM,-9.4612274E+0,7.8721042E+0,3.8336484E+3,0.0000000E+0
11235801,29/9/2021,5:21:40 AM,-1.1889679E+1,8.5792904E+0,3.8345413E+3,0.0000000E+0
11235802,29/9/2021,5:21:40 AM,-1.2457984E+1,8.8424921E+0,3.8345413E+3,0.0000000E+0
11235803,29/9/2021,5:21:40 AM,-1.1860738E+1,7.5956097E+0,3.8363269E+3,0.0000000E+0
11235804,29/9/2021,5:21:40 AM,-1.1150356E+1,4.8274732E+0,3.8327556E+3,0.0000000E+0
11235805,29/9/2021,5:21:40 AM,-1.0624147E+1,2.9933536E+0,3.8327556E+3,0.0000000E+0
11235806,29/9/2021,5:21:41 AM,-1.0208444E+1,1.5106869E+0,3.8354341E+3,0.0000000E+0
11235807,29/9/2021,5:21:41 AM,-1.0408402E+1,-5.3086293E-1,3.8345413E+3,0.0000000E+0
11235808,29/9/2021,5:21:41 AM,-1.0703079E+1,-3.5897830E+0,3.8336484E+3,0.0000000E+0
11235809,29/9/2021,5:21:41 AM,-1.2905261E+1,-6.9681811E+0,3.8327556E+3,0.0000000E+0
11235810,29/9/2021,5:21:41 AM,-1.5880970E+1,-9.5975332E+0,3.8327556E+3,0.0000000E+0
11235811,29/9/2021,5:21:41 AM,-1.8627777E+1,-1.2165737E+1,3.8327556E+3,0.0000000E+0
11235812,29/9/2021,5:21:41 AM,-2.3486433E+1,-1.4909409E+1,3.8291846E+3,0.0000000E+0
11235813,29/9/2021,5:21:41 AM,-2.6731443E+1,-1.9125942E+1,3.8300774E+3,0.0000000E+0
11235814,29/9/2021,5:21:41 AM,-3.1040392E+1,-2.2254166E+1,3.8291846E+3,0.0000000E+0
11235815,29/9/2021,5:21:41 AM,-3.4976963E+1,-2.6043825E+1,3.8273987E+3,0.0000000E+0
11235816,29/9/2021,5:21:42 AM,-3.8567757E+1,-3.0021620E+1,3.8273987E+3,0.0000000E+0
11235817,29/9/2021,5:21:42 AM,-4.0908421E+1,-3.4133804E+1,3.8256133E+3,0.0000000E+0
11235818,29/9/2021,5:21:42 AM,-4.2983097E+1,-3.7359047E+1,3.8238276E+3,0.0000000E+0
11235819,29/9/2021,5:21:42 AM,-4.3807648E+1,-4.0826183E+1,3.8247205E+3,0.0000000E+0
11235820,29/9/2021,5:21:42 AM,-4.4951382E+1,-4.4051418E+1,3.8220420E+3,0.0000000E+0
11235821,29/9/2021,5:21:42 AM,-4.3275681E+1,-4.8432373E+1,3.8211492E+3,0.0000000E+0
11235822,29/9/2021,5:21:42 AM,-4.3222485E+1,-4.9937489E+1,3.8229348E+3,0.0000000E+0
11235823,29/9/2021,5:21:42 AM,-4.2504326E+1,-5.0824425E+1,3.8238276E+3,0.0000000E+0
11235824,29/9/2021,5:21:42 AM,-4.1892563E+1,-5.1980141E+1,3.8220420E+3,0.0000000E+0
11235825,29/9/2021,5:21:42 AM,-4.1732967E+1,-5.2168278E+1,3.8220420E+3,0.0000000E+0
11235826,29/9/2021,5:21:43 AM,-4.0988213E+1,-5.1093201E+1,3.8238276E+3,0.0000000E+0
11235827,29/9/2021,5:21:43 AM,-3.9073128E+1,-4.9346195E+1,3.8238276E+3,0.0000000E+0
11235828,29/9/2021,5:21:43 AM,-3.9844479E+1,-4.6147827E+1,3.8247205E+3,0.0000000E+0
11235829,29/9/2021,5:21:43 AM,-4.0243458E+1,-4.4185806E+1,3.8247205E+3,0.0000000E+0
11235830,29/9/2021,5:21:43 AM,-3.8354965E+1,-4.2438801E+1,3.8273987E+3,0.0000000E+0
11235831,29/9/2021,5:21:43 AM,-3.7184635E+1,-4.0261761E+1,3.8247205E+3,0.0000000E+0
11235832,29/9/2021,5:21:43 AM,-3.7344227E+1,-3.8245987E+1,3.8238276E+3,0.0000000E+0
11235833,29/9/2021,5:21:43 AM,-3.4312000E+1,-3.6821507E+1,3.8256133E+3,0.0000000E+0
11235834,29/9/2021,5:21:43 AM,-3.0721212E+1,-3.4026295E+1,3.8256133E+3,0.0000000E+0
11235835,29/9/2021,5:21:43 AM,-2.7103823E+1,-3.0424776E+1,3.8273987E+3,0.0000000E+0
11235836,29/9/2021,5:21:44 AM,-2.2741676E+1,-2.7172657E+1,3.8273987E+3,0.0000000E+0
11235837,29/9/2021,5:21:44 AM,-1.8209255E+1,-2.4403658E+1,3.8273987E+3,0.0000000E+0
11235838,29/9/2021,5:21:44 AM,-1.3299781E+1,-2.2280432E+1,3.8282915E+3,0.0000000E+0
11235839,29/9/2021,5:21:44 AM,-5.3969755E+0,-1.8259054E+1,3.8309702E+3,0.0000000E+0
11235840,29/9/2021,5:21:44 AM,1.9790119E-2,-1.3859121E+1,3.8327556E+3,0.0000000E+0
11235841,29/9/2021,5:21:44 AM,5.7619233E+0,-1.0971915E+1,3.8327556E+3,0.0000000E+0
11235842,29/9/2021,5:21:44 AM,1.1684338E+1,-7.5423608E+0,3.8354341E+3,0.0000000E+0
11235843,29/9/2021,5:21:44 AM,1.6420166E+1,-4.9571419E+0,3.8345413E+3,0.0000000E+0
11235844,29/9/2021,5:21:44 AM,2.0271971E+1,-2.2520092E+0,3.8363269E+3,0.0000000E+0
11235845,29/9/2021,5:21:44 AM,2.3565582E+1,1.7324378E+0,3.8381123E+3,0.0000000E+0
11235846,29/9/2021,5:21:45 AM,2.4576296E+1,4.2614450E+0,3.8381123E+3,0.0000000E+0
11235847,29/9/2021,5:21:45 AM,2.4576296E+1,7.2765036E+0,3.8398979E+3,0.0000000E+0
11235848,29/9/2021,5:21:45 AM,2.3113422E+1,9.8473396E+0,3.8381123E+3,0.0000000E+0
11235849,29/9/2021,5:21:45 AM,2.0303543E+1,1.2665423E+1,3.8381123E+3,0.0000000E+0
11235850,29/9/2021,5:21:45 AM,1.7993513E+1,1.4404128E+1,3.8390051E+3,0.0000000E+0
11235851,29/9/2021,5:21:45 AM,1.5117812E+1,1.5395774E+1,3.8390051E+3,0.0000000E+0
11235852,29/9/2021,5:21:45 AM,1.1713279E+1,1.4571617E+1,3.8381123E+3,0.0000000E+0
11235853,29/9/2021,5:21:45 AM,8.3718901E+0,1.3045598E+1,3.8363269E+3,0.0000000E+0
11235854,29/9/2021,5:21:45 AM,6.5065002E+0,1.1886462E+1,3.8381123E+3,0.0000000E+0
11235855,29/9/2021,5:21:45 AM,3.6912079E+0,1.1080916E+1,3.8354341E+3,0.0000000E+0
11235856,29/9/2021,5:21:46 AM,4.7390738E-1,8.4967871E+0,3.8345413E+3,0.0000000E+0
11235857,29/9/2021,5:21:46 AM,1.5893031E+0,5.8063154E+0,3.8381123E+3,0.0000000E+0
11235858,29/9/2021,5:21:46 AM,8.5493314E-1,2.7515659E+0,3.8345413E+3,0.0000000E+0
11235859,29/9/2021,5:21:46 AM,-1.6739801E+0,-3.9994755E-1,3.8354341E+3,0.0000000E+0
11235860,29/9/2021,5:21:46 AM,-5.0515432E+0,-4.5456481E+0,3.8327556E+3,0.0000000E+0
11235861,29/9/2021,5:21:46 AM,-8.3718901E+0,-9.5283117E+0,3.8309702E+3,0.0000000E+0
11235862,29/9/2021,5:21:46 AM,-1.2292103E+1,-1.2162953E+1,3.8327556E+3,0.0000000E+0
11235863,29/9/2021,5:21:46 AM,-1.7072657E+1,-1.5778607E+1,3.8309702E+3,0.0000000E+0
11235864,29/9/2021,5:21:46 AM,-2.3565582E+1,-1.9516556E+1,3.8309702E+3,0.0000000E+0
11235865,29/9/2021,5:21:46 AM,-3.0427795E+1,-2.3570494E+1,3.8273987E+3,0.0000000E+0
11235866,29/9/2021,5:21:47 AM,-3.8380516E+1,-2.7924450E+1,3.8256133E+3,0.0000000E+0
11235867,29/9/2021,5:21:47 AM,-4.3779854E+1,-3.1418365E+1,3.8256133E+3,0.0000000E+0
11235868,29/9/2021,5:21:47 AM,-4.8806824E+1,-3.4616642E+1,3.8256133E+3,0.0000000E+0
11235869,29/9/2021,5:21:47 AM,-5.3674206E+1,-3.7761166E+1,3.8229348E+3,0.0000000E+0
11235870,29/9/2021,5:21:47 AM,-5.6759541E+1,-4.1523846E+1,3.8220420E+3,0.0000000E+0
11235871,29/9/2021,5:21:47 AM,-5.8568188E+1,-4.6630337E+1,3.8184709E+3,0.0000000E+0
11235872,29/9/2021,5:21:47 AM,-5.8382000E+1,-4.9801739E+1,3.8211492E+3,0.0000000E+0
11235873,29/9/2021,5:21:47 AM,-5.6254185E+1,-5.2946262E+1,3.8184709E+3,0.0000000E+0
11235874,29/9/2021,5:21:47 AM,-5.3195442E+1,-5.5042610E+1,3.8220420E+3,0.0000000E+0
11235875,29/9/2021,5:21:47 AM,-5.0642063E+1,-5.6359547E+1,3.8202566E+3,0.0000000E+0
11235876,29/9/2021,5:21:48 AM,-4.8647236E+1,-5.7058334E+1,3.8202566E+3,0.0000000E+0
11235877,29/9/2021,5:21:48 AM,-4.4763969E+1,-5.6332676E+1,3.8220420E+3,0.0000000E+0
11235878,29/9/2021,5:21:48 AM,-4.1093483E+1,-5.2946262E+1,3.8238276E+3,0.0000000E+0
11235879,29/9/2021,5:21:48 AM,-4.1066883E+1,-4.8914822E+1,3.8247205E+3,0.0000000E+0
11235880,29/9/2021,5:21:48 AM,-4.0056171E+1,-4.5931553E+1,3.8247205E+3,0.0000000E+0
11235881,29/9/2021,5:21:48 AM,-3.7555984E+1,-4.3593319E+1,3.8256133E+3,0.0000000E+0
11235882,29/9/2021,5:21:48 AM,-3.6465477E+1,-3.9508125E+1,3.8256133E+3,0.0000000E+0
11235883,29/9/2021,5:21:48 AM,-3.6252697E+1,-3.5772324E+1,3.8256133E+3,0.0000000E+0
11235884,29/9/2021,5:21:48 AM,-3.3725910E+1,-3.2197781E+1,3.8256133E+3,0.0000000E+0
11235885,29/9/2021,5:21:48 AM,-2.9869244E+1,-2.7521305E+1,3.8273987E+3,0.0000000E+0
11235886,29/9/2021,5:21:49 AM,-2.5693401E+1,-2.3301731E+1,3.8282915E+3,0.0000000E+0
11235887,29/9/2021,5:21:49 AM,-2.0560040E+1,-1.9075233E+1,3.8309702E+3,0.0000000E+0
11235888,29/9/2021,5:21:49 AM,-1.4946796E+1,-1.5954074E+1,3.8291846E+3,0.0000000E+0
11235889,29/9/2021,5:21:49 AM,-8.6086807E+0,-1.3537435E+1,3.8291846E+3,0.0000000E+0
11235890,29/9/2021,5:21:49 AM,-8.0532593E-1,-8.9141817E+0,3.8345413E+3,0.0000000E+0
11235891,29/9/2021,5:21:49 AM,6.9564037E+0,-5.1965132E+0,3.8345413E+3,0.0000000E+0
11235892,29/9/2021,5:21:49 AM,1.3433963E+1,-2.8764553E+0,3.8363269E+3,0.0000000E+0
11235893,29/9/2021,5:21:49 AM,2.0508762E+1,-7.7376515E-1,3.8363269E+3,0.0000000E+0
11235894,29/9/2021,5:21:49 AM,2.4975262E+1,2.7996004E+0,3.8398979E+3,0.0000000E+0
11235895,29/9/2021,5:21:49 AM,2.7714828E+1,4.7481928E+0,3.8398979E+3,0.0000000E+0
11235896,29/9/2021,5:21:50 AM,3.0613977E+1,6.2901750E+0,3.8416836E+3,0.0000000E+0
11235897,29/9/2021,5:21:50 AM,3.0480989E+1,7.0000124E+0,3.8398979E+3,0.0000000E+0
11235898,29/9/2021,5:21:50 AM,2.7927608E+1,8.1086359E+0,3.8398979E+3,0.0000000E+0
11235899,29/9/2021,5:21:50 AM,2.3618778E+1,7.5636292E+0,3.8390051E+3,0.0000000E+0
11235900,29/9/2021,5:21:50 AM,1.6764828E+1,5.8009977E+0,3.8354341E+3,0.0000000E+0
11235901,29/9/2021,5:21:50 AM,1.2891973E+1,3.8667629E+0,3.8381123E+3,0.0000000E+0
11235902,29/9/2021,5:21:50 AM,7.1484680E+0,2.0494645E+0,3.8354341E+3,0.0000000E+0
11235903,29/9/2021,5:21:50 AM,-3.3221015E-1,-1.9966267E+0,3.8327556E+3,0.0000000E+0
11235904,29/9/2021,5:21:50 AM,-7.1037407E+0,-4.5560555E+0,3.8309702E+3,0.0000000E+0
11235905,29/9/2021,5:21:50 AM,-1.2489429E+1,-7.2206736E+0,3.8291846E+3,0.0000000E+0
11235906,29/9/2021,5:21:51 AM,-1.5988679E+1,-8.8929138E+0,3.8309702E+3,0.0000000E+0
11235907,29/9/2021,5:21:51 AM,-1.7864594E+1,-1.2396908E+1,3.8318628E+3,0.0000000E+0
11235908,29/9/2021,5:21:51 AM,-2.2634663E+1,-1.4872036E+1,3.8291846E+3,0.0000000E+0
11235909,29/9/2021,5:21:51 AM,-2.6943493E+1,-1.8264370E+1,3.8282915E+3,0.0000000E+0
11235910,29/9/2021,5:21:51 AM,-3.0108624E+1,-2.1904165E+1,3.8273987E+3,0.0000000E+0
11235911,29/9/2021,5:21:51 AM,-3.2715202E+1,-2.4349905E+1,3.8282915E+3,0.0000000E+0
11235912,29/9/2021,5:21:51 AM,-3.5108994E+1,-2.5774347E+1,3.8291846E+3,0.0000000E+0
11235913,29/9/2021,5:21:51 AM,-3.8566700E+1,-2.8811367E+1,3.8247205E+3,0.0000000E+0
11235914,29/9/2021,5:21:51 AM,-4.2848934E+1,-3.0423944E+1,3.8273987E+3,0.0000000E+0
11235915,29/9/2021,5:21:51 AM,-4.7370544E+1,-3.1902140E+1,3.8238276E+3,0.0000000E+0
11235916,29/9/2021,5:21:52 AM,-5.0908039E+1,-3.2493416E+1,3.8256133E+3,0.0000000E+0
11235917,29/9/2021,5:21:52 AM,-5.2530502E+1,-3.3917862E+1,3.8238276E+3,0.0000000E+0
11235918,29/9/2021,5:21:52 AM,-5.2344315E+1,-3.6202343E+1,3.8229348E+3,0.0000000E+0
11235919,29/9/2021,5:21:52 AM,-5.3275238E+1,-3.6471107E+1,3.8238276E+3,0.0000000E+0
11235920,29/9/2021,5:21:52 AM,-5.2716686E+1,-3.9051228E+1,3.8202566E+3,0.0000000E+0
11235921,29/9/2021,5:21:52 AM,-4.9232388E+1,-4.0233784E+1,3.8238276E+3,0.0000000E+0
11235922,29/9/2021,5:21:52 AM,-4.3327690E+1,-4.0126282E+1,3.8238276E+3,0.0000000E+0
11235923,29/9/2021,5:21:52 AM,-3.8167732E+1,-4.0341290E+1,3.8247205E+3,0.0000000E+0
11235924,29/9/2021,5:21:52 AM,-3.2555614E+1,-4.0206909E+1,3.8238276E+3,0.0000000E+0
11235925,29/9/2021,5:21:52 AM,-2.8858530E+1,-3.9400620E+1,3.8238276E+3,0.0000000E+0
11235926,29/9/2021,5:21:53 AM,-2.3140018E+1,-3.6820496E+1,3.8282915E+3,0.0000000E+0
11235927,29/9/2021,5:21:53 AM,-1.8543394E+1,-3.3837231E+1,3.8282915E+3,0.0000000E+0
11235928,29/9/2021,5:21:53 AM,-1.4725792E+1,-3.2520290E+1,3.8256133E+3,0.0000000E+0
11235929,29/9/2021,5:21:53 AM,-1.0363568E+1,-2.8703863E+1,3.8327556E+3,0.0000000E+0
11235930,29/9/2021,5:21:53 AM,-5.7224579E+0,-2.6688143E+1,3.8282915E+3,0.0000000E+0
11235931,29/9/2021,5:21:53 AM,-2.7341399E+0,-2.3624247E+1,3.8309702E+3,0.0000000E+0
11235932,29/9/2021,5:21:53 AM,5.8710688E-1,-2.0104101E+1,3.8309702E+3,0.0000000E+0
11235933,29/9/2021,5:21:53 AM,2.8458507E+0,-1.7474775E+1,3.8318628E+3,0.0000000E+0
11235934,29/9/2021,5:21:53 AM,6.0250244E+0,-1.4683277E+1,3.8336484E+3,0.0000000E+0
11235935,29/9/2021,5:21:53 AM,7.6562538E+0,-1.1442481E+1,3.8327556E+3,0.0000000E+0
11235936,29/9/2021,5:21:54 AM,8.1324682E+0,-7.9730487E+0,3.8345413E+3,0.0000000E+0
11235937,29/9/2021,5:21:54 AM,9.5742645E+0,-5.9232922E+0,3.8345413E+3,0.0000000E+0
11235938,29/9/2021,5:21:54 AM,1.0958178E+1,-3.2895503E+0,3.8354341E+3,0.0000000E+0
11235939,29/9/2021,5:21:54 AM,1.0605621E+1,9.5720783E-2,3.8363269E+3,0.0000000E+0
11235940,29/9/2021,5:21:54 AM,1.0016274E+1,1.0399431E+0,3.8345413E+3,0.0000000E+0
11235941,29/9/2021,5:21:54 AM,9.6189909E+0,2.0766838E+0,3.8363269E+3,0.0000000E+0
11235942,29/9/2021,5:21:54 AM,8.8954620E+0,3.8011162E+0,3.8363269E+3,0.0000000E+0
11235943,29/9/2021,5:21:54 AM,6.7327676E+0,4.7081642E+0,3.8363269E+3,0.0000000E+0
11235944,29/9/2021,5:21:54 AM,4.8716969E+0,3.8355403E+0,3.8381123E+3,0.0000000E+0
11235945,29/9/2021,5:21:54 AM,2.8323820E+0,9.4867778E-1,3.8327556E+3,0.0000000E+0
11235946,29/9/2021,5:21:55 AM,4.0794033E-1,-1.1838448E+0,3.8345413E+3,0.0000000E+0
11235947,29/9/2021,5:21:55 AM,-1.4626218E+0,-2.3632886E+0,3.8336484E+3,0.0000000E+0
11235948,29/9/2021,5:21:55 AM,-3.6856620E+0,-3.8723669E+0,3.8327556E+3,0.0000000E+0
11235949,29/9/2021,5:21:55 AM,-6.0986929E+0,-5.0083785E+0,3.8336484E+3,0.0000000E+0
11235950,29/9/2021,5:21:55 AM,-8.1403608E+0,-6.6331301E+0,3.8327556E+3,0.0000000E+0
11235951,29/9/2021,5:21:55 AM,-1.1444916E+1,-9.1587706E+0,3.8318628E+3,0.0000000E+0
11235952,29/9/2021,5:21:55 AM,-1.5741364E+1,-1.1955585E+1,3.8309702E+3,0.0000000E+0
11235953,29/9/2021,5:21:55 AM,-1.8638111E+1,-1.4311078E+1,3.8309702E+3,0.0000000E+0
11235954,29/9/2021,5:21:55 AM,-2.1863327E+1,-1.6701132E+1,3.8309702E+3,0.0000000E+0
11235955,29/9/2021,5:21:55 AM,-2.4709284E+1,-2.0721607E+1,3.8291846E+3,0.0000000E+0
11235956,29/9/2021,5:21:56 AM,-2.7688231E+1,-2.4376781E+1,3.8282915E+3,0.0000000E+0
11235957,29/9/2021,5:21:56 AM,-3.1731083E+1,-2.7225666E+1,3.8256133E+3,0.0000000E+0
11235958,29/9/2021,5:21:56 AM,-3.5906925E+1,-2.8005079E+1,3.8273987E+3,0.0000000E+0
11235959,29/9/2021,5:21:56 AM,-3.8034744E+1,-3.0370190E+1,3.8273987E+3,0.0000000E+0
11235960,29/9/2021,5:21:56 AM,-3.9736996E+1,-3.2412788E+1,3.8247205E+3,0.0000000E+0
11235961,29/9/2021,5:21:56 AM,-4.2875530E+1,-3.3272827E+1,3.8256133E+3,0.0000000E+0
11235962,29/9/2021,5:21:56 AM,-4.5694889E+1,-3.4670395E+1,3.8229348E+3,0.0000000E+0
11235963,29/9/2021,5:21:56 AM,-4.6944981E+1,-3.4992908E+1,3.8238276E+3,0.0000000E+0
11235964,29/9/2021,5:21:56 AM,-4.7929096E+1,-3.3837231E+1,3.8256133E+3,0.0000000E+0
11235965,29/9/2021,5:21:56 AM,-4.7077969E+1,-3.4052242E+1,3.8256133E+3,0.0000000E+0
11235966,29/9/2021,5:21:57 AM,-4.5561897E+1,-3.4697269E+1,3.8256133E+3,0.0000000E+0
11235967,29/9/2021,5:21:57 AM,-4.4311806E+1,-3.5906704E+1,3.8229348E+3,0.0000000E+0
11235968,29/9/2021,5:21:57 AM,-4.1226471E+1,-3.5503559E+1,3.8273987E+3,0.0000000E+0
11235969,29/9/2021,5:21:57 AM,-3.7768764E+1,-3.4401630E+1,3.8273987E+3,0.0000000E+0
11235970,29/9/2021,5:21:57 AM,-3.3087566E+1,-3.4294128E+1,3.8273987E+3,0.0000000E+0
11235971,29/9/2021,5:21:57 AM,-3.0241611E+1,-3.3810352E+1,3.8273987E+3,0.0000000E+0
11235972,29/9/2021,5:21:57 AM,-2.7954206E+1,-3.4052242E+1,3.8256133E+3,0.0000000E+0
11235973,29/9/2021,5:21:57 AM,-2.5161448E+1,-3.2950314E+1,3.8291846E+3,0.0000000E+0
11235974,29/9/2021,5:21:57 AM,-2.2953835E+1,-3.1525871E+1,3.8291846E+3,0.0000000E+0
11235975,29/9/2021,5:21:57 AM,-2.2847445E+1,-3.0262686E+1,3.8282915E+3,0.0000000E+0
11235976,29/9/2021,5:21:58 AM,-2.2581467E+1,-3.0450821E+1,3.8265059E+3,0.0000000E+0
11235977,29/9/2021,5:21:58 AM,-2.1464363E+1,-3.0128305E+1,3.8273987E+3,0.0000000E+0
11235978,29/9/2021,5:21:58 AM,-2.0560040E+1,-2.8139462E+1,3.8273987E+3,0.0000000E+0
11235979,29/9/2021,5:21:58 AM,-1.8861746E+1,-2.5989359E+1,3.8300774E+3,0.0000000E+0
11235980,29/9/2021,5:21:58 AM,-1.6943737E+1,-2.4108019E+1,3.8291846E+3,0.0000000E+0
11235981,29/9/2021,5:21:58 AM,-1.5338819E+1,-2.3462988E+1,3.8282915E+3,0.0000000E+0
11235982,29/9/2021,5:21:58 AM,-1.1423868E+1,-2.3032967E+1,3.8291846E+3,0.0000000E+0
11235983,29/9/2021,5:21:58 AM,-7.4878693E+0,-2.1044125E+1,3.8309702E+3,0.0000000E+0
11235984,29/9/2021,5:21:58 AM,-3.9249287E+0,-1.8703033E+1,3.8327556E+3,0.0000000E+0
11235985,29/9/2021,5:21:58 AM,1.0739438E-1,-1.8256395E+1,3.8327556E+3,0.0000000E+0
11235986,29/9/2021,5:21:59 AM,4.1744952E+0,-1.8027758E+1,3.8318628E+3,0.0000000E+0
11235987,29/9/2021,5:21:59 AM,7.3194842E+0,-1.7395018E+1,3.8309702E+3,0.0000000E+0
11235988,29/9/2021,5:21:59 AM,8.6613016E+0,-1.5603142E+1,3.8327556E+3,0.0000000E+0
11235989,29/9/2021,5:21:59 AM,9.6531944E+0,-1.3564020E+1,3.8354341E+3,0.0000000E+0
11235990,29/9/2021,5:21:59 AM,8.9664993E+0,-1.1381334E+1,3.8345413E+3,0.0000000E+0
11235991,29/9/2021,5:21:59 AM,5.7592921E+0,-1.0355127E+1,3.8327556E+3,0.0000000E+0
11235992,29/9/2021,5:21:59 AM,2.8799186E+0,-9.1454782E+0,3.8327556E+3,0.0000000E+0
11235993,29/9/2021,5:21:59 AM,-5.8657914E-1,-8.0767336E+0,3.8309702E+3,0.0000000E+0
11235994,29/9/2021,5:21:59 AM,-4.6054926E+0,-5.7026310E+0,3.8327556E+3,0.0000000E+0
11235995,29/9/2021,5:21:59 AM,-9.2690659E+0,-3.0517805E+0,3.8345413E+3,0.0000000E+0
11235996,29/9/2021,5:22:00 AM,-1.3281364E+1,-2.8180134E+0,3.8327556E+3,0.0000000E+0
11235997,29/9/2021,5:22:00 AM,-1.4907331E+1,-3.9300079E+0,3.8318628E+3,0.0000000E+0
11235998,29/9/2021,5:22:00 AM,-1.4931011E+1,-4.4095507E+0,3.8309702E+3,0.0000000E+0
11235999,29/9/2021,5:22:00 AM,-1.5512465E+1,-3.9444182E+0,3.8309702E+3,0.0000000E+0
11236000,29/9/2021,5:22:00 AM,-1.3781258E+1,-5.5783858E+0,3.8318628E+3,0.0000000E+0
11236001,29/9/2021,5:22:00 AM,-1.1786947E+1,-8.4675426E+0,3.8309702E+3,0.0000000E+0
11236002,29/9/2021,5:22:00 AM,-9.8057928E+0,-1.1104843E+1,3.8291846E+3,0.0000000E+0
11236003,29/9/2021,5:22:00 AM,-7.2142434E+0,-1.2218783E+1,3.8318628E+3,0.0000000E+0
11236004,29/9/2021,5:22:00 AM,-5.9276767E+0,-1.3516166E+1,3.8309702E+3,0.0000000E+0
11236005,29/9/2021,5:22:00 AM,-6.2118268E+0,-1.3925586E+1,3.8300774E+3,0.0000000E+0
11236006,29/9/2021,5:22:01 AM,-7.3221145E+0,-1.2561739E+1,3.8327556E+3,0.0000000E+0
11236007,29/9/2021,5:22:01 AM,-1.0045216E+1,-1.0565153E+1,3.8309702E+3,0.0000000E+0
11236008,29/9/2021,5:22:01 AM,-1.3102455E+1,-9.3289194E+0,3.8318628E+3,0.0000000E+0
11236009,29/9/2021,5:22:01 AM,-1.5741364E+1,-8.0474892E+0,3.8318628E+3,0.0000000E+0
11236010,29/9/2021,5:22:01 AM,-2.0719625E+1,-5.2597580E+0,3.8327556E+3,0.0000000E+0
11236011,29/9/2021,5:22:01 AM,-2.5374228E+1,-4.1853909E+0,3.8309702E+3,0.0000000E+0
11236012,29/9/2021,5:22:01 AM,-2.7129679E+1,-4.1285501E+0,3.8327556E+3,0.0000000E+0
11236013,29/9/2021,5:22:01 AM,-2.8060596E+1,-4.4856052E+0,3.8318628E+3,0.0000000E+0
11236014,29/9/2021,5:22:01 AM,-2.8087194E+1,-7.0850868E+0,3.8300774E+3,0.0000000E+0
11236015,29/9/2021,5:22:01 AM,-2.7315861E+1,-9.9829273E+0,3.8309702E+3,0.0000000E+0
11236016,29/9/2021,5:22:02 AM,-2.5267838E+1,-1.2848865E+1,3.8291846E+3,0.0000000E+0
11236017,29/9/2021,5:22:02 AM,-2.2953835E+1,-1.6166758E+1,3.8309702E+3,0.0000000E+0
11236018,29/9/2021,5:22:02 AM,-1.9637897E+1,-1.9819633E+1,3.8309702E+3,0.0000000E+0
11236019,29/9/2021,5:22:02 AM,-1.7625170E+1,-2.4108019E+1,3.8273987E+3,0.0000000E+0
11236020,29/9/2021,5:22:02 AM,-1.6459631E+1,-2.6043110E+1,3.8291846E+3,0.0000000E+0
11236021,29/9/2021,5:22:02 AM,-1.7517298E+1,-2.6983782E+1,3.8291846E+3,0.0000000E+0
11236022,29/9/2021,5:22:02 AM,-1.9729982E+1,-2.9133883E+1,3.8291846E+3,0.0000000E+0
11236023,29/9/2021,5:22:02 AM,-2.1411167E+1,-3.0665829E+1,3.8291846E+3,0.0000000E+0
11236024,29/9/2021,5:22:02 AM,-2.4922066E+1,-3.1095850E+1,3.8291846E+3,0.0000000E+0
11236025,29/9/2021,5:22:02 AM,-2.8539356E+1,-3.2681549E+1,3.8273987E+3,0.0000000E+0
11236026,29/9/2021,5:22:03 AM,-3.1252325E+1,-3.4455387E+1,3.8273987E+3,0.0000000E+0
11236027,29/9/2021,5:22:03 AM,-3.2874783E+1,-3.5584187E+1,3.8282915E+3,0.0000000E+0
11236028,29/9/2021,5:22:03 AM,-3.3991890E+1,-3.8029930E+1,3.8247205E+3,0.0000000E+0
11236029,29/9/2021,5:22:03 AM,-3.2715202E+1,-4.2652649E+1,3.8256133E+3,0.0000000E+0
11236030,29/9/2021,5:22:03 AM,-3.0108624E+1,-4.6845348E+1,3.8229348E+3,0.0000000E+0
11236031,29/9/2021,5:22:03 AM,-2.7714828E+1,-4.9694233E+1,3.8238276E+3,0.0000000E+0
11236032,29/9/2021,5:22:03 AM,-2.4789078E+1,-5.1709957E+1,3.8247205E+3,0.0000000E+0
11236033,29/9/2021,5:22:03 AM,-2.0959005E+1,-5.4397579E+1,3.8238276E+3,0.0000000E+0
11236034,29/9/2021,5:22:03 AM,-1.7343653E+1,-5.5848900E+1,3.8220420E+3,0.0000000E+0
11236035,29/9/2021,5:22:03 AM,-1.4194325E+1,-5.5311375E+1,3.8238276E+3,0.0000000E+0
11236036,29/9/2021,5:22:04 AM,-1.2870926E+1,-5.3322529E+1,3.8238276E+3,0.0000000E+0
11236037,29/9/2021,5:22:04 AM,-1.1415975E+1,-5.0124252E+1,3.8256133E+3,0.0000000E+0
11236038,29/9/2021,5:22:04 AM,-1.0747697E+1,-4.5555286E+1,3.8273987E+3,0.0000000E+0
11236039,29/9/2021,5:22:04 AM,-1.1894819E+1,-4.1523846E+1,3.8256133E+3,0.0000000E+0
11236040,29/9/2021,5:22:04 AM,-1.4078563E+1,-3.7062386E+1,3.8256133E+3,0.0000000E+0
11236041,29/9/2021,5:22:04 AM,-1.3704957E+1,-3.1418365E+1,3.8291846E+3,0.0000000E+0
11236042,29/9/2021,5:22:04 AM,-1.4049621E+1,-2.5156195E+1,3.8300774E+3,0.0000000E+0
11236043,29/9/2021,5:22:04 AM,-1.5325663E+1,-1.9402237E+1,3.8291846E+3,0.0000000E+0
11236044,29/9/2021,5:22:04 AM,-1.6086027E+1,-1.4236638E+1,3.8309702E+3,0.0000000E+0
11236045,29/9/2021,5:22:04 AM,-1.6554348E+1,-8.7493515E+0,3.8309702E+3,0.0000000E+0
11236046,29/9/2021,5:22:05 AM,-1.6378069E+1,-3.4472630E+0,3.8318628E+3,0.0000000E+0
11236047,29/9/2021,5:22:05 AM,-1.4667909E+1,1.3705792E+0,3.8336484E+3,0.0000000E+0
11236048,29/9/2021,5:22:05 AM,-1.2884082E+1,5.7930222E+0,3.8354341E+3,0.0000000E+0
11236049,29/9/2021,5:22:05 AM,-1.1729066E+1,9.5416040E+0,3.8354341E+3,0.0000000E+0
11236050,29/9/2021,5:22:05 AM,-1.0721387E+1,1.2359688E+1,3.8363269E+3,0.0000000E+0
11236051,29/9/2021,5:22:05 AM,-9.7531729E+0,1.5252211E+1,3.8363269E+3,0.0000000E+0
11236052,29/9/2021,5:22:05 AM,-9.5058575E+0,1.7421604E+1,3.8381123E+3,0.0000000E+0
11236053,29/9/2021,5:22:05 AM,-8.0219650E+0,1.9274626E+1,3.8390051E+3,0.0000000E+0
11236054,29/9/2021,5:22:05 AM,-9.0191202E+0,2.0963495E+1,3.8390051E+3,0.0000000E+0
11236055,29/9/2021,5:22:05 AM,-1.1371247E+1,2.0114735E+1,3.8363269E+3,0.0000000E+0
11236056,29/9/2021,5:22:06 AM,-1.2878819E+1,1.7724680E+1,3.8363269E+3,0.0000000E+0
11236057,29/9/2021,5:22:06 AM,-1.4444272E+1,1.4087758E+1,3.8345413E+3,0.0000000E+0
11236058,29/9/2021,5:22:06 AM,-1.5691374E+1,1.0799108E+1,3.8327556E+3,0.0000000E+0
11236059,29/9/2021,5:22:06 AM,-1.6954262E+1,8.1192703E+0,3.8381123E+3,0.0000000E+0
11236060,29/9/2021,5:22:06 AM,-2.0480247E+1,4.4039469E+0,3.8309702E+3,0.0000000E+0
11236061,29/9/2021,5:22:06 AM,-2.2262295E+1,-1.0238658E-1,3.8291846E+3,0.0000000E+0
11236062,29/9/2021,5:22:06 AM,-2.2847445E+1,-2.6162694E+0,3.8309702E+3,0.0000000E+0
11236063,29/9/2021,5:22:06 AM,-2.3166616E+1,-5.8594861E+0,3.8318628E+3,0.0000000E+0
11236064,29/9/2021,5:22:06 AM,-2.2581467E+1,-9.8765841E+0,3.8309702E+3,0.0000000E+0
11236065,29/9/2021,5:22:06 AM,-2.3060226E+1,-1.4316396E+1,3.8291846E+3,0.0000000E+0
11236066,29/9/2021,5:22:07 AM,-2.2634663E+1,-1.8724302E+1,3.8291846E+3,0.0000000E+0
11236067,29/9/2021,5:22:07 AM,-2.0347260E+1,-2.3006092E+1,3.8291846E+3,0.0000000E+0
11236068,29/9/2021,5:22:07 AM,-1.8488144E+1,-2.6500008E+1,3.8309702E+3,0.0000000E+0
11236069,29/9/2021,5:22:07 AM,-1.7143694E+1,-2.8569481E+1,3.8309702E+3,0.0000000E+0
11236070,29/9/2021,5:22:07 AM,-1.7438368E+1,-3.2923439E+1,3.8273987E+3,0.0000000E+0
11236071,29/9/2021,5:22:07 AM,-1.7359438E+1,-3.7169888E+1,3.8273987E+3,0.0000000E+0
11236072,29/9/2021,5:22:07 AM,-1.7212101E+1,-3.9508125E+1,3.8256133E+3,0.0000000E+0
11236073,29/9/2021,5:22:07 AM,-1.7551500E+1,-4.1335712E+1,3.8282915E+3,0.0000000E+0
11236074,29/9/2021,5:22:07 AM,-1.7727779E+1,-4.4641491E+1,3.8273987E+3,0.0000000E+0
11236075,29/9/2021,5:22:07 AM,-1.8180315E+1,-4.8269791E+1,3.8247205E+3,0.0000000E+0
11236076,29/9/2021,5:22:08 AM,-2.0586637E+1,-5.0500523E+1,3.8229348E+3,0.0000000E+0
11236077,29/9/2021,5:22:08 AM,-2.0985603E+1,-5.3000015E+1,3.8220420E+3,0.0000000E+0
11236078,29/9/2021,5:22:08 AM,-2.0006239E+1,-5.4666344E+1,3.8229348E+3,0.0000000E+0
11236079,29/9/2021,5:22:08 AM,-1.9516869E+1,-5.4908226E+1,3.8238276E+3,0.0000000E+0
11236080,29/9/2021,5:22:08 AM,-1.9103802E+1,-5.4397579E+1,3.8247205E+3,0.0000000E+0
11236081,29/9/2021,5:22:08 AM,-1.8175053E+1,-5.3268776E+1,3.8229348E+3,0.0000000E+0
11236082,29/9/2021,5:22:08 AM,-1.7404165E+1,-5.0688656E+1,3.8256133E+3,0.0000000E+0
11236083,29/9/2021,5:22:08 AM,-1.7014774E+1,-4.8565430E+1,3.8247205E+3,0.0000000E+0
11236084,29/9/2021,5:22:08 AM,-1.4549514E+1,-4.6495956E+1,3.8256133E+3,0.0000000E+0
11236085,29/9/2021,5:22:08 AM,-1.1831675E+1,-4.2679527E+1,3.8291846E+3,0.0000000E+0
11236086,29/9/2021,5:22:09 AM,-1.1621194E+1,-4.0099403E+1,3.8273987E+3,0.0000000E+0
11236087,29/9/2021,5:22:09 AM,-1.1444916E+1,-3.8110561E+1,3.8265059E+3,0.0000000E+0
11236088,29/9/2021,5:22:09 AM,-1.0174135E+1,-3.5584187E+1,3.8291846E+3,0.0000000E+0
11236089,29/9/2021,5:22:09 AM,-9.3269491E+0,-3.2036522E+1,3.8273987E+3,0.0000000E+0
11236090,29/9/2021,5:22:09 AM,-8.5771093E+0,-2.7628811E+1,3.8300774E+3,0.0000000E+0
11236091,29/9/2021,5:22:09 AM,-8.3297939E+0,-2.3543617E+1,3.8291846E+3,0.0000000E+0
11236092,29/9/2021,5:22:09 AM,-9.0217514E+0,-2.0037636E+1,3.8282915E+3,0.0000000E+0
11236093,29/9/2021,5:22:09 AM,-9.2190771E+0,-1.5276137E+1,3.8309702E+3,0.0000000E+0
11236094,29/9/2021,5:22:09 AM,-9.1690874E+0,-9.9722929E+0,3.8300774E+3,0.0000000E+0
11236095,29/9/2021,5:22:09 AM,-8.6902428E+0,-4.1765842E+0,3.8327556E+3,0.0000000E+0
11236096,29/9/2021,5:22:10 AM,-8.2508631E+0,9.7747183E-1,3.8327556E+3,0.0000000E+0
11236097,29/9/2021,5:22:10 AM,-7.7141366E+0,5.9419022E+0,3.8345413E+3,0.0000000E+0
11236098,29/9/2021,5:22:10 AM,-7.3905210E+0,9.7835340E+0,3.8345413E+3,0.0000000E+0
11236099,29/9/2021,5:22:10 AM,-6.0013452E+0,1.3816585E+1,3.8363269E+3,0.0000000E+0
11236100,29/9/2021,5:22:10 AM,-4.2830372E+0,1.7799120E+1,3.8390051E+3,0.0000000E+0
11236101,29/9/2021,5:22:10 AM,-3.3362689E+0,2.1742907E+1,3.8398979E+3,0.0000000E+0
11236102,29/9/2021,5:22:10 AM,-5.0768962E+0,2.4833677E+1,3.8398979E+3,0.0000000E+0
11236103,29/9/2021,5:22:10 AM,-7.4431419E+0,2.4806803E+1,3.8381123E+3,0.0000000E+0
11236104,29/9/2021,5:22:10 AM,-9.8978786E+0,2.3839256E+1,3.8381123E+3,0.0000000E+0
11236105,29/9/2021,5:22:10 AM,-1.1405450E+1,2.3221102E+1,3.8398979E+3,0.0000000E+0
11236106,29/9/2021,5:22:11 AM,-1.4120659E+1,2.1097876E+1,3.8390051E+3,0.0000000E+0
11236107,29/9/2021,5:22:11 AM,-1.8067181E+1,1.6820768E+1,3.8327556E+3,0.0000000E+0
11236108,29/9/2021,5:22:11 AM,-2.2767651E+1,1.4404128E+1,3.8354341E+3,0.0000000E+0
11236109,29/9/2021,5:22:11 AM,-2.6225355E+1,1.1285625E+1,3.8327556E+3,0.0000000E+0
11236110,29/9/2021,5:22:11 AM,-2.8299978E+1,6.3592978E+0,3.8309702E+3,0.0000000E+0
11236111,29/9/2021,5:22:11 AM,-3.1066139E+1,2.5185995E+0,3.8345413E+3,0.0000000E+0
11236112,29/9/2021,5:22:11 AM,-3.3513130E+1,-3.0653901E+0,3.8291846E+3,0.0000000E+0
11236113,29/9/2021,5:22:11 AM,-3.5640949E+1,-8.6855450E+0,3.8291846E+3,0.0000000E+0
11236114,29/9/2021,5:22:11 AM,-3.6252697E+1,-1.3282211E+1,3.8291846E+3,0.0000000E+0
11236115,29/9/2021,5:22:11 AM,-3.6252697E+1,-1.8639229E+1,3.8291846E+3,0.0000000E+0
11236116,29/9/2021,5:22:12 AM,-3.5667545E+1,-2.3409235E+1,3.8291846E+3,0.0000000E+0
11236117,29/9/2021,5:22:12 AM,-3.4710030E+1,-2.8972626E+1,3.8256133E+3,0.0000000E+0
11236118,29/9/2021,5:22:12 AM,-3.5321774E+1,-3.4966034E+1,3.8256133E+3,0.0000000E+0
11236119,29/9/2021,5:22:12 AM,-3.5747337E+1,-3.9508125E+1,3.8256133E+3,0.0000000E+0
11236120,29/9/2021,5:22:12 AM,-3.6093109E+1,-4.3673946E+1,3.8256133E+3,0.0000000E+0
11236121,29/9/2021,5:22:12 AM,-3.4444050E+1,-4.7678513E+1,3.8256133E+3,0.0000000E+0
11236122,29/9/2021,5:22:12 AM,-3.5241982E+1,-5.1817459E+1,3.8238276E+3,0.0000000E+0
11236123,29/9/2021,5:22:12 AM,-3.4337658E+1,-5.7622734E+1,3.8211492E+3,0.0000000E+0
11236124,29/9/2021,5:22:12 AM,-3.2023659E+1,-6.2111069E+1,3.8202566E+3,0.0000000E+0
11236125,29/9/2021,5:22:12 AM,-2.9603264E+1,-6.4718071E+1,3.8220420E+3,0.0000000E+0
11236126,29/9/2021,5:22:13 AM,-2.6597721E+1,-6.6948807E+1,3.8220420E+3,0.0000000E+0
11236127,29/9/2021,5:22:13 AM,-2.2714455E+1,-7.0147079E+1,3.8211492E+3,0.0000000E+0
11236128,29/9/2021,5:22:13 AM,-1.8693363E+1,-7.2189674E+1,3.8193638E+3,0.0000000E+0
11236129,29/9/2021,5:22:13 AM,-1.5572978E+1,-7.3184097E+1,3.8175781E+3,0.0000000E+0
11236130,29/9/2021,5:22:13 AM,-1.2518370E+1,-7.1302757E+1,3.8220420E+3,0.0000000E+0
11236131,29/9/2021,5:22:13 AM,-7.2273984E+0,-6.7674461E+1,3.8273987E+3,0.0000000E+0
11236132,29/9/2021,5:22:13 AM,-4.0073252E+0,-6.5873749E+1,3.8220420E+3,0.0000000E+0
11236133,29/9/2021,5:22:13 AM,-2.8498120E+0,-6.3159248E+1,3.8220420E+3,0.0000000E+0
11236134,29/9/2021,5:22:13 AM,-2.1011126E+0,-5.7568981E+1,3.8247205E+3,0.0000000E+0
11236135,29/9/2021,5:22:13 AM,-8.9293015E-1,-5.0742409E+1,3.8256133E+3,0.0000000E+0
11236136,29/9/2021,5:22:14 AM,2.4803614E-2,-4.2410763E+1,3.8309702E+3,0.0000000E+0
11236137,29/9/2021,5:22:14 AM,-6.8816847E-1,-3.6094837E+1,3.8273987E+3,0.0000000E+0
11236138,29/9/2021,5:22:14 AM,-2.2793744E+0,-2.9913294E+1,3.8273987E+3,0.0000000E+0
11236139,29/9/2021,5:22:14 AM,-4.2093554E+0,-2.1554773E+1,3.8309702E+3,0.0000000E+0
11236140,29/9/2021,5:22:14 AM,-6.5827999E+0,-1.1391969E+1,3.8318628E+3,0.0000000E+0
11236141,29/9/2021,5:22:14 AM,-8.3982000E+0,-1.6651899E+0,3.8363269E+3,0.0000000E+0
11236142,29/9/2021,5:22:14 AM,-8.8849382E+0,4.5704656E+0,3.8345413E+3,0.0000000E+0
11236143,29/9/2021,5:22:14 AM,-8.7428627E+0,9.6187038E+0,3.8345413E+3,0.0000000E+0
11236144,29/9/2021,5:22:14 AM,-1.0029429E+1,1.6110929E+1,3.8354341E+3,0.0000000E+0
11236145,29/9/2021,5:22:14 AM,-1.1565943E+1,2.2253555E+1,3.8363269E+3,0.0000000E+0
11236146,29/9/2021,5:22:15 AM,-1.2068466E+1,2.8220089E+1,3.8416836E+3,0.0000000E+0
11236147,29/9/2021,5:22:15 AM,-1.0987119E+1,3.1445242E+1,3.8390051E+3,0.0000000E+0
11236148,29/9/2021,5:22:15 AM,-1.0979226E+1,3.3595345E+1,3.8398979E+3,0.0000000E+0
11236149,29/9/2021,5:22:15 AM,-1.0879248E+1,3.4509140E+1,3.8390051E+3,0.0000000E+0
11236150,29/9/2021,5:22:15 AM,-1.1589622E+1,3.5261673E+1,3.8390051E+3,0.0000000E+0
11236151,29/9/2021,5:22:15 AM,-1.2689385E+1,3.5449806E+1,3.8416836E+3,0.0000000E+0
11236152,29/9/2021,5:22:15 AM,-1.2989322E+1,3.3030945E+1,3.8398979E+3,0.0000000E+0
11236153,29/9/2021,5:22:15 AM,-1.4625813E+1,2.8811367E+1,3.8381123E+3,0.0000000E+0
11236154,29/9/2021,5:22:15 AM,-1.5041513E+1,2.3597368E+1,3.8336484E+3,0.0000000E+0
11236155,29/9/2021,5:22:15 AM,-1.5570347E+1,1.9870146E+1,3.8363269E+3,0.0000000E+0
11236156,29/9/2021,5:22:16 AM,-1.6877962E+1,1.5892926E+1,3.8345413E+3,0.0000000E+0
11236157,29/9/2021,5:22:16 AM,-1.7483095E+1,1.1572751E+1,3.8345413E+3,0.0000000E+0
11236158,29/9/2021,5:22:16 AM,-1.6888487E+1,7.1728191E+0,3.8345413E+3,0.0000000E+0
11236159,29/9/2021,5:22:16 AM,-1.6057085E+1,1.5555115E+0,3.8309702E+3,0.0000000E+0
11236160,29/9/2021,5:22:16 AM,-1.6007095E+1,-3.4248471E+0,3.8318628E+3,0.0000000E+0
11236161,29/9/2021,5:22:16 AM,-1.6007095E+1,-7.9650736E+0,3.8309702E+3,0.0000000E+0
11236162,29/9/2021,5:22:16 AM,-1.4846817E+1,-1.2147003E+1,3.8327556E+3,0.0000000E+0
11236163,29/9/2021,5:22:16 AM,-1.3526049E+1,-1.6794182E+1,3.8318628E+3,0.0000000E+0
11236164,29/9/2021,5:22:16 AM,-1.1765900E+1,-2.2898586E+1,3.8291846E+3,0.0000000E+0
11236165,29/9/2021,5:22:16 AM,-1.1047632E+1,-2.8408224E+1,3.8291846E+3,0.0000000E+0
11236166,29/9/2021,5:22:17 AM,-1.2818305E+1,-3.2224651E+1,3.8291846E+3,0.0000000E+0
11236167,29/9/2021,5:22:17 AM,-1.4228530E+1,-3.5960457E+1,3.8291846E+3,0.0000000E+0
11236168,29/9/2021,5:22:17 AM,-1.4146969E+1,-4.0502548E+1,3.8291846E+3,0.0000000E+0
11236169,29/9/2021,5:22:17 AM,-1.6064978E+1,-4.6092812E+1,3.8273987E+3,0.0000000E+0
11236170,29/9/2021,5:22:17 AM,-1.7212101E+1,-5.2032467E+1,3.8238276E+3,0.0000000E+0
11236171,29/9/2021,5:22:17 AM,-1.7590967E+1,-5.7165840E+1,3.8238276E+3,0.0000000E+0
11236172,29/9/2021,5:22:17 AM,-2.0040442E+1,-6.0041603E+1,3.8220420E+3,0.0000000E+0
11236173,29/9/2021,5:22:17 AM,-2.1650545E+1,-6.3051743E+1,3.8220420E+3,0.0000000E+0
11236174,29/9/2021,5:22:17 AM,-2.1996317E+1,-6.6787544E+1,3.8211492E+3,0.0000000E+0
11236175,29/9/2021,5:22:17 AM,-2.2634663E+1,-7.0308334E+1,3.8175781E+3,0.0000000E+0
11236176,29/9/2021,5:22:18 AM,-2.3007030E+1,-7.1329636E+1,3.8184709E+3,0.0000000E+0
11236177,29/9/2021,5:22:18 AM,-2.3831560E+1,-7.0066452E+1,3.8202566E+3,0.0000000E+0
11236178,29/9/2021,5:22:18 AM,-2.4602894E+1,-6.6438148E+1,3.8211492E+3,0.0000000E+0
11236179,29/9/2021,5:22:18 AM,-2.3858156E+1,-6.1519798E+1,3.8256133E+3,0.0000000E+0
11236180,29/9/2021,5:22:18 AM,-2.2767651E+1,-5.7918373E+1,3.8229348E+3,0.0000000E+0
11236181,29/9/2021,5:22:18 AM,-2.1836731E+1,-5.4720097E+1,3.8238276E+3,0.0000000E+0
11236182,29/9/2021,5:22:18 AM,-2.1517557E+1,-4.9855492E+1,3.8256133E+3,0.0000000E+0
11236183,29/9/2021,5:22:18 AM,-2.1623949E+1,-4.3781452E+1,3.8282915E+3,0.0000000E+0
11236184,29/9/2021,5:22:18 AM,-1.9556335E+1,-3.9239365E+1,3.8309702E+3,0.0000000E+0
11236185,29/9/2021,5:22:18 AM,-2.0098326E+1,-3.6175468E+1,3.8273987E+3,0.0000000E+0
11236186,29/9/2021,5:22:19 AM,-2.1623949E+1,-3.3111572E+1,3.8256133E+3,0.0000000E+0
11236187,29/9/2021,5:22:19 AM,-2.3193214E+1,-2.8623232E+1,3.8265059E+3,0.0000000E+0
11236188,29/9/2021,5:22:19 AM,-2.3858156E+1,-2.3274855E+1,3.8291846E+3,0.0000000E+0
11236189,29/9/2021,5:22:19 AM,-2.5533813E+1,-1.7238161E+1,3.8300774E+3,0.0000000E+0
11236190,29/9/2021,5:22:19 AM,-2.7768023E+1,-1.2279931E+1,3.8300774E+3,0.0000000E+0
11236191,29/9/2021,5:22:19 AM,-2.9895840E+1,-7.6859231E+0,3.8291846E+3,0.0000000E+0
11236192,29/9/2021,5:22:19 AM,-3.1411911E+1,-3.5737536E+0,3.8273987E+3,0.0000000E+0
11236193,29/9/2021,5:22:19 AM,-3.2103451E+1,2.8956690E+0,3.8327556E+3,0.0000000E+0
11236194,29/9/2021,5:22:19 AM,-3.2582211E+1,9.3368950E+0,3.8345413E+3,0.0000000E+0
11236195,29/9/2021,5:22:19 AM,-3.3007774E+1,1.3837853E+1,3.8354341E+3,0.0000000E+0
11236196,29/9/2021,5:22:20 AM,-3.2555614E+1,1.6764936E+1,3.8327556E+3,0.0000000E+0
11236197,29/9/2021,5:22:20 AM,-3.0215014E+1,1.9354383E+1,3.8354341E+3,0.0000000E+0
11236198,29/9/2021,5:22:20 AM,-2.8592550E+1,2.3194225E+1,3.8381123E+3,0.0000000E+0
11236199,29/9/2021,5:22:20 AM,-2.6544527E+1,2.4968060E+1,3.8390051E+3,0.0000000E+0
11236200,29/9/2021,5:22:20 AM,-2.3219812E+1,2.4215525E+1,3.8390051E+3,0.0000000E+0
11236201,29/9/2021,5:22:20 AM,-2.0506844E+1,2.3516741E+1,3.8381123E+3,0.0000000E+0
11236202,29/9/2021,5:22:20 AM,-1.9345854E+1,1.9973829E+1,3.8363269E+3,0.0000000E+0
11236203,29/9/2021,5:22:20 AM,-1.5896593E+1,1.4818865E+1,3.8345413E+3,0.0000000E+0
11236204,29/9/2021,5:22:20 AM,-1.2271054E+1,1.0769864E+1,3.8336484E+3,0.0000000E+0
11236205,29/9/2021,5:22:20 AM,-1.1255483E+1,8.6164227E+0,3.8363269E+3,0.0000000E+0
11236206,29/9/2021,5:22:21 AM,-1.0271483E+1,3.9764411E+0,3.8327556E+3,0.0000000E+0
11236207,29/9/2021,5:22:21 AM,-7.8246388E+0,-1.5368651E+0,3.8309702E+3,0.0000000E+0
11236208,29/9/2021,5:22:21 AM,-6.1302652E+0,-6.0721722E+0,3.8291846E+3,0.0000000E+0
11236209,29/9/2021,5:22:21 AM,-2.9147787E+0,-8.9327927E+0,3.8327556E+3,0.0000000E+0
11236210,29/9/2021,5:22:21 AM,-1.0596949E+0,-1.2505909E+1,3.8291846E+3,0.0000000E+0
11236211,29/9/2021,5:22:21 AM,1.5473124E+0,-1.6459202E+1,3.8309702E+3,0.0000000E+0
11236212,29/9/2021,5:22:21 AM,5.7329817E+0,-1.9859510E+1,3.8318628E+3,0.0000000E+0
11236213,29/9/2021,5:22:21 AM,8.7033978E+0,-2.2764206E+1,3.8309702E+3,0.0000000E+0
11236214,29/9/2021,5:22:21 AM,1.2965642E+1,-2.6876274E+1,3.8327556E+3,0.0000000E+0
11236215,29/9/2021,5:22:21 AM,1.7540977E+1,-2.9402645E+1,3.8327556E+3,0.0000000E+0
11236216,29/9/2021,5:22:22 AM,1.9093277E+1,-3.2144024E+1,3.8336484E+3,0.0000000E+0
11236217,29/9/2021,5:22:22 AM,1.8938047E+1,-3.5611065E+1,3.8300774E+3,0.0000000E+0
11236218,29/9/2021,5:22:22 AM,1.7851437E+1,-3.8701836E+1,3.8327556E+3,0.0000000E+0
11236219,29/9/2021,5:22:22 AM,1.5244102E+1,-4.1604473E+1,3.8291846E+3,0.0000000E+0
11236220,29/9/2021,5:22:22 AM,1.1450177E+1,-4.3351433E+1,3.8291846E+3,0.0000000E+0
11236221,29/9/2021,5:22:22 AM,7.7667565E+0,-4.4775875E+1,3.8291846E+3,0.0000000E+0
11236222,29/9/2021,5:22:22 AM,1.3341906E+0,-4.6710968E+1,3.8247205E+3,0.0000000E+0
11236223,29/9/2021,5:22:22 AM,-5.4968019E+0,-4.7463505E+1,3.8256133E+3,0.0000000E+0
11236224,29/9/2021,5:22:22 AM,-1.1171290E+1,-4.7544132E+1,3.8238276E+3,0.0000000E+0
11236225,29/9/2021,5:22:22 AM,-1.7406796E+1,-4.6791595E+1,3.8238276E+3,0.0000000E+0
11236226,29/9/2021,5:22:23 AM,-2.3273008E+1,-4.5179016E+1,3.8238276E+3,0.0000000E+0
11236227,29/9/2021,5:22:23 AM,-2.8486160E+1,-4.2760155E+1,3.8238276E+3,0.0000000E+0
11236228,29/9/2021,5:22:23 AM,-3.3300346E+1,-4.0045650E+1,3.8247205E+3,0.0000000E+0
11236229,29/9/2021,5:22:23 AM,-3.7157017E+1,-3.6981754E+1,3.8256133E+3,0.0000000E+0
11236230,29/9/2021,5:22:23 AM,-4.0268955E+1,-3.4025364E+1,3.8238276E+3,0.0000000E+0
11236231,29/9/2021,5:22:23 AM,-4.2449966E+1,-3.0047674E+1,3.8273987E+3,0.0000000E+0
11236232,29/9/2021,5:22:23 AM,-4.5269325E+1,-2.5317450E+1,3.8282915E+3,0.0000000E+0
11236233,29/9/2021,5:22:23 AM,-4.6944981E+1,-2.2414814E+1,3.8273987E+3,0.0000000E+0
11236234,29/9/2021,5:22:23 AM,-4.8248272E+1,-1.9489969E+1,3.8273987E+3,0.0000000E+0
11236235,29/9/2021,5:22:23 AM,-4.8753628E+1,-1.5895584E+1,3.8309702E+3,0.0000000E+0
11236236,29/9/2021,5:22:24 AM,-4.9019604E+1,-1.3157258E+1,3.8291846E+3,0.0000000E+0
11236237,29/9/2021,5:22:24 AM,-4.8461052E+1,-1.1219162E+1,3.8309702E+3,0.0000000E+0
11236238,29/9/2021,5:22:24 AM,-4.9817535E+1,-9.1800394E+0,3.8291846E+3,0.0000000E+0
11236239,29/9/2021,5:22:24 AM,-4.9817535E+1,-9.8819008E+0,3.8273987E+3,0.0000000E+0
11236240,29/9/2021,5:22:24 AM,-4.7663120E+1,-1.0012172E+1,3.8291846E+3,0.0000000E+0
11236241,29/9/2021,5:22:24 AM,-4.3168102E+1,-1.1067623E+1,3.8291846E+3,0.0000000E+0
11236242,29/9/2021,5:22:24 AM,-4.0375343E+1,-1.1710998E+1,3.8282915E+3,0.0000000E+0
11236243,29/9/2021,5:22:24 AM,-3.6385685E+1,-1.3356652E+1,3.8273987E+3,0.0000000E+0
11236244,29/9/2021,5:22:24 AM,-3.3247154E+1,-1.3952171E+1,3.8273987E+3,0.0000000E+0
11236245,29/9/2021,5:22:24 AM,-2.7927608E+1,-1.3922927E+1,3.8291846E+3,0.0000000E+0
11236246,29/9/2021,5:22:25 AM,-2.2209099E+1,-1.4196759E+1,3.8291846E+3,0.0000000E+0
11236247,29/9/2021,5:22:25 AM,-1.6764828E+1,-1.4191442E+1,3.8309702E+3,0.0000000E+0
11236248,29/9/2021,5:22:25 AM,-1.2150027E+1,-1.3582630E+1,3.8318628E+3,0.0000000E+0
11236249,29/9/2021,5:22:25 AM,-7.6746707E+0,-1.3516166E+1,3.8309702E+3,0.0000000E+0
11236250,29/9/2021,5:22:25 AM,-3.6824927E+0,-1.1878487E+1,3.8327556E+3,0.0000000E+0
11236251,29/9/2021,5:22:25 AM,1.8927442E+0,-1.1168649E+1,3.8354341E+3,0.0000000E+0
11236252,29/9/2021,5:22:25 AM,5.9171529E+0,-1.2816961E+1,3.8345413E+3,0.0000000E+0
11236253,29/9/2021,5:22:25 AM,1.1329151E+1,-1.3845828E+1,3.8354341E+3,0.0000000E+0
11236254,29/9/2021,5:22:25 AM,1.3586561E+1,-1.5180430E+1,3.8345413E+3,0.0000000E+0
11236255,29/9/2021,5:22:25 AM,1.5070455E+1,-1.7706070E+1,3.8327556E+3,0.0000000E+0
11236256,29/9/2021,5:22:26 AM,1.7367331E+1,-1.9248041E+1,3.8345413E+3,0.0000000E+0
11236257,29/9/2021,5:22:26 AM,1.8417105E+1,-2.1447268E+1,3.8309702E+3,0.0000000E+0
11236258,29/9/2021,5:22:26 AM,1.7133169E+1,-2.3973637E+1,3.8318628E+3,0.0000000E+0
11236259,29/9/2021,5:22:26 AM,1.5928166E+1,-2.5559340E+1,3.8291846E+3,0.0000000E+0
11236260,29/9/2021,5:22:26 AM,1.1721172E+1,-2.5989359E+1,3.8291846E+3,0.0000000E+0
11236261,29/9/2021,5:22:26 AM,8.7086592E+0,-2.4994936E+1,3.8309702E+3,0.0000000E+0
11236262,29/9/2021,5:22:26 AM,5.2171292E+0,-2.3328608E+1,3.8309702E+3,0.0000000E+0
11236263,29/9/2021,5:22:26 AM,5.3459710E-1,-2.0318464E+1,3.8318628E+3,0.0000000E+0
11236264,29/9/2021,5:22:26 AM,-4.6585751E+0,-1.7905462E+1,3.8291846E+3,0.0000000E+0
11236265,29/9/2021,5:22:26 AM,-9.2901144E+0,-1.5302724E+1,3.8309702E+3,0.0000000E+0
11236266,29/9/2021,5:22:27 AM,-1.1921129E+1,-1.2973818E+1,3.8318628E+3,0.0000000E+0
11236267,29/9/2021,5:22:27 AM,-1.5094132E+1,-9.7330217E+0,3.8327556E+3,0.0000000E+0
11236268,29/9/2021,5:22:27 AM,-1.9151159E+1,-7.4386764E+0,3.8345413E+3,0.0000000E+0
11236269,29/9/2021,5:22:27 AM,-2.3086823E+1,-7.3615780E+0,3.8318628E+3,0.0000000E+0
11236270,29/9/2021,5:22:27 AM,-2.6916895E+1,-8.0634403E+0,3.8327556E+3,0.0000000E+0
11236271,29/9/2021,5:22:27 AM,-2.9949036E+1,-8.4489326E+0,3.8309702E+3,0.0000000E+0
11236272,29/9/2021,5:22:27 AM,-3.3380142E+1,-9.7941685E+0,3.8309702E+3,0.0000000E+0
11236273,29/9/2021,5:22:27 AM,-3.6412285E+1,-1.1490335E+1,3.8291846E+3,0.0000000E+0
11236274,29/9/2021,5:22:27 AM,-3.9790195E+1,-1.3627826E+1,3.8291846E+3,0.0000000E+0
11236275,29/9/2021,5:22:27 AM,-4.4178818E+1,-1.5350578E+1,3.8273987E+3,0.0000000E+0
11236276,29/9/2021,5:22:28 AM,-4.6679005E+1,-1.7057379E+1,3.8273987E+3,0.0000000E+0
11236277,29/9/2021,5:22:28 AM,-4.8567440E+1,-1.8732279E+1,3.8273987E+3,0.0000000E+0
11236278,29/9/2021,5:22:28 AM,-4.9099396E+1,-1.9787729E+1,3.8273987E+3,0.0000000E+0
11236279,29/9/2021,5:22:28 AM,-5.0455879E+1,-2.0802237E+1,3.8265059E+3,0.0000000E+0
11236280,29/9/2021,5:22:28 AM,-5.0322895E+1,-2.3704874E+1,3.8238276E+3,0.0000000E+0
11236281,29/9/2021,5:22:28 AM,-4.7769512E+1,-2.5209946E+1,3.8265059E+3,0.0000000E+0
11236282,29/9/2021,5:22:28 AM,-4.3779854E+1,-2.6338749E+1,3.8265059E+3,0.0000000E+0
11236283,29/9/2021,5:22:28 AM,-3.9125252E+1,-2.7091286E+1,3.8282915E+3,0.0000000E+0
11236284,29/9/2021,5:22:28 AM,-3.2635406E+1,-2.9644531E+1,3.8273987E+3,0.0000000E+0
11236285,29/9/2021,5:22:28 AM,-2.7528643E+1,-3.2466541E+1,3.8273987E+3,0.0000000E+0
11236286,29/9/2021,5:22:29 AM,-2.2900640E+1,-3.4912281E+1,3.8256133E+3,0.0000000E+0
11236287,29/9/2021,5:22:29 AM,-1.7151587E+1,-3.6229221E+1,3.8291846E+3,0.0000000E+0
11236288,29/9/2021,5:22:29 AM,-1.1568574E+1,-3.7895550E+1,3.8282915E+3,0.0000000E+0
11236289,29/9/2021,5:22:29 AM,-7.6404676E+0,-3.9131855E+1,3.8291846E+3,0.0000000E+0
11236290,29/9/2021,5:22:29 AM,-5.7329817E+0,-4.0233784E+1,3.8273987E+3,0.0000000E+0
11236291,29/9/2021,5:22:29 AM,-4.9525089E+0,-4.0502548E+1,3.8256133E+3,0.0000000E+0
11236292,29/9/2021,5:22:29 AM,-3.9811804E+0,-3.8003052E+1,3.8273987E+3,0.0000000E+0
11236293,29/9/2021,5:22:29 AM,-3.5834584E+0,-3.4240376E+1,3.8300774E+3,0.0000000E+0
11236294,29/9/2021,5:22:29 AM,-3.0169821E+0,-3.2197781E+1,3.8309702E+3,0.0000000E+0
11236295,29/9/2021,5:22:29 AM,-1.5958751E+0,-3.1821510E+1,3.8273987E+3,0.0000000E+0
11236296,29/9/2021,5:22:30 AM,-4.5833918E-1,-2.9778912E+1,3.8282915E+3,0.0000000E+0
11236297,29/9/2021,5:22:30 AM,9.0876222E-1,-2.5478708E+1,3.8309702E+3,0.0000000E+0
11236298,29/9/2021,5:22:30 AM,3.5826662E+0,-2.3113596E+1,3.8309702E+3,0.0000000E+0
11236299,29/9/2021,5:22:30 AM,7.5194411E+0,-2.0667856E+1,3.8318628E+3,0.0000000E+0
11236300,29/9/2021,5:22:30 AM,1.0731911E+1,-1.7554531E+1,3.8327556E+3,0.0000000E+0
11236301,29/9/2021,5:22:30 AM,1.1410712E+1,-1.5714802E+1,3.8318628E+3,0.0000000E+0
11236302,29/9/2021,5:22:30 AM,1.2513107E+1,-1.3021671E+1,3.8336484E+3,0.0000000E+0
11236303,29/9/2021,5:22:30 AM,1.4220636E+1,-1.0142442E+1,3.8327556E+3,0.0000000E+0
11236304,29/9/2021,5:22:30 AM,1.3010369E+1,-6.8697429E+0,3.8363269E+3,0.0000000E+0
11236305,29/9/2021,5:22:30 AM,1.0981857E+1,-4.2758551E+0,3.8354341E+3,0.0000000E+0
11236306,29/9/2021,5:22:31 AM,7.6641469E+0,-2.0774844E+0,3.8354341E+3,0.0000000E+0
11236307,29/9/2021,5:22:31 AM,2.2460988E+0,1.2825164E+0,3.8345413E+3,0.0000000E+0
11236308,29/9/2021,5:22:31 AM,-3.2800174E+0,3.7402725E+0,3.8363269E+3,0.0000000E+0
11236309,29/9/2021,5:22:31 AM,-8.4455585E+0,3.8171275E+0,3.8345413E+3,0.0000000E+0
11236310,29/9/2021,5:22:31 AM,-1.0989750E+1,3.8827741E+0,3.8363269E+3,0.0000000E+0
11236311,29/9/2021,5:22:31 AM,-1.5467738E+1,4.4767985E+0,3.8345413E+3,0.0000000E+0
11236312,29/9/2021,5:22:31 AM,-2.0746223E+1,2.9981422E+0,3.8309702E+3,0.0000000E+0
11236313,29/9/2021,5:22:31 AM,-2.2315489E+1,3.6635193E-1,3.8327556E+3,0.0000000E+0
11236314,29/9/2021,5:22:31 AM,-2.2927237E+1,-1.3704869E+0,3.8327556E+3,0.0000000E+0
11236315,29/9/2021,5:22:31 AM,-2.3060226E+1,-4.1085358E+0,3.8309702E+3,0.0000000E+0
11236316,29/9/2021,5:22:32 AM,-2.4469906E+1,-6.7501068E+0,3.8309702E+3,0.0000000E+0
11236317,29/9/2021,5:22:32 AM,-2.6225355E+1,-9.6346540E+0,3.8291846E+3,0.0000000E+0
11236318,29/9/2021,5:22:32 AM,-2.9656462E+1,-1.0416274E+1,3.8291846E+3,0.0000000E+0
11236319,29/9/2021,5:22:32 AM,-3.2768394E+1,-1.1298919E+1,3.8309702E+3,0.0000000E+0
11236320,29/9/2021,5:22:32 AM,-3.4843018E+1,-1.2168271E+1,3.8309702E+3,0.0000000E+0
11236321,29/9/2021,5:22:32 AM,-3.8008144E+1,-1.3223723E+1,3.8291846E+3,0.0000000E+0
11236322,29/9/2021,5:22:32 AM,-4.2024403E+1,-1.3888365E+1,3.8309702E+3,0.0000000E+0
11236323,29/9/2021,5:22:32 AM,-4.5056541E+1,-1.5850389E+1,3.8273987E+3,0.0000000E+0
11236324,29/9/2021,5:22:32 AM,-4.7317348E+1,-1.8753548E+1,3.8273987E+3,0.0000000E+0
11236325,29/9/2021,5:22:32 AM,-4.7290749E+1,-2.0640980E+1,3.8291846E+3,0.0000000E+0
11236326,29/9/2021,5:22:33 AM,-4.8328064E+1,-2.2629824E+1,3.8282915E+3,0.0000000E+0
11236327,29/9/2021,5:22:33 AM,-4.8913212E+1,-2.8005079E+1,3.8256133E+3,0.0000000E+0
11236328,29/9/2021,5:22:33 AM,-4.7237556E+1,-3.3299706E+1,3.8238276E+3,0.0000000E+0
11236329,29/9/2021,5:22:33 AM,-4.5189529E+1,-3.6766747E+1,3.8247205E+3,0.0000000E+0
11236330,29/9/2021,5:22:33 AM,-4.1758423E+1,-4.0556301E+1,3.8238276E+3,0.0000000E+0
11236331,29/9/2021,5:22:33 AM,-3.8034744E+1,-4.3808331E+1,3.8238276E+3,0.0000000E+0
11236332,29/9/2021,5:22:33 AM,-3.3832306E+1,-4.5635914E+1,3.8238276E+3,0.0000000E+0
11236333,29/9/2021,5:22:33 AM,-3.0108624E+1,-4.5689667E+1,3.8247205E+3,0.0000000E+0
11236334,29/9/2021,5:22:33 AM,-2.6996689E+1,-4.5877804E+1,3.8238276E+3,0.0000000E+0
11236335,29/9/2021,5:22:33 AM,-2.3858156E+1,-4.5985306E+1,3.8247205E+3,0.0000000E+0
11236336,29/9/2021,5:22:34 AM,-2.1544155E+1,-4.4883381E+1,3.8256133E+3,0.0000000E+0
11236337,29/9/2021,5:22:34 AM,-1.8459202E+1,-4.2975166E+1,3.8291846E+3,0.0000000E+0
11236338,29/9/2021,5:22:34 AM,-1.6575396E+1,-4.2061371E+1,3.8273987E+3,0.0000000E+0
11236339,29/9/2021,5:22:34 AM,-1.5980785E+1,-4.0448795E+1,3.8265059E+3,0.0000000E+0
11236340,29/9/2021,5:22:34 AM,-1.4778413E+1,-3.8164310E+1,3.8273987E+3,0.0000000E+0
11236341,29/9/2021,5:22:34 AM,-1.1465963E+1,-3.7169888E+1,3.8273987E+3,0.0000000E+0
11236342,29/9/2021,5:22:34 AM,-6.3723187E+0,-3.6067963E+1,3.8291846E+3,0.0000000E+0
11236343,29/9/2021,5:22:34 AM,-2.4013846E+0,-3.4159748E+1,3.8291846E+3,0.0000000E+0
11236344,29/9/2021,5:22:34 AM,6.5175462E-1,-3.3138447E+1,3.8282915E+3,0.0000000E+0
11236345,29/9/2021,5:22:34 AM,4.2069788E+0,-3.2224651E+1,3.8282915E+3,0.0000000E+0
11236346,29/9/2021,5:22:35 AM,8.4850235E+0,-3.0316441E+1,3.8291846E+3,0.0000000E+0
11236347,29/9/2021,5:22:35 AM,1.1202862E+1,-2.5263699E+1,3.8327556E+3,0.0000000E+0
11236348,29/9/2021,5:22:35 AM,1.3257685E+1,-2.2791082E+1,3.8318628E+3,0.0000000E+0
11236349,29/9/2021,5:22:35 AM,1.4344295E+1,-2.0040295E+1,3.8309702E+3,0.0000000E+0
11236350,29/9/2021,5:22:35 AM,1.3699695E+1,-1.5837096E+1,3.8327556E+3,0.0000000E+0
11236351,29/9/2021,5:22:35 AM,1.2452594E+1,-1.1378675E+1,3.8327556E+3,0.0000000E+0
11236352,29/9/2021,5:22:35 AM,1.1463332E+1,-6.1120505E+0,3.8363269E+3,0.0000000E+0
11236353,29/9/2021,5:22:35 AM,9.8715687E+0,-2.1527381E+0,3.8363269E+3,0.0000000E+0
11236354,29/9/2021,5:22:35 AM,7.0116553E+0,5.5726027E-1,3.8363269E+3,0.0000000E+0
11236355,29/9/2021,5:22:35 AM,4.4731832E+0,2.7243466E+0,3.8354341E+3,0.0000000E+0
11236356,29/9/2021,5:22:36 AM,1.4601623E+0,4.1173420E+0,3.8327556E+3,0.0000000E+0
11236357,29/9/2021,5:22:36 AM,-2.5146645E-1,6.2449789E+0,3.8363269E+3,0.0000000E+0
11236358,29/9/2021,5:22:36 AM,-3.4535253E+0,8.3612003E+0,3.8363269E+3,0.0000000E+0
11236359,29/9/2021,5:22:36 AM,-7.6194196E+0,7.6593380E+0,3.8327556E+3,0.0000000E+0
11236360,29/9/2021,5:22:36 AM,-9.0559540E+0,6.3779073E+0,3.8327556E+3,0.0000000E+0
11236361,29/9/2021,5:22:36 AM,-1.0182029E+1,7.1329412E+0,3.8354341E+3,0.0000000E+0
11236362,29/9/2021,5:22:36 AM,-1.3691803E+1,8.0076103E+0,3.8345413E+3,0.0000000E+0
11236363,29/9/2021,5:22:36 AM,-1.6851652E+1,6.9175973E+0,3.8327556E+3,0.0000000E+0
11236364,29/9/2021,5:22:36 AM,-1.8835438E+1,5.9046822E+0,3.8345413E+3,0.0000000E+0
11236365,29/9/2021,5:22:36 AM,-2.1224983E+1,4.0957265E+0,3.8318628E+3,0.0000000E+0
11236366,29/9/2021,5:22:37 AM,-2.4017744E+1,1.9742105E+0,3.8318628E+3,0.0000000E+0
11236367,29/9/2021,5:22:37 AM,-2.8113794E+1,1.4218159E+0,3.8327556E+3,0.0000000E+0
11236368,29/9/2021,5:22:37 AM,-3.1864073E+1,3.6101931E-1,3.8327556E+3,0.0000000E+0
11236369,29/9/2021,5:22:37 AM,-3.5188786E+1,-1.4254130E+0,3.8309702E+3,0.0000000E+0
11236370,29/9/2021,5:22:37 AM,-3.8673088E+1,-3.5833607E+0,3.8309702E+3,0.0000000E+0
11236371,29/9/2021,5:22:37 AM,-4.0827507E+1,-6.8165717E+0,3.8291846E+3,0.0000000E+0
11236372,29/9/2021,5:22:37 AM,-4.2104195E+1,-9.6240206E+0,3.8291846E+3,0.0000000E+0
11236373,29/9/2021,5:22:37 AM,-4.3194702E+1,-1.2968501E+1,3.8282915E+3,0.0000000E+0
11236374,29/9/2021,5:22:37 AM,-4.3620266E+1,-1.6982941E+1,3.8273987E+3,0.0000000E+0
11236375,29/9/2021,5:22:37 AM,-4.2024403E+1,-2.1527897E+1,3.8273987E+3,0.0000000E+0
11236376,29/9/2021,5:22:38 AM,-4.0082767E+1,-2.5505585E+1,3.8256133E+3,0.0000000E+0
11236377,29/9/2021,5:22:38 AM,-3.8912468E+1,-2.8757614E+1,3.8273987E+3,0.0000000E+0
11236378,29/9/2021,5:22:38 AM,-3.6704861E+1,-3.2305283E+1,3.8265059E+3,0.0000000E+0
11236379,29/9/2021,5:22:38 AM,-3.4364258E+1,-3.4885406E+1,3.8273987E+3,0.0000000E+0
11236380,29/9/2021,5:22:38 AM,-3.1970463E+1,-3.6981754E+1,3.8256133E+3,0.0000000E+0
11236381,29/9/2021,5:22:38 AM,-2.8725542E+1,-4.0663807E+1,3.8256133E+3,0.0000000E+0
11236382,29/9/2021,5:22:38 AM,-2.5214642E+1,-4.3754574E+1,3.8256133E+3,0.0000000E+0
11236383,29/9/2021,5:22:38 AM,-2.2980433E+1,-4.5474655E+1,3.8273987E+3,0.0000000E+0
11236384,29/9/2021,5:22:38 AM,-2.0693029E+1,-4.8081657E+1,3.8256133E+3,0.0000000E+0
11236385,29/9/2021,5:22:38 AM,-1.8417105E+1,-5.0366138E+1,3.8256133E+3,0.0000000E+0
11236386,29/9/2021,5:22:39 AM,-1.6388594E+1,-5.2677498E+1,3.8238276E+3,0.0000000E+0
11236387,29/9/2021,5:22:39 AM,-1.4449534E+1,-5.4720097E+1,3.8238276E+3,0.0000000E+0
11236388,29/9/2021,5:22:39 AM,-1.1873772E+1,-5.5741398E+1,3.8238276E+3,0.0000000E+0
11236389,29/9/2021,5:22:39 AM,-1.0892403E+1,-5.5257622E+1,3.8238276E+3,0.0000000E+0
11236390,29/9/2021,5:22:39 AM,-9.7610655E+0,-5.2811882E+1,3.8256133E+3,0.0000000E+0
11236391,29/9/2021,5:22:39 AM,-6.8011742E+0,-5.1199303E+1,3.8273987E+3,0.0000000E+0
11236392,29/9/2021,5:22:39 AM,-4.7298799E+0,-5.1091801E+1,3.8229348E+3,0.0000000E+0
11236393,29/9/2021,5:22:39 AM,-2.7436473E+0,-4.9237335E+1,3.8256133E+3,0.0000000E+0
11236394,29/9/2021,5:22:39 AM,-9.3514907E-1,-4.3996464E+1,3.8291846E+3,0.0000000E+0
11236395,29/9/2021,5:22:39 AM,-8.7947291E-1,-3.9830643E+1,3.8273987E+3,0.0000000E+0
11236396,29/9/2021,5:22:40 AM,5.7496893E-1,-3.5261673E+1,3.8300774E+3,0.0000000E+0
11236397,29/9/2021,5:22:40 AM,5.0319672E-1,-3.0638952E+1,3.8300774E+3,0.0000000E+0
11236398,29/9/2021,5:22:40 AM,-7.4885809E-1,-2.6338749E+1,3.8291846E+3,0.0000000E+0
11236399,29/9/2021,5:22:40 AM,-1.4462620E+0,-2.0264711E+1,3.8318628E+3,0.0000000E+0
11236400,29/9/2021,5:22:40 AM,-3.1017554E+0,-1.4228662E+1,3.8327556E+3,0.0000000E+0
11236401,29/9/2021,5:22:40 AM,-4.4272308E+0,-9.2438450E+0,3.8327556E+3,0.0000000E+0
11236402,29/9/2021,5:22:40 AM,-6.4354630E+0,-3.7170560E+0,3.8345413E+3,0.0000000E+0
11236403,29/9/2021,5:22:40 AM,-9.3953552E+0,-4.6660545E-1,3.8309702E+3,0.0000000E+0
11236404,29/9/2021,5:22:40 AM,-1.0429344E+1,3.4152400E+0,3.8345413E+3,0.0000000E+0
11236405,29/9/2021,5:22:40 AM,-1.2481536E+1,7.3429675E+0,3.8345413E+3,0.0000000E+0
11236406,29/9/2021,5:22:41 AM,-1.4441641E+1,1.1056989E+1,3.8345413E+3,0.0000000E+0
11236407,29/9/2021,5:22:41 AM,-1.6033405E+1,1.4361591E+1,3.8381123E+3,0.0000000E+0
11236408,29/9/2021,5:22:41 AM,-1.8596014E+1,1.6342226E+1,3.8345413E+3,0.0000000E+0
11236409,29/9/2021,5:22:41 AM,-2.1118593E+1,1.7663534E+1,3.8363269E+3,0.0000000E+0
11236410,29/9/2021,5:22:41 AM,-2.2608065E+1,1.8405273E+1,3.8354341E+3,0.0000000E+0
11236411,29/9/2021,5:22:41 AM,-2.4363514E+1,1.8998135E+1,3.8363269E+3,0.0000000E+0
11236412,29/9/2021,5:22:41 AM,-2.6331745E+1,1.8732279E+1,3.8363269E+3,0.0000000E+0
11236413,29/9/2021,5:22:41 AM,-2.8672346E+1,1.5730753E+1,3.8345413E+3,0.0000000E+0
11236414,29/9/2021,5:22:41 AM,-2.8273380E+1,1.1466409E+1,3.8327556E+3,0.0000000E+0
11236415,29/9/2021,5:22:41 AM,-2.8592550E+1,7.6992164E+0,3.8336484E+3,0.0000000E+0
11236416,29/9/2021,5:22:42 AM,-2.9230898E+1,3.9067914E+0,3.8318628E+3,0.0000000E+0
11236417,29/9/2021,5:22:42 AM,-2.8273380E+1,-7.9162949E-1,3.8309702E+3,0.0000000E+0
11236418,29/9/2021,5:22:42 AM,-2.6890297E+1,-5.6016026E+0,3.8309702E+3,0.0000000E+0
11236419,29/9/2021,5:22:42 AM,-2.6730713E+1,-1.0642253E+1,3.8300774E+3,0.0000000E+0
11236420,29/9/2021,5:22:42 AM,-2.5507215E+1,-1.5563264E+1,3.8282915E+3,0.0000000E+0
11236421,29/9/2021,5:22:42 AM,-2.4602894E+1,-2.0210443E+1,3.8273987E+3,0.0000000E+0
11236422,29/9/2021,5:22:42 AM,-2.3698572E+1,-2.3866133E+1,3.8273987E+3,0.0000000E+0
11236423,29/9/2021,5:22:42 AM,-2.1597351E+1,-2.6607512E+1,3.8309702E+3,0.0000000E+0
11236424,29/9/2021,5:22:42 AM,-2.0666431E+1,-3.0262686E+1,3.8265059E+3,0.0000000E+0
11236425,29/9/2021,5:22:42 AM,-1.9061705E+1,-3.4213501E+1,3.8273987E+3,0.0000000E+0
11236426,29/9/2021,5:22:43 AM,-1.6372807E+1,-3.7089260E+1,3.8273987E+3,0.0000000E+0
11236427,29/9/2021,5:22:43 AM,-1.4146969E+1,-4.0153152E+1,3.8256133E+3,0.0000000E+0
11236428,29/9/2021,5:22:43 AM,-1.1476488E+1,-4.1926991E+1,3.8291846E+3,0.0000000E+0
11236429,29/9/2021,5:22:43 AM,-8.8349485E+0,-4.5582165E+1,3.8256133E+3,0.0000000E+0
11236430,29/9/2021,5:22:43 AM,-6.4091525E+0,-4.8431049E+1,3.8265059E+3,0.0000000E+0
11236431,29/9/2021,5:22:43 AM,-3.3259692E+0,-5.0043625E+1,3.8256133E+3,0.0000000E+0
11236432,29/9/2021,5:22:43 AM,-1.4367627E+0,-5.1441189E+1,3.8256133E+3,0.0000000E+0
11236433,29/9/2021,5:22:43 AM,2.1927452E-1,-5.1978718E+1,3.8256133E+3,0.0000000E+0
11236434,29/9/2021,5:22:43 AM,2.4211915E+0,-5.1871212E+1,3.8256133E+3,0.0000000E+0
11236435,29/9/2021,5:22:43 AM,2.4172301E+0,-4.9774864E+1,3.8265059E+3,0.0000000E+0
11236436,29/9/2021,5:22:44 AM,2.9171553E+0,-4.6280945E+1,3.8273987E+3,0.0000000E+0
11236437,29/9/2021,5:22:44 AM,1.6764532E+0,-4.2034492E+1,3.8291846E+3,0.0000000E+0
11236438,29/9/2021,5:22:44 AM,-5.0214130E-1,-3.8379322E+1,3.8273987E+3,0.0000000E+0
11236439,29/9/2021,5:22:44 AM,-2.5059650E+0,-3.4455387E+1,3.8282915E+3,0.0000000E+0
11236440,29/9/2021,5:22:44 AM,-6.0329175E+0,-2.8811367E+1,3.8309702E+3,0.0000000E+0
11236441,29/9/2021,5:22:44 AM,-9.3453655E+0,-2.4457411E+1,3.8291846E+3,0.0000000E+0
11236442,29/9/2021,5:22:44 AM,-1.3034049E+1,-2.0210958E+1,3.8318628E+3,0.0000000E+0
11236443,29/9/2021,5:22:44 AM,-1.5867652E+1,-1.6251833E+1,3.8309702E+3,0.0000000E+0
11236444,29/9/2021,5:22:44 AM,-1.8396057E+1,-1.2128392E+1,3.8309702E+3,0.0000000E+0
11236445,29/9/2021,5:22:44 AM,-2.1251581E+1,-8.1033192E+0,3.8309702E+3,0.0000000E+0
11236446,29/9/2021,5:22:45 AM,-2.4097536E+1,-4.8114376E+0,3.8318628E+3,0.0000000E+0
11236447,29/9/2021,5:22:45 AM,-2.7342459E+1,-1.4830055E+0,3.8327556E+3,0.0000000E+0
11236448,29/9/2021,5:22:45 AM,-3.0879955E+1,1.0231310E+0,3.8318628E+3,0.0000000E+0
11236449,29/9/2021,5:22:45 AM,-3.3433338E+1,3.4848902E+0,3.8336484E+3,0.0000000E+0
11236450,29/9/2021,5:22:45 AM,-3.6359089E+1,5.0820312E+0,3.8309702E+3,0.0000000E+0
11236451,29/9/2021,5:22:45 AM,-3.9869984E+1,6.3327117E+0,3.8318628E+3,0.0000000E+0
11236452,29/9/2021,5:22:45 AM,-4.1944611E+1,7.3562608E+0,3.8327556E+3,0.0000000E+0
11236453,29/9/2021,5:22:45 AM,-4.4045830E+1,7.8826575E+0,3.8327556E+3,0.0000000E+0
11236454,29/9/2021,5:22:45 AM,-4.5801281E+1,6.8032784E+0,3.8327556E+3,0.0000000E+0
11236455,29/9/2021,5:22:45 AM,-4.5216129E+1,3.4840894E+0,3.8309702E+3,0.0000000E+0
11236456,29/9/2021,5:22:46 AM,-4.3593666E+1,-6.0925347E-1,3.8291846E+3,0.0000000E+0
11236457,29/9/2021,5:22:46 AM,-4.2183987E+1,-3.3039606E+0,3.8309702E+3,0.0000000E+0
11236458,29/9/2021,5:22:46 AM,-4.0455135E+1,-6.2104177E+0,3.8300774E+3,0.0000000E+0
11236459,29/9/2021,5:22:46 AM,-3.7688972E+1,-9.2970161E+0,3.8309702E+3,0.0000000E+0
11236460,29/9/2021,5:22:46 AM,-3.2874783E+1,-1.4063831E+1,3.8282915E+3,0.0000000E+0
11236461,29/9/2021,5:22:46 AM,-2.9230898E+1,-1.7727339E+1,3.8291846E+3,0.0000000E+0
11236462,29/9/2021,5:22:46 AM,-2.5161448E+1,-1.9949902E+1,3.8309702E+3,0.0000000E+0
11236463,29/9/2021,5:22:46 AM,-2.1490961E+1,-2.2361061E+1,3.8282915E+3,0.0000000E+0
11236464,29/9/2021,5:22:46 AM,-1.7462046E+1,-2.4618668E+1,3.8291846E+3,0.0000000E+0
11236465,29/9/2021,5:22:46 AM,-1.2628873E+1,-2.7870699E+1,3.8291846E+3,0.0000000E+0
11236466,29/9/2021,5:22:47 AM,-8.3771524E+0,-3.1633375E+1,3.8273987E+3,0.0000000E+0
11236467,29/9/2021,5:22:47 AM,-4.3598876E+0,-3.4643520E+1,3.8291846E+3,0.0000000E+0
11236468,29/9/2021,5:22:47 AM,-3.5859695E-1,-3.6766747E+1,3.8291846E+3,0.0000000E+0
11236469,29/9/2021,5:22:47 AM,2.1201272E+0,-3.8379322E+1,3.8291846E+3,0.0000000E+0
11236470,29/9/2021,5:22:47 AM,5.4751425E+0,-4.1900112E+1,3.8282915E+3,0.0000000E+0
11236471,29/9/2021,5:22:47 AM,1.0497750E+1,-4.4748997E+1,3.8282915E+3,0.0000000E+0
11236472,29/9/2021,5:22:47 AM,1.2905129E+1,-4.6065933E+1,3.8273987E+3,0.0000000E+0
11236473,29/9/2021,5:22:47 AM,1.3975952E+1,-4.7436626E+1,3.8273987E+3,0.0000000E+0
11236474,29/9/2021,5:22:47 AM,1.4262733E+1,-4.6388451E+1,3.8291846E+3,0.0000000E+0
11236475,29/9/2021,5:22:47 AM,1.2913022E+1,-4.3808331E+1,3.8273987E+3,0.0000000E+0
11236476,29/9/2021,5:22:48 AM,1.1442285E+1,-4.1013195E+1,3.8291846E+3,0.0000000E+0
11236477,29/9/2021,5:22:48 AM,9.9241896E+0,-3.8191189E+1,3.8291846E+3,0.0000000E+0
11236478,29/9/2021,5:22:48 AM,6.5880623E+0,-3.5396053E+1,3.8273987E+3,0.0000000E+0
11236479,29/9/2021,5:22:48 AM,2.2762051E+0,-3.0128305E+1,3.8309702E+3,0.0000000E+0
11236480,29/9/2021,5:22:48 AM,-2.8030677E+0,-2.5129316E+1,3.8309702E+3,0.0000000E+0
11236481,29/9/2021,5:22:48 AM,-7.6167884E+0,-2.1769783E+1,3.8291846E+3,0.0000000E+0
11236482,29/9/2021,5:22:48 AM,-1.1608038E+1,-1.7995855E+1,3.8309702E+3,0.0000000E+0
11236483,29/9/2021,5:22:48 AM,-1.6583288E+1,-1.3917609E+1,3.8309702E+3,0.0000000E+0
11236484,29/9/2021,5:22:48 AM,-2.0480247E+1,-1.0546544E+1,3.8309702E+3,0.0000000E+0
11236485,29/9/2021,5:22:48 AM,-2.2980433E+1,-7.4732380E+0,3.8309702E+3,0.0000000E+0
11236486,29/9/2021,5:22:49 AM,-2.5533813E+1,-4.1733818E+0,3.8327556E+3,0.0000000E+0
11236487,29/9/2021,5:22:49 AM,-2.8140392E+1,-1.6563160E+0,3.8327556E+3,0.0000000E+0
11236488,29/9/2021,5:22:49 AM,-2.9922438E+1,-1.0537285E+0,3.8309702E+3,0.0000000E+0
11236489,29/9/2021,5:22:49 AM,-3.0188416E+1,-1.5917912E-1,3.8318628E+3,0.0000000E+0
11236490,29/9/2021,5:22:49 AM,-3.0773565E+1,7.7323192E-1,3.8327556E+3,0.0000000E+0
11236491,29/9/2021,5:22:49 AM,-3.1837475E+1,1.5619161E+0,3.8336484E+3,0.0000000E+0
11236492,29/9/2021,5:22:49 AM,-3.2050255E+1,3.3328962E-1,3.8309702E+3,0.0000000E+0
11236493,29/9/2021,5:22:49 AM,-3.1810877E+1,-1.5331322E+0,3.8291846E+3,0.0000000E+0
11236494,29/9/2021,5:22:49 AM,-3.0534185E+1,-1.5744601E+0,3.8327556E+3,0.0000000E+0
11236495,29/9/2021,5:22:49 AM,-2.9443682E+1,-2.3008440E+0,3.8309702E+3,0.0000000E+0
11236496,29/9/2021,5:22:50 AM,-2.8725542E+1,-4.0709085E+0,3.8309702E+3,0.0000000E+0
11236497,29/9/2021,5:22:50 AM,-2.6757309E+1,-6.6650329E+0,3.8300774E+3,0.0000000E+0
11236498,29/9/2021,5:22:50 AM,-2.5666803E+1,-8.4648838E+0,3.8291846E+3,0.0000000E+0
11236499,29/9/2021,5:22:50 AM,-2.3991146E+1,-9.3687983E+0,3.8309702E+3,0.0000000E+0
11236500,29/9/2021,5:22:50 AM,-2.1304775E+1,-1.1633899E+1,3.8309702E+3,0.0000000E+0
11236501,29/9/2021,5:22:50 AM,-1.8961725E+1,-1.3984074E+1,3.8318628E+3,0.0000000E+0
11236502,29/9/2021,5:22:50 AM,-1.7769876E+1,-1.6725060E+1,3.8291846E+3,0.0000000E+0
11236503,29/9/2021,5:22:50 AM,-1.6601706E+1,-1.8929012E+1,3.8309702E+3,0.0000000E+0
11236504,29/9/2021,5:22:50 AM,-1.4915224E+1,-2.1286011E+1,3.8291846E+3,0.0000000E+0
11236505,29/9/2021,5:22:50 AM,-1.3347139E+1,-2.4215525E+1,3.8291846E+3,0.0000000E+0
11236506,29/9/2021,5:22:51 AM,-1.2657814E+1,-2.5424957E+1,3.8318628E+3,0.0000000E+0
11236507,29/9/2021,5:22:51 AM,-1.3502369E+1,-2.7628811E+1,3.8273987E+3,0.0000000E+0
11236508,29/9/2021,5:22:51 AM,-1.3818091E+1,-2.9886419E+1,3.8282915E+3,0.0000000E+0
11236509,29/9/2021,5:22:51 AM,-1.3720743E+1,-3.0020802E+1,3.8291846E+3,0.0000000E+0
11236510,29/9/2021,5:22:51 AM,-1.5483523E+1,-3.0343313E+1,3.8273987E+3,0.0000000E+0
11236511,29/9/2021,5:22:51 AM,-1.6583288E+1,-3.1122726E+1,3.8273987E+3,0.0000000E+0
11236512,29/9/2021,5:22:51 AM,-1.5851866E+1,-3.2197781E+1,3.8273987E+3,0.0000000E+0
11236513,29/9/2021,5:22:51 AM,-1.6772720E+1,-3.2036522E+1,3.8273987E+3,0.0000000E+0
11236514,29/9/2021,5:22:51 AM,-1.6346497E+1,-3.1149603E+1,3.8291846E+3,0.0000000E+0
11236515,29/9/2021,5:22:51 AM,-1.6478046E+1,-3.0235809E+1,3.8282915E+3,0.0000000E+0
11236516,29/9/2021,5:22:52 AM,-1.6664850E+1,-2.9160759E+1,3.8282915E+3,0.0000000E+0
11236517,29/9/2021,5:22:52 AM,-1.6567501E+1,-2.8381346E+1,3.8273987E+3,0.0000000E+0
11236518,29/9/2021,5:22:52 AM,-1.6646433E+1,-2.6204369E+1,3.8291846E+3,0.0000000E+0
11236519,29/9/2021,5:22:52 AM,-1.7335758E+1,-2.3221102E+1,3.8309702E+3,0.0000000E+0
11236520,29/9/2021,5:22:52 AM,-1.7769876E+1,-2.2065422E+1,3.8309702E+3,0.0000000E+0
11236521,29/9/2021,5:22:52 AM,-1.7572550E+1,-2.0506598E+1,3.8309702E+3,0.0000000E+0
11236522,29/9/2021,5:22:52 AM,-1.8343437E+1,-1.9697338E+1,3.8291846E+3,0.0000000E+0
11236523,29/9/2021,5:22:52 AM,-1.8669683E+1,-1.9396921E+1,3.8309702E+3,0.0000000E+0
11236524,29/9/2021,5:22:52 AM,-1.8348700E+1,-1.8466421E+1,3.8309702E+3,0.0000000E+0
11236525,29/9/2021,5:22:52 AM,-1.7827757E+1,-1.9561750E+1,3.8291846E+3,0.0000000E+0
11236526,29/9/2021,5:22:53 AM,-1.7748829E+1,-1.9955219E+1,3.8309702E+3,0.0000000E+0
11236527,29/9/2021,5:22:53 AM,-1.6985834E+1,-2.1124752E+1,3.8291846E+3,0.0000000E+0
11236528,29/9/2021,5:22:53 AM,-1.7293663E+1,-2.1366638E+1,3.8291846E+3,0.0000000E+0
11236529,29/9/2021,5:22:53 AM,-1.7014774E+1,-2.1339764E+1,3.8291846E+3,0.0000000E+0
11236530,29/9/2021,5:22:53 AM,-1.6022881E+1,-2.1581648E+1,3.8291846E+3,0.0000000E+0
11236531,29/9/2021,5:22:53 AM,-1.6696421E+1,-2.1635403E+1,3.8291846E+3,0.0000000E+0
11236532,29/9/2021,5:22:53 AM,-1.5791353E+1,-2.2737328E+1,3.8291846E+3,0.0000000E+0
11236533,29/9/2021,5:22:53 AM,-1.4954690E+1,-2.2280432E+1,3.8309702E+3,0.0000000E+0
11236534,29/9/2021,5:22:53 AM,-1.4483739E+1,-2.2871712E+1,3.8291846E+3,0.0000000E+0
11236535,29/9/2021,5:22:53 AM,-1.4202219E+1,-2.2710453E+1,3.8291846E+3,0.0000000E+0
11236536,29/9/2021,5:22:54 AM,-1.3215589E+1,-2.2092299E+1,3.8309702E+3,0.0000000E+0
11236537,29/9/2021,5:22:54 AM,-1.4115396E+1,-2.1850412E+1,3.8291846E+3,0.0000000E+0
11236538,29/9/2021,5:22:54 AM,-1.4533727E+1,-2.1474144E+1,3.8309702E+3,0.0000000E+0
11236539,29/9/2021,5:22:54 AM,-1.5133599E+1,-2.0345341E+1,3.8309702E+3,0.0000000E+0
11236540,29/9/2021,5:22:54 AM,-1.6293877E+1,-1.9535166E+1,3.8291846E+3,0.0000000E+0
11236541,29/9/2021,5:22:54 AM,-1.7393641E+1,-1.8998135E+1,3.8300774E+3,0.0000000E+0
11236542,29/9/2021,5:22:54 AM,-1.8151373E+1,-1.8881157E+1,3.8291846E+3,0.0000000E+0
11236543,29/9/2021,5:22:54 AM,-1.8243460E+1,-1.8463764E+1,3.8300774E+3,0.0000000E+0
11236544,29/9/2021,5:22:54 AM,-1.8714411E+1,-1.8264370E+1,3.8291846E+3,0.0000000E+0
11236545,29/9/2021,5:22:54 AM,-1.8856485E+1,-1.8628593E+1,3.8291846E+3,0.0000000E+0
11236546,29/9/2021,5:22:55 AM,-1.7477833E+1,-1.8447811E+1,3.8291846E+3,0.0000000E+0
11236547,29/9/2021,5:22:55 AM,-1.6962154E+1,-1.7942682E+1,3.8282915E+3,0.0000000E+0
11236548,29/9/2021,5:22:55 AM,-1.6051823E+1,-1.6799500E+1,3.8309702E+3,0.0000000E+0
11236549,29/9/2021,5:22:55 AM,-1.4981001E+1,-1.6023197E+1,3.8291846E+3,0.0000000E+0
11236550,29/9/2021,5:22:55 AM,-1.5128337E+1,-1.4289809E+1,3.8291846E+3,0.0000000E+0
11236551,29/9/2021,5:22:55 AM,-1.5399331E+1,-1.2309175E+1,3.8318628E+3,0.0000000E+0
11236552,29/9/2021,5:22:55 AM,-1.5344079E+1,-1.0434884E+1,3.8309702E+3,0.0000000E+0
11236553,29/9/2021,5:22:55 AM,-1.6243887E+1,-7.9119015E+0,3.8327556E+3,0.0000000E+0
11236554,29/9/2021,5:22:55 AM,-1.7809341E+1,-5.7584610E+0,3.8327556E+3,0.0000000E+0
11236555,29/9/2021,5:22:55 AM,-1.8803865E+1,-4.1237464E+0,3.8336484E+3,0.0000000E+0
11236556,29/9/2021,5:22:56 AM,-1.9580015E+1,-2.9637177E+0,3.8327556E+3,0.0000000E+0
11236557,29/9/2021,5:22:56 AM,-2.0932407E+1,-3.2919521E+0,3.8327556E+3,0.0000000E+0
11236558,29/9/2021,5:22:56 AM,-1.9993084E+1,-4.0669060E+0,3.8345413E+3,0.0000000E+0
11236559,29/9/2021,5:22:56 AM,-2.0074646E+1,-6.0854650E+0,3.8300774E+3,0.0000000E+0
11236560,29/9/2021,5:22:56 AM,-1.9911522E+1,-7.7284608E+0,3.8327556E+3,0.0000000E+0
11236561,29/9/2021,5:22:56 AM,-1.8443417E+1,-9.6293373E+0,3.8318628E+3,0.0000000E+0
11236562,29/9/2021,5:22:56 AM,-1.6806925E+1,-1.3324748E+1,3.8309702E+3,0.0000000E+0
11236563,29/9/2021,5:22:56 AM,-1.4546883E+1,-1.5653655E+1,3.8309702E+3,0.0000000E+0
11236564,29/9/2021,5:22:56 AM,-1.3168231E+1,-1.7799120E+1,3.8309702E+3,0.0000000E+0
11236565,29/9/2021,5:22:56 AM,-1.2876188E+1,-2.0775362E+1,3.8291846E+3,0.0000000E+0
11236566,29/9/2021,5:22:57 AM,-1.1297579E+1,-2.2468567E+1,3.8309702E+3,0.0000000E+0
11236567,29/9/2021,5:22:57 AM,-1.2502584E+1,-2.4349905E+1,3.8300774E+3,0.0000000E+0
11236568,29/9/2021,5:22:57 AM,-1.3623397E+1,-2.5586212E+1,3.8291846E+3,0.0000000E+0
11236569,29/9/2021,5:22:57 AM,-1.4657385E+1,-2.7413801E+1,3.8300774E+3,0.0000000E+0
11236570,29/9/2021,5:22:57 AM,-1.7172634E+1,-2.8569481E+1,3.8282915E+3,0.0000000E+0
11236571,29/9/2021,5:22:57 AM,-1.9359009E+1,-3.0370190E+1,3.8291846E+3,0.0000000E+0
11236572,29/9/2021,5:22:57 AM,-1.9630003E+1,-3.3219074E+1,3.8273987E+3,0.0000000E+0
11236573,29/9/2021,5:22:57 AM,-2.0905811E+1,-3.4670395E+1,3.8273987E+3,0.0000000E+0
11236574,29/9/2021,5:22:57 AM,-2.2049513E+1,-3.7250515E+1,3.8256133E+3,0.0000000E+0
11236575,29/9/2021,5:22:57 AM,-2.2022915E+1,-3.9938145E+1,3.8265059E+3,0.0000000E+0
11236576,29/9/2021,5:22:58 AM,-1.9740505E+1,-4.2249504E+1,3.8256133E+3,0.0000000E+0
11236577,29/9/2021,5:22:58 AM,-1.8827543E+1,-4.4130844E+1,3.8238276E+3,0.0000000E+0
11236578,29/9/2021,5:22:58 AM,-1.6475416E+1,-4.4050213E+1,3.8256133E+3,0.0000000E+0
11236579,29/9/2021,5:22:58 AM,-1.5186218E+1,-4.3243927E+1,3.8256133E+3,0.0000000E+0
11236580,29/9/2021,5:22:58 AM,-1.4941534E+1,-4.1631351E+1,3.8273987E+3,0.0000000E+0
11236581,29/9/2021,5:22:58 AM,-1.4196957E+1,-4.0368168E+1,3.8273987E+3,0.0000000E+0
11236582,29/9/2021,5:22:58 AM,-1.3589192E+1,-3.9481247E+1,3.8247205E+3,0.0000000E+0
11236583,29/9/2021,5:22:58 AM,-1.3520786E+1,-3.5315426E+1,3.8291846E+3,0.0000000E+0
11236584,29/9/2021,5:22:58 AM,-1.3997000E+1,-3.0827087E+1,3.8291846E+3,0.0000000E+0
11236585,29/9/2021,5:22:58 AM,-1.5780828E+1,-2.7521305E+1,3.8273987E+3,0.0000000E+0
11236586,29/9/2021,5:22:59 AM,-1.6614861E+1,-2.3973637E+1,3.8291846E+3,0.0000000E+0
11236587,29/9/2021,5:22:59 AM,-1.5246733E+1,-2.1017246E+1,3.8291846E+3,0.0000000E+0
11236588,29/9/2021,5:22:59 AM,-1.4404807E+1,-1.4717839E+1,3.8327556E+3,0.0000000E+0
11236589,29/9/2021,5:22:59 AM,-1.4757363E+1,-1.0222198E+1,3.8309702E+3,0.0000000E+0
11236590,29/9/2021,5:22:59 AM,-1.5544038E+1,-6.9627929E+0,3.8309702E+3,0.0000000E+0
11236591,29/9/2021,5:22:59 AM,-1.4767888E+1,-3.2479208E+0,3.8309702E+3,0.0000000E+0
11236592,29/9/2021,5:22:59 AM,-1.4228530E+1,4.6233937E-1,3.8318628E+3,0.0000000E+0
11236593,29/9/2021,5:22:59 AM,-1.3255054E+1,4.2494364E+0,3.8345413E+3,0.0000000E+0
11236594,29/9/2021,5:22:59 AM,-1.1747482E+1,7.2685280E+0,3.8354341E+3,0.0000000E+0
11236595,29/9/2021,5:22:59 AM,-1.1739590E+1,9.9164629E+0,3.8363269E+3,0.0000000E+0
11236596,29/9/2021,5:23:00 AM,-1.1381771E+1,1.1487677E+1,3.8354341E+3,0.0000000E+0
11236597,29/9/2021,5:23:00 AM,-1.0613515E+1,1.1942293E+1,3.8354341E+3,0.0000000E+0
11236598,29/9/2021,5:23:00 AM,-9.5111189E+0,1.2862157E+1,3.8381123E+3,0.0000000E+0
11236599,29/9/2021,5:23:00 AM,-9.7110767E+0,1.1976854E+1,3.8381123E+3,0.0000000E+0
11236600,29/9/2021,5:23:00 AM,-1.0684552E+1,8.2920771E+0,3.8354341E+3,0.0000000E+0
11236601,29/9/2021,5:23:00 AM,-1.1558049E+1,5.0460052E+0,3.8327556E+3,0.0000000E+0
11236602,29/9/2021,5:23:00 AM,-1.2449964E+1,2.3112514E+0,3.8345413E+3,0.0000000E+0
11236603,29/9/2021,5:23:00 AM,-1.4162754E+1,-7.7323192E-3,3.8327556E+3,0.0000000E+0
11236604,29/9/2021,5:23:00 AM,-1.5483523E+1,-3.8683641E+0,3.8327556E+3,0.0000000E+0
11236605,29/9/2021,5:23:00 AM,-1.6272827E+1,-7.5662880E+0,3.8309702E+3,0.0000000E+0
11236606,29/9/2021,5:23:01 AM,-1.8051394E+1,-1.0408298E+1,3.8327556E+3,0.0000000E+0
11236607,29/9/2021,5:23:01 AM,-2.0161074E+1,-1.5135235E+1,3.8291846E+3,0.0000000E+0
11236608,29/9/2021,5:23:01 AM,-2.2182501E+1,-1.9229431E+1,3.8291846E+3,0.0000000E+0
11236609,29/9/2021,5:23:01 AM,-2.3991146E+1,-2.3032967E+1,3.8291846E+3,0.0000000E+0
11236610,29/9/2021,5:23:01 AM,-2.4762480E+1,-2.7010658E+1,3.8291846E+3,0.0000000E+0
11236611,29/9/2021,5:23:01 AM,-2.5906181E+1,-3.0558325E+1,3.8291846E+3,0.0000000E+0
11236612,29/9/2021,5:23:01 AM,-2.7821218E+1,-3.4858528E+1,3.8256133E+3,0.0000000E+0
11236613,29/9/2021,5:23:01 AM,-2.8858530E+1,-3.8674961E+1,3.8256133E+3,0.0000000E+0
11236614,29/9/2021,5:23:01 AM,-2.9922438E+1,-4.1470093E+1,3.8238276E+3,0.0000000E+0
11236615,29/9/2021,5:23:01 AM,-3.0773565E+1,-4.3002041E+1,3.8256133E+3,0.0000000E+0
11236616,29/9/2021,5:23:02 AM,-3.1039541E+1,-4.4238350E+1,3.8256133E+3,0.0000000E+0
11236617,29/9/2021,5:23:02 AM,-3.0986349E+1,-4.6818470E+1,3.8238276E+3,0.0000000E+0
11236618,29/9/2021,5:23:02 AM,-3.1411911E+1,-4.7893524E+1,3.8238276E+3,0.0000000E+0
11236619,29/9/2021,5:23:02 AM,-3.1385313E+1,-4.9022327E+1,3.8220420E+3,0.0000000E+0
11236620,29/9/2021,5:23:02 AM,-3.0002234E+1,-4.8565430E+1,3.8247205E+3,0.0000000E+0
11236621,29/9/2021,5:23:02 AM,-2.9071310E+1,-4.7060356E+1,3.8247205E+3,0.0000000E+0
11236622,29/9/2021,5:23:02 AM,-2.8406368E+1,-4.4748997E+1,3.8256133E+3,0.0000000E+0
11236623,29/9/2021,5:23:02 AM,-2.8246782E+1,-4.3673946E+1,3.8238276E+3,0.0000000E+0
11236624,29/9/2021,5:23:02 AM,-2.7528643E+1,-4.1792610E+1,3.8247205E+3,0.0000000E+0
11236625,29/9/2021,5:23:02 AM,-2.5533813E+1,-3.8674961E+1,3.8291846E+3,0.0000000E+0
11236626,29/9/2021,5:23:03 AM,-2.3751766E+1,-3.6363602E+1,3.8282915E+3,0.0000000E+0
11236627,29/9/2021,5:23:03 AM,-2.2900640E+1,-3.4885406E+1,3.8273987E+3,0.0000000E+0
11236628,29/9/2021,5:23:03 AM,-2.1916525E+1,-3.2574047E+1,3.8256133E+3,0.0000000E+0
11236629,29/9/2021,5:23:03 AM,-1.9879950E+1,-3.0961470E+1,3.8273987E+3,0.0000000E+0
11236630,29/9/2021,5:23:03 AM,-1.6491203E+1,-2.8031954E+1,3.8291846E+3,0.0000000E+0
11236631,29/9/2021,5:23:03 AM,-1.3723374E+1,-2.4403658E+1,3.8309702E+3,0.0000000E+0
11236632,29/9/2021,5:23:03 AM,-1.3099824E+1,-2.1716032E+1,3.8291846E+3,0.0000000E+0
11236633,29/9/2021,5:23:03 AM,-1.1618563E+1,-2.0205126E+1,3.8282915E+3,0.0000000E+0
11236634,29/9/2021,5:23:03 AM,-9.7189703E+0,-1.7060038E+1,3.8291846E+3,0.0000000E+0
11236635,29/9/2021,5:23:03 AM,-7.1063719E+0,-1.2032684E+1,3.8327556E+3,0.0000000E+0
11236636,29/9/2021,5:23:04 AM,-4.4494147E+0,-7.5237503E+0,3.8327556E+3,0.0000000E+0
11236637,29/9/2021,5:23:04 AM,-3.0462961E+0,-4.6665344E+0,3.8327556E+3,0.0000000E+0
11236638,29/9/2021,5:23:04 AM,-9.1166478E-1,-2.1247182E+0,3.8345413E+3,0.0000000E+0
11236639,29/9/2021,5:23:04 AM,1.4371862E+0,-2.3943526E-1,3.8327556E+3,0.0000000E+0
11236640,29/9/2021,5:23:04 AM,3.3814285E+0,2.0102365E+0,3.8363269E+3,0.0000000E+0
11236641,29/9/2021,5:23:04 AM,7.4036760E+0,4.3174849E+0,3.8381123E+3,0.0000000E+0
11236642,29/9/2021,5:23:04 AM,9.0848951E+0,6.4523478E+0,3.8381123E+3,0.0000000E+0
11236643,29/9/2021,5:23:04 AM,9.2638035E+0,7.5077991E+0,3.8363269E+3,0.0000000E+0
11236644,29/9/2021,5:23:04 AM,1.0118884E+1,7.0292568E+0,3.8345413E+3,0.0000000E+0
11236645,29/9/2021,5:23:04 AM,1.1121301E+1,7.4679203E+0,3.8363269E+3,0.0000000E+0
11236646,29/9/2021,5:23:05 AM,1.0282007E+1,8.1777582E+0,3.8363269E+3,0.0000000E+0
11236647,29/9/2021,5:23:05 AM,8.3166389E+0,8.1245871E+0,3.8381123E+3,0.0000000E+0
11236648,29/9/2021,5:23:05 AM,5.0269833E+0,6.7554240E+0,3.8354341E+3,0.0000000E+0
11236649,29/9/2021,5:23:05 AM,3.1889057E+0,4.5024171E+0,3.8345413E+3,0.0000000E+0
11236650,29/9/2021,5:23:05 AM,-1.1053442E+0,4.2574420E+0,3.8345413E+3,0.0000000E+0
11236651,29/9/2021,5:23:05 AM,-4.1697416E+0,4.1021309E+0,3.8363269E+3,0.0000000E+0
11236652,29/9/2021,5:23:05 AM,-5.9513559E+0,1.5226880E+0,3.8345413E+3,0.0000000E+0
11236653,29/9/2021,5:23:05 AM,-7.1984568E+0,-1.5086021E+0,3.8354341E+3,0.0000000E+0
11236654,29/9/2021,5:23:05 AM,-1.1568574E+1,-4.8018312E+0,3.8318628E+3,0.0000000E+0
11236655,29/9/2021,5:23:05 AM,-1.4428487E+1,-9.6373129E+0,3.8318628E+3,0.0000000E+0
11236656,29/9/2021,5:23:06 AM,-1.6017620E+1,-1.4263224E+1,3.8309702E+3,0.0000000E+0
11236657,29/9/2021,5:23:06 AM,-1.7185791E+1,-1.8535543E+1,3.8309702E+3,0.0000000E+0
11236658,29/9/2021,5:23:06 AM,-2.0932407E+1,-2.2925463E+1,3.8309702E+3,0.0000000E+0
11236659,29/9/2021,5:23:06 AM,-2.5081652E+1,-2.7924450E+1,3.8273987E+3,0.0000000E+0
11236660,29/9/2021,5:23:06 AM,-3.0560785E+1,-3.3675972E+1,3.8247205E+3,0.0000000E+0
11236661,29/9/2021,5:23:06 AM,-3.5827133E+1,-3.7143013E+1,3.8256133E+3,0.0000000E+0
11236662,29/9/2021,5:23:06 AM,-4.0614723E+1,-3.9991898E+1,3.8238276E+3,0.0000000E+0
11236663,29/9/2021,5:23:06 AM,-4.5482105E+1,-4.1470093E+1,3.8247205E+3,0.0000000E+0
11236664,29/9/2021,5:23:06 AM,-5.2317722E+1,-4.2787029E+1,3.8229348E+3,0.0000000E+0
11236665,29/9/2021,5:23:06 AM,-5.7211700E+1,-4.4802750E+1,3.8211492E+3,0.0000000E+0
11236666,29/9/2021,5:23:07 AM,-6.0536419E+1,-4.6576588E+1,3.8202566E+3,0.0000000E+0
11236667,29/9/2021,5:23:07 AM,-6.1786507E+1,-4.6925976E+1,3.8202566E+3,0.0000000E+0
11236668,29/9/2021,5:23:07 AM,-6.2238674E+1,-4.6200317E+1,3.8229348E+3,0.0000000E+0
11236669,29/9/2021,5:23:07 AM,-6.0696003E+1,-4.6361576E+1,3.8202566E+3,0.0000000E+0
11236670,29/9/2021,5:23:07 AM,-5.7876644E+1,-4.6200317E+1,3.8220420E+3,0.0000000E+0
11236671,29/9/2021,5:23:07 AM,-5.2530502E+1,-4.5904678E+1,3.8220420E+3,0.0000000E+0
11236672,29/9/2021,5:23:07 AM,-4.6891785E+1,-4.5609039E+1,3.8220420E+3,0.0000000E+0
11236673,29/9/2021,5:23:07 AM,-4.0933895E+1,-4.3727703E+1,3.8238276E+3,0.0000000E+0
11236674,29/9/2021,5:23:07 AM,-3.3646118E+1,-4.1013195E+1,3.8273987E+3,0.0000000E+0
11236675,29/9/2021,5:23:07 AM,-2.8885126E+1,-3.7895550E+1,3.8282915E+3,0.0000000E+0
11236676,29/9/2021,5:23:08 AM,-2.6597721E+1,-3.5422932E+1,3.8256133E+3,0.0000000E+0
11236677,29/9/2021,5:23:08 AM,-2.4523100E+1,-3.3004066E+1,3.8256133E+3,0.0000000E+0
11236678,29/9/2021,5:23:08 AM,-1.9714197E+1,-2.8139462E+1,3.8273987E+3,0.0000000E+0
11236679,29/9/2021,5:23:08 AM,-1.6825342E+1,-2.0909742E+1,3.8318628E+3,0.0000000E+0
11236680,29/9/2021,5:23:08 AM,-1.5238839E+1,-1.5188405E+1,3.8327556E+3,0.0000000E+0
11236681,29/9/2021,5:23:08 AM,-1.2207910E+1,-1.1976854E+1,3.8327556E+3,0.0000000E+0
11236682,29/9/2021,5:23:08 AM,-8.7244463E+0,-9.1348438E+0,3.8309702E+3,0.0000000E+0
11236683,29/9/2021,5:23:08 AM,-4.5135889E+0,-6.2130761E+0,3.8327556E+3,0.0000000E+0
11236684,29/9/2021,5:23:08 AM,1.9838558E+0,-3.8387430E+0,3.8345413E+3,0.0000000E+0
11236685,29/9/2021,5:23:08 AM,8.1850882E+0,-2.0846896E+0,3.8381123E+3,0.0000000E+0
11236686,29/9/2021,5:23:09 AM,1.3649707E+1,-1.7492498E+0,3.8354341E+3,0.0000000E+0
11236687,29/9/2021,5:23:09 AM,1.7693577E+1,-2.3905079E+0,3.8363269E+3,0.0000000E+0
11236688,29/9/2021,5:23:09 AM,2.2421881E+1,-3.0053473E+0,3.8345413E+3,0.0000000E+0
11236689,29/9/2021,5:23:09 AM,2.5932779E+1,-3.6057763E+0,3.8363269E+3,0.0000000E+0
11236690,29/9/2021,5:23:09 AM,2.9417082E+1,-2.9380994E+0,3.8390051E+3,0.0000000E+0
11236691,29/9/2021,5:23:09 AM,2.9895840E+1,-3.0253618E+0,3.8372195E+3,0.0000000E+0
11236692,29/9/2021,5:23:09 AM,2.8033998E+1,-4.5432463E+0,3.8363269E+3,0.0000000E+0
11236693,29/9/2021,5:23:09 AM,2.5507215E+1,-6.4151273E+0,3.8363269E+3,0.0000000E+0
11236694,29/9/2021,5:23:09 AM,2.2182501E+1,-8.6057882E+0,3.8345413E+3,0.0000000E+0
11236695,29/9/2021,5:23:09 AM,1.7982988E+1,-9.7409973E+0,3.8354341E+3,0.0000000E+0
11236696,29/9/2021,5:23:10 AM,1.3126135E+1,-1.0565153E+1,3.8363269E+3,0.0000000E+0
11236697,29/9/2021,5:23:10 AM,6.5328102E+0,-1.3125356E+1,3.8318628E+3,0.0000000E+0
11236698,29/9/2021,5:23:10 AM,-2.5199419E-1,-1.4797595E+1,3.8291846E+3,0.0000000E+0
11236699,29/9/2021,5:23:10 AM,-3.7450824E+0,-1.6775572E+1,3.8309702E+3,0.0000000E+0
11236700,29/9/2021,5:23:10 AM,-5.4643188E+0,-1.8445152E+1,3.8327556E+3,0.0000000E+0
11236701,29/9/2021,5:23:10 AM,-9.3874617E+0,-2.0327419E+1,3.8291846E+3,0.0000000E+0
11236702,29/9/2021,5:23:10 AM,-1.4533727E+1,-2.2414814E+1,3.8291846E+3,0.0000000E+0
11236703,29/9/2021,5:23:10 AM,-1.9643160E+1,-2.4833677E+1,3.8256133E+3,0.0000000E+0
11236704,29/9/2021,5:23:10 AM,-2.3565582E+1,-2.6715019E+1,3.8265059E+3,0.0000000E+0
11236705,29/9/2021,5:23:10 AM,-2.6916895E+1,-2.6311872E+1,3.8282915E+3,0.0000000E+0
11236706,29/9/2021,5:23:11 AM,-3.1145935E+1,-2.5344328E+1,3.8291846E+3,0.0000000E+0
11236707,29/9/2021,5:23:11 AM,-3.7981548E+1,-2.5075565E+1,3.8273987E+3,0.0000000E+0
11236708,29/9/2021,5:23:11 AM,-4.4923553E+1,-2.4618668E+1,3.8238276E+3,0.0000000E+0
11236709,29/9/2021,5:23:11 AM,-5.0402683E+1,-2.2414814E+1,3.8265059E+3,0.0000000E+0
11236710,29/9/2021,5:23:11 AM,-5.5190273E+1,-1.8554155E+1,3.8265059E+3,0.0000000E+0
11236711,29/9/2021,5:23:11 AM,-6.0084255E+1,-1.4680619E+1,3.8291846E+3,0.0000000E+0
11236712,29/9/2021,5:23:11 AM,-6.4366486E+1,-1.3231698E+1,3.8273987E+3,0.0000000E+0
11236713,29/9/2021,5:23:11 AM,-6.7185844E+1,-1.3824559E+1,3.8247205E+3,0.0000000E+0
11236714,29/9/2021,5:23:11 AM,-6.8063568E+1,-1.3566678E+1,3.8256133E+3,0.0000000E+0
11236715,29/9/2021,5:23:11 AM,-6.6494308E+1,-1.2710619E+1,3.8273987E+3,0.0000000E+0
11236716,29/9/2021,5:23:12 AM,-6.1892902E+1,-1.3404507E+1,3.8282915E+3,0.0000000E+0
11236717,29/9/2021,5:23:12 AM,-5.6865932E+1,-1.4388176E+1,3.8273987E+3,0.0000000E+0
11236718,29/9/2021,5:23:12 AM,-5.2104939E+1,-1.5871657E+1,3.8265059E+3,0.0000000E+0
11236719,29/9/2021,5:23:12 AM,-4.7157761E+1,-1.8003830E+1,3.8247205E+3,0.0000000E+0
11236720,29/9/2021,5:23:12 AM,-3.9471020E+1,-1.8508959E+1,3.8282915E+3,0.0000000E+0
11236721,29/9/2021,5:23:12 AM,-3.2209843E+1,-1.7748608E+1,3.8291846E+3,0.0000000E+0
11236722,29/9/2021,5:23:12 AM,-2.7422253E+1,-1.7982563E+1,3.8309702E+3,0.0000000E+0
11236723,29/9/2021,5:23:12 AM,-2.2714455E+1,-1.9162966E+1,3.8291846E+3,0.0000000E+0
11236724,29/9/2021,5:23:12 AM,-1.8464464E+1,-2.0122711E+1,3.8273987E+3,0.0000000E+0
11236725,29/9/2021,5:23:12 AM,-1.2897236E+1,-1.8822670E+1,3.8318628E+3,0.0000000E+0
11236726,29/9/2021,5:23:13 AM,-7.2510777E+0,-1.8344128E+1,3.8327556E+3,0.0000000E+0
11236727,29/9/2021,5:23:13 AM,-2.1359725E+0,-1.8897110E+1,3.8345413E+3,0.0000000E+0
11236728,29/9/2021,5:23:13 AM,1.9806868E+0,-2.0748484E+1,3.8327556E+3,0.0000000E+0
11236729,29/9/2021,5:23:13 AM,7.0169177E+0,-2.3543617E+1,3.8300774E+3,0.0000000E+0
11236730,29/9/2021,5:23:13 AM,1.3486584E+1,-2.5478708E+1,3.8336484E+3,0.0000000E+0
11236731,29/9/2021,5:23:13 AM,2.0119373E+1,-2.8273842E+1,3.8327556E+3,0.0000000E+0
11236732,29/9/2021,5:23:13 AM,2.5746595E+1,-3.2063396E+1,3.8327556E+3,0.0000000E+0
11236733,29/9/2021,5:23:13 AM,3.0401197E+1,-3.4804775E+1,3.8318628E+3,0.0000000E+0
11236734,29/9/2021,5:23:13 AM,3.2209843E+1,-3.7680538E+1,3.8291846E+3,0.0000000E+0
11236735,29/9/2021,5:23:13 AM,3.4364258E+1,-3.9884392E+1,3.8318628E+3,0.0000000E+0
11236736,29/9/2021,5:23:14 AM,3.6412285E+1,-4.1765732E+1,3.8291846E+3,0.0000000E+0
11236737,29/9/2021,5:23:14 AM,3.6784649E+1,-4.1120701E+1,3.8327556E+3,0.0000000E+0
11236738,29/9/2021,5:23:14 AM,3.2768394E+1,-4.0018772E+1,3.8309702E+3,0.0000000E+0
11236739,29/9/2021,5:23:14 AM,2.7315861E+1,-3.8540581E+1,3.8291846E+3,0.0000000E+0
11236740,29/9/2021,5:23:14 AM,2.0480247E+1,-3.5154167E+1,3.8309702E+3,0.0000000E+0
11236741,29/9/2021,5:23:14 AM,1.4389022E+1,-3.2869686E+1,3.8291846E+3,0.0000000E+0
11236742,29/9/2021,5:23:14 AM,9.0717402E+0,-2.9348892E+1,3.8327556E+3,0.0000000E+0
11236743,29/9/2021,5:23:14 AM,3.4321342E+0,-2.5532463E+1,3.8309702E+3,0.0000000E+0
11236744,29/9/2021,5:23:14 AM,-4.5405264E+0,-2.1742907E+1,3.8291846E+3,0.0000000E+0
11236745,29/9/2021,5:23:14 AM,-1.0642456E+1,-1.7437555E+1,3.8309702E+3,0.0000000E+0
11236746,29/9/2021,5:23:15 AM,-1.4520573E+1,-1.4856085E+1,3.8309702E+3,0.0000000E+0
11236747,29/9/2021,5:23:15 AM,-1.8201363E+1,-1.2248028E+1,3.8309702E+3,0.0000000E+0
11236748,29/9/2021,5:23:15 AM,-2.1650545E+1,-9.7489729E+0,3.8309702E+3,0.0000000E+0
11236749,29/9/2021,5:23:15 AM,-2.7369057E+1,-6.4496889E+0,3.8309702E+3,0.0000000E+0
11236750,29/9/2021,5:23:15 AM,-3.3752510E+1,-2.9901366E+0,3.8309702E+3,0.0000000E+0
11236751,29/9/2021,5:23:15 AM,-3.9151848E+1,-1.9197481E-2,3.8318628E+3,0.0000000E+0
11236752,29/9/2021,5:23:15 AM,-4.4232014E+1,2.9541106E+0,3.8309702E+3,0.0000000E+0
11236753,29/9/2021,5:23:15 AM,-4.9471764E+1,4.8378568E+0,3.8318628E+3,0.0000000E+0
11236754,29/9/2021,5:23:15 AM,-5.4498734E+1,6.7979612E+0,3.8309702E+3,0.0000000E+0
11236755,29/9/2021,5:23:15 AM,-6.0509819E+1,1.0615666E+1,3.8318628E+3,0.0000000E+0
11236756,29/9/2021,5:23:16 AM,-6.6254929E+1,1.2035342E+1,3.8318628E+3,0.0000000E+0
11236757,29/9/2021,5:23:16 AM,-6.8063568E+1,1.0775181E+1,3.8309702E+3,0.0000000E+0
11236758,29/9/2021,5:23:16 AM,-6.8329544E+1,7.9358287E+0,3.8309702E+3,0.0000000E+0
11236759,29/9/2021,5:23:16 AM,-6.8755112E+1,4.9731531E+0,3.8273987E+3,0.0000000E+0
11236760,29/9/2021,5:23:16 AM,-6.6813484E+1,1.3929954E+0,3.8291846E+3,0.0000000E+0
11236761,29/9/2021,5:23:16 AM,-6.3063202E+1,-3.3239751E+0,3.8291846E+3,0.0000000E+0
11236762,29/9/2021,5:23:16 AM,-5.7929840E+1,-9.5416040E+0,3.8273987E+3,0.0000000E+0
11236763,29/9/2021,5:23:16 AM,-5.1413399E+1,-1.5430336E+1,3.8282915E+3,0.0000000E+0
11236764,29/9/2021,5:23:16 AM,-4.6306637E+1,-2.1071001E+1,3.8256133E+3,0.0000000E+0
11236765,29/9/2021,5:23:16 AM,-3.9869984E+1,-2.5317450E+1,3.8273987E+3,0.0000000E+0
11236766,29/9/2021,5:23:17 AM,-3.5960121E+1,-2.7682564E+1,3.8273987E+3,0.0000000E+0
11236767,29/9/2021,5:23:17 AM,-3.3991890E+1,-3.0585201E+1,3.8273987E+3,0.0000000E+0
11236768,29/9/2021,5:23:17 AM,-3.1225727E+1,-3.4509140E+1,3.8256133E+3,0.0000000E+0
11236769,29/9/2021,5:23:17 AM,-2.7714828E+1,-3.6632362E+1,3.8273987E+3,0.0000000E+0
11236770,29/9/2021,5:23:17 AM,-2.6517929E+1,-3.6014210E+1,3.8291846E+3,0.0000000E+0
11236771,29/9/2021,5:23:17 AM,-2.4602894E+1,-3.7062386E+1,3.8291846E+3,0.0000000E+0
11236772,29/9/2021,5:23:17 AM,-2.0852615E+1,-4.1631351E+1,3.8256133E+3,0.0000000E+0
11236773,29/9/2021,5:23:17 AM,-1.7985619E+1,-4.4722122E+1,3.8256133E+3,0.0000000E+0
11236774,29/9/2021,5:23:17 AM,-1.3136658E+1,-4.8672935E+1,3.8256133E+3,0.0000000E+0
11236775,29/9/2021,5:23:17 AM,-7.2905426E+0,-5.1871212E+1,3.8238276E+3,0.0000000E+0
11236776,29/9/2021,5:23:18 AM,-2.9678609E+0,-5.4397579E+1,3.8256133E+3,0.0000000E+0
11236777,29/9/2021,5:23:18 AM,3.3029933E+0,-5.7219589E+1,3.8238276E+3,0.0000000E+0
11236778,29/9/2021,5:23:18 AM,8.9664993E+0,-5.9315937E+1,3.8238276E+3,0.0000000E+0
11236779,29/9/2021,5:23:18 AM,1.3191910E+1,-5.9127808E+1,3.8238276E+3,0.0000000E+0
11236780,29/9/2021,5:23:18 AM,1.7548872E+1,-5.7004578E+1,3.8282915E+3,0.0000000E+0
11236781,29/9/2021,5:23:18 AM,2.1996317E+1,-5.3940685E+1,3.8273987E+3,0.0000000E+0
11236782,29/9/2021,5:23:18 AM,2.3273008E+1,-5.0823040E+1,3.8265059E+3,0.0000000E+0
11236783,29/9/2021,5:23:18 AM,2.3937950E+1,-4.5716545E+1,3.8291846E+3,0.0000000E+0
11236784,29/9/2021,5:23:18 AM,2.3592180E+1,-3.9346867E+1,3.8300774E+3,0.0000000E+0
11236785,29/9/2021,5:23:18 AM,2.1623949E+1,-3.3084694E+1,3.8309702E+3,0.0000000E+0
11236786,29/9/2021,5:23:19 AM,1.9514238E+1,-2.5962482E+1,3.8327556E+3,0.0000000E+0
11236787,29/9/2021,5:23:19 AM,1.8172421E+1,-1.9170942E+1,3.8327556E+3,0.0000000E+0
11236788,29/9/2021,5:23:19 AM,1.4394284E+1,-1.3574654E+1,3.8327556E+3,0.0000000E+0
11236789,29/9/2021,5:23:19 AM,1.1213387E+1,-8.0102692E+0,3.8336484E+3,0.0000000E+0
11236790,29/9/2021,5:23:19 AM,7.5536442E+0,-2.1423306E+0,3.8345413E+3,0.0000000E+0
11236791,29/9/2021,5:23:19 AM,4.9540935E+0,2.6675060E+0,3.8363269E+3,0.0000000E+0
11236792,29/9/2021,5:23:19 AM,2.9385469E+0,6.4204440E+0,3.8363269E+3,0.0000000E+0
11236793,29/9/2021,5:23:19 AM,1.1598902E+0,9.2518206E+0,3.8354341E+3,0.0000000E+0
11236794,29/9/2021,5:23:19 AM,-1.5570866E+0,1.2699986E+1,3.8336484E+3,0.0000000E+0
11236795,29/9/2021,5:23:19 AM,-4.4486222E+0,1.7671509E+1,3.8381123E+3,0.0000000E+0
11236796,29/9/2021,5:23:20 AM,-7.5168099E+0,2.1850412E+1,3.8381123E+3,0.0000000E+0
11236797,29/9/2021,5:23:20 AM,-9.2243395E+0,2.2791082E+1,3.8363269E+3,0.0000000E+0
11236798,29/9/2021,5:23:20 AM,-1.0503012E+1,2.3731752E+1,3.8381123E+3,0.0000000E+0
11236799,29/9/2021,5:23:20 AM,-1.5123075E+1,2.6500008E+1,3.8363269E+3,0.0000000E+0
11236800,29/9/2021,5:23:20 AM,-1.9080122E+1,2.7655687E+1,3.8363269E+3,0.0000000E+0
11236801,29/9/2021,5:23:20 AM,-1.8572334E+1,2.7386925E+1,3.8407908E+3,0.0000000E+0
11236802,29/9/2021,5:23:20 AM,-2.0019394E+1,2.5586212E+1,3.8372195E+3,0.0000000E+0
11236803,29/9/2021,5:23:20 AM,-2.0985603E+1,2.0936619E+1,3.8345413E+3,0.0000000E+0
11236804,29/9/2021,5:23:20 AM,-2.2847445E+1,1.7902805E+1,3.8381123E+3,0.0000000E+0
11236805,29/9/2021,5:23:20 AM,-2.6278551E+1,1.4467934E+1,3.8336484E+3,0.0000000E+0
11236806,29/9/2021,5:23:21 AM,-2.7635033E+1,9.7729006E+0,3.8345413E+3,0.0000000E+0
11236807,29/9/2021,5:23:21 AM,-2.8672346E+1,5.4181643E+0,3.8345413E+3,0.0000000E+0
11236808,29/9/2021,5:23:21 AM,-3.0268209E+1,-8.5935396E-1,3.8309702E+3,0.0000000E+0
11236809,29/9/2021,5:23:21 AM,-3.1651291E+1,-7.5848975E+0,3.8291846E+3,0.0000000E+0
11236810,29/9/2021,5:23:21 AM,-3.3247154E+1,-1.3502872E+1,3.8282915E+3,0.0000000E+0
11236811,29/9/2021,5:23:21 AM,-3.3912098E+1,-1.8487690E+1,3.8291846E+3,0.0000000E+0
11236812,29/9/2021,5:23:21 AM,-3.3380142E+1,-2.3677998E+1,3.8300774E+3,0.0000000E+0
11236813,29/9/2021,5:23:21 AM,-3.2316231E+1,-3.0208933E+1,3.8256133E+3,0.0000000E+0
11236814,29/9/2021,5:23:21 AM,-3.2236439E+1,-3.6578609E+1,3.8247205E+3,0.0000000E+0
11236815,29/9/2021,5:23:21 AM,-3.3805706E+1,-4.0825062E+1,3.8238276E+3,0.0000000E+0
11236816,29/9/2021,5:23:22 AM,-3.4550442E+1,-4.4480236E+1,3.8273987E+3,0.0000000E+0
11236817,29/9/2021,5:23:22 AM,-3.5295177E+1,-4.8511677E+1,3.8229348E+3,0.0000000E+0
11236818,29/9/2021,5:23:22 AM,-3.4603638E+1,-5.2650623E+1,3.8256133E+3,0.0000000E+0
11236819,29/9/2021,5:23:22 AM,-3.5428169E+1,-5.6467052E+1,3.8220420E+3,0.0000000E+0
11236820,29/9/2021,5:23:22 AM,-3.5827133E+1,-6.0767258E+1,3.8202566E+3,0.0000000E+0
11236821,29/9/2021,5:23:22 AM,-3.5135593E+1,-6.3589264E+1,3.8202566E+3,0.0000000E+0
11236822,29/9/2021,5:23:22 AM,-3.4497246E+1,-6.5389977E+1,3.8220420E+3,0.0000000E+0
11236823,29/9/2021,5:23:22 AM,-3.3459934E+1,-6.6545654E+1,3.8220420E+3,0.0000000E+0
11236824,29/9/2021,5:23:22 AM,-3.1997063E+1,-6.7862595E+1,3.8202566E+3,0.0000000E+0
11236825,29/9/2021,5:23:22 AM,-3.2209843E+1,-6.6733788E+1,3.8202566E+3,0.0000000E+0
11236826,29/9/2021,5:23:23 AM,-3.0906553E+1,-6.3858028E+1,3.8220420E+3,0.0000000E+0
11236827,29/9/2021,5:23:23 AM,-2.9789450E+1,-5.9504078E+1,3.8247205E+3,0.0000000E+0
11236828,29/9/2021,5:23:23 AM,-2.9310690E+1,-5.6090786E+1,3.8220420E+3,0.0000000E+0
11236829,29/9/2021,5:23:23 AM,-2.8246782E+1,-5.2623745E+1,3.8265059E+3,0.0000000E+0
11236830,29/9/2021,5:23:23 AM,-2.6411539E+1,-4.9183586E+1,3.8265059E+3,0.0000000E+0
11236831,29/9/2021,5:23:23 AM,-2.6517929E+1,-4.6952854E+1,3.8238276E+3,0.0000000E+0
11236832,29/9/2021,5:23:23 AM,-2.6092365E+1,-4.4184597E+1,3.8247205E+3,0.0000000E+0
11236833,29/9/2021,5:23:23 AM,-2.3618778E+1,-3.9696259E+1,3.8273987E+3,0.0000000E+0
11236834,29/9/2021,5:23:23 AM,-2.1943121E+1,-3.5476685E+1,3.8273987E+3,0.0000000E+0
11236835,29/9/2021,5:23:23 AM,-2.0852615E+1,-3.2251530E+1,3.8265059E+3,0.0000000E+0
11236836,29/9/2021,5:23:24 AM,-1.9219566E+1,-2.8408224E+1,3.8273987E+3,0.0000000E+0
11236837,29/9/2021,5:23:24 AM,-1.8814388E+1,-2.3194225E+1,3.8273987E+3,0.0000000E+0
11236838,29/9/2021,5:23:24 AM,-1.7562025E+1,-1.6722401E+1,3.8291846E+3,0.0000000E+0
11236839,29/9/2021,5:23:24 AM,-1.4978370E+1,-1.0703399E+1,3.8309702E+3,0.0000000E+0
11236840,29/9/2021,5:23:24 AM,-1.2339460E+1,-4.4623885E+0,3.8327556E+3,0.0000000E+0
11236841,29/9/2021,5:23:24 AM,-1.1363354E+1,5.3006381E-1,3.8309702E+3,0.0000000E+0
11236842,29/9/2021,5:23:24 AM,-9.1927671E+0,6.3566389E+0,3.8345413E+3,0.0000000E+0
11236843,29/9/2021,5:23:24 AM,-6.8169599E+0,1.2149661E+1,3.8363269E+3,0.0000000E+0
11236844,29/9/2021,5:23:24 AM,-4.3440423E+0,1.7450848E+1,3.8381123E+3,0.0000000E+0
11236845,29/9/2021,5:23:24 AM,-1.6724919E+0,2.2038546E+1,3.8416836E+3,0.0000000E+0
11236846,29/9/2021,5:23:25 AM,8.2406056E-1,2.4134895E+1,3.8390051E+3,0.0000000E+0
11236847,29/9/2021,5:23:25 AM,1.5924721E+0,2.5989359E+1,3.8398979E+3,0.0000000E+0
11236848,29/9/2021,5:23:25 AM,2.2769973E+0,2.6849400E+1,3.8398979E+3,0.0000000E+0
11236849,29/9/2021,5:23:25 AM,3.9605811E+0,2.5989359E+1,3.8398979E+3,0.0000000E+0
11236850,29/9/2021,5:23:25 AM,4.6783824E+0,2.5505585E+1,3.8416836E+3,0.0000000E+0
11236851,29/9/2021,5:23:25 AM,3.8100491E+0,2.1850412E+1,3.8381123E+3,0.0000000E+0
11236852,29/9/2021,5:23:25 AM,2.6168833E+0,1.5855706E+1,3.8345413E+3,0.0000000E+0
11236853,29/9/2021,5:23:25 AM,1.9363194E+0,1.1596679E+1,3.8363269E+3,0.0000000E+0
11236854,29/9/2021,5:23:25 AM,5.1533473E-1,9.5176773E+0,3.8363269E+3,0.0000000E+0
11236855,29/9/2021,5:23:25 AM,-1.6515515E+0,4.8714805E+0,3.8345413E+3,0.0000000E+0
11236856,29/9/2021,5:23:26 AM,-4.3020515E+0,-1.6008568E+0,3.8309702E+3,0.0000000E+0
11236857,29/9/2021,5:23:26 AM,-6.4223075E+0,-5.6440325E+0,3.8309702E+3,0.0000000E+0
11236858,29/9/2021,5:23:26 AM,-8.0482750E+0,-8.2708082E+0,3.8309702E+3,0.0000000E+0
11236859,29/9/2021,5:23:26 AM,-9.0033331E+0,-1.1304236E+1,3.8327556E+3,0.0000000E+0
11236860,29/9/2021,5:23:26 AM,-1.0163611E+1,-1.5448946E+1,3.8318628E+3,0.0000000E+0
11236861,29/9/2021,5:23:26 AM,-1.1713279E+1,-2.1393515E+1,3.8273987E+3,0.0000000E+0
11236862,29/9/2021,5:23:26 AM,-1.0937130E+1,-2.5908730E+1,3.8291846E+3,0.0000000E+0
11236863,29/9/2021,5:23:26 AM,-1.0600360E+1,-2.9429522E+1,3.8291846E+3,0.0000000E+0
11236864,29/9/2021,5:23:26 AM,-1.0110991E+1,-3.2520290E+1,3.8309702E+3,0.0000000E+0
11236865,29/9/2021,5:23:26 AM,-1.0389878E+1,-3.4966034E+1,3.8291846E+3,0.0000000E+0
11236866,29/9/2021,5:23:27 AM,-1.2368402E+1,-3.9104980E+1,3.8265059E+3,0.0000000E+0
11236867,29/9/2021,5:23:27 AM,-1.3441856E+1,-4.3324554E+1,3.8247205E+3,0.0000000E+0
11236868,29/9/2021,5:23:27 AM,-1.3607610E+1,-4.5582165E+1,3.8256133E+3,0.0000000E+0
11236869,29/9/2021,5:23:27 AM,-1.5586134E+1,-4.5850925E+1,3.8265059E+3,0.0000000E+0
11236870,29/9/2021,5:23:27 AM,-1.7701469E+1,-4.7060356E+1,3.8265059E+3,0.0000000E+0
11236871,29/9/2021,5:23:27 AM,-1.9985191E+1,-4.9613605E+1,3.8238276E+3,0.0000000E+0
11236872,29/9/2021,5:23:27 AM,-2.2448479E+1,-5.0957417E+1,3.8211492E+3,0.0000000E+0
11236873,29/9/2021,5:23:27 AM,-2.4789078E+1,-5.0178005E+1,3.8229348E+3,0.0000000E+0
11236874,29/9/2021,5:23:27 AM,-2.6012575E+1,-4.8108532E+1,3.8238276E+3,0.0000000E+0
11236875,29/9/2021,5:23:27 AM,-2.7555243E+1,-4.5125267E+1,3.8256133E+3,0.0000000E+0
11236876,29/9/2021,5:23:28 AM,-2.8725542E+1,-4.1604473E+1,3.8256133E+3,0.0000000E+0
11236877,29/9/2021,5:23:28 AM,-3.0135221E+1,-3.8916847E+1,3.8256133E+3,0.0000000E+0
11236878,29/9/2021,5:23:28 AM,-2.9603264E+1,-3.7573032E+1,3.8238276E+3,0.0000000E+0
11236879,29/9/2021,5:23:28 AM,-2.7502045E+1,-3.3568466E+1,3.8291846E+3,0.0000000E+0
11236880,29/9/2021,5:23:28 AM,-2.6092365E+1,-2.9160759E+1,3.8309702E+3,0.0000000E+0
11236881,29/9/2021,5:23:28 AM,-2.6757309E+1,-2.6795647E+1,3.8291846E+3,0.0000000E+0
11236882,29/9/2021,5:23:28 AM,-2.6092365E+1,-2.6365625E+1,3.8256133E+3,0.0000000E+0
11236883,29/9/2021,5:23:28 AM,-2.5374228E+1,-2.4027390E+1,3.8291846E+3,0.0000000E+0
11236884,29/9/2021,5:23:28 AM,-2.4549698E+1,-1.9492628E+1,3.8309702E+3,0.0000000E+0
11236885,29/9/2021,5:23:28 AM,-2.6358343E+1,-1.5951415E+1,3.8309702E+3,0.0000000E+0
11236886,29/9/2021,5:23:29 AM,-2.7741425E+1,-1.3154601E+1,3.8291846E+3,0.0000000E+0
11236887,29/9/2021,5:23:29 AM,-2.8539356E+1,-1.0009513E+1,3.8309702E+3,0.0000000E+0
11236888,29/9/2021,5:23:29 AM,-3.0534185E+1,-6.8458157E+0,3.8291846E+3,0.0000000E+0
11236889,29/9/2021,5:23:29 AM,-3.0215014E+1,-3.9147971E+0,3.8309702E+3,0.0000000E+0
11236890,29/9/2021,5:23:29 AM,-2.8964920E+1,-7.3430365E-1,3.8336484E+3,0.0000000E+0
11236891,29/9/2021,5:23:29 AM,-2.8539356E+1,1.4442319E+0,3.8327556E+3,0.0000000E+0
11236892,29/9/2021,5:23:29 AM,-2.6757309E+1,1.6107509E+0,3.8327556E+3,0.0000000E+0
11236893,29/9/2021,5:23:29 AM,-2.4150732E+1,1.1648324E+0,3.8309702E+3,0.0000000E+0
11236894,29/9/2021,5:23:29 AM,-1.9280079E+1,2.2135816E+0,3.8327556E+3,0.0000000E+0
11236895,29/9/2021,5:23:29 AM,-1.5091503E+1,3.3471916E+0,3.8354341E+3,0.0000000E+0
11236896,29/9/2021,5:23:30 AM,-1.1552787E+1,2.8860621E+0,3.8345413E+3,0.0000000E+0
11236897,29/9/2021,5:23:30 AM,-7.3089600E+0,1.1952540E+0,3.8345413E+3,0.0000000E+0
11236898,29/9/2021,5:23:30 AM,-4.9937072E+0,-9.7853827E-1,3.8327556E+3,0.0000000E+0
11236899,29/9/2021,5:23:30 AM,-3.5367143E+0,-2.1095073E+0,3.8345413E+3,0.0000000E+0
11236900,29/9/2021,5:23:30 AM,-1.5789876E+0,-3.3279779E+0,3.8336484E+3,0.0000000E+0
11236901,29/9/2021,5:23:30 AM,-1.6375664E+0,-4.7161698E+0,3.8363269E+3,0.0000000E+0
11236902,29/9/2021,5:23:30 AM,-2.4465442E+0,-7.3030896E+0,3.8327556E+3,0.0000000E+0
11236903,29/9/2021,5:23:30 AM,-4.0841761E+0,-1.1383993E+1,3.8309702E+3,0.0000000E+0
11236904,29/9/2021,5:23:30 AM,-4.0160403E+0,-1.3835195E+1,3.8336484E+3,0.0000000E+0
11236905,29/9/2021,5:23:30 AM,-3.5628595E+0,-1.5900902E+1,3.8336484E+3,0.0000000E+0
11236906,29/9/2021,5:23:31 AM,-5.1719694E+0,-1.8314882E+1,3.8318628E+3,0.0000000E+0
11236907,29/9/2021,5:23:31 AM,-6.2065644E+0,-2.1742907E+1,3.8309702E+3,0.0000000E+0
11236908,29/9/2021,5:23:31 AM,-5.7382441E+0,-2.6473131E+1,3.8291846E+3,0.0000000E+0
11236909,29/9/2021,5:23:31 AM,-5.4310427E+0,-3.0692707E+1,3.8291846E+3,0.0000000E+0
11236910,29/9/2021,5:23:31 AM,-5.6856236E+0,-3.4428509E+1,3.8291846E+3,0.0000000E+0
11236911,29/9/2021,5:23:31 AM,-6.4065218E+0,-3.8298691E+1,3.8291846E+3,0.0000000E+0
11236912,29/9/2021,5:23:31 AM,-8.2324467E+0,-4.1738853E+1,3.8273987E+3,0.0000000E+0
11236913,29/9/2021,5:23:31 AM,-1.1805365E+1,-4.5474655E+1,3.8238276E+3,0.0000000E+0
11236914,29/9/2021,5:23:31 AM,-1.6159695E+1,-4.7033482E+1,3.8247205E+3,0.0000000E+0
11236915,29/9/2021,5:23:31 AM,-1.9774710E+1,-4.7436626E+1,3.8247205E+3,0.0000000E+0
11236916,29/9/2021,5:23:32 AM,-2.5134850E+1,-4.6576588E+1,3.8238276E+3,0.0000000E+0
11236917,29/9/2021,5:23:32 AM,-2.9816406E+1,-4.5018307E+1,3.8256133E+3,0.0000000E+0
11236918,29/9/2021,5:23:32 AM,-3.5508389E+1,-4.2841301E+1,3.8220420E+3,0.0000000E+0
11236919,29/9/2021,5:23:32 AM,-3.9551289E+1,-4.0314899E+1,3.8238276E+3,0.0000000E+0
11236920,29/9/2021,5:23:32 AM,-4.1971710E+1,-3.7116585E+1,3.8256133E+3,0.0000000E+0
11236921,29/9/2021,5:23:32 AM,-4.2317486E+1,-3.4805199E+1,3.8265059E+3,0.0000000E+0
11236922,29/9/2021,5:23:32 AM,-4.3115429E+1,-3.1795015E+1,3.8265059E+3,0.0000000E+0
11236923,29/9/2021,5:23:32 AM,-4.2397282E+1,-3.0128666E+1,3.8256133E+3,0.0000000E+0
11236924,29/9/2021,5:23:32 AM,-4.0322632E+1,-2.8408564E+1,3.8282915E+3,0.0000000E+0
11236925,29/9/2021,5:23:32 AM,-3.8434174E+1,-2.7548515E+1,3.8238276E+3,0.0000000E+0
11236926,29/9/2021,5:23:33 AM,-3.6226536E+1,-2.4618965E+1,3.8291846E+3,0.0000000E+0
11236927,29/9/2021,5:23:33 AM,-3.3726318E+1,-2.2011934E+1,3.8291846E+3,0.0000000E+0
11236928,29/9/2021,5:23:33 AM,-3.3699722E+1,-2.0775612E+1,3.8256133E+3,0.0000000E+0
11236929,29/9/2021,5:23:33 AM,-3.2928379E+1,-1.7788380E+1,3.8282915E+3,0.0000000E+0
11236930,29/9/2021,5:23:33 AM,-3.2635799E+1,-1.3667623E+1,3.8273987E+3,0.0000000E+0
11236931,29/9/2021,5:23:33 AM,-3.2130436E+1,-9.3713999E+0,3.8309702E+3,0.0000000E+0
11236932,29/9/2021,5:23:33 AM,-2.9683416E+1,-5.7477922E+0,3.8309702E+3,0.0000000E+0
11236933,29/9/2021,5:23:33 AM,-2.8539700E+1,-1.7308301E+0,3.8327556E+3,0.0000000E+0
11236934,29/9/2021,5:23:33 AM,-2.7741758E+1,1.2673006E+0,3.8309702E+3,0.0000000E+0
11236935,29/9/2021,5:23:33 AM,-2.3964836E+1,2.3720858E+0,3.8336484E+3,0.0000000E+0
11236936,29/9/2021,5:23:34 AM,-1.8348591E+1,4.1189270E+0,3.8327556E+3,0.0000000E+0
11236937,29/9/2021,5:23:34 AM,-1.3281285E+1,5.5856204E+0,3.8363269E+3,0.0000000E+0
11236938,29/9/2021,5:23:34 AM,-7.3931084E+0,3.7954972E+0,3.8354341E+3,0.0000000E+0
11236939,29/9/2021,5:23:34 AM,-8.1904972E-1,2.4889688E+0,3.8363269E+3,0.0000000E+0
11236940,29/9/2021,5:23:34 AM,3.7751744E+0,-1.1518528E-1,3.8327556E+3,0.0000000E+0
11236941,29/9/2021,5:23:34 AM,8.8243723E+0,-2.5698261E+0,3.8354341E+3,0.0000000E+0
11236942,29/9/2021,5:23:34 AM,1.3757496E+1,-5.4927030E+0,3.8363269E+3,0.0000000E+0
11236943,29/9/2021,5:23:34 AM,1.5712328E+1,-8.7679090E+0,3.8327556E+3,0.0000000E+0
11236944,29/9/2021,5:23:34 AM,1.7083078E+1,-9.7143536E+0,3.8363269E+3,0.0000000E+0
11236945,29/9/2021,5:23:34 AM,1.5409763E+1,-1.0995777E+1,3.8336484E+3,0.0000000E+0
11236946,29/9/2021,5:23:35 AM,1.3557541E+1,-1.4199334E+1,3.8309702E+3,0.0000000E+0
11236947,29/9/2021,5:23:35 AM,1.2363067E+1,-1.5775855E+1,3.8327556E+3,0.0000000E+0
11236948,29/9/2021,5:23:35 AM,9.9583330E+0,-1.8213749E+1,3.8309702E+3,0.0000000E+0
11236949,29/9/2021,5:23:35 AM,7.1405330E+0,-1.9617464E+1,3.8327556E+3,0.0000000E+0
11236950,29/9/2021,5:23:35 AM,4.8336487E+0,-2.2092564E+1,3.8309702E+3,0.0000000E+0
11236951,29/9/2021,5:23:35 AM,2.9290280E+0,-2.4592089E+1,3.8291846E+3,0.0000000E+0
11236952,29/9/2021,5:23:35 AM,3.2071152E+0,-2.6446573E+1,3.8291846E+3,0.0000000E+0
11236953,29/9/2021,5:23:35 AM,3.4741108E+0,-2.8112923E+1,3.8291846E+3,0.0000000E+0
11236954,29/9/2021,5:23:35 AM,3.8448942E+0,-3.0155544E+1,3.8300774E+3,0.0000000E+0
11236955,29/9/2021,5:23:35 AM,4.7314458E+0,-3.2413181E+1,3.8282915E+3,0.0000000E+0
11236956,29/9/2021,5:23:36 AM,4.7298617E+0,-3.3515118E+1,3.8291846E+3,0.0000000E+0
11236957,29/9/2021,5:23:36 AM,4.6450887E+0,-3.3783886E+1,3.8291846E+3,0.0000000E+0
11236958,29/9/2021,5:23:36 AM,3.7355607E+0,-3.3837639E+1,3.8291846E+3,0.0000000E+0
11236959,29/9/2021,5:23:36 AM,1.6859540E+0,-3.1821892E+1,3.8309702E+3,0.0000000E+0
11236960,29/9/2021,5:23:36 AM,-3.2395988E+0,-3.0289928E+1,3.8291846E+3,0.0000000E+0
11236961,29/9/2021,5:23:36 AM,-9.2137594E+0,-2.7709772E+1,3.8291846E+3,0.0000000E+0
11236962,29/9/2021,5:23:36 AM,-1.4333685E+1,-2.4995237E+1,3.8291846E+3,0.0000000E+0
11236963,29/9/2021,5:23:36 AM,-2.0613483E+1,-2.1662539E+1,3.8291846E+3,0.0000000E+0
11236964,29/9/2021,5:23:36 AM,-2.6358662E+1,-1.7942577E+1,3.8309702E+3,0.0000000E+0
11236965,29/9/2021,5:23:36 AM,-3.3167759E+1,-1.5462146E+1,3.8291846E+3,0.0000000E+0
11236966,29/9/2021,5:23:37 AM,-3.8380978E+1,-1.3928162E+1,3.8282915E+3,0.0000000E+0
11236967,29/9/2021,5:23:37 AM,-4.1546143E+1,-1.2362273E+1,3.8291846E+3,0.0000000E+0
11236968,29/9/2021,5:23:37 AM,-4.3673988E+1,-1.0743214E+1,3.8291846E+3,0.0000000E+0
11236969,29/9/2021,5:23:37 AM,-4.6440186E+1,-9.5814257E+0,3.8291846E+3,0.0000000E+0
11236970,29/9/2021,5:23:37 AM,-4.6945545E+1,-1.0145040E+1,3.8291846E+3,0.0000000E+0
11236971,29/9/2021,5:23:37 AM,-4.7903076E+1,-1.0408237E+1,3.8273987E+3,0.0000000E+0
11236972,29/9/2021,5:23:37 AM,-4.8328644E+1,-9.7595491E+0,3.8291846E+3,0.0000000E+0
11236973,29/9/2021,5:23:37 AM,-4.7637096E+1,-9.5734510E+0,3.8309702E+3,0.0000000E+0
11236974,29/9/2021,5:23:37 AM,-4.7982868E+1,-9.9589405E+0,3.8291846E+3,0.0000000E+0
11236975,29/9/2021,5:23:37 AM,-4.8275448E+1,-1.1623196E+1,3.8273987E+3,0.0000000E+0
11236976,29/9/2021,5:23:38 AM,-4.7956272E+1,-1.1551414E+1,3.8309702E+3,0.0000000E+0
11236977,29/9/2021,5:23:38 AM,-4.8328644E+1,-1.3242253E+1,3.8273987E+3,0.0000000E+0
11236978,29/9/2021,5:23:38 AM,-4.6599770E+1,-1.4813458E+1,3.8291846E+3,0.0000000E+0
11236979,29/9/2021,5:23:38 AM,-4.4977291E+1,-1.5369098E+1,3.8309702E+3,0.0000000E+0
11236980,29/9/2021,5:23:38 AM,-4.3408009E+1,-1.7846869E+1,3.8273987E+3,0.0000000E+0
11236981,29/9/2021,5:23:38 AM,-4.0109852E+1,-2.0668104E+1,3.8291846E+3,0.0000000E+0
11236982,29/9/2021,5:23:38 AM,-3.6465919E+1,-2.3705160E+1,3.8273987E+3,0.0000000E+0
11236983,29/9/2021,5:23:38 AM,-3.2981575E+1,-2.6634710E+1,3.8291846E+3,0.0000000E+0
11236984,29/9/2021,5:23:38 AM,-2.9550426E+1,-3.0719954E+1,3.8256133E+3,0.0000000E+0
11236985,29/9/2021,5:23:38 AM,-2.4310612E+1,-3.4455803E+1,3.8282915E+3,0.0000000E+0
11236986,29/9/2021,5:23:39 AM,-1.9445717E+1,-3.7277843E+1,3.8256133E+3,0.0000000E+0
11236987,29/9/2021,5:23:39 AM,-1.6054359E+1,-3.9723614E+1,3.8256133E+3,0.0000000E+0
11236988,29/9/2021,5:23:39 AM,-1.1944737E+1,-4.0798679E+1,3.8273987E+3,0.0000000E+0
11236989,29/9/2021,5:23:39 AM,-9.3400478E+0,-4.2142509E+1,3.8256133E+3,0.0000000E+0
11236990,29/9/2021,5:23:39 AM,-7.3983707E+0,-4.1712482E+1,3.8273987E+3,0.0000000E+0
11236991,29/9/2021,5:23:39 AM,-5.7382097E+0,-4.0341774E+1,3.8273987E+3,0.0000000E+0
11236992,29/9/2021,5:23:39 AM,-3.0597529E+0,-3.9750488E+1,3.8282915E+3,0.0000000E+0
11236993,29/9/2021,5:23:39 AM,-1.0979594E+0,-3.7519733E+1,3.8291846E+3,0.0000000E+0
11236994,29/9/2021,5:23:39 AM,-7.2326529E-1,-3.5127716E+1,3.8309702E+3,0.0000000E+0
11236995,29/9/2021,5:23:39 AM,6.2932783E-1,-3.4428925E+1,3.8291846E+3,0.0000000E+0
11236996,29/9/2021,5:23:40 AM,3.1302652E+0,-3.2977589E+1,3.8309702E+3,0.0000000E+0
11236997,29/9/2021,5:23:40 AM,3.8298409E+0,-3.0128666E+1,3.8309702E+3,0.0000000E+0
11236998,29/9/2021,5:23:40 AM,4.4620733E+0,-2.8086044E+1,3.8309702E+3,0.0000000E+0
11236999,29/9/2021,5:23:40 AM,4.4707885E+0,-2.6527205E+1,3.8309702E+3,0.0000000E+0
11237000,29/9/2021,5:23:40 AM,3.0470767E+0,-2.4000803E+1,3.8291846E+3,0.0000000E+0
11237001,29/9/2021,5:23:40 AM,5.8130372E-1,-1.9830149E+1,3.8318628E+3,0.0000000E+0
11237002,29/9/2021,5:23:40 AM,-9.3594372E-1,-1.6339468E+1,3.8309702E+3,0.0000000E+0
11237003,29/9/2021,5:23:40 AM,-4.1324887E+0,-1.1857147E+1,3.8318628E+3,0.0000000E+0
11237004,29/9/2021,5:23:40 AM,-7.8219614E+0,-7.3216558E+0,3.8327556E+3,0.0000000E+0
11237005,29/9/2021,5:23:40 AM,-1.2026299E+1,-2.7139285E+0,3.8327556E+3,0.0000000E+0
11237006,29/9/2021,5:23:41 AM,-1.5157187E+1,9.0948373E-1,3.8345413E+3,0.0000000E+0
11237007,29/9/2021,5:23:41 AM,-1.5854403E+1,4.0332661E+0,3.8336484E+3,0.0000000E+0
11237008,29/9/2021,5:23:41 AM,-1.6556881E+1,6.5028214E+0,3.8354341E+3,0.0000000E+0
11237009,29/9/2021,5:23:41 AM,-1.6254314E+1,7.2578511E+0,3.8354341E+3,0.0000000E+0
11237010,29/9/2021,5:23:41 AM,-1.5351882E+1,7.0185804E+0,3.8345413E+3,0.0000000E+0
11237011,29/9/2021,5:23:41 AM,-1.4481021E+1,6.4044547E+0,3.8345413E+3,0.0000000E+0
11237012,29/9/2021,5:23:41 AM,-1.0929172E+1,3.8739529E+0,3.8345413E+3,0.0000000E+0
11237013,29/9/2021,5:23:41 AM,-7.8561640E+0,1.1971803E-1,3.8345413E+3,0.0000000E+0
11237014,29/9/2021,5:23:41 AM,-5.5277300E+0,-4.8874731E+0,3.8309702E+3,0.0000000E+0
11237015,29/9/2021,5:23:41 AM,-3.8092418E+0,-8.0128794E+0,3.8327556E+3,0.0000000E+0
11237016,29/9/2021,5:23:42 AM,-3.0351925E+0,-1.0506603E+1,3.8327556E+3,0.0000000E+0
11237017,29/9/2021,5:23:42 AM,-2.9496272E+0,-1.2590908E+1,3.8309702E+3,0.0000000E+0
11237018,29/9/2021,5:23:42 AM,-3.3932991E+0,-1.3276815E+1,3.8327556E+3,0.0000000E+0
11237019,29/9/2021,5:23:42 AM,-5.8197708E+0,-1.2609518E+1,3.8309702E+3,0.0000000E+0
11237020,29/9/2021,5:23:42 AM,-8.9427671E+0,-1.3412401E+1,3.8318628E+3,0.0000000E+0
11237021,29/9/2021,5:23:42 AM,-1.2107859E+1,-1.4659264E+1,3.8309702E+3,0.0000000E+0
11237022,29/9/2021,5:23:42 AM,-1.5428181E+1,-1.4095651E+1,3.8318628E+3,0.0000000E+0
11237023,29/9/2021,5:23:42 AM,-1.8764288E+1,-1.5217560E+1,3.8309702E+3,0.0000000E+0
11237024,29/9/2021,5:23:42 AM,-2.0480494E+1,-1.8147285E+1,3.8291846E+3,0.0000000E+0
11237025,29/9/2021,5:23:42 AM,-2.2049778E+1,-2.0032200E+1,3.8291846E+3,0.0000000E+0
11237026,29/9/2021,5:23:43 AM,-2.4310612E+1,-2.1796923E+1,3.8291846E+3,0.0000000E+0
11237027,29/9/2021,5:23:43 AM,-2.5294741E+1,-2.5048990E+1,3.8291846E+3,0.0000000E+0
11237028,29/9/2021,5:23:43 AM,-2.5241543E+1,-2.8516071E+1,3.8273987E+3,0.0000000E+0
11237029,29/9/2021,5:23:43 AM,-2.5401131E+1,-3.1203732E+1,3.8273987E+3,0.0000000E+0
11237030,29/9/2021,5:23:43 AM,-2.6039486E+1,-3.3622627E+1,3.8256133E+3,0.0000000E+0
11237031,29/9/2021,5:23:43 AM,-2.6465052E+1,-3.5987766E+1,3.8265059E+3,0.0000000E+0
11237032,29/9/2021,5:23:43 AM,-2.8193926E+1,-3.6794064E+1,3.8247205E+3,0.0000000E+0
11237033,29/9/2021,5:23:43 AM,-3.0321770E+1,-3.6202778E+1,3.8273987E+3,0.0000000E+0
11237034,29/9/2021,5:23:43 AM,-3.2928379E+1,-3.4966454E+1,3.8256133E+3,0.0000000E+0
11237035,29/9/2021,5:23:43 AM,-3.6173336E+1,-3.4590183E+1,3.8238276E+3,0.0000000E+0
11237036,29/9/2021,5:23:44 AM,-3.8620358E+1,-3.2359425E+1,3.8256133E+3,0.0000000E+0
11237037,29/9/2021,5:23:44 AM,-4.1226967E+1,-2.8865467E+1,3.8273987E+3,0.0000000E+0
11237038,29/9/2021,5:23:44 AM,-4.3461205E+1,-2.6070301E+1,3.8273987E+3,0.0000000E+0
11237039,29/9/2021,5:23:44 AM,-4.3062233E+1,-2.4377077E+1,3.8273987E+3,0.0000000E+0
11237040,29/9/2021,5:23:44 AM,-4.0429028E+1,-2.3866421E+1,3.8291846E+3,0.0000000E+0
11237041,29/9/2021,5:23:44 AM,-3.8194790E+1,-2.3732037E+1,3.8273987E+3,0.0000000E+0
11237042,29/9/2021,5:23:44 AM,-3.5136017E+1,-2.3758913E+1,3.8282915E+3,0.0000000E+0
11237043,29/9/2021,5:23:44 AM,-3.0773935E+1,-2.4108309E+1,3.8291846E+3,0.0000000E+0
11237044,29/9/2021,5:23:44 AM,-2.5826700E+1,-2.6043423E+1,3.8273987E+3,0.0000000E+0
11237045,29/9/2021,5:23:44 AM,-2.0985855E+1,-2.8435440E+1,3.8273987E+3,0.0000000E+0
11237046,29/9/2021,5:23:45 AM,-1.6088562E+1,-2.9429874E+1,3.8256133E+3,0.0000000E+0
11237047,29/9/2021,5:23:45 AM,-1.1486943E+1,-2.9618013E+1,3.8282915E+3,0.0000000E+0
11237048,29/9/2021,5:23:45 AM,-7.0668645E+0,-2.7763527E+1,3.8309702E+3,0.0000000E+0
11237049,29/9/2021,5:23:45 AM,-3.3552704E+0,-2.5129620E+1,3.8309702E+3,0.0000000E+0
11237050,29/9/2021,5:23:45 AM,-1.6891232E+0,-2.4054556E+1,3.8291846E+3,0.0000000E+0
11237051,29/9/2021,5:23:45 AM,2.1169498E+0,-2.3248259E+1,3.8309702E+3,0.0000000E+0
11237052,29/9/2021,5:23:45 AM,4.9374366E+0,-2.0072079E+1,3.8318628E+3,0.0000000E+0
11237053,29/9/2021,5:23:45 AM,6.4669967E+0,-1.6429859E+1,3.8345413E+3,0.0000000E+0
11237054,29/9/2021,5:23:45 AM,9.5426350E+0,-1.5305292E+1,3.8354341E+3,0.0000000E+0
11237055,29/9/2021,5:23:45 AM,1.1584291E+1,-1.4523677E+1,3.8327556E+3,0.0000000E+0
11237056,29/9/2021,5:23:46 AM,1.1394858E+1,-1.3218328E+1,3.8336484E+3,0.0000000E+0
11237057,29/9/2021,5:23:46 AM,1.1810556E+1,-1.3431011E+1,3.8327556E+3,0.0000000E+0
11237058,29/9/2021,5:23:46 AM,1.2249933E+1,-1.2556347E+1,3.8345413E+3,0.0000000E+0
11237059,29/9/2021,5:23:46 AM,1.1015995E+1,-1.1567366E+1,3.8336484E+3,0.0000000E+0
11237060,29/9/2021,5:23:46 AM,8.0087624E+0,-1.1421145E+1,3.8327556E+3,0.0000000E+0
11237061,29/9/2021,5:23:46 AM,4.7575908E+0,-1.1479633E+1,3.8327556E+3,0.0000000E+0
11237062,29/9/2021,5:23:46 AM,-5.2773824E-4,-1.0931972E+1,3.8300774E+3,0.0000000E+0
11237063,29/9/2021,5:23:46 AM,-4.8716779E+0,-7.5449743E+0,3.8345413E+3,0.0000000E+0
11237064,29/9/2021,5:23:46 AM,-8.9532909E+0,-5.5767632E+0,3.8327556E+3,0.0000000E+0
11237065,29/9/2021,5:23:46 AM,-1.4304743E+1,-4.7633848E+0,3.8327556E+3,0.0000000E+0
11237066,29/9/2021,5:23:47 AM,-1.9001078E+1,-3.9179840E+0,3.8300774E+3,0.0000000E+0
11237067,29/9/2021,5:23:47 AM,-2.2289160E+1,-1.5000747E+0,3.8318628E+3,0.0000000E+0
11237068,29/9/2021,5:23:47 AM,-2.5002161E+1,6.0552251E-1,3.8345413E+3,0.0000000E+0
11237069,29/9/2021,5:23:47 AM,-2.6943819E+1,3.4875539E-1,3.8327556E+3,0.0000000E+0
11237070,29/9/2021,5:23:47 AM,-2.8459906E+1,-8.7375498E-1,3.8327556E+3,0.0000000E+0
11237071,29/9/2021,5:23:47 AM,-3.0481358E+1,-1.9653966E+0,3.8309702E+3,0.0000000E+0
11237072,29/9/2021,5:23:47 AM,-3.3114567E+1,-3.2807312E+0,3.8309702E+3,0.0000000E+0
11237073,29/9/2021,5:23:47 AM,-3.4417870E+1,-3.8547390E+0,3.8327556E+3,0.0000000E+0
11237074,29/9/2021,5:23:47 AM,-3.5588181E+1,-6.3246984E+0,3.8309702E+3,0.0000000E+0
11237075,29/9/2021,5:23:47 AM,-3.7210663E+1,-9.2092285E+0,3.8291846E+3,0.0000000E+0
11237076,29/9/2021,5:23:48 AM,-3.8886337E+1,-1.1968807E+1,3.8309702E+3,0.0000000E+0
11237077,29/9/2021,5:23:48 AM,-4.1120575E+1,-1.4459871E+1,3.8282915E+3,0.0000000E+0
11237078,29/9/2021,5:23:48 AM,-4.2636662E+1,-1.6977522E+1,3.8291846E+3,0.0000000E+0
11237079,29/9/2021,5:23:48 AM,-4.3009037E+1,-2.0399340E+1,3.8291846E+3,0.0000000E+0
11237080,29/9/2021,5:23:48 AM,-4.2051506E+1,-2.4699594E+1,3.8273987E+3,0.0000000E+0
11237081,29/9/2021,5:23:48 AM,-4.0907791E+1,-2.9053602E+1,3.8256133E+3,0.0000000E+0
11237082,29/9/2021,5:23:48 AM,-3.9099125E+1,-3.3676380E+1,3.8265059E+3,0.0000000E+0
11237083,29/9/2021,5:23:48 AM,-3.5827564E+1,-3.8299152E+1,3.8256133E+3,0.0000000E+0
11237084,29/9/2021,5:23:48 AM,-3.1013319E+1,-4.3674473E+1,3.8247205E+3,0.0000000E+0
11237085,29/9/2021,5:23:48 AM,-2.6784229E+1,-4.7464073E+1,3.8256133E+3,0.0000000E+0
11237086,29/9/2021,5:23:49 AM,-2.1704004E+1,-5.0743019E+1,3.8238276E+3,0.0000000E+0
11237087,29/9/2021,5:23:49 AM,-1.8806385E+1,-5.3780075E+1,3.8220420E+3,0.0000000E+0
11237088,29/9/2021,5:23:49 AM,-1.4817789E+1,-5.5312042E+1,3.8247205E+3,0.0000000E+0
11237089,29/9/2021,5:23:49 AM,-1.1371180E+1,-5.6279598E+1,3.8238276E+3,0.0000000E+0
11237090,29/9/2021,5:23:49 AM,-1.0195123E+1,-5.5957081E+1,3.8238276E+3,0.0000000E+0
11237091,29/9/2021,5:23:49 AM,-7.5799093E+0,-5.3215668E+1,3.8273987E+3,0.0000000E+0
11237092,29/9/2021,5:23:49 AM,-6.9774103E+0,-5.0178608E+1,3.8291846E+3,0.0000000E+0
11237093,29/9/2021,5:23:49 AM,-8.5612717E+0,-4.9049793E+1,3.8238276E+3,0.0000000E+0
11237094,29/9/2021,5:23:49 AM,-7.7588177E+0,-4.6657776E+1,3.8256133E+3,0.0000000E+0
11237095,29/9/2021,5:23:49 AM,-7.6404223E+0,-4.2008121E+1,3.8256133E+3,0.0000000E+0
11237096,29/9/2021,5:23:50 AM,-6.2459927E+0,-3.7815376E+1,3.8291846E+3,0.0000000E+0
11237097,29/9/2021,5:23:50 AM,-4.0801988E+0,-3.3918266E+1,3.8291846E+3,0.0000000E+0
11237098,29/9/2021,5:23:50 AM,-3.1199656E+0,-2.9725521E+1,3.8282915E+3,0.0000000E+0
11237099,29/9/2021,5:23:50 AM,-2.4885252E+0,-2.5264002E+1,3.8291846E+3,0.0000000E+0
11237100,29/9/2021,5:23:50 AM,-4.2430153E-1,-2.0479967E+1,3.8291846E+3,0.0000000E+0
11237101,29/9/2021,5:23:50 AM,1.5306687E+0,-1.5105900E+1,3.8318628E+3,0.0000000E+0
11237102,29/9/2021,5:23:50 AM,2.3657229E+0,-8.9726171E+0,3.8345413E+3,0.0000000E+0
11237103,29/9/2021,5:23:50 AM,2.1248724E+0,-3.7274487E+0,3.8345413E+3,0.0000000E+0
11237104,29/9/2021,5:23:50 AM,1.4894706E+0,8.5669047E-1,3.8345413E+3,0.0000000E+0
11237105,29/9/2021,5:23:50 AM,-1.1240824E-1,6.2688684E+0,3.8363269E+3,0.0000000E+0
11237106,29/9/2021,5:23:51 AM,-2.6438103E+0,1.1992734E+1,3.8381123E+3,0.0000000E+0
11237107,29/9/2021,5:23:51 AM,-5.9144864E+0,1.6318199E+1,3.8381123E+3,0.0000000E+0
11237108,29/9/2021,5:23:51 AM,-9.9635954E+0,2.0757984E+1,3.8390051E+3,0.0000000E+0
11237109,29/9/2021,5:23:51 AM,-1.6441114E+1,2.4054556E+1,3.8390051E+3,0.0000000E+0
11237110,29/9/2021,5:23:51 AM,-2.1491219E+1,2.4377077E+1,3.8363269E+3,0.0000000E+0
11237111,29/9/2021,5:23:51 AM,-2.6731035E+1,2.3893295E+1,3.8381123E+3,0.0000000E+0
11237112,29/9/2021,5:23:51 AM,-3.0108984E+1,2.2092564E+1,3.8363269E+3,0.0000000E+0
11237113,29/9/2021,5:23:51 AM,-3.3912506E+1,1.9029926E+1,3.8354341E+3,0.0000000E+0
11237114,29/9/2021,5:23:51 AM,-3.6731899E+1,1.3457597E+1,3.8318628E+3,0.0000000E+0
11237115,29/9/2021,5:23:51 AM,-3.7875614E+1,8.4196377E+0,3.8318628E+3,0.0000000E+0
11237116,29/9/2021,5:23:52 AM,-3.8354378E+1,4.0540810E+0,3.8309702E+3,0.0000000E+0
11237117,29/9/2021,5:23:52 AM,-3.7104271E+1,-1.0969263E+0,3.8309702E+3,0.0000000E+0
11237118,29/9/2021,5:23:52 AM,-3.5401997E+1,-6.3831863E+0,3.8291846E+3,0.0000000E+0
11237119,29/9/2021,5:23:52 AM,-3.4072094E+1,-1.1453048E+1,3.8273987E+3,0.0000000E+0
11237120,29/9/2021,5:23:52 AM,-3.2688995E+1,-1.5502024E+1,3.8273987E+3,0.0000000E+0
11237121,29/9/2021,5:23:52 AM,-3.0561152E+1,-1.9734442E+1,3.8282915E+3,0.0000000E+0
11237122,29/9/2021,5:23:52 AM,-2.7023613E+1,-2.2952616E+1,3.8282915E+3,0.0000000E+0
11237123,29/9/2021,5:23:52 AM,-2.5294741E+1,-2.5774658E+1,3.8309702E+3,0.0000000E+0
11237124,29/9/2021,5:23:52 AM,-2.4177622E+1,-2.9161110E+1,3.8291846E+3,0.0000000E+0
11237125,29/9/2021,5:23:52 AM,-2.2395554E+1,-3.3380737E+1,3.8273987E+3,0.0000000E+0
11237126,29/9/2021,5:23:53 AM,-2.1065651E+1,-3.6928448E+1,3.8256133E+3,0.0000000E+0
11237127,29/9/2021,5:23:53 AM,-1.8538023E+1,-3.9186081E+1,3.8291846E+3,0.0000000E+0
11237128,29/9/2021,5:23:53 AM,-1.6472689E+1,-4.2330643E+1,3.8273987E+3,0.0000000E+0
11237129,29/9/2021,5:23:53 AM,-1.3946928E+1,-4.6899666E+1,3.8256133E+3,0.0000000E+0
11237130,29/9/2021,5:23:53 AM,-1.0171444E+1,-5.0581760E+1,3.8256133E+3,0.0000000E+0
11237131,29/9/2021,5:23:53 AM,-6.6695833E+0,-5.3000652E+1,3.8238276E+3,0.0000000E+0
11237132,29/9/2021,5:23:53 AM,-2.4520805E+0,-5.5177658E+1,3.8238276E+3,0.0000000E+0
11237133,29/9/2021,5:23:53 AM,4.0564308E+0,-5.7784687E+1,3.8247205E+3,0.0000000E+0
11237134,29/9/2021,5:23:53 AM,8.5744276E+0,-5.9585419E+1,3.8238276E+3,0.0000000E+0
11237135,29/9/2021,5:23:53 AM,1.2121015E+1,-5.9531666E+1,3.8238276E+3,0.0000000E+0
11237136,29/9/2021,5:23:54 AM,1.5417657E+1,-5.7032143E+1,3.8256133E+3,0.0000000E+0
11237137,29/9/2021,5:23:54 AM,1.7540873E+1,-5.3403801E+1,3.8273987E+3,0.0000000E+0
11237138,29/9/2021,5:23:54 AM,1.8848480E+1,-4.9560448E+1,3.8282915E+3,0.0000000E+0
11237139,29/9/2021,5:23:54 AM,1.8824800E+1,-4.4158253E+1,3.8291846E+3,0.0000000E+0
11237140,29/9/2021,5:23:54 AM,1.6351660E+1,-3.8299152E+1,3.8309702E+3,0.0000000E+0
11237141,29/9/2021,5:23:54 AM,1.4249493E+1,-3.2655067E+1,3.8309702E+3,0.0000000E+0
11237142,29/9/2021,5:23:54 AM,1.1181747E+1,-2.5828411E+1,3.8327556E+3,0.0000000E+0
11237143,29/9/2021,5:23:54 AM,6.8800635E+0,-1.8652411E+1,3.8327556E+3,0.0000000E+0
11237144,29/9/2021,5:23:54 AM,2.7919650E+0,-1.3018935E+1,3.8327556E+3,0.0000000E+0
11237145,29/9/2021,5:23:54 AM,-1.1338457E+0,-7.9118547E+0,3.8345413E+3,0.0000000E+0
11237146,29/9/2021,5:23:55 AM,-5.7987227E+0,-3.3007457E+0,3.8309702E+3,0.0000000E+0
11237147,29/9/2021,5:23:55 AM,-1.0916017E+1,1.7948754E+0,3.8345413E+3,0.0000000E+0
11237148,29/9/2021,5:23:55 AM,-1.6688429E+1,6.4868698E+0,3.8345413E+3,0.0000000E+0
11237149,29/9/2021,5:23:55 AM,-2.0719875E+1,9.4033031E+0,3.8327556E+3,0.0000000E+0
11237150,29/9/2021,5:23:55 AM,-2.4390406E+1,1.3853721E+1,3.8363269E+3,0.0000000E+0
11237151,29/9/2021,5:23:55 AM,-2.9603622E+1,1.8131334E+1,3.8354341E+3,0.0000000E+0
11237152,29/9/2021,5:23:55 AM,-3.5189209E+1,2.0614424E+1,3.8363269E+3,0.0000000E+0
11237153,29/9/2021,5:23:55 AM,-3.9311909E+1,2.3060122E+1,3.8354341E+3,0.0000000E+0
11237154,29/9/2021,5:23:55 AM,-4.2450478E+1,2.3812668E+1,3.8381123E+3,0.0000000E+0
11237155,29/9/2021,5:23:55 AM,-4.4737907E+1,2.2737602E+1,3.8363269E+3,0.0000000E+0
11237156,29/9/2021,5:23:56 AM,-4.6067810E+1,1.8971436E+1,3.8354341E+3,0.0000000E+0
11237157,29/9/2021,5:23:56 AM,-4.8514832E+1,1.3776624E+1,3.8309702E+3,0.0000000E+0
11237158,29/9/2021,5:23:56 AM,-5.0084118E+1,9.6744757E+0,3.8309702E+3,0.0000000E+0
11237159,29/9/2021,5:23:56 AM,-5.0802261E+1,5.8807201E+0,3.8336484E+3,0.0000000E+0
11237160,29/9/2021,5:23:56 AM,-5.1467213E+1,-2.6503277E-1,3.8300774E+3,0.0000000E+0
11237161,29/9/2021,5:23:56 AM,-5.1573605E+1,-7.1648011E+0,3.8273987E+3,0.0000000E+0
11237162,29/9/2021,5:23:56 AM,-5.2770519E+1,-1.2457981E+1,3.8265059E+3,0.0000000E+0
11237163,29/9/2021,5:23:56 AM,-5.5084549E+1,-1.6913717E+1,3.8256133E+3,0.0000000E+0
11237164,29/9/2021,5:23:56 AM,-5.4552589E+1,-2.1581909E+1,3.8256133E+3,0.0000000E+0
11237165,29/9/2021,5:23:56 AM,-5.4100422E+1,-2.4914606E+1,3.8273987E+3,0.0000000E+0
11237166,29/9/2021,5:23:57 AM,-5.2424744E+1,-2.8677332E+1,3.8256133E+3,0.0000000E+0
11237167,29/9/2021,5:23:57 AM,-5.0908653E+1,-3.3541996E+1,3.8238276E+3,0.0000000E+0
11237168,29/9/2021,5:23:57 AM,-4.7557304E+1,-3.8218525E+1,3.8238276E+3,0.0000000E+0
11237169,29/9/2021,5:23:57 AM,-4.4844303E+1,-4.0207394E+1,3.8256133E+3,0.0000000E+0
11237170,29/9/2021,5:23:57 AM,-4.0721603E+1,-4.2921928E+1,3.8273987E+3,0.0000000E+0
11237171,29/9/2021,5:23:57 AM,-3.4045498E+1,-4.7114677E+1,3.8256133E+3,0.0000000E+0
11237172,29/9/2021,5:23:57 AM,-2.6066082E+1,-5.3027531E+1,3.8238276E+3,0.0000000E+0
11237173,29/9/2021,5:23:57 AM,-2.0187916E+1,-5.7650303E+1,3.8220420E+3,0.0000000E+0
11237174,29/9/2021,5:23:57 AM,-1.2486724E+1,-6.1171139E+1,3.8238276E+3,0.0000000E+0
11237175,29/9/2021,5:23:57 AM,-5.0079489E+0,-6.4208199E+1,3.8256133E+3,0.0000000E+0
11237176,29/9/2021,5:23:58 AM,1.9260122E+0,-6.6170189E+1,3.8220420E+3,0.0000000E+0
11237177,29/9/2021,5:23:58 AM,6.8853254E+0,-6.7675278E+1,3.8220420E+3,0.0000000E+0
11237178,29/9/2021,5:23:58 AM,1.0958113E+1,-6.7460266E+1,3.8220420E+3,0.0000000E+0
11237179,29/9/2021,5:23:58 AM,1.5162450E+1,-6.3186886E+1,3.8273987E+3,0.0000000E+0
11237180,29/9/2021,5:23:58 AM,1.7940786E+1,-5.8537235E+1,3.8273987E+3,0.0000000E+0
11237181,29/9/2021,5:23:58 AM,1.9990334E+1,-5.4263851E+1,3.8265059E+3,0.0000000E+0
11237182,29/9/2021,5:23:58 AM,2.1251837E+1,-4.8781025E+1,3.8291846E+3,0.0000000E+0
11237183,29/9/2021,5:23:58 AM,2.0586885E+1,-4.3029434E+1,3.8282915E+3,0.0000000E+0
11237184,29/9/2021,5:23:58 AM,2.2049778E+1,-3.6390915E+1,3.8309702E+3,0.0000000E+0
11237185,29/9/2021,5:23:58 AM,2.2608337E+1,-2.9537382E+1,3.8336484E+3,0.0000000E+0
11237186,29/9/2021,5:23:59 AM,2.1704004E+1,-2.5156496E+1,3.8318628E+3,0.0000000E+0
11237187,29/9/2021,5:23:59 AM,2.2608337E+1,-2.1313145E+1,3.8327556E+3,0.0000000E+0
11237188,29/9/2021,5:23:59 AM,2.1996582E+1,-1.6623934E+1,3.8327556E+3,0.0000000E+0
11237189,29/9/2021,5:23:59 AM,1.9503599E+1,-1.0511920E+1,3.8345413E+3,0.0000000E+0
11237190,29/9/2021,5:23:59 AM,1.6264839E+1,-5.0435839E+0,3.8354341E+3,0.0000000E+0
11237191,29/9/2021,5:23:59 AM,1.3239189E+1,-5.6232810E-1,3.8345413E+3,0.0000000E+0
11237192,29/9/2021,5:23:59 AM,9.5742064E+0,4.0060468E+0,3.8345413E+3,0.0000000E+0
11237193,29/9/2021,5:23:59 AM,3.0930283E+0,9.9802094E+0,3.8345413E+3,0.0000000E+0
11237194,29/9/2021,5:23:59 AM,-2.8767381E+0,1.7791039E+1,3.8381123E+3,0.0000000E+0
11237195,29/9/2021,5:23:59 AM,-9.3952990E+0,2.4699594E+1,3.8381123E+3,0.0000000E+0
11237196,29/9/2021,5:24:00 AM,-1.6088562E+1,2.9376123E+1,3.8390051E+3,0.0000000E+0
11237197,29/9/2021,5:24:00 AM,-2.2954111E+1,3.2628193E+1,3.8381123E+3,0.0000000E+0
11237198,29/9/2021,5:24:00 AM,-2.7582170E+1,3.4536430E+1,3.8381123E+3,0.0000000E+0
11237199,29/9/2021,5:24:00 AM,-3.1013319E+1,3.6713436E+1,3.8398979E+3,0.0000000E+0
11237200,29/9/2021,5:24:00 AM,-3.5242409E+1,3.7224087E+1,3.8390051E+3,0.0000000E+0
11237201,29/9/2021,5:24:00 AM,-3.6997879E+1,3.4294540E+1,3.8381123E+3,0.0000000E+0
11237202,29/9/2021,5:24:00 AM,-3.6199936E+1,2.9053602E+1,3.8372195E+3,0.0000000E+0
11237203,29/9/2021,5:24:00 AM,-3.7450047E+1,2.3194504E+1,3.8327556E+3,0.0000000E+0
11237204,29/9/2021,5:24:00 AM,-3.8939533E+1,1.8157919E+1,3.8345413E+3,0.0000000E+0
11237205,29/9/2021,5:24:00 AM,-3.9338505E+1,1.2096418E+1,3.8327556E+3,0.0000000E+0
11237206,29/9/2021,5:24:01 AM,-3.9577888E+1,4.3326788E+0,3.8291846E+3,0.0000000E+0
11237207,29/9/2021,5:24:01 AM,-3.9604485E+1,-1.7507094E+0,3.8291846E+3,0.0000000E+0
11237208,29/9/2021,5:24:01 AM,-4.0109852E+1,-7.2259483E+0,3.8291846E+3,0.0000000E+0
11237209,29/9/2021,5:24:01 AM,-4.3009037E+1,-1.1737513E+1,3.8291846E+3,0.0000000E+0
11237210,29/9/2021,5:24:01 AM,-4.4658115E+1,-1.6491007E+1,3.8282915E+3,0.0000000E+0
11237211,29/9/2021,5:24:01 AM,-4.4711311E+1,-2.0936871E+1,3.8273987E+3,0.0000000E+0
11237212,29/9/2021,5:24:01 AM,-4.2610065E+1,-2.6957230E+1,3.8256133E+3,0.0000000E+0
11237213,29/9/2021,5:24:01 AM,-4.0588612E+1,-3.2117535E+1,3.8256133E+3,0.0000000E+0
11237214,29/9/2021,5:24:01 AM,-3.7662830E+1,-3.6740311E+1,3.8273987E+3,0.0000000E+0
11237215,29/9/2021,5:24:01 AM,-3.4311478E+1,-4.2061878E+1,3.8256133E+3,0.0000000E+0
11237216,29/9/2021,5:24:02 AM,-2.9337643E+1,-4.6980297E+1,3.8273987E+3,0.0000000E+0
11237217,29/9/2021,5:24:02 AM,-2.3273289E+1,-5.4290730E+1,3.8238276E+3,0.0000000E+0
11237218,29/9/2021,5:24:02 AM,-1.7019936E+1,-6.1386154E+1,3.8220420E+3,0.0000000E+0
11237219,29/9/2021,5:24:02 AM,-1.1978941E+1,-6.6197067E+1,3.8238276E+3,0.0000000E+0
11237220,29/9/2021,5:24:02 AM,-8.2587070E+0,-6.9879158E+1,3.8220420E+3,0.0000000E+0
11237221,29/9/2021,5:24:02 AM,-6.1170735E+0,-7.2728081E+1,3.8238276E+3,0.0000000E+0
11237222,29/9/2021,5:24:02 AM,-2.3427470E+0,-7.4985710E+1,3.8220420E+3,0.0000000E+0
11237223,29/9/2021,5:24:02 AM,1.2401848E-2,-7.5173843E+1,3.8220420E+3,0.0000000E+0
11237224,29/9/2021,5:24:02 AM,-1.9763798E-1,-7.3050598E+1,3.8220420E+3,0.0000000E+0
11237225,29/9/2021,5:24:02 AM,-2.2833269E+0,-6.9529762E+1,3.8220420E+3,0.0000000E+0
11237226,29/9/2021,5:24:03 AM,-3.6278117E+0,-6.3939430E+1,3.8256133E+3,0.0000000E+0
11237227,29/9/2021,5:24:03 AM,-4.1412034E+0,-5.9182270E+1,3.8238276E+3,0.0000000E+0
11237228,29/9/2021,5:24:03 AM,-4.5729918E+0,-5.4156345E+1,3.8273987E+3,0.0000000E+0
11237229,29/9/2021,5:24:03 AM,-6.1302290E+0,-4.9318562E+1,3.8256133E+3,0.0000000E+0
11237230,29/9/2021,5:24:03 AM,-8.0087624E+0,-4.4480770E+1,3.8238276E+3,0.0000000E+0
11237231,29/9/2021,5:24:03 AM,-8.7296562E+0,-3.8137894E+1,3.8309702E+3,0.0000000E+0
11237232,29/9/2021,5:24:03 AM,-7.9429874E+0,-3.3434490E+1,3.8273987E+3,0.0000000E+0
11237233,29/9/2021,5:24:03 AM,-8.1508360E+0,-2.9429874E+1,3.8291846E+3,0.0000000E+0
11237234,29/9/2021,5:24:03 AM,-8.8454199E+0,-2.3597654E+1,3.8309702E+3,0.0000000E+0
11237235,29/9/2021,5:24:03 AM,-1.1650065E+1,-1.6924351E+1,3.8300774E+3,0.0000000E+0
11237236,29/9/2021,5:24:04 AM,-1.4252124E+1,-1.0814995E+1,3.8327556E+3,0.0000000E+0
11237237,29/9/2021,5:24:04 AM,-1.5709699E+1,-5.6786699E+0,3.8327556E+3,0.0000000E+0
11237238,29/9/2021,5:24:04 AM,-1.7993404E+1,1.1118578E-1,3.8327556E+3,0.0000000E+0
11237239,29/9/2021,5:24:04 AM,-2.1597612E+1,6.5214314E+0,3.8336484E+3,0.0000000E+0
11237240,29/9/2021,5:24:04 AM,-2.5613916E+1,1.1883734E+1,3.8345413E+3,0.0000000E+0
11237241,29/9/2021,5:24:04 AM,-2.8672691E+1,1.6996132E+1,3.8363269E+3,0.0000000E+0
11237242,29/9/2021,5:24:04 AM,-3.0029192E+1,2.1125008E+1,3.8363269E+3,0.0000000E+0
11237243,29/9/2021,5:24:04 AM,-3.1146307E+1,2.3543900E+1,3.8363269E+3,0.0000000E+0
11237244,29/9/2021,5:24:04 AM,-3.1226103E+1,2.4941484E+1,3.8363269E+3,0.0000000E+0
11237245,29/9/2021,5:24:04 AM,-3.0694143E+1,2.5452139E+1,3.8354341E+3,0.0000000E+0
11237246,29/9/2021,5:24:05 AM,-3.0800533E+1,2.5774658E+1,3.8363269E+3,0.0000000E+0
11237247,29/9/2021,5:24:05 AM,-2.7901348E+1,2.4296446E+1,3.8381123E+3,0.0000000E+0
11237248,29/9/2021,5:24:05 AM,-2.4815973E+1,2.0856241E+1,3.8327556E+3,0.0000000E+0
11237249,29/9/2021,5:24:05 AM,-2.1278435E+1,1.6759520E+1,3.8363269E+3,0.0000000E+0
11237250,29/9/2021,5:24:05 AM,-1.8564331E+1,1.2418103E+1,3.8318628E+3,0.0000000E+0
11237251,29/9/2021,5:24:05 AM,-1.6948898E+1,1.0482676E+1,3.8345413E+3,0.0000000E+0
11237252,29/9/2021,5:24:05 AM,-1.5967535E+1,8.5073709E+0,3.8354341E+3,0.0000000E+0
11237253,29/9/2021,5:24:05 AM,-1.5380822E+1,3.4800730E+0,3.8318628E+3,0.0000000E+0
11237254,29/9/2021,5:24:05 AM,-1.3452301E+1,-1.0558650E-1,3.8345413E+3,0.0000000E+0
11237255,29/9/2021,5:24:05 AM,-1.2439365E+1,-2.0190349E+0,3.8327556E+3,0.0000000E+0
11237256,29/9/2021,5:24:06 AM,-1.3249712E+1,-4.8322339E+0,3.8327556E+3,0.0000000E+0
11237257,29/9/2021,5:24:06 AM,-1.2197313E+1,-8.5844688E+0,3.8327556E+3,0.0000000E+0
11237258,29/9/2021,5:24:06 AM,-1.0634500E+1,-1.2412786E+1,3.8327556E+3,0.0000000E+0
11237259,29/9/2021,5:24:06 AM,-9.1558781E+0,-1.7118425E+1,3.8309702E+3,0.0000000E+0
11237260,29/9/2021,5:24:06 AM,-7.5878019E+0,-2.1528156E+1,3.8327556E+3,0.0000000E+0
11237261,29/9/2021,5:24:06 AM,-5.9960475E+0,-2.5774658E+1,3.8300774E+3,0.0000000E+0
11237262,29/9/2021,5:24:06 AM,-4.9936876E+0,-3.0746830E+1,3.8300774E+3,0.0000000E+0
11237263,29/9/2021,5:24:06 AM,-4.3258028E+0,-3.6149029E+1,3.8291846E+3,0.0000000E+0
11237264,29/9/2021,5:24:06 AM,-2.0163312E+0,-4.2088753E+1,3.8273987E+3,0.0000000E+0
11237265,29/9/2021,5:24:06 AM,-1.9109591E+0,-4.6926544E+1,3.8265059E+3,0.0000000E+0
11237266,29/9/2021,5:24:07 AM,-2.5867667E+0,-5.1468685E+1,3.8256133E+3,0.0000000E+0
11237267,29/9/2021,5:24:07 AM,-2.9480426E+0,-5.5338921E+1,3.8265059E+3,0.0000000E+0
11237268,29/9/2021,5:24:07 AM,-2.7365060E+0,-5.9558540E+1,3.8220420E+3,0.0000000E+0
11237269,29/9/2021,5:24:07 AM,-3.7276380E+0,-6.1601162E+1,3.8229348E+3,0.0000000E+0
11237270,29/9/2021,5:24:07 AM,-3.0209317E+0,-6.3536282E+1,3.8229348E+3,0.0000000E+0
11237271,29/9/2021,5:24:07 AM,-3.5850291E+0,-6.4342575E+1,3.8220420E+3,0.0000000E+0
11237272,29/9/2021,5:24:07 AM,-3.9922566E+0,-6.2407463E+1,3.8238276E+3,0.0000000E+0
11237273,29/9/2021,5:24:07 AM,-4.7726440E+0,-5.9021011E+1,3.8247205E+3,0.0000000E+0
11237274,29/9/2021,5:24:07 AM,-5.2931666E+0,-5.5903328E+1,3.8256133E+3,0.0000000E+0
11237275,29/9/2021,5:24:07 AM,-5.5408845E+0,-5.2839394E+1,3.8256133E+3,0.0000000E+0
11237276,29/9/2021,5:24:08 AM,-6.1881104E+0,-4.8781025E+1,3.8256133E+3,0.0000000E+0
11237277,29/9/2021,5:24:08 AM,-8.2087183E+0,-4.3190697E+1,3.8282915E+3,0.0000000E+0
11237278,29/9/2021,5:24:08 AM,-9.4189777E+0,-3.7519733E+1,3.8291846E+3,0.0000000E+0
11237279,29/9/2021,5:24:08 AM,-1.1673744E+1,-3.2332550E+1,3.8291846E+3,0.0000000E+0
11237280,29/9/2021,5:24:08 AM,-1.5564993E+1,-2.6715338E+1,3.8291846E+3,0.0000000E+0
11237281,29/9/2021,5:24:08 AM,-1.9595684E+1,-2.2253824E+1,3.8291846E+3,0.0000000E+0
11237282,29/9/2021,5:24:08 AM,-2.3964836E+1,-1.7113108E+1,3.8291846E+3,0.0000000E+0
11237283,29/9/2021,5:24:08 AM,-2.8486504E+1,-1.1665732E+1,3.8309702E+3,0.0000000E+0
11237284,29/9/2021,5:24:08 AM,-3.3593330E+1,-5.1180372E+0,3.8309702E+3,0.0000000E+0
11237285,29/9/2021,5:24:08 AM,-3.9897064E+1,3.6235365E-1,3.8327556E+3,0.0000000E+0
11237286,29/9/2021,5:24:09 AM,-4.5509254E+1,4.1165252E+0,3.8273987E+3,0.0000000E+0
11237287,29/9/2021,5:24:09 AM,-4.8461636E+1,8.8689337E+0,3.8336484E+3,0.0000000E+0
11237288,29/9/2021,5:24:09 AM,-5.2238556E+1,1.4207309E+1,3.8327556E+3,0.0000000E+0
11237289,29/9/2021,5:24:09 AM,-5.4791973E+1,1.7224768E+1,3.8327556E+3,0.0000000E+0
11237290,29/9/2021,5:24:09 AM,-5.4765373E+1,1.9306414E+1,3.8345413E+3,0.0000000E+0
11237291,29/9/2021,5:24:09 AM,-5.4233410E+1,1.9901930E+1,3.8327556E+3,0.0000000E+0
11237292,29/9/2021,5:24:09 AM,-5.2025776E+1,2.0154493E+1,3.8354341E+3,0.0000000E+0
11237293,29/9/2021,5:24:09 AM,-4.7849880E+1,1.9019291E+1,3.8354341E+3,0.0000000E+0
11237294,29/9/2021,5:24:09 AM,-4.4631516E+1,1.6110832E+1,3.8336484E+3,0.0000000E+0
11237295,29/9/2021,5:24:09 AM,-3.9418301E+1,1.1025021E+1,3.8345413E+3,0.0000000E+0
11237296,29/9/2021,5:24:10 AM,-3.4284878E+1,4.8858719E+0,3.8309702E+3,0.0000000E+0
11237297,29/9/2021,5:24:10 AM,-2.9364241E+1,6.4685059E-1,3.8327556E+3,0.0000000E+0
11237298,29/9/2021,5:24:10 AM,-2.6332064E+1,-3.1486375E+0,3.8318628E+3,0.0000000E+0
11237299,29/9/2021,5:24:10 AM,-2.4151024E+1,-8.1245394E+0,3.8291846E+3,0.0000000E+0
11237300,29/9/2021,5:24:10 AM,-2.2102974E+1,-1.2200102E+1,3.8300774E+3,0.0000000E+0
11237301,29/9/2021,5:24:10 AM,-2.0108120E+1,-1.4478481E+1,3.8291846E+3,0.0000000E+0
11237302,29/9/2021,5:24:10 AM,-1.9145782E+1,-1.7206158E+1,3.8309702E+3,0.0000000E+0
11237303,29/9/2021,5:24:10 AM,-1.8024977E+1,-2.0963747E+1,3.8291846E+3,0.0000000E+0
11237304,29/9/2021,5:24:10 AM,-1.5588671E+1,-2.4968361E+1,3.8291846E+3,0.0000000E+0
11237305,29/9/2021,5:24:10 AM,-1.2023667E+1,-2.8059168E+1,3.8291846E+3,0.0000000E+0
11237306,29/9/2021,5:24:11 AM,-7.8035440E+0,-3.1902523E+1,3.8291846E+3,0.0000000E+0
11237307,29/9/2021,5:24:11 AM,-9.1166776E-1,-3.6820942E+1,3.8282915E+3,0.0000000E+0
11237308,29/9/2021,5:24:11 AM,5.3422871E+0,-4.2465027E+1,3.8282915E+3,0.0000000E+0
11237309,29/9/2021,5:24:11 AM,1.0742371E+1,-4.7329693E+1,3.8273987E+3,0.0000000E+0
11237310,29/9/2021,5:24:11 AM,1.6775251E+1,-5.1334301E+1,3.8273987E+3,0.0000000E+0
11237311,29/9/2021,5:24:11 AM,2.1730602E+1,-5.4263851E+1,3.8273987E+3,0.0000000E+0
11237312,29/9/2021,5:24:11 AM,2.4656385E+1,-5.6010834E+1,3.8282915E+3,0.0000000E+0
11237313,29/9/2021,5:24:11 AM,2.6332064E+1,-5.7999702E+1,3.8273987E+3,0.0000000E+0
11237314,29/9/2021,5:24:11 AM,2.6039486E+1,-5.9477913E+1,3.8256133E+3,0.0000000E+0
11237315,29/9/2021,5:24:11 AM,2.3406279E+1,-5.7677181E+1,3.8256133E+3,0.0000000E+0
11237316,29/9/2021,5:24:12 AM,1.8745871E+1,-5.3538185E+1,3.8291846E+3,0.0000000E+0
11237317,29/9/2021,5:24:12 AM,1.3344429E+1,-4.9264805E+1,3.8291846E+3,0.0000000E+0
11237318,29/9/2021,5:24:12 AM,7.0168757E+0,-4.6335258E+1,3.8265059E+3,0.0000000E+0
11237319,29/9/2021,5:24:12 AM,6.7075533E-1,-4.2921928E+1,3.8256133E+3,0.0000000E+0
11237320,29/9/2021,5:24:12 AM,-5.6124520E+0,-3.7869129E+1,3.8273987E+3,0.0000000E+0
11237321,29/9/2021,5:24:12 AM,-1.0434544E+1,-3.2762577E+1,3.8273987E+3,0.0000000E+0
11237322,29/9/2021,5:24:12 AM,-1.3794330E+1,-2.6688461E+1,3.8300774E+3,0.0000000E+0
11237323,29/9/2021,5:24:12 AM,-1.8132847E+1,-2.2253824E+1,3.8282915E+3,0.0000000E+0
11237324,29/9/2021,5:24:12 AM,-2.1491219E+1,-1.8242992E+1,3.8282915E+3,0.0000000E+0
11237325,29/9/2021,5:24:12 AM,-2.4018032E+1,-1.3244912E+1,3.8291846E+3,0.0000000E+0
11237326,29/9/2021,5:24:13 AM,-2.7262995E+1,-7.3774853E+0,3.8309702E+3,0.0000000E+0
11237327,29/9/2021,5:24:13 AM,-3.0853729E+1,-1.0742626E+0,3.8345413E+3,0.0000000E+0
11237328,29/9/2021,5:24:13 AM,-3.4630653E+1,2.3088408E+0,3.8309702E+3,0.0000000E+0
11237329,29/9/2021,5:24:13 AM,-3.7583035E+1,5.8594518E+0,3.8327556E+3,0.0000000E+0
11237330,29/9/2021,5:24:13 AM,-4.1998310E+1,1.1070216E+1,3.8327556E+3,0.0000000E+0
11237331,29/9/2021,5:24:13 AM,-4.6280594E+1,1.5020825E+1,3.8345413E+3,0.0000000E+0
11237332,29/9/2021,5:24:13 AM,-4.8514832E+1,1.8423775E+1,3.8354341E+3,0.0000000E+0
11237333,29/9/2021,5:24:13 AM,-5.0509686E+1,2.1071255E+1,3.8354341E+3,0.0000000E+0
11237334,29/9/2021,5:24:13 AM,-5.2052372E+1,2.1420650E+1,3.8336484E+3,0.0000000E+0
11237335,29/9/2021,5:24:13 AM,-5.0775661E+1,1.9128292E+1,3.8327556E+3,0.0000000E+0
11237336,29/9/2021,5:24:14 AM,-4.9445763E+1,1.6631908E+1,3.8318628E+3,0.0000000E+0
11237337,29/9/2021,5:24:14 AM,-4.6360390E+1,1.4366823E+1,3.8327556E+3,0.0000000E+0
11237338,29/9/2021,5:24:14 AM,-4.1652534E+1,1.0998435E+1,3.8327556E+3,0.0000000E+0
11237339,29/9/2021,5:24:14 AM,-3.6492516E+1,5.8966713E+0,3.8309702E+3,0.0000000E+0
11237340,29/9/2021,5:24:14 AM,-2.8938671E+1,-2.6849902E-1,3.8291846E+3,0.0000000E+0
11237341,29/9/2021,5:24:14 AM,-2.2661533E+1,-3.7378559E+0,3.8309702E+3,0.0000000E+0
11237342,29/9/2021,5:24:14 AM,-1.8435413E+1,-7.1621428E+0,3.8318628E+3,0.0000000E+0
11237343,29/9/2021,5:24:14 AM,-1.2418317E+1,-1.1873099E+1,3.8309702E+3,0.0000000E+0
11237344,29/9/2021,5:24:14 AM,-6.2828269E+0,-1.5613684E+1,3.8327556E+3,0.0000000E+0
11237345,29/9/2021,5:24:14 AM,-1.8317320E+0,-1.9766344E+1,3.8309702E+3,0.0000000E+0
11237346,29/9/2021,5:24:15 AM,2.3958294E+0,-2.5237125E+1,3.8309702E+3,0.0000000E+0
11237347,29/9/2021,5:24:15 AM,6.7537756E+0,-2.9376123E+1,3.8309702E+3,0.0000000E+0
11237348,29/9/2021,5:24:15 AM,9.4505501E+0,-3.3058216E+1,3.8318628E+3,0.0000000E+0
11237349,29/9/2021,5:24:15 AM,1.2686680E+1,-3.8030388E+1,3.8309702E+3,0.0000000E+0
11237350,29/9/2021,5:24:15 AM,1.7104128E+1,-4.4453896E+1,3.8282915E+3,0.0000000E+0
11237351,29/9/2021,5:24:15 AM,2.0799669E+1,-5.0259239E+1,3.8273987E+3,0.0000000E+0
11237352,29/9/2021,5:24:15 AM,2.3539268E+1,-5.4102592E+1,3.8291846E+3,0.0000000E+0
11237353,29/9/2021,5:24:15 AM,2.4284014E+1,-5.6172089E+1,3.8265059E+3,0.0000000E+0
11237354,29/9/2021,5:24:15 AM,2.3113701E+1,-5.7892197E+1,3.8273987E+3,0.0000000E+0
11237355,29/9/2021,5:24:15 AM,2.2634933E+1,-5.8779125E+1,3.8265059E+3,0.0000000E+0
11237356,29/9/2021,5:24:16 AM,2.1783796E+1,-5.9262901E+1,3.8256133E+3,0.0000000E+0
11237357,29/9/2021,5:24:16 AM,1.8009190E+1,-5.7139648E+1,3.8238276E+3,0.0000000E+0
11237358,29/9/2021,5:24:16 AM,1.3002398E+1,-5.1629948E+1,3.8273987E+3,0.0000000E+0
11237359,29/9/2021,5:24:16 AM,7.5193963E+0,-4.5045177E+1,3.8309702E+3,0.0000000E+0
11237360,29/9/2021,5:24:16 AM,9.0556645E-1,-3.9992378E+1,3.8247205E+3,0.0000000E+0
11237361,29/9/2021,5:24:16 AM,-5.4080462E+0,-3.4294540E+1,3.8291846E+3,0.0000000E+0
11237362,29/9/2021,5:24:16 AM,-1.2097335E+1,-2.6930353E+1,3.8300774E+3,0.0000000E+0
11237363,29/9/2021,5:24:16 AM,-1.9900879E+1,-1.9463268E+1,3.8291846E+3,0.0000000E+0
11237364,29/9/2021,5:24:16 AM,-2.6731035E+1,-1.3252889E+1,3.8318628E+3,0.0000000E+0
11237365,29/9/2021,5:24:16 AM,-3.3433743E+1,-7.5502920E+0,3.8309702E+3,0.0000000E+0
11237366,29/9/2021,5:24:17 AM,-3.9870464E+1,-2.7323418E+0,3.8309702E+3,0.0000000E+0
11237367,29/9/2021,5:24:17 AM,-4.6706165E+1,2.4777606E+0,3.8327556E+3,0.0000000E+0
11237368,29/9/2021,5:24:17 AM,-5.3116291E+1,7.0611172E+0,3.8318628E+3,0.0000000E+0
11237369,29/9/2021,5:24:17 AM,-5.9287041E+1,1.0477358E+1,3.8327556E+3,0.0000000E+0
11237370,29/9/2021,5:24:17 AM,-6.3462933E+1,1.1716245E+1,3.8327556E+3,0.0000000E+0
11237371,29/9/2021,5:24:17 AM,-6.6495110E+1,1.1849172E+1,3.8318628E+3,0.0000000E+0
11237372,29/9/2021,5:24:17 AM,-7.0325226E+1,1.1171241E+1,3.8300774E+3,0.0000000E+0
11237373,29/9/2021,5:24:17 AM,-7.2692451E+1,9.1241550E+0,3.8318628E+3,0.0000000E+0
11237374,29/9/2021,5:24:17 AM,-7.2027504E+1,5.7664018E+0,3.8291846E+3,0.0000000E+0
11237375,29/9/2021,5:24:17 AM,-7.1894508E+1,1.6795936E+0,3.8273987E+3,0.0000000E+0
11237376,29/9/2021,5:24:18 AM,-6.9952858E+1,-3.5593293E+0,3.8273987E+3,0.0000000E+0
11237377,29/9/2021,5:24:18 AM,-6.5564178E+1,-8.3079796E+0,3.8273987E+3,0.0000000E+0
11237378,29/9/2021,5:24:18 AM,-6.0776531E+1,-1.3077423E+1,3.8256133E+3,0.0000000E+0
11237379,29/9/2021,5:24:18 AM,-5.4047226E+1,-1.6863203E+1,3.8273987E+3,0.0000000E+0
11237380,29/9/2021,5:24:18 AM,-4.8834007E+1,-2.1474403E+1,3.8256133E+3,0.0000000E+0
11237381,29/9/2021,5:24:18 AM,-4.4604919E+1,-2.5855289E+1,3.8238276E+3,0.0000000E+0
11237382,29/9/2021,5:24:18 AM,-3.7689426E+1,-2.8032291E+1,3.8273987E+3,0.0000000E+0
11237383,29/9/2021,5:24:18 AM,-3.1146307E+1,-2.9940533E+1,3.8282915E+3,0.0000000E+0
11237384,29/9/2021,5:24:18 AM,-2.5347937E+1,-3.2789448E+1,3.8291846E+3,0.0000000E+0
11237385,29/9/2021,5:24:18 AM,-1.9940344E+1,-3.5799633E+1,3.8256133E+3,0.0000000E+0
11237386,29/9/2021,5:24:19 AM,-1.4983542E+1,-3.9212959E+1,3.8265059E+3,0.0000000E+0
11237387,29/9/2021,5:24:19 AM,-8.4876041E+0,-4.1443714E+1,3.8282915E+3,0.0000000E+0
11237388,29/9/2021,5:24:19 AM,-3.7997153E-1,-4.4185127E+1,3.8291846E+3,0.0000000E+0
11237389,29/9/2021,5:24:19 AM,6.5327711E+0,-4.6227749E+1,3.8291846E+3,0.0000000E+0
11237390,29/9/2021,5:24:19 AM,1.1313297E+1,-4.8969166E+1,3.8282915E+3,0.0000000E+0
11237391,29/9/2021,5:24:19 AM,1.6059622E+1,-5.2543755E+1,3.8247205E+3,0.0000000E+0
11237392,29/9/2021,5:24:19 AM,2.2714729E+1,-5.3833828E+1,3.8265059E+3,0.0000000E+0
11237393,29/9/2021,5:24:19 AM,2.8167328E+1,-5.2463123E+1,3.8282915E+3,0.0000000E+0
11237394,29/9/2021,5:24:19 AM,3.2210232E+1,-5.1199924E+1,3.8309702E+3,0.0000000E+0
11237395,29/9/2021,5:24:19 AM,3.6253132E+1,-4.9264805E+1,3.8282915E+3,0.0000000E+0
11237396,29/9/2021,5:24:20 AM,3.8354378E+1,-4.6389008E+1,3.8273987E+3,0.0000000E+0
11237397,29/9/2021,5:24:20 AM,3.8247986E+1,-4.0825554E+1,3.8300774E+3,0.0000000E+0
11237398,29/9/2021,5:24:20 AM,3.8407574E+1,-3.4832069E+1,3.8327556E+3,0.0000000E+0
11237399,29/9/2021,5:24:20 AM,3.7503239E+1,-2.8731083E+1,3.8327556E+3,0.0000000E+0
11237400,29/9/2021,5:24:20 AM,3.4205082E+1,-2.2173193E+1,3.8327556E+3,0.0000000E+0
11237401,29/9/2021,5:24:20 AM,2.8725887E+1,-1.4922460E+1,3.8345413E+3,0.0000000E+0
11237402,29/9/2021,5:24:20 AM,2.2501944E+1,-7.1488500E+0,3.8354341E+3,0.0000000E+0
11237403,29/9/2021,5:24:20 AM,1.5667603E+1,2.3277023E-1,3.8363269E+3,0.0000000E+0
11237404,29/9/2021,5:24:20 AM,9.5926237E+0,6.6809449E+0,3.8363269E+3,0.0000000E+0
11237405,29/9/2021,5:24:20 AM,3.3457627E+0,1.1290876E+1,3.8381123E+3,0.0000000E+0
11237406,29/9/2021,5:24:21 AM,-2.3982060E+0,1.4542286E+1,3.8363269E+3,0.0000000E+0
11237407,29/9/2021,5:24:21 AM,-8.2666006E+0,1.8341358E+1,3.8390051E+3,0.0000000E+0
11237408,29/9/2021,5:24:21 AM,-1.4199505E+1,2.0508081E+1,3.8363269E+3,0.0000000E+0
11237409,29/9/2021,5:24:21 AM,-2.1172043E+1,2.2603220E+1,3.8363269E+3,0.0000000E+0
11237410,29/9/2021,5:24:21 AM,-2.6810827E+1,2.3839544E+1,3.8372195E+3,0.0000000E+0
11237411,29/9/2021,5:24:21 AM,-3.0720741E+1,2.3033245E+1,3.8363269E+3,0.0000000E+0
11237412,29/9/2021,5:24:21 AM,-3.7343655E+1,2.1958181E+1,3.8363269E+3,0.0000000E+0
11237413,29/9/2021,5:24:21 AM,-4.2849449E+1,1.8359970E+1,3.8318628E+3,0.0000000E+0
11237414,29/9/2021,5:24:21 AM,-4.7903076E+1,1.5222877E+1,3.8318628E+3,0.0000000E+0
11237415,29/9/2021,5:24:21 AM,-5.2610931E+1,1.2426078E+1,3.8327556E+3,0.0000000E+0
11237416,29/9/2021,5:24:22 AM,-5.4818565E+1,6.8112135E+0,3.8291846E+3,0.0000000E+0
11237417,29/9/2021,5:24:22 AM,-5.5802696E+1,1.7340323E+0,3.8291846E+3,0.0000000E+0
11237418,29/9/2021,5:24:22 AM,-5.8462498E+1,-2.5618205E+0,3.8273987E+3,0.0000000E+0
11237419,29/9/2021,5:24:22 AM,-6.0031784E+1,-7.2232895E+0,3.8273987E+3,0.0000000E+0
11237420,29/9/2021,5:24:22 AM,-5.8861465E+1,-1.2442029E+1,3.8256133E+3,0.0000000E+0
11237421,29/9/2021,5:24:22 AM,-5.5270737E+1,-1.7386938E+1,3.8273987E+3,0.0000000E+0
11237422,29/9/2021,5:24:22 AM,-5.2291752E+1,-2.0829363E+1,3.8273987E+3,0.0000000E+0
11237423,29/9/2021,5:24:22 AM,-4.8302048E+1,-2.6285315E+1,3.8256133E+3,0.0000000E+0
11237424,29/9/2021,5:24:22 AM,-4.4019760E+1,-3.0128666E+1,3.8256133E+3,0.0000000E+0
11237425,29/9/2021,5:24:22 AM,-3.8487370E+1,-3.3165722E+1,3.8256133E+3,0.0000000E+0
11237426,29/9/2021,5:24:23 AM,-3.2556004E+1,-3.6390915E+1,3.8282915E+3,0.0000000E+0
11237427,29/9/2021,5:24:23 AM,-2.6252270E+1,-4.0314899E+1,3.8256133E+3,0.0000000E+0
11237428,29/9/2021,5:24:23 AM,-1.9950869E+1,-4.4104500E+1,3.8273987E+3,0.0000000E+0
11237429,29/9/2021,5:24:23 AM,-1.3831163E+1,-4.8055359E+1,3.8256133E+3,0.0000000E+0
11237430,29/9/2021,5:24:23 AM,-8.3849945E+0,-5.0850525E+1,3.8273987E+3,0.0000000E+0
11237431,29/9/2021,5:24:23 AM,-1.6194031E+0,-5.4720753E+1,3.8256133E+3,0.0000000E+0
11237432,29/9/2021,5:24:23 AM,5.1030211E+0,-5.8295341E+1,3.8256133E+3,0.0000000E+0
11237433,29/9/2021,5:24:23 AM,1.0324042E+1,-6.1117386E+1,3.8265059E+3,0.0000000E+0
11237434,29/9/2021,5:24:23 AM,1.3512814E+1,-6.2756863E+1,3.8247205E+3,0.0000000E+0
11237435,29/9/2021,5:24:23 AM,1.5609719E+1,-6.3025623E+1,3.8247205E+3,0.0000000E+0
11237436,29/9/2021,5:24:24 AM,1.5730744E+1,-6.1117386E+1,3.8238276E+3,0.0000000E+0
11237437,29/9/2021,5:24:24 AM,1.5970166E+1,-5.7730934E+1,3.8273987E+3,0.0000000E+0
11237438,29/9/2021,5:24:24 AM,1.6396387E+1,-5.4075714E+1,3.8273987E+3,0.0000000E+0
11237439,29/9/2021,5:24:24 AM,1.4078477E+1,-4.9345436E+1,3.8273987E+3,0.0000000E+0
11237440,29/9/2021,5:24:24 AM,9.7531147E+0,-4.3620720E+1,3.8273987E+3,0.0000000E+0
11237441,29/9/2021,5:24:24 AM,6.5669746E+0,-3.7707867E+1,3.8291846E+3,0.0000000E+0
11237442,29/9/2021,5:24:24 AM,3.5683913E+0,-3.2117535E+1,3.8291846E+3,0.0000000E+0
11237443,29/9/2021,5:24:24 AM,-7.1508527E-2,-2.5183374E+1,3.8327556E+3,0.0000000E+0
11237444,29/9/2021,5:24:24 AM,-4.9818039E+0,-1.9338318E+1,3.8318628E+3,0.0000000E+0
11237445,29/9/2021,5:24:24 AM,-1.0071465E+1,-1.5015510E+1,3.8309702E+3,0.0000000E+0
11237446,29/9/2021,5:24:25 AM,-1.5220331E+1,-9.2703753E+0,3.8336484E+3,0.0000000E+0
11237447,29/9/2021,5:24:25 AM,-2.0294306E+1,-3.9980412E+0,3.8327556E+3,0.0000000E+0
11237448,29/9/2021,5:24:25 AM,-2.4762779E+1,3.3862337E-2,3.8336484E+3,0.0000000E+0
11237449,29/9/2021,5:24:25 AM,-2.8433308E+1,3.7754827E+0,3.8336484E+3,0.0000000E+0
11237450,29/9/2021,5:24:25 AM,-3.3247555E+1,6.7952623E+0,3.8327556E+3,0.0000000E+0
11237451,29/9/2021,5:24:25 AM,-3.6838287E+1,8.6216888E+0,3.8327556E+3,0.0000000E+0
11237452,29/9/2021,5:24:25 AM,-4.1120575E+1,1.1357340E+1,3.8327556E+3,0.0000000E+0
11237453,29/9/2021,5:24:25 AM,-4.4445332E+1,1.3765988E+1,3.8345413E+3,0.0000000E+0
11237454,29/9/2021,5:24:25 AM,-4.7504105E+1,1.4146162E+1,3.8327556E+3,0.0000000E+0
11237455,29/9/2021,5:24:25 AM,-4.8754215E+1,1.3476207E+1,3.8309702E+3,0.0000000E+0
11237456,29/9/2021,5:24:26 AM,-5.0376694E+1,1.3856380E+1,3.8318628E+3,0.0000000E+0
11237457,29/9/2021,5:24:26 AM,-5.1041645E+1,1.3351254E+1,3.8327556E+3,0.0000000E+0
11237458,29/9/2021,5:24:26 AM,-5.0004322E+1,1.1149973E+1,3.8327556E+3,0.0000000E+0
11237459,29/9/2021,5:24:26 AM,-4.7371117E+1,8.0554161E+0,3.8309702E+3,0.0000000E+0
11237460,29/9/2021,5:24:26 AM,-4.5376263E+1,4.2085905E+0,3.8291846E+3,0.0000000E+0
11237461,29/9/2021,5:24:26 AM,-4.0934387E+1,9.9830937E-1,3.8327556E+3,0.0000000E+0
11237462,29/9/2021,5:24:26 AM,-3.6652103E+1,-2.8204041E+0,3.8309702E+3,0.0000000E+0
11237463,29/9/2021,5:24:26 AM,-3.2157032E+1,-7.3057046E+0,3.8309702E+3,0.0000000E+0
11237464,29/9/2021,5:24:26 AM,-2.7848150E+1,-1.1737513E+1,3.8318628E+3,0.0000000E+0
11237465,29/9/2021,5:24:26 AM,-2.3672258E+1,-1.7163620E+1,3.8291846E+3,0.0000000E+0
11237466,29/9/2021,5:24:27 AM,-1.9945606E+1,-2.1044376E+1,3.8291846E+3,0.0000000E+0
11237467,29/9/2021,5:24:27 AM,-1.6885756E+1,-2.3812668E+1,3.8309702E+3,0.0000000E+0
11237468,29/9/2021,5:24:27 AM,-1.3881153E+1,-2.8193552E+1,3.8291846E+3,0.0000000E+0
11237469,29/9/2021,5:24:27 AM,-1.0642393E+1,-3.2950710E+1,3.8282915E+3,0.0000000E+0
11237470,29/9/2021,5:24:27 AM,-8.6744051E+0,-3.6229656E+1,3.8291846E+3,0.0000000E+0
11237471,29/9/2021,5:24:27 AM,-5.9329038E+0,-3.9186081E+1,3.8265059E+3,0.0000000E+0
11237472,29/9/2021,5:24:27 AM,-1.6503017E+0,-4.2975685E+1,3.8282915E+3,0.0000000E+0
11237473,29/9/2021,5:24:27 AM,1.7802342E+0,-4.5958984E+1,3.8265059E+3,0.0000000E+0
11237474,29/9/2021,5:24:27 AM,3.7506137E+0,-4.7894100E+1,3.8273987E+3,0.0000000E+0
11237475,29/9/2021,5:24:27 AM,5.6645417E+0,-4.9721710E+1,3.8256133E+3,0.0000000E+0
11237476,29/9/2021,5:24:28 AM,7.7509246E+0,-5.0151733E+1,3.8256133E+3,0.0000000E+0
11237477,29/9/2021,5:24:28 AM,9.7346983E+0,-5.0662388E+1,3.8273987E+3,0.0000000E+0
11237478,29/9/2021,5:24:28 AM,1.1202796E+1,-5.0447376E+1,3.8256133E+3,0.0000000E+0
11237479,29/9/2021,5:24:28 AM,1.2339387E+1,-4.9264805E+1,3.8282915E+3,0.0000000E+0
11237480,29/9/2021,5:24:28 AM,1.1752675E+1,-4.6523392E+1,3.8273987E+3,0.0000000E+0
11237481,29/9/2021,5:24:28 AM,1.0092514E+1,-4.2438148E+1,3.8300774E+3,0.0000000E+0
11237482,29/9/2021,5:24:28 AM,7.5036101E+0,-3.8863564E+1,3.8282915E+3,0.0000000E+0
11237483,29/9/2021,5:24:28 AM,4.9738812E+0,-3.4402046E+1,3.8309702E+3,0.0000000E+0
11237484,29/9/2021,5:24:28 AM,1.7905338E+0,-2.9994286E+1,3.8291846E+3,0.0000000E+0
11237485,29/9/2021,5:24:28 AM,-2.5582449E+0,-2.5935919E+1,3.8309702E+3,0.0000000E+0
11237486,29/9/2021,5:24:29 AM,-7.2194624E+0,-2.1796923E+1,3.8309702E+3,0.0000000E+0
11237487,29/9/2021,5:24:29 AM,-1.0971268E+1,-1.7926624E+1,3.8309702E+3,0.0000000E+0
11237488,29/9/2021,5:24:29 AM,-1.4325791E+1,-1.3771306E+1,3.8318628E+3,0.0000000E+0
11237489,29/9/2021,5:24:29 AM,-1.6746311E+1,-1.1325437E+1,3.8318628E+3,0.0000000E+0
11237490,29/9/2021,5:24:29 AM,-1.8359114E+1,-1.0171625E+1,3.8309702E+3,0.0000000E+0
11237491,29/9/2021,5:24:29 AM,-2.0045586E+1,-8.0607338E+0,3.8318628E+3,0.0000000E+0
11237492,29/9/2021,5:24:29 AM,-2.2688131E+1,-6.4204063E+0,3.8309702E+3,0.0000000E+0
11237493,29/9/2021,5:24:29 AM,-2.3220093E+1,-5.6680355E+0,3.8318628E+3,0.0000000E+0
11237494,29/9/2021,5:24:29 AM,-2.2581739E+1,-5.2541337E+0,3.8318628E+3,0.0000000E+0
11237495,29/9/2021,5:24:29 AM,-2.3512671E+1,-4.0949097E+0,3.8309702E+3,0.0000000E+0
11237496,29/9/2021,5:24:30 AM,-2.4549994E+1,-2.9420907E+0,3.8318628E+3,0.0000000E+0
11237497,29/9/2021,5:24:30 AM,-2.6757631E+1,-1.9477842E+0,3.8309702E+3,0.0000000E+0
11237498,29/9/2021,5:24:30 AM,-2.7741758E+1,-1.5960627E+0,3.8309702E+3,0.0000000E+0
11237499,29/9/2021,5:24:30 AM,-2.7422581E+1,-6.4045143E-1,3.8327556E+3,0.0000000E+0
11237500,29/9/2021,5:24:30 AM,-2.7927946E+1,1.8370983E-1,3.8327556E+3,0.0000000E+0
11237501,29/9/2021,5:24:30 AM,-2.9763208E+1,-2.9062949E-2,3.8291846E+3,0.0000000E+0
11237502,29/9/2021,5:24:30 AM,-3.0507956E+1,-2.7729785E-2,3.8327556E+3,0.0000000E+0
11237503,29/9/2021,5:24:30 AM,-2.9922798E+1,-3.4128968E-2,3.8309702E+3,0.0000000E+0
11237504,29/9/2021,5:24:30 AM,-2.9630220E+1,-1.2302427E+0,3.8309702E+3,0.0000000E+0
11237505,29/9/2021,5:24:30 AM,-2.7395987E+1,-3.4768705E+0,3.8309702E+3,0.0000000E+0
11237506,29/9/2021,5:24:31 AM,-2.5214945E+1,-5.1604671E+0,3.8309702E+3,0.0000000E+0
11237507,29/9/2021,5:24:31 AM,-2.4124426E+1,-5.8700857E+0,3.8309702E+3,0.0000000E+0
11237508,29/9/2021,5:24:31 AM,-2.2501944E+1,-5.5055122E+0,3.8327556E+3,0.0000000E+0
11237509,29/9/2021,5:24:31 AM,-2.0267708E+1,-6.8165307E+0,3.8327556E+3,0.0000000E+0
11237510,29/9/2021,5:24:31 AM,-1.8453831E+1,-8.9859104E+0,3.8309702E+3,0.0000000E+0
11237511,29/9/2021,5:24:31 AM,-1.7875010E+1,-1.0187576E+1,3.8327556E+3,0.0000000E+0
11237512,29/9/2021,5:24:31 AM,-1.6927851E+1,-1.1708269E+1,3.8291846E+3,0.0000000E+0
11237513,29/9/2021,5:24:31 AM,-1.6651596E+1,-1.2545713E+1,3.8327556E+3,0.0000000E+0
11237514,29/9/2021,5:24:31 AM,-1.6135920E+1,-1.3532037E+1,3.8327556E+3,0.0000000E+0
11237515,29/9/2021,5:24:31 AM,-1.6093824E+1,-1.6275663E+1,3.8309702E+3,0.0000000E+0
11237516,29/9/2021,5:24:32 AM,-1.5120354E+1,-2.0319323E+1,3.8309702E+3,0.0000000E+0
11237517,29/9/2021,5:24:32 AM,-1.4488914E+1,-2.3382641E+1,3.8291846E+3,0.0000000E+0
11237518,29/9/2021,5:24:32 AM,-1.3347060E+1,-2.5747782E+1,3.8309702E+3,0.0000000E+0
11237519,29/9/2021,5:24:32 AM,-1.2915577E+1,-2.8946098E+1,3.8291846E+3,0.0000000E+0
11237520,29/9/2021,5:24:32 AM,-1.0442436E+1,-3.3891392E+1,3.8291846E+3,0.0000000E+0
11237521,29/9/2021,5:24:32 AM,-8.5349627E+0,-3.8164772E+1,3.8256133E+3,0.0000000E+0
11237522,29/9/2021,5:24:32 AM,-7.9587731E+0,-4.0986813E+1,3.8256133E+3,0.0000000E+0
11237523,29/9/2021,5:24:32 AM,-6.7774549E+0,-4.3459461E+1,3.8282915E+3,0.0000000E+0
11237524,29/9/2021,5:24:32 AM,-6.9379454E+0,-4.5313946E+1,3.8265059E+3,0.0000000E+0
11237525,29/9/2021,5:24:32 AM,-8.1692533E+0,-4.6872787E+1,3.8273987E+3,0.0000000E+0
11237526,29/9/2021,5:24:33 AM,-8.9717083E+0,-4.8082233E+1,3.8247205E+3,0.0000000E+0
11237527,29/9/2021,5:24:33 AM,-1.2036822E+1,-4.8673523E+1,3.8256133E+3,0.0000000E+0
11237528,29/9/2021,5:24:33 AM,-1.3802223E+1,-4.8162865E+1,3.8256133E+3,0.0000000E+0
11237529,29/9/2021,5:24:33 AM,-1.6783146E+1,-4.5502083E+1,3.8273987E+3,0.0000000E+0
11237530,29/9/2021,5:24:33 AM,-1.9714079E+1,-4.4104500E+1,3.8256133E+3,0.0000000E+0
11237531,29/9/2021,5:24:33 AM,-2.0906063E+1,-4.2465027E+1,3.8273987E+3,0.0000000E+0
11237532,29/9/2021,5:24:33 AM,-2.1943384E+1,-4.0395527E+1,3.8256133E+3,0.0000000E+0
11237533,29/9/2021,5:24:33 AM,-2.3007307E+1,-3.7815376E+1,3.8256133E+3,0.0000000E+0
11237534,29/9/2021,5:24:33 AM,-2.2900915E+1,-3.3730133E+1,3.8291846E+3,0.0000000E+0
11237535,29/9/2021,5:24:33 AM,-2.3353083E+1,-3.0827459E+1,3.8273987E+3,0.0000000E+0
11237536,29/9/2021,5:24:34 AM,-2.4682983E+1,-2.8112923E+1,3.8273987E+3,0.0000000E+0
11237537,29/9/2021,5:24:34 AM,-2.4736181E+1,-2.5452139E+1,3.8291846E+3,0.0000000E+0
11237538,29/9/2021,5:24:34 AM,-2.5693710E+1,-2.3006369E+1,3.8273987E+3,0.0000000E+0
11237539,29/9/2021,5:24:34 AM,-2.6145876E+1,-2.0191713E+1,3.8291846E+3,0.0000000E+0
11237540,29/9/2021,5:24:34 AM,-2.8087532E+1,-1.5969930E+1,3.8291846E+3,0.0000000E+0
11237541,29/9/2021,5:24:34 AM,-3.0188778E+1,-1.1652439E+1,3.8291846E+3,0.0000000E+0
11237542,29/9/2021,5:24:34 AM,-3.1013319E+1,-6.5958710E+0,3.8318628E+3,0.0000000E+0
11237543,29/9/2021,5:24:34 AM,-3.1970848E+1,-2.5546155E+0,3.8309702E+3,0.0000000E+0
11237544,29/9/2021,5:24:34 AM,-3.1837856E+1,1.2721040E+0,3.8327556E+3,0.0000000E+0
11237545,29/9/2021,5:24:34 AM,-3.1944250E+1,5.8169146E+0,3.8336484E+3,0.0000000E+0
11237546,29/9/2021,5:24:35 AM,-3.1731466E+1,8.3000040E+0,3.8345413E+3,0.0000000E+0
11237547,29/9/2021,5:24:35 AM,-2.9364241E+1,9.3527908E+0,3.8345413E+3,0.0000000E+0
11237548,29/9/2021,5:24:35 AM,-2.5640514E+1,9.2065697E+0,3.8345413E+3,0.0000000E+0
11237549,29/9/2021,5:24:35 AM,-2.2714729E+1,8.9221048E+0,3.8345413E+3,0.0000000E+0
11237550,29/9/2021,5:24:35 AM,-1.7951309E+1,6.5028214E+0,3.8354341E+3,0.0000000E+0
11237551,29/9/2021,5:24:35 AM,-1.4333685E+1,4.0853028E+0,3.8345413E+3,0.0000000E+0
11237552,29/9/2021,5:24:35 AM,-1.1142282E+1,6.7911315E-1,3.8327556E+3,0.0000000E+0
11237553,29/9/2021,5:24:35 AM,-6.7458825E+0,-2.8892531E+0,3.8327556E+3,0.0000000E+0
11237554,29/9/2021,5:24:35 AM,-4.1681409E+0,-5.0523901E+0,3.8327556E+3,0.0000000E+0
11237555,29/9/2021,5:24:35 AM,-2.5455687E+0,-8.4674921E+0,3.8309702E+3,0.0000000E+0
11237556,29/9/2021,5:24:36 AM,-1.8840219E+0,-1.0347090E+1,3.8327556E+3,0.0000000E+0
11237557,29/9/2021,5:24:36 AM,-2.3340323E+0,-1.2904618E+1,3.8309702E+3,0.0000000E+0
11237558,29/9/2021,5:24:36 AM,-3.0383615E+0,-1.5730659E+1,3.8309702E+3,0.0000000E+0
11237559,29/9/2021,5:24:36 AM,-3.6745555E+0,-1.8035625E+1,3.8309702E+3,0.0000000E+0
11237560,29/9/2021,5:24:36 AM,-4.2188463E+0,-2.0082712E+1,3.8309702E+3,0.0000000E+0
11237561,29/9/2021,5:24:36 AM,-5.6671729E+0,-2.2549467E+1,3.8291846E+3,0.0000000E+0
11237562,29/9/2021,5:24:36 AM,-6.0118337E+0,-2.4833979E+1,3.8309702E+3,0.0000000E+0
11237563,29/9/2021,5:24:36 AM,-5.1996784E+0,-2.6742216E+1,3.8309702E+3,0.0000000E+0
11237564,29/9/2021,5:24:36 AM,-4.0873294E+0,-2.9080479E+1,3.8291846E+3,0.0000000E+0
11237565,29/9/2021,5:24:36 AM,-2.9733953E+0,-3.2198166E+1,3.8291846E+3,0.0000000E+0
11237566,29/9/2021,5:24:37 AM,-2.1145730E+0,-3.4670815E+1,3.8291846E+3,0.0000000E+0
11237567,29/9/2021,5:24:37 AM,-2.2975876E+0,-3.7519733E+1,3.8273987E+3,0.0000000E+0
11237568,29/9/2021,5:24:37 AM,-4.2172618E+0,-3.8003510E+1,3.8282915E+3,0.0000000E+0
11237569,29/9/2021,5:24:37 AM,-6.0302505E+0,-3.8594795E+1,3.8273987E+3,0.0000000E+0
11237570,29/9/2021,5:24:37 AM,-8.6086302E+0,-3.8675426E+1,3.8256133E+3,0.0000000E+0
11237571,29/9/2021,5:24:37 AM,-1.1465896E+1,-3.7439102E+1,3.8273987E+3,0.0000000E+0
11237572,29/9/2021,5:24:37 AM,-1.5680757E+1,-3.5503990E+1,3.8256133E+3,0.0000000E+0
11237573,29/9/2021,5:24:37 AM,-1.9490444E+1,-3.3326984E+1,3.8273987E+3,0.0000000E+0
11237574,29/9/2021,5:24:37 AM,-2.2289160E+1,-2.9940533E+1,3.8273987E+3,0.0000000E+0
11237575,29/9/2021,5:24:37 AM,-2.5214945E+1,-2.6554081E+1,3.8291846E+3,0.0000000E+0
11237576,29/9/2021,5:24:38 AM,-2.7608768E+1,-2.4807100E+1,3.8282915E+3,0.0000000E+0
11237577,29/9/2021,5:24:38 AM,-2.8513102E+1,-2.4269569E+1,3.8273987E+3,0.0000000E+0
11237578,29/9/2021,5:24:38 AM,-2.9231249E+1,-2.2361330E+1,3.8291846E+3,0.0000000E+0
11237579,29/9/2021,5:24:38 AM,-3.0135582E+1,-2.0399340E+1,3.8291846E+3,0.0000000E+0
11237580,29/9/2021,5:24:38 AM,-2.9231249E+1,-1.9348951E+1,3.8291846E+3,0.0000000E+0
11237581,29/9/2021,5:24:38 AM,-2.7475779E+1,-1.8131334E+1,3.8291846E+3,0.0000000E+0
11237582,29/9/2021,5:24:38 AM,-2.6491652E+1,-1.7347061E+1,3.8291846E+3,0.0000000E+0
11237583,29/9/2021,5:24:38 AM,-2.4603191E+1,-1.6477715E+1,3.8309702E+3,0.0000000E+0
11237584,29/9/2021,5:24:38 AM,-2.3539268E+1,-1.5467463E+1,3.8291846E+3,0.0000000E+0
11237585,29/9/2021,5:24:38 AM,-2.2102974E+1,-1.4438602E+1,3.8309702E+3,0.0000000E+0
11237586,29/9/2021,5:24:39 AM,-2.1305033E+1,-1.3579890E+1,3.8318628E+3,0.0000000E+0
11237587,29/9/2021,5:24:39 AM,-2.0586885E+1,-1.3577231E+1,3.8309702E+3,0.0000000E+0
11237588,29/9/2021,5:24:39 AM,-2.0773071E+1,-1.3438987E+1,3.8291846E+3,0.0000000E+0
11237589,29/9/2021,5:24:39 AM,-2.0347504E+1,-1.3191742E+1,3.8300774E+3,0.0000000E+0
11237590,29/9/2021,5:24:39 AM,-1.8695881E+1,-1.2439371E+1,3.8318628E+3,0.0000000E+0
11237591,29/9/2021,5:24:39 AM,-1.7725042E+1,-1.2298468E+1,3.8309702E+3,0.0000000E+0
11237592,29/9/2021,5:24:39 AM,-1.6191170E+1,-1.3032228E+1,3.8309702E+3,0.0000000E+0
11237593,29/9/2021,5:24:39 AM,-1.3591743E+1,-1.3218328E+1,3.8309702E+3,0.0000000E+0
11237594,29/9/2021,5:24:39 AM,-1.2526188E+1,-1.2984375E+1,3.8291846E+3,0.0000000E+0
11237595,29/9/2021,5:24:39 AM,-1.1305405E+1,-1.1721561E+1,3.8327556E+3,0.0000000E+0
11237596,29/9/2021,5:24:40 AM,-9.4715977E+0,-1.2277199E+1,3.8309702E+3,0.0000000E+0
11237597,29/9/2021,5:24:40 AM,-7.6456847E+0,-1.2386200E+1,3.8318628E+3,0.0000000E+0
11237598,29/9/2021,5:24:40 AM,-6.9563622E+0,-1.2545713E+1,3.8318628E+3,0.0000000E+0
11237599,29/9/2021,5:24:40 AM,-6.2828269E+0,-1.1710927E+1,3.8318628E+3,0.0000000E+0
11237600,29/9/2021,5:24:40 AM,-7.1826286E+0,-1.1136680E+1,3.8327556E+3,0.0000000E+0
11237601,29/9/2021,5:24:40 AM,-7.3378572E+0,-1.1843855E+1,3.8318628E+3,0.0000000E+0
11237602,29/9/2021,5:24:40 AM,-7.2010455E+0,-1.2622811E+1,3.8327556E+3,0.0000000E+0
11237603,29/9/2021,5:24:40 AM,-7.7693415E+0,-1.3436328E+1,3.8309702E+3,0.0000000E+0
11237604,29/9/2021,5:24:40 AM,-9.1953430E+0,-1.3691549E+1,3.8327556E+3,0.0000000E+0
11237605,29/9/2021,5:24:40 AM,-9.4347639E+0,-1.3763330E+1,3.8327556E+3,0.0000000E+0
11237606,29/9/2021,5:24:41 AM,-1.0571356E+1,-1.4332260E+1,3.8309702E+3,0.0000000E+0
11237607,29/9/2021,5:24:41 AM,-1.1439586E+1,-1.5653562E+1,3.8309702E+3,0.0000000E+0
11237608,29/9/2021,5:24:41 AM,-1.1379073E+1,-1.7671404E+1,3.8309702E+3,0.0000000E+0
11237609,29/9/2021,5:24:41 AM,-1.1684268E+1,-1.9949785E+1,3.8309702E+3,0.0000000E+0
11237610,29/9/2021,5:24:41 AM,-1.2220992E+1,-2.2092564E+1,3.8309702E+3,0.0000000E+0
11237611,29/9/2021,5:24:41 AM,-1.3339167E+1,-2.3382641E+1,3.8309702E+3,0.0000000E+0
11237612,29/9/2021,5:24:41 AM,-1.4741489E+1,-2.5747782E+1,3.8291846E+3,0.0000000E+0
11237613,29/9/2021,5:24:41 AM,-1.5654447E+1,-2.8327936E+1,3.8273987E+3,0.0000000E+0
11237614,29/9/2021,5:24:41 AM,-1.7511932E+1,-2.9564259E+1,3.8291846E+3,0.0000000E+0
11237615,29/9/2021,5:24:41 AM,-2.1012455E+1,-3.0693077E+1,3.8273987E+3,0.0000000E+0
11237616,29/9/2021,5:24:42 AM,-2.3619062E+1,-3.1553127E+1,3.8282915E+3,0.0000000E+0
11237617,29/9/2021,5:24:42 AM,-2.6225670E+1,-3.2036907E+1,3.8273987E+3,0.0000000E+0
11237618,29/9/2021,5:24:42 AM,-2.9869602E+1,-3.2843204E+1,3.8256133E+3,0.0000000E+0
11237619,29/9/2021,5:24:42 AM,-3.2210232E+1,-3.3488243E+1,3.8273987E+3,0.0000000E+0
11237620,29/9/2021,5:24:42 AM,-3.4763645E+1,-3.3945145E+1,3.8256133E+3,0.0000000E+0
11237621,29/9/2021,5:24:42 AM,-3.8620358E+1,-3.2816326E+1,3.8265059E+3,0.0000000E+0
11237622,29/9/2021,5:24:42 AM,-4.0588612E+1,-3.3219475E+1,3.8256133E+3,0.0000000E+0
11237623,29/9/2021,5:24:42 AM,-4.0987583E+1,-3.3568871E+1,3.8247205E+3,0.0000000E+0
11237624,29/9/2021,5:24:42 AM,-4.1333359E+1,-3.1875647E+1,3.8256133E+3,0.0000000E+0
11237625,29/9/2021,5:24:42 AM,-4.0960987E+1,-2.9806149E+1,3.8273987E+3,0.0000000E+0
11237626,29/9/2021,5:24:43 AM,-3.9684280E+1,-2.7844156E+1,3.8273987E+3,0.0000000E+0
11237627,29/9/2021,5:24:43 AM,-3.7184063E+1,-2.7387253E+1,3.8256133E+3,0.0000000E+0
11237628,29/9/2021,5:24:43 AM,-3.4949829E+1,-2.5855289E+1,3.8273987E+3,0.0000000E+0
11237629,29/9/2021,5:24:43 AM,-3.3353947E+1,-2.3275135E+1,3.8282915E+3,0.0000000E+0
11237630,29/9/2021,5:24:43 AM,-3.0481358E+1,-2.1528156E+1,3.8291846E+3,0.0000000E+0
11237631,29/9/2021,5:24:43 AM,-2.9683416E+1,-1.9128292E+1,3.8291846E+3,0.0000000E+0
11237632,29/9/2021,5:24:43 AM,-3.0082388E+1,-1.6017784E+1,3.8291846E+3,0.0000000E+0
11237633,29/9/2021,5:24:43 AM,-3.0295172E+1,-1.3718136E+1,3.8291846E+3,0.0000000E+0
11237634,29/9/2021,5:24:43 AM,-2.8193926E+1,-1.2080466E+1,3.8309702E+3,0.0000000E+0
11237635,29/9/2021,5:24:43 AM,-2.5507523E+1,-1.0269991E+1,3.8318628E+3,0.0000000E+0
11237636,29/9/2021,5:24:44 AM,-2.5347937E+1,-7.3881197E+0,3.8318628E+3,0.0000000E+0
11237637,29/9/2021,5:24:44 AM,-2.3273289E+1,-7.7550001E+0,3.8309702E+3,0.0000000E+0
11237638,29/9/2021,5:24:44 AM,-1.9361525E+1,-8.1883440E+0,3.8309702E+3,0.0000000E+0
11237639,29/9/2021,5:24:44 AM,-1.4820419E+1,-8.9141293E+0,3.8309702E+3,0.0000000E+0
11237640,29/9/2021,5:24:44 AM,-9.2769041E+0,-9.5947189E+0,3.8327556E+3,0.0000000E+0
11237641,29/9/2021,5:24:44 AM,-4.8265185E+0,-1.0639530E+1,3.8327556E+3,0.0000000E+0
11237642,29/9/2021,5:24:44 AM,-3.1110168E-1,-1.2755739E+1,3.8309702E+3,0.0000000E+0
11237643,29/9/2021,5:24:44 AM,3.7727973E+0,-1.3388474E+1,3.8327556E+3,0.0000000E+0
11237644,29/9/2021,5:24:44 AM,6.9458380E+0,-1.3638378E+1,3.8327556E+3,0.0000000E+0
11237645,29/9/2021,5:24:44 AM,9.0743170E+0,-1.4563555E+1,3.8345413E+3,0.0000000E+0
11237646,29/9/2021,5:24:45 AM,1.1173855E+1,-1.5571147E+1,3.8336484E+3,0.0000000E+0
11237647,29/9/2021,5:24:45 AM,1.1331715E+1,-1.6190590E+1,3.8336484E+3,0.0000000E+0
11237648,29/9/2021,5:24:45 AM,1.0363506E+1,-1.7198181E+1,3.8318628E+3,0.0000000E+0
11237649,29/9/2021,5:24:45 AM,1.0368769E+1,-1.8982071E+1,3.8327556E+3,0.0000000E+0
11237650,29/9/2021,5:24:45 AM,1.1471158E+1,-2.0533722E+1,3.8327556E+3,0.0000000E+0
11237651,29/9/2021,5:24:45 AM,1.1160700E+1,-2.2092564E+1,3.8318628E+3,0.0000000E+0
11237652,29/9/2021,5:24:45 AM,1.1344870E+1,-2.4941484E+1,3.8309702E+3,0.0000000E+0
11237653,29/9/2021,5:24:45 AM,1.0505581E+1,-2.8220428E+1,3.8291846E+3,0.0000000E+0
11237654,29/9/2021,5:24:45 AM,9.5663137E+0,-3.0370558E+1,3.8291846E+3,0.0000000E+0
11237655,29/9/2021,5:24:45 AM,9.1058893E+0,-3.0370558E+1,3.8291846E+3,0.0000000E+0
11237656,29/9/2021,5:24:46 AM,7.3510122E+0,-3.0397434E+1,3.8291846E+3,0.0000000E+0
11237657,29/9/2021,5:24:46 AM,4.5420933E+0,-3.0182421E+1,3.8282915E+3,0.0000000E+0
11237658,29/9/2021,5:24:46 AM,3.3909223E+0,-2.8489195E+1,3.8291846E+3,0.0000000E+0
11237659,29/9/2021,5:24:46 AM,1.3035135E-1,-2.5479015E+1,3.8291846E+3,0.0000000E+0
11237660,29/9/2021,5:24:46 AM,-1.5795206E+0,-2.3113874E+1,3.8309702E+3,0.0000000E+0
11237661,29/9/2021,5:24:46 AM,-4.2568755E+0,-2.0239567E+1,3.8309702E+3,0.0000000E+0
11237662,29/9/2021,5:24:46 AM,-7.9114151E+0,-1.7695330E+1,3.8309702E+3,0.0000000E+0
11237663,29/9/2021,5:24:46 AM,-1.1976310E+1,-1.3755355E+1,3.8327556E+3,0.0000000E+0
11237664,29/9/2021,5:24:46 AM,-1.5888606E+1,-1.1415829E+1,3.8309702E+3,0.0000000E+0
11237665,29/9/2021,5:24:46 AM,-1.8445936E+1,-9.7941103E+0,3.8327556E+3,0.0000000E+0
11237666,29/9/2021,5:24:47 AM,-2.1251837E+1,-7.2844362E+0,3.8327556E+3,0.0000000E+0
11237667,29/9/2021,5:24:47 AM,-2.5906494E+1,-5.6494260E+0,3.8309702E+3,0.0000000E+0
11237668,29/9/2021,5:24:47 AM,-2.9789808E+1,-5.2917604E+0,3.8291846E+3,0.0000000E+0
11237669,29/9/2021,5:24:47 AM,-3.3460339E+1,-4.0700922E+0,3.8291846E+3,0.0000000E+0
11237670,29/9/2021,5:24:47 AM,-3.6971279E+1,-1.6077945E+0,3.8309702E+3,0.0000000E+0
11237671,29/9/2021,5:24:47 AM,-4.0987583E+1,4.4874260E-1,3.8291846E+3,0.0000000E+0
11237672,29/9/2021,5:24:47 AM,-4.4418732E+1,1.5875281E+0,3.8327556E+3,0.0000000E+0
11237673,29/9/2021,5:24:47 AM,-4.6706165E+1,1.9742030E+0,3.8300774E+3,0.0000000E+0
11237674,29/9/2021,5:24:47 AM,-4.8647820E+1,1.0415401E+0,3.8291846E+3,0.0000000E+0
11237675,29/9/2021,5:24:47 AM,-4.8594624E+1,1.8424310E-1,3.8309702E+3,0.0000000E+0
11237676,29/9/2021,5:24:48 AM,-4.7849880E+1,-1.1643844E+0,3.8309702E+3,0.0000000E+0
11237677,29/9/2021,5:24:48 AM,-4.6706165E+1,-3.5473208E+0,3.8309702E+3,0.0000000E+0
11237678,29/9/2021,5:24:48 AM,-4.3594193E+1,-6.8271651E+0,3.8309702E+3,0.0000000E+0
11237679,29/9/2021,5:24:48 AM,-4.0296036E+1,-1.0054648E+1,3.8309702E+3,0.0000000E+0
11237680,29/9/2021,5:24:48 AM,-3.8114998E+1,-1.4284408E+1,3.8291846E+3,0.0000000E+0
11237681,29/9/2021,5:24:48 AM,-3.3859310E+1,-1.8889021E+1,3.8309702E+3,0.0000000E+0
11237682,29/9/2021,5:24:48 AM,-3.0162180E+1,-2.2200071E+1,3.8309702E+3,0.0000000E+0
11237683,29/9/2021,5:24:48 AM,-2.8459906E+1,-2.5989674E+1,3.8291846E+3,0.0000000E+0
11237684,29/9/2021,5:24:48 AM,-2.6172474E+1,-3.1795015E+1,3.8273987E+3,0.0000000E+0
11237685,29/9/2021,5:24:48 AM,-2.3672258E+1,-3.6122150E+1,3.8273987E+3,0.0000000E+0
11237686,29/9/2021,5:24:49 AM,-2.3752052E+1,-3.8756058E+1,3.8273987E+3,0.0000000E+0
11237687,29/9/2021,5:24:49 AM,-2.3725454E+1,-4.2438148E+1,3.8265059E+3,0.0000000E+0
11237688,29/9/2021,5:24:49 AM,-2.2794523E+1,-4.5663342E+1,3.8256133E+3,0.0000000E+0
11237689,29/9/2021,5:24:49 AM,-2.0586885E+1,-4.9479816E+1,3.8238276E+3,0.0000000E+0
11237690,29/9/2021,5:24:49 AM,-1.9366787E+1,-5.1710579E+1,3.8238276E+3,0.0000000E+0
11237691,29/9/2021,5:24:49 AM,-1.7464575E+1,-5.2033092E+1,3.8256133E+3,0.0000000E+0
11237692,29/9/2021,5:24:49 AM,-1.5083520E+1,-5.2812515E+1,3.8247205E+3,0.0000000E+0
11237693,29/9/2021,5:24:49 AM,-1.2142062E+1,-5.4505745E+1,3.8238276E+3,0.0000000E+0
11237694,29/9/2021,5:24:49 AM,-8.8690987E+0,-5.5285168E+1,3.8238276E+3,0.0000000E+0
11237695,29/9/2021,5:24:49 AM,-4.4248366E+0,-5.4559498E+1,3.8247205E+3,0.0000000E+0
11237696,29/9/2021,5:24:50 AM,-3.7654123E-1,-5.2382492E+1,3.8291846E+3,0.0000000E+0
11237697,29/9/2021,5:24:50 AM,1.1646392E+0,-4.9372314E+1,3.8273987E+3,0.0000000E+0
11237698,29/9/2021,5:24:50 AM,8.9530796E-1,-4.6711533E+1,3.8256133E+3,0.0000000E+0
11237699,29/9/2021,5:24:50 AM,2.5328922E+0,-4.3486336E+1,3.8273987E+3,0.0000000E+0
11237700,29/9/2021,5:24:50 AM,2.9314051E+0,-3.8245399E+1,3.8291846E+3,0.0000000E+0
11237701,29/9/2021,5:24:50 AM,9.2775005E-1,-3.1633757E+1,3.8309702E+3,0.0000000E+0
11237702,29/9/2021,5:24:50 AM,-1.7746884E+0,-2.5667150E+1,3.8318628E+3,0.0000000E+0
11237703,29/9/2021,5:24:50 AM,-4.3495712E+0,-2.0154493E+1,3.8291846E+3,0.0000000E+0
11237704,29/9/2021,5:24:50 AM,-7.4588833E+0,-1.3981332E+1,3.8309702E+3,0.0000000E+0
11237705,29/9/2021,5:24:50 AM,-9.6768160E+0,-7.6592922E+0,3.8327556E+3,0.0000000E+0
11237706,29/9/2021,5:24:51 AM,-1.1092293E+1,-2.2728152E+0,3.8345413E+3,0.0000000E+0
11237707,29/9/2021,5:24:51 AM,-1.3489134E+1,3.2190876E+0,3.8327556E+3,0.0000000E+0
11237708,29/9/2021,5:24:51 AM,-1.5601827E+1,7.9916110E+0,3.8345413E+3,0.0000000E+0
11237709,29/9/2021,5:24:51 AM,-1.7146223E+1,1.1742829E+1,3.8354341E+3,0.0000000E+0
11237710,29/9/2021,5:24:51 AM,-1.7561922E+1,1.3909552E+1,3.8354341E+3,0.0000000E+0
11237711,29/9/2021,5:24:51 AM,-1.7211998E+1,1.7036011E+1,3.8381123E+3,0.0000000E+0
11237712,29/9/2021,5:24:51 AM,-1.7990774E+1,1.9173487E+1,3.8381123E+3,0.0000000E+0
11237713,29/9/2021,5:24:51 AM,-1.9093163E+1,1.8195139E+1,3.8363269E+3,0.0000000E+0
11237714,29/9/2021,5:24:51 AM,-1.8538023E+1,1.6919035E+1,3.8372195E+3,0.0000000E+0
11237715,29/9/2021,5:24:51 AM,-1.8851110E+1,1.4893215E+1,3.8354341E+3,0.0000000E+0
11237716,29/9/2021,5:24:52 AM,-1.9629887E+1,1.0886776E+1,3.8354341E+3,0.0000000E+0
11237717,29/9/2021,5:24:52 AM,-1.9864046E+1,6.5240903E+0,3.8336484E+3,0.0000000E+0
11237718,29/9/2021,5:24:52 AM,-2.0640081E+1,2.4017067E+0,3.8336484E+3,0.0000000E+0
11237719,29/9/2021,5:24:52 AM,-2.3459475E+1,-1.1979802E+0,3.8318628E+3,0.0000000E+0
11237720,29/9/2021,5:24:52 AM,-2.4656385E+1,-5.8036218E+0,3.8291846E+3,0.0000000E+0
11237721,29/9/2021,5:24:52 AM,-2.5613916E+1,-9.3421564E+0,3.8309702E+3,0.0000000E+0
11237722,29/9/2021,5:24:52 AM,-2.7768356E+1,-1.1118070E+1,3.8309702E+3,0.0000000E+0
11237723,29/9/2021,5:24:52 AM,-3.1093115E+1,-1.4074382E+1,3.8291846E+3,0.0000000E+0
11237724,29/9/2021,5:24:52 AM,-3.3779518E+1,-1.8219065E+1,3.8265059E+3,0.0000000E+0
11237725,29/9/2021,5:24:52 AM,-3.4018898E+1,-2.2656973E+1,3.8273987E+3,0.0000000E+0
11237726,29/9/2021,5:24:53 AM,-3.3247555E+1,-2.5962795E+1,3.8273987E+3,0.0000000E+0
11237727,29/9/2021,5:24:53 AM,-3.1545279E+1,-2.9268618E+1,3.8282915E+3,0.0000000E+0
11237728,29/9/2021,5:24:53 AM,-3.0960123E+1,-3.2547562E+1,3.8273987E+3,0.0000000E+0
11237729,29/9/2021,5:24:53 AM,-2.9178053E+1,-3.7304718E+1,3.8256133E+3,0.0000000E+0
11237730,29/9/2021,5:24:53 AM,-2.4895769E+1,-4.1846867E+1,3.8256133E+3,0.0000000E+0
11237731,29/9/2021,5:24:53 AM,-2.0294306E+1,-4.5690220E+1,3.8238276E+3,0.0000000E+0
11237732,29/9/2021,5:24:53 AM,-1.4720441E+1,-4.8216618E+1,3.8273987E+3,0.0000000E+0
11237733,29/9/2021,5:24:53 AM,-1.0439806E+1,-4.9694832E+1,3.8256133E+3,0.0000000E+0
11237734,29/9/2021,5:24:53 AM,-7.6983047E+0,-5.1441811E+1,3.8238276E+3,0.0000000E+0
11237735,29/9/2021,5:24:53 AM,-4.3773003E+0,-5.2785637E+1,3.8238276E+3,0.0000000E+0
11237736,29/9/2021,5:24:54 AM,-2.0400994E+0,-5.1414932E+1,3.8238276E+3,0.0000000E+0
11237737,29/9/2021,5:24:54 AM,-2.1399786E-1,-4.7625336E+1,3.8282915E+3,0.0000000E+0
11237738,29/9/2021,5:24:54 AM,5.3934848E-1,-4.3378830E+1,3.8282915E+3,0.0000000E+0
11237739,29/9/2021,5:24:54 AM,2.3906542E-1,-4.0422405E+1,3.8256133E+3,0.0000000E+0
11237740,29/9/2021,5:24:54 AM,2.3906542E-1,-3.5503990E+1,3.8273987E+3,0.0000000E+0
11237741,29/9/2021,5:24:54 AM,1.2612943E-1,-2.8946098E+1,3.8291846E+3,0.0000000E+0
11237742,29/9/2021,5:24:54 AM,7.7181721E-1,-2.2764479E+1,3.8327556E+3,0.0000000E+0
11237743,29/9/2021,5:24:54 AM,3.0288544E+0,-1.7424158E+1,3.8327556E+3,0.0000000E+0
11237744,29/9/2021,5:24:54 AM,3.7498214E+0,-1.3183765E+1,3.8336484E+3,0.0000000E+0
11237745,29/9/2021,5:24:54 AM,5.2456303E+0,-9.4165955E+0,3.8327556E+3,0.0000000E+0
11237746,29/9/2021,5:24:55 AM,6.7090483E+0,-5.6015720E+0,3.8345413E+3,0.0000000E+0
11237747,29/9/2021,5:24:55 AM,8.0113926E+0,-1.6347618E+0,3.8363269E+3,0.0000000E+0
11237748,29/9/2021,5:24:55 AM,8.6586189E+0,1.9613938E+0,3.8381123E+3,0.0000000E+0
11237749,29/9/2021,5:24:55 AM,7.8140678E+0,3.9420013E+0,3.8363269E+3,0.0000000E+0
11237750,29/9/2021,5:24:55 AM,5.3830247E+0,4.0612860E+0,3.8345413E+3,0.0000000E+0
11237751,29/9/2021,5:24:55 AM,2.9987478E+0,3.9956393E+0,3.8363269E+3,0.0000000E+0
11237752,29/9/2021,5:24:55 AM,-1.4328094E+0,5.1204386E+0,3.8354341E+3,0.0000000E+0
11237753,29/9/2021,5:24:55 AM,-5.6855898E+0,7.0797276E+0,3.8381123E+3,0.0000000E+0
11237754,29/9/2021,5:24:55 AM,-9.9557018E+0,5.9498425E+0,3.8354341E+3,0.0000000E+0
11237755,29/9/2021,5:24:55 AM,-1.4231076E+1,3.0469651E+0,3.8318628E+3,0.0000000E+0
11237756,29/9/2021,5:24:56 AM,-1.7806604E+1,2.0238380E+0,3.8336484E+3,0.0000000E+0
11237757,29/9/2021,5:24:56 AM,-2.2076376E+1,1.1145242E-1,3.8327556E+3,0.0000000E+0
11237758,29/9/2021,5:24:56 AM,-2.5321339E+1,-1.9718012E+0,3.8327556E+3,0.0000000E+0
11237759,29/9/2021,5:24:56 AM,-2.8619495E+1,-5.3253841E+0,3.8309702E+3,0.0000000E+0
11237760,29/9/2021,5:24:56 AM,-3.3008171E+1,-9.4378643E+0,3.8291846E+3,0.0000000E+0
11237761,29/9/2021,5:24:56 AM,-3.6013752E+1,-1.3149205E+1,3.8291846E+3,0.0000000E+0
11237762,29/9/2021,5:24:56 AM,-3.8593761E+1,-1.6876497E+1,3.8291846E+3,0.0000000E+0
11237763,29/9/2021,5:24:56 AM,-4.0881191E+1,-2.0199688E+1,3.8282915E+3,0.0000000E+0
11237764,29/9/2021,5:24:56 AM,-4.2769653E+1,-2.3597654E+1,3.8273987E+3,0.0000000E+0
11237765,29/9/2021,5:24:56 AM,-4.6067810E+1,-2.7387253E+1,3.8238276E+3,0.0000000E+0
11237766,29/9/2021,5:24:57 AM,-4.8461636E+1,-3.0531816E+1,3.8247205E+3,0.0000000E+0
11237767,29/9/2021,5:24:57 AM,-4.8966995E+1,-3.3085094E+1,3.8256133E+3,0.0000000E+0
11237768,29/9/2021,5:24:57 AM,-4.8594624E+1,-3.4885826E+1,3.8247205E+3,0.0000000E+0
11237769,29/9/2021,5:24:57 AM,-4.8913803E+1,-3.6982201E+1,3.8256133E+3,0.0000000E+0
11237770,29/9/2021,5:24:57 AM,-4.7716888E+1,-3.9293587E+1,3.8238276E+3,0.0000000E+0
11237771,29/9/2021,5:24:57 AM,-4.6546577E+1,-4.0959934E+1,3.8220420E+3,0.0000000E+0
11237772,29/9/2021,5:24:57 AM,-4.3673988E+1,-4.0825554E+1,3.8238276E+3,0.0000000E+0
11237773,29/9/2021,5:24:57 AM,-3.9311909E+1,-3.9857998E+1,3.8265059E+3,0.0000000E+0
11237774,29/9/2021,5:24:57 AM,-3.5215809E+1,-3.9750488E+1,3.8256133E+3,0.0000000E+0
11237775,29/9/2021,5:24:57 AM,-3.1039917E+1,-3.9804245E+1,3.8256133E+3,0.0000000E+0
11237776,29/9/2021,5:24:58 AM,-2.7848150E+1,-3.8621674E+1,3.8256133E+3,0.0000000E+0
11237777,29/9/2021,5:24:58 AM,-2.5746904E+1,-3.6552174E+1,3.8273987E+3,0.0000000E+0
11237778,29/9/2021,5:24:58 AM,-2.1198641E+1,-3.3837639E+1,3.8309702E+3,0.0000000E+0
11237779,29/9/2021,5:24:58 AM,-1.8019714E+1,-3.2440056E+1,3.8309702E+3,0.0000000E+0
11237780,29/9/2021,5:24:58 AM,-1.7667162E+1,-3.2413181E+1,3.8256133E+3,0.0000000E+0
11237781,29/9/2021,5:24:58 AM,-1.7183056E+1,-3.2063786E+1,3.8273987E+3,0.0000000E+0
11237782,29/9/2021,5:24:58 AM,-1.5151925E+1,-2.9671766E+1,3.8291846E+3,0.0000000E+0
11237783,29/9/2021,5:24:58 AM,-1.3378632E+1,-2.7010984E+1,3.8291846E+3,0.0000000E+0
11237784,29/9/2021,5:24:58 AM,-1.1850021E+1,-2.4860855E+1,3.8309702E+3,0.0000000E+0
11237785,29/9/2021,5:24:58 AM,-1.1050198E+1,-2.3758913E+1,3.8291846E+3,0.0000000E+0
11237786,29/9/2021,5:24:59 AM,-1.0213539E+1,-2.3060122E+1,3.8273987E+3,0.0000000E+0
11237787,29/9/2021,5:24:59 AM,-9.0216970E+0,-2.0318708E+1,3.8300774E+3,0.0000000E+0
11237788,29/9/2021,5:24:59 AM,-6.6774764E+0,-1.6182615E+1,3.8327556E+3,0.0000000E+0
11237789,29/9/2021,5:24:59 AM,-6.1407523E+0,-1.3329986E+1,3.8327556E+3,0.0000000E+0
11237790,29/9/2021,5:24:59 AM,-4.6831174E+0,-1.3436328E+1,3.8327556E+3,0.0000000E+0
11237791,29/9/2021,5:24:59 AM,-2.4346507E+0,-1.2997667E+1,3.8318628E+3,0.0000000E+0
11237792,29/9/2021,5:24:59 AM,-1.8055869E+0,-1.0878800E+1,3.8327556E+3,0.0000000E+0
11237793,29/9/2021,5:24:59 AM,-4.1928801E-1,-9.7515736E+0,3.8327556E+3,0.0000000E+0
11237794,29/9/2021,5:24:59 AM,9.5468724E-1,-8.4462242E+0,3.8363269E+3,0.0000000E+0
11237795,29/9/2021,5:24:59 AM,1.1131417E+0,-8.5100298E+0,3.8336484E+3,0.0000000E+0
11237796,29/9/2021,5:25:00 AM,-1.0560043E+0,-9.4458399E+0,3.8327556E+3,0.0000000E+0
11237797,29/9/2021,5:25:00 AM,-2.8220713E+0,-9.9057693E+0,3.8327556E+3,0.0000000E+0
11237798,29/9/2021,5:25:00 AM,-4.3471942E+0,-9.6399145E+0,3.8318628E+3,0.0000000E+0
11237799,29/9/2021,5:25:00 AM,-7.6141124E+0,-8.8609581E+0,3.8327556E+3,0.0000000E+0
11237800,29/9/2021,5:25:00 AM,-1.0560832E+1,-9.1640329E+0,3.8318628E+3,0.0000000E+0
11237801,29/9/2021,5:25:00 AM,-1.3357584E+1,-1.0315187E+1,3.8291846E+3,0.0000000E+0
11237802,29/9/2021,5:25:00 AM,-1.6783146E+1,-1.0764482E+1,3.8291846E+3,0.0000000E+0
11237803,29/9/2021,5:25:00 AM,-1.8840586E+1,-1.1003752E+1,3.8300774E+3,0.0000000E+0
11237804,29/9/2021,5:25:00 AM,-1.9124735E+1,-1.0897409E+1,3.8309702E+3,0.0000000E+0
11237805,29/9/2021,5:25:00 AM,-1.8798491E+1,-1.0695360E+1,3.8309702E+3,0.0000000E+0
11237806,29/9/2021,5:25:01 AM,-1.8274921E+1,-1.1931587E+1,3.8291846E+3,0.0000000E+0
11237807,29/9/2021,5:25:01 AM,-1.5307155E+1,-1.4172748E+1,3.8291846E+3,0.0000000E+0
11237808,29/9/2021,5:25:01 AM,-1.2149955E+1,-1.5233510E+1,3.8309702E+3,0.0000000E+0
11237809,29/9/2021,5:25:01 AM,-8.8191099E+0,-1.4957021E+1,3.8318628E+3,0.0000000E+0
11237810,29/9/2021,5:25:01 AM,-6.3380775E+0,-1.4829410E+1,3.8336484E+3,0.0000000E+0
11237811,29/9/2021,5:25:01 AM,-5.2995048E+0,-1.6432518E+1,3.8309702E+3,0.0000000E+0
11237812,29/9/2021,5:25:01 AM,-3.8860922E+0,-1.7514549E+1,3.8309702E+3,0.0000000E+0
11237813,29/9/2021,5:25:01 AM,-4.1324887E+0,-1.6934984E+1,3.8309702E+3,0.0000000E+0
11237814,29/9/2021,5:25:01 AM,-5.1862102E+0,-1.6496325E+1,3.8318628E+3,0.0000000E+0
11237815,29/9/2021,5:25:01 AM,-5.5803499E+0,-1.5959295E+1,3.8336484E+3,0.0000000E+0
11237816,29/9/2021,5:25:02 AM,-7.1878905E+0,-1.6610641E+1,3.8309702E+3,0.0000000E+0
11237817,29/9/2021,5:25:02 AM,-9.9977980E+0,-1.7514549E+1,3.8300774E+3,0.0000000E+0
11237818,29/9/2021,5:25:02 AM,-1.0745002E+1,-1.9192097E+1,3.8291846E+3,0.0000000E+0
11237819,29/9/2021,5:25:02 AM,-1.1536932E+1,-2.0287420E+1,3.8291846E+3,0.0000000E+0
11237820,29/9/2021,5:25:02 AM,-1.2078918E+1,-2.0399340E+1,3.8309702E+3,0.0000000E+0
11237821,29/9/2021,5:25:02 AM,-1.2994507E+1,-2.1608786E+1,3.8291846E+3,0.0000000E+0
11237822,29/9/2021,5:25:02 AM,-1.2752454E+1,-2.4672718E+1,3.8273987E+3,0.0000000E+0
11237823,29/9/2021,5:25:02 AM,-1.2310447E+1,-2.5505894E+1,3.8291846E+3,0.0000000E+0
11237824,29/9/2021,5:25:02 AM,-1.2912946E+1,-2.4511459E+1,3.8291846E+3,0.0000000E+0
11237825,29/9/2021,5:25:02 AM,-1.3865368E+1,-2.4108309E+1,3.8291846E+3,0.0000000E+0
11237826,29/9/2021,5:25:03 AM,-1.3315488E+1,-2.4296446E+1,3.8291846E+3,0.0000000E+0
11237827,29/9/2021,5:25:03 AM,-1.4783586E+1,-2.3893295E+1,3.8291846E+3,0.0000000E+0
11237828,29/9/2021,5:25:03 AM,-1.7246201E+1,-2.3463272E+1,3.8291846E+3,0.0000000E+0
11237829,29/9/2021,5:25:03 AM,-1.8911625E+1,-2.3140753E+1,3.8291846E+3,0.0000000E+0
11237830,29/9/2021,5:25:03 AM,-2.0161316E+1,-2.1743168E+1,3.8291846E+3,0.0000000E+0
11237831,29/9/2021,5:25:03 AM,-2.3140297E+1,-2.0506845E+1,3.8309702E+3,0.0000000E+0
11237832,29/9/2021,5:25:03 AM,-2.5906494E+1,-2.0372461E+1,3.8291846E+3,0.0000000E+0
11237833,29/9/2021,5:25:03 AM,-2.8406712E+1,-2.0096004E+1,3.8291846E+3,0.0000000E+0
11237834,29/9/2021,5:25:03 AM,-3.1758064E+1,-1.8349335E+1,3.8291846E+3,0.0000000E+0
11237835,29/9/2021,5:25:03 AM,-3.5056221E+1,-1.7004107E+1,3.8291846E+3,0.0000000E+0
11237836,29/9/2021,5:25:04 AM,-3.6731899E+1,-1.6392641E+1,3.8291846E+3,0.0000000E+0
11237837,29/9/2021,5:25:04 AM,-3.8567162E+1,-1.6610641E+1,3.8273987E+3,0.0000000E+0
11237838,29/9/2021,5:25:04 AM,-3.9311909E+1,-1.6246420E+1,3.8291846E+3,0.0000000E+0
11237839,29/9/2021,5:25:04 AM,-3.9710880E+1,-1.6068296E+1,3.8282915E+3,0.0000000E+0
11237840,29/9/2021,5:25:04 AM,-3.9232113E+1,-1.5900807E+1,3.8282915E+3,0.0000000E+0
11237841,29/9/2021,5:25:04 AM,-3.8061802E+1,-1.5424927E+1,3.8291846E+3,0.0000000E+0
11237842,29/9/2021,5:25:04 AM,-3.5561584E+1,-1.5446195E+1,3.8291846E+3,0.0000000E+0
11237843,29/9/2021,5:25:04 AM,-3.3513535E+1,-1.5775855E+1,3.8300774E+3,0.0000000E+0
11237844,29/9/2021,5:25:04 AM,-3.0135582E+1,-1.6456446E+1,3.8291846E+3,0.0000000E+0
11237845,29/9/2021,5:25:04 AM,-2.7076807E+1,-1.5720026E+1,3.8318628E+3,0.0000000E+0
11237846,29/9/2021,5:25:05 AM,-2.4417004E+1,-1.6860544E+1,3.8309702E+3,0.0000000E+0
11237847,29/9/2021,5:25:05 AM,-2.1464621E+1,-1.8907631E+1,3.8309702E+3,0.0000000E+0
11237848,29/9/2021,5:25:05 AM,-1.7398800E+1,-2.0255518E+1,3.8309702E+3,0.0000000E+0
11237849,29/9/2021,5:25:05 AM,-1.5488693E+1,-2.1447527E+1,3.8300774E+3,0.0000000E+0
11237850,29/9/2021,5:25:05 AM,-1.3189199E+1,-2.3651407E+1,3.8309702E+3,0.0000000E+0
11237851,29/9/2021,5:25:05 AM,-1.1305405E+1,-2.5344631E+1,3.8291846E+3,0.0000000E+0
11237852,29/9/2021,5:25:05 AM,-9.8294144E+0,-2.6554081E+1,3.8309702E+3,0.0000000E+0
11237853,29/9/2021,5:25:05 AM,-7.9219394E+0,-2.8462318E+1,3.8291846E+3,0.0000000E+0
11237854,29/9/2021,5:25:05 AM,-6.8327050E+0,-3.0639324E+1,3.8300774E+3,0.0000000E+0
11237855,29/9/2021,5:25:05 AM,-5.0071568E+0,-3.2305672E+1,3.8282915E+3,0.0000000E+0
11237856,29/9/2021,5:25:06 AM,-4.0469232E+0,-3.3595749E+1,3.8291846E+3,0.0000000E+0
11237857,29/9/2021,5:25:06 AM,-2.7238297E+0,-3.5692123E+1,3.8282915E+3,0.0000000E+0
11237858,29/9/2021,5:25:06 AM,-5.7154053E-1,-3.7788498E+1,3.8282915E+3,0.0000000E+0
11237859,29/9/2021,5:25:06 AM,6.8183780E-1,-3.8809811E+1,3.8282915E+3,0.0000000E+0
11237860,29/9/2021,5:25:06 AM,5.6230509E-1,-3.9401093E+1,3.8273987E+3,0.0000000E+0
11237861,29/9/2021,5:25:06 AM,1.5370070E+0,-3.9024822E+1,3.8291846E+3,0.0000000E+0
11237862,29/9/2021,5:25:06 AM,6.3777167E-1,-3.7089706E+1,3.8291846E+3,0.0000000E+0
11237863,29/9/2021,5:25:06 AM,-1.5684381E+0,-3.5342728E+1,3.8291846E+3,0.0000000E+0
11237864,29/9/2021,5:25:06 AM,-3.4836183E+0,-3.3434490E+1,3.8291846E+3,0.0000000E+0
11237865,29/9/2021,5:25:06 AM,-7.2852378E+0,-3.0316805E+1,3.8282915E+3,0.0000000E+0
11237866,29/9/2021,5:25:07 AM,-1.1331715E+1,-2.6715338E+1,3.8291846E+3,0.0000000E+0
11237867,29/9/2021,5:25:07 AM,-1.5533421E+1,-2.1689415E+1,3.8309702E+3,0.0000000E+0
11237868,29/9/2021,5:25:07 AM,-2.2076376E+1,-1.6868521E+1,3.8309702E+3,0.0000000E+0
11237869,29/9/2021,5:25:07 AM,-2.7848150E+1,-1.2976398E+1,3.8300774E+3,0.0000000E+0
11237870,29/9/2021,5:25:07 AM,-3.2742191E+1,-9.0417404E+0,3.8300774E+3,0.0000000E+0
11237871,29/9/2021,5:25:07 AM,-3.6997879E+1,-6.2529173E+0,3.8291846E+3,0.0000000E+0
11237872,29/9/2021,5:25:07 AM,-3.9737476E+1,-4.2053885E+0,3.8291846E+3,0.0000000E+0
11237873,29/9/2021,5:25:07 AM,-4.1333359E+1,-1.7812657E+0,3.8309702E+3,0.0000000E+0
11237874,29/9/2021,5:25:07 AM,-4.2743057E+1,-4.4447649E-1,3.8291846E+3,0.0000000E+0
11237875,29/9/2021,5:25:07 AM,-4.1945114E+1,-8.8148731E-1,3.8309702E+3,0.0000000E+0
11237876,29/9/2021,5:25:08 AM,-3.9577888E+1,-1.1211900E+0,3.8300774E+3,0.0000000E+0
11237877,29/9/2021,5:25:08 AM,-3.7077675E+1,-7.2524059E-1,3.8318628E+3,0.0000000E+0
11237878,29/9/2021,5:25:08 AM,-3.5854160E+1,-5.6899393E-1,3.8309702E+3,0.0000000E+0
11237879,29/9/2021,5:25:08 AM,-3.3619926E+1,-1.2963676E+0,3.8327556E+3,0.0000000E+0
11237880,29/9/2021,5:25:08 AM,-3.1811258E+1,-2.0750747E+0,3.8300774E+3,0.0000000E+0
11237881,29/9/2021,5:25:08 AM,-3.0241976E+1,-3.3607883E+0,3.8309702E+3,0.0000000E+0
11237882,29/9/2021,5:25:08 AM,-2.8140730E+1,-4.1405425E+0,3.8318628E+3,0.0000000E+0
11237883,29/9/2021,5:25:08 AM,-2.6039486E+1,-5.7212067E+0,3.8291846E+3,0.0000000E+0
11237884,29/9/2021,5:25:08 AM,-2.4097828E+1,-6.8936286E+0,3.8327556E+3,0.0000000E+0
11237885,29/9/2021,5:25:08 AM,-2.0019274E+1,-9.1932774E+0,3.8309702E+3,0.0000000E+0
11237886,29/9/2021,5:25:09 AM,-1.6701586E+1,-1.2840813E+1,3.8291846E+3,0.0000000E+0
11237887,29/9/2021,5:25:09 AM,-1.1265940E+1,-1.5898149E+1,3.8309702E+3,0.0000000E+0
11237888,29/9/2021,5:25:09 AM,-5.0499392E+0,-1.8091455E+1,3.8327556E+3,0.0000000E+0
11237889,29/9/2021,5:25:09 AM,-1.0718364E+0,-2.1904428E+1,3.8300774E+3,0.0000000E+0
11237890,29/9/2021,5:25:09 AM,4.2441993E+0,-2.5909042E+1,3.8309702E+3,0.0000000E+0
11237891,29/9/2021,5:25:09 AM,9.8215208E+0,-2.9537382E+1,3.8300774E+3,0.0000000E+0
11237892,29/9/2021,5:25:09 AM,1.3331273E+1,-3.2762577E+1,3.8291846E+3,0.0000000E+0
11237893,29/9/2021,5:25:09 AM,1.7322500E+1,-3.5100838E+1,3.8309702E+3,0.0000000E+0
11237894,29/9/2021,5:25:09 AM,1.9619362E+1,-3.6605927E+1,3.8300774E+3,0.0000000E+0
11237895,29/9/2021,5:25:09 AM,1.9301012E+1,-3.6605927E+1,3.8309702E+3,0.0000000E+0
11237896,29/9/2021,5:25:10 AM,1.8009190E+1,-3.7465981E+1,3.8282915E+3,0.0000000E+0
11237897,29/9/2021,5:25:10 AM,1.6788406E+1,-3.7089706E+1,3.8309702E+3,0.0000000E+0
11237898,29/9/2021,5:25:10 AM,1.4133729E+1,-3.5100838E+1,3.8300774E+3,0.0000000E+0
11237899,29/9/2021,5:25:10 AM,1.0124085E+1,-3.3998898E+1,3.8291846E+3,0.0000000E+0
11237900,29/9/2021,5:25:10 AM,6.7011557E+0,-3.2789448E+1,3.8291846E+3,0.0000000E+0
11237901,29/9/2021,5:25:10 AM,2.1874619E+0,-2.9994286E+1,3.8291846E+3,0.0000000E+0
11237902,29/9/2021,5:25:10 AM,-1.8214325E+0,-2.7656021E+1,3.8291846E+3,0.0000000E+0
11237903,29/9/2021,5:25:10 AM,-3.2443521E+0,-2.5183374E+1,3.8309702E+3,0.0000000E+0
11237904,29/9/2021,5:25:10 AM,-5.9776306E+0,-2.3140753E+1,3.8291846E+3,0.0000000E+0
11237905,29/9/2021,5:25:10 AM,-8.4270906E+0,-2.0236908E+1,3.8309702E+3,0.0000000E+0
11237906,29/9/2021,5:25:11 AM,-1.1244892E+1,-1.7339085E+1,3.8309702E+3,0.0000000E+0
11237907,29/9/2021,5:25:11 AM,-1.5141401E+1,-1.4927777E+1,3.8291846E+3,0.0000000E+0
11237908,29/9/2021,5:25:11 AM,-1.7890797E+1,-1.2083125E+1,3.8318628E+3,0.0000000E+0
11237909,29/9/2021,5:25:11 AM,-2.0959257E+1,-8.8290558E+0,3.8318628E+3,0.0000000E+0
11237910,29/9/2021,5:25:11 AM,-2.5055355E+1,-5.7557678E+0,3.8336484E+3,0.0000000E+0
11237911,29/9/2021,5:25:11 AM,-3.0401566E+1,-4.2566247E+0,3.8309702E+3,0.0000000E+0
11237912,29/9/2021,5:25:11 AM,-3.4231682E+1,-3.4224319E+0,3.8318628E+3,0.0000000E+0
11237913,29/9/2021,5:25:11 AM,-3.8912937E+1,-1.5933962E+0,3.8309702E+3,0.0000000E+0
11237914,29/9/2021,5:25:11 AM,-4.2290890E+1,-1.6024617E+0,3.8318628E+3,0.0000000E+0
11237915,29/9/2021,5:25:11 AM,-4.4152752E+1,-1.1585184E+0,3.8318628E+3,0.0000000E+0
11237916,29/9/2021,5:25:12 AM,-4.6945545E+1,-2.2632084E+0,3.8291846E+3,0.0000000E+0
11237917,29/9/2021,5:25:12 AM,-4.8807411E+1,-4.6593108E+0,3.8291846E+3,0.0000000E+0
11237918,29/9/2021,5:25:12 AM,-4.6732761E+1,-7.7922196E+0,3.8282915E+3,0.0000000E+0
11237919,29/9/2021,5:25:12 AM,-4.5961418E+1,-1.0238089E+1,3.8273987E+3,0.0000000E+0
11237920,29/9/2021,5:25:12 AM,-4.2769653E+1,-1.2370249E+1,3.8309702E+3,0.0000000E+0
11237921,29/9/2021,5:25:12 AM,-4.1040783E+1,-1.4954363E+1,3.8273987E+3,0.0000000E+0
11237922,29/9/2021,5:25:12 AM,-3.9019329E+1,-1.8229700E+1,3.8265059E+3,0.0000000E+0
11237923,29/9/2021,5:25:12 AM,-3.5003025E+1,-1.9968395E+1,3.8291846E+3,0.0000000E+0
11237924,29/9/2021,5:25:12 AM,-3.2210232E+1,-2.1393772E+1,3.8291846E+3,0.0000000E+0
11237925,29/9/2021,5:25:12 AM,-2.8380114E+1,-2.3517025E+1,3.8309702E+3,0.0000000E+0
11237926,29/9/2021,5:25:13 AM,-2.5693710E+1,-2.5290880E+1,3.8291846E+3,0.0000000E+0
11237927,29/9/2021,5:25:13 AM,-2.4629789E+1,-2.6769093E+1,3.8291846E+3,0.0000000E+0
11237928,29/9/2021,5:25:13 AM,-2.2235964E+1,-2.8704210E+1,3.8291846E+3,0.0000000E+0
11237929,29/9/2021,5:25:13 AM,-2.0906063E+1,-3.0639324E+1,3.8282915E+3,0.0000000E+0
11237930,29/9/2021,5:25:13 AM,-1.9574636E+1,-3.2681946E+1,3.8291846E+3,0.0000000E+0
11237931,29/9/2021,5:25:13 AM,-1.8198624E+1,-3.5853382E+1,3.8273987E+3,0.0000000E+0
11237932,29/9/2021,5:25:13 AM,-1.7903950E+1,-3.8003510E+1,3.8273987E+3,0.0000000E+0
11237933,29/9/2021,5:25:13 AM,-1.6888386E+1,-4.0422405E+1,3.8256133E+3,0.0000000E+0
11237934,29/9/2021,5:25:13 AM,-1.5359774E+1,-4.1658726E+1,3.8273987E+3,0.0000000E+0
11237935,29/9/2021,5:25:13 AM,-1.4086370E+1,-4.3325077E+1,3.8256133E+3,0.0000000E+0
11237936,29/9/2021,5:25:14 AM,-1.2313077E+1,-4.4588280E+1,3.8247205E+3,0.0000000E+0
11237937,29/9/2021,5:25:14 AM,-1.1058091E+1,-4.5018307E+1,3.8256133E+3,0.0000000E+0
11237938,29/9/2021,5:25:14 AM,-9.7083874E+0,-4.4131374E+1,3.8256133E+3,0.0000000E+0
11237939,29/9/2021,5:25:14 AM,-8.3192205E+0,-4.1846867E+1,3.8265059E+3,0.0000000E+0
11237940,29/9/2021,5:25:14 AM,-6.6827388E+0,-3.8756058E+1,3.8282915E+3,0.0000000E+0
11237941,29/9/2021,5:25:14 AM,-5.6750660E+0,-3.6283409E+1,3.8282915E+3,0.0000000E+0
11237942,29/9/2021,5:25:14 AM,-5.0436010E+0,-3.2601315E+1,3.8291846E+3,0.0000000E+0
11237943,29/9/2021,5:25:14 AM,-5.1759105E+0,-2.8972975E+1,3.8291846E+3,0.0000000E+0
11237944,29/9/2021,5:25:14 AM,-5.9618444E+0,-2.4377077E+1,3.8291846E+3,0.0000000E+0
11237945,29/9/2021,5:25:14 AM,-6.5275097E+0,-1.9843443E+1,3.8327556E+3,0.0000000E+0
11237946,29/9/2021,5:25:15 AM,-7.4457283E+0,-1.5411634E+1,3.8327556E+3,0.0000000E+0
11237947,29/9/2021,5:25:15 AM,-7.9219394E+0,-1.2123003E+1,3.8318628E+3,0.0000000E+0
11237948,29/9/2021,5:25:15 AM,-8.8164797E+0,-9.3288631E+0,3.8318628E+3,0.0000000E+0
11237949,29/9/2021,5:25:15 AM,-9.7083874E+0,-5.6361327E+0,3.8327556E+3,0.0000000E+0
11237950,29/9/2021,5:25:15 AM,-1.1281725E+1,-1.7972772E+0,3.8336484E+3,0.0000000E+0
11237951,29/9/2021,5:25:15 AM,-1.2289398E+1,1.4984751E-1,3.8327556E+3,0.0000000E+0
11237952,29/9/2021,5:25:15 AM,-1.1947369E+1,2.2271826E+0,3.8345413E+3,0.0000000E+0
11237953,29/9/2021,5:25:15 AM,-1.1518516E+1,3.1110108E+0,3.8327556E+3,0.0000000E+0
11237954,29/9/2021,5:25:15 AM,-1.1786878E+1,5.1436548E+0,3.8345413E+3,0.0000000E+0
11237955,29/9/2021,5:25:15 AM,-1.1644803E+1,5.7079144E+0,3.8345413E+3,0.0000000E+0
11237956,29/9/2021,5:25:16 AM,-1.1234367E+1,6.3672352E+0,3.8345413E+3,0.0000000E+0
11237957,29/9/2021,5:25:16 AM,-1.1297512E+1,7.4838276E+0,3.8363269E+3,0.0000000E+0
11237958,29/9/2021,5:25:16 AM,-1.1521147E+1,6.3379917E+0,3.8345413E+3,0.0000000E+0
11237959,29/9/2021,5:25:16 AM,-1.1973679E+1,3.6602011E+0,3.8345413E+3,0.0000000E+0
11237960,29/9/2021,5:25:16 AM,-1.1913165E+1,7.9776460E-1,3.8327556E+3,0.0000000E+0
11237961,29/9/2021,5:25:16 AM,-1.2015774E+1,-1.2531731E+0,3.8327556E+3,0.0000000E+0
11237962,29/9/2021,5:25:16 AM,-1.1634279E+1,-2.0438523E+0,3.8363269E+3,0.0000000E+0
11237963,29/9/2021,5:25:16 AM,-1.2873481E+1,-5.3253841E+0,3.8309702E+3,0.0000000E+0
11237964,29/9/2021,5:25:16 AM,-1.3407574E+1,-9.0709839E+0,3.8309702E+3,0.0000000E+0
11237965,29/9/2021,5:25:16 AM,-1.2715620E+1,-1.1572683E+1,3.8327556E+3,0.0000000E+0
11237966,29/9/2021,5:25:17 AM,-1.4557320E+1,-1.4356188E+1,3.8309702E+3,0.0000000E+0
11237967,29/9/2021,5:25:17 AM,-1.4659928E+1,-1.8314774E+1,3.8309702E+3,0.0000000E+0
11237968,29/9/2021,5:25:17 AM,-1.6620022E+1,-2.0909994E+1,3.8291846E+3,0.0000000E+0
11237969,29/9/2021,5:25:17 AM,-1.9964024E+1,-2.4027679E+1,3.8291846E+3,0.0000000E+0
11237970,29/9/2021,5:25:17 AM,-2.1198641E+1,-2.7494761E+1,3.8273987E+3,0.0000000E+0
11237971,29/9/2021,5:25:17 AM,-2.2714729E+1,-2.9698643E+1,3.8282915E+3,0.0000000E+0
11237972,29/9/2021,5:25:17 AM,-2.5321339E+1,-2.9940533E+1,3.8291846E+3,0.0000000E+0
11237973,29/9/2021,5:25:17 AM,-2.7156601E+1,-3.2413181E+1,3.8273987E+3,0.0000000E+0
11237974,29/9/2021,5:25:17 AM,-2.7741758E+1,-3.4724567E+1,3.8256133E+3,0.0000000E+0
11237975,29/9/2021,5:25:17 AM,-2.7050211E+1,-3.6874691E+1,3.8238276E+3,0.0000000E+0
11237976,29/9/2021,5:25:18 AM,-2.6970417E+1,-3.6847820E+1,3.8273987E+3,0.0000000E+0
11237977,29/9/2021,5:25:18 AM,-2.4948965E+1,-3.7250965E+1,3.8273987E+3,0.0000000E+0
11237978,29/9/2021,5:25:18 AM,-2.3645660E+1,-3.8433537E+1,3.8256133E+3,0.0000000E+0
11237979,29/9/2021,5:25:18 AM,-2.1943384E+1,-3.8406662E+1,3.8256133E+3,0.0000000E+0
11237980,29/9/2021,5:25:18 AM,-2.0985855E+1,-3.7600361E+1,3.8265059E+3,0.0000000E+0
11237981,29/9/2021,5:25:18 AM,-2.0932659E+1,-3.6525299E+1,3.8273987E+3,0.0000000E+0
11237982,29/9/2021,5:25:18 AM,-1.9919296E+1,-3.3891392E+1,3.8291846E+3,0.0000000E+0
11237983,29/9/2021,5:25:18 AM,-2.0064001E+1,-3.1445620E+1,3.8291846E+3,0.0000000E+0
11237984,29/9/2021,5:25:18 AM,-2.1464621E+1,-2.9429874E+1,3.8291846E+3,0.0000000E+0
11237985,29/9/2021,5:25:18 AM,-2.1172043E+1,-2.8892344E+1,3.8291846E+3,0.0000000E+0
11237986,29/9/2021,5:25:19 AM,-2.0613483E+1,-2.8139799E+1,3.8282915E+3,0.0000000E+0
11237987,29/9/2021,5:25:19 AM,-2.0453896E+1,-2.6795969E+1,3.8300774E+3,0.0000000E+0
11237988,29/9/2021,5:25:19 AM,-2.0081524E+1,-2.7306625E+1,3.8291846E+3,0.0000000E+0
11237989,29/9/2021,5:25:19 AM,-1.8632738E+1,-2.7790403E+1,3.8291846E+3,0.0000000E+0
11237990,29/9/2021,5:25:19 AM,-1.7809235E+1,-2.8757959E+1,3.8265059E+3,0.0000000E+0
11237991,29/9/2021,5:25:19 AM,-1.6083300E+1,-2.8354813E+1,3.8291846E+3,0.0000000E+0
11237992,29/9/2021,5:25:19 AM,-1.4249493E+1,-2.7951664E+1,3.8282915E+3,0.0000000E+0
11237993,29/9/2021,5:25:19 AM,-1.3220773E+1,-2.7225996E+1,3.8273987E+3,0.0000000E+0
11237994,29/9/2021,5:25:19 AM,-1.1250154E+1,-2.5559647E+1,3.8291846E+3,0.0000000E+0
11237995,29/9/2021,5:25:19 AM,-9.8478308E+0,-2.4054556E+1,3.8291846E+3,0.0000000E+0
11237996,29/9/2021,5:25:20 AM,-8.9111948E+0,-2.1555033E+1,3.8309702E+3,0.0000000E+0
11237997,29/9/2021,5:25:20 AM,-8.9821453E+0,-1.8248135E+1,3.8309702E+3,0.0000000E+0
11237998,29/9/2021,5:25:20 AM,-9.1663132E+0,-1.6466919E+1,3.8309702E+3,0.0000000E+0
11237999,29/9/2021,5:25:20 AM,-8.3480797E+0,-1.3752563E+1,3.8318628E+3,0.0000000E+0
11238000,29/9/2021,5:25:20 AM,-8.9742527E+0,-1.0814890E+1,3.8327556E+3,0.0000000E+0
11238001,29/9/2021,5:25:20 AM,-1.0516003E+1,-7.9224119E+0,3.8327556E+3,0.0000000E+0
11238002,29/9/2021,5:25:20 AM,-1.1171116E+1,-6.1146135E+0,3.8327556E+3,0.0000000E+0
11238003,29/9/2021,5:25:20 AM,-1.1949883E+1,-3.7578471E+0,3.8327556E+3,0.0000000E+0
11238004,29/9/2021,5:25:20 AM,-1.4333546E+1,-1.1291751E+0,3.8336484E+3,0.0000000E+0
11238005,29/9/2021,5:25:20 AM,-1.5543795E+1,-1.9650580E-1,3.8327556E+3,0.0000000E+0
11238006,29/9/2021,5:25:21 AM,-1.6298883E+1,1.0671517E+0,3.8336484E+3,0.0000000E+0
11238007,29/9/2021,5:25:21 AM,-1.8080051E+1,1.8108755E+0,3.8327556E+3,0.0000000E+0
11238008,29/9/2021,5:25:21 AM,-2.0240612E+1,2.3432505E+0,3.8327556E+3,0.0000000E+0
11238009,29/9/2021,5:25:21 AM,-2.2075832E+1,2.2159610E+0,3.8327556E+3,0.0000000E+0
11238010,29/9/2021,5:25:21 AM,-2.2767363E+1,1.7900610E+0,3.8327556E+3,0.0000000E+0
11238011,29/9/2021,5:25:21 AM,-2.3645079E+1,2.0670562E+0,3.8336484E+3,0.0000000E+0
11238012,29/9/2021,5:25:21 AM,-2.4230221E+1,-3.8394619E-2,3.8318628E+3,0.0000000E+0
11238013,29/9/2021,5:25:21 AM,-2.3724871E+1,-1.8188812E+0,3.8318628E+3,0.0000000E+0
11238014,29/9/2021,5:25:21 AM,-2.3964247E+1,-2.8315945E+0,3.8327556E+3,0.0000000E+0
11238015,29/9/2021,5:25:21 AM,-2.3325909E+1,-5.2997332E+0,3.8318628E+3,0.0000000E+0
11238016,29/9/2021,5:25:22 AM,-2.3645079E+1,-8.5285559E+0,3.8309702E+3,0.0000000E+0
11238017,29/9/2021,5:25:22 AM,-2.3698273E+1,-1.1333303E+1,3.8318628E+3,0.0000000E+0
11238018,29/9/2021,5:25:22 AM,-2.3325909E+1,-1.4255024E+1,3.8309702E+3,0.0000000E+0
11238019,29/9/2021,5:25:22 AM,-2.4602583E+1,-1.7458549E+1,3.8291846E+3,0.0000000E+0
11238020,29/9/2021,5:25:22 AM,-2.5533491E+1,-2.1662004E+1,3.8291846E+3,0.0000000E+0
11238021,29/9/2021,5:25:22 AM,-2.4469597E+1,-2.5666521E+1,3.8282915E+3,0.0000000E+0
11238022,29/9/2021,5:25:22 AM,-2.3964247E+1,-2.8918507E+1,3.8291846E+3,0.0000000E+0
11238023,29/9/2021,5:25:22 AM,-2.3751467E+1,-3.2600513E+1,3.8256133E+3,0.0000000E+0
11238024,29/9/2021,5:25:22 AM,-2.2740767E+1,-3.6873787E+1,3.8273987E+3,0.0000000E+0
11238025,29/9/2021,5:25:22 AM,-2.1490690E+1,-4.0045147E+1,3.8247205E+3,0.0000000E+0
11238026,29/9/2021,5:25:23 AM,-1.9145597E+1,-4.3216503E+1,3.8256133E+3,0.0000000E+0
11238027,29/9/2021,5:25:23 AM,-1.7090807E+1,-4.4990318E+1,3.8256133E+3,0.0000000E+0
11238028,29/9/2021,5:25:23 AM,-1.4575596E+1,-4.6602875E+1,3.8256133E+3,0.0000000E+0
11238029,29/9/2021,5:25:23 AM,-1.1552607E+1,-4.8806702E+1,3.8238276E+3,0.0000000E+0
11238030,29/9/2021,5:25:23 AM,-8.3638668E+0,-4.9075459E+1,3.8256133E+3,0.0000000E+0
11238031,29/9/2021,5:25:23 AM,-6.1275382E+0,-4.7032890E+1,3.8265059E+3,0.0000000E+0
11238032,29/9/2021,5:25:23 AM,-4.7330012E+0,-4.4963444E+1,3.8273987E+3,0.0000000E+0
11238033,29/9/2021,5:25:23 AM,-4.0571980E+0,-4.2732738E+1,3.8282915E+3,0.0000000E+0
11238034,29/9/2021,5:25:23 AM,-2.8497834E+0,-4.1415821E+1,3.8273987E+3,0.0000000E+0
11238035,29/9/2021,5:25:23 AM,-2.2635059E+0,-3.9561378E+1,3.8273987E+3,0.0000000E+0
11238036,29/9/2021,5:25:24 AM,-2.3459017E+0,-3.5798748E+1,3.8291846E+3,0.0000000E+0
11238037,29/9/2021,5:25:24 AM,-3.9724252E+0,-3.1928614E+1,3.8291846E+3,0.0000000E+0
11238038,29/9/2021,5:25:24 AM,-5.7776189E+0,-2.8542246E+1,3.8291846E+3,0.0000000E+0
11238039,29/9/2021,5:25:24 AM,-7.0247006E+0,-2.6257790E+1,3.8291846E+3,0.0000000E+0
11238040,29/9/2021,5:25:24 AM,-7.5351095E+0,-2.2710167E+1,3.8309702E+3,0.0000000E+0
11238041,29/9/2021,5:25:24 AM,-8.8716440E+0,-1.8593742E+1,3.8309702E+3,0.0000000E+0
11238042,29/9/2021,5:25:24 AM,-1.0537050E+1,-1.4403902E+1,3.8327556E+3,0.0000000E+0
11238043,29/9/2021,5:25:24 AM,-1.2799688E+1,-1.1601814E+1,3.8309702E+3,0.0000000E+0
11238044,29/9/2021,5:25:24 AM,-1.3273263E+1,-8.5126057E+0,3.8309702E+3,0.0000000E+0
11238045,29/9/2021,5:25:24 AM,-1.4996552E+1,-5.3469663E+0,3.8309702E+3,0.0000000E+0
11238046,29/9/2021,5:25:25 AM,-1.6125240E+1,-2.2439806E+0,3.8336484E+3,0.0000000E+0
11238047,29/9/2021,5:25:25 AM,-1.7859051E+1,4.2020780E-1,3.8345413E+3,0.0000000E+0
11238048,29/9/2021,5:25:25 AM,-1.9642851E+1,2.6026332E+0,3.8327556E+3,0.0000000E+0
11238049,29/9/2021,5:25:25 AM,-2.2022636E+1,4.0572581E+0,3.8345413E+3,0.0000000E+0
11238050,29/9/2021,5:25:25 AM,-2.3671675E+1,4.8145914E+0,3.8327556E+3,0.0000000E+0
11238051,29/9/2021,5:25:25 AM,-2.5772867E+1,5.1884546E+0,3.8345413E+3,0.0000000E+0
11238052,29/9/2021,5:25:25 AM,-2.7820866E+1,5.6998835E+0,3.8327556E+3,0.0000000E+0
11238053,29/9/2021,5:25:25 AM,-3.1704086E+1,5.2981319E+0,3.8336484E+3,0.0000000E+0
11238054,29/9/2021,5:25:25 AM,-3.3193539E+1,4.0452495E+0,3.8327556E+3,0.0000000E+0
11238055,29/9/2021,5:25:25 AM,-3.5746887E+1,2.8468053E+0,3.8318628E+3,0.0000000E+0
11238056,29/9/2021,5:25:26 AM,-3.6996967E+1,8.2388453E-2,3.8291846E+3,0.0000000E+0
11238057,29/9/2021,5:25:26 AM,-3.7954475E+1,-2.4000907E+0,3.8318628E+3,0.0000000E+0
11238058,29/9/2021,5:25:26 AM,-3.7715096E+1,-5.1019940E+0,3.8309702E+3,0.0000000E+0
11238059,29/9/2021,5:25:26 AM,-3.8513016E+1,-7.7416325E+0,3.8282915E+3,0.0000000E+0
11238060,29/9/2021,5:25:26 AM,-3.7555511E+1,-1.1327986E+1,3.8291846E+3,0.0000000E+0
11238061,29/9/2021,5:25:26 AM,-3.4948967E+1,-1.5499216E+1,3.8273987E+3,0.0000000E+0
11238062,29/9/2021,5:25:26 AM,-3.1597696E+1,-1.9035057E+1,3.8282915E+3,0.0000000E+0
11238063,29/9/2021,5:25:26 AM,-2.9257126E+1,-2.2038269E+1,3.8273987E+3,0.0000000E+0
11238064,29/9/2021,5:25:26 AM,-2.5427101E+1,-2.5424635E+1,3.8273987E+3,0.0000000E+0
11238065,29/9/2021,5:25:26 AM,-2.1623676E+1,-2.7198450E+1,3.8291846E+3,0.0000000E+0
11238066,29/9/2021,5:25:27 AM,-1.6351503E+1,-3.0208553E+1,3.8282915E+3,0.0000000E+0
11238067,29/9/2021,5:25:27 AM,-1.1860431E+1,-3.2170494E+1,3.8291846E+3,0.0000000E+0
11238068,29/9/2021,5:25:27 AM,-7.4824896E+0,-3.4401199E+1,3.8282915E+3,0.0000000E+0
11238069,29/9/2021,5:25:27 AM,-5.6934276E+0,-3.6094383E+1,3.8282915E+3,0.0000000E+0
11238070,29/9/2021,5:25:27 AM,-3.2593851E+0,-3.6981289E+1,3.8282915E+3,0.0000000E+0
11238071,29/9/2021,5:25:27 AM,-5.8657384E-1,-3.8486340E+1,3.8291846E+3,0.0000000E+0
11238072,29/9/2021,5:25:27 AM,2.4084907E+0,-3.9991394E+1,3.8282915E+3,0.0000000E+0
11238073,29/9/2021,5:25:27 AM,4.4739299E+0,-4.1684578E+1,3.8273987E+3,0.0000000E+0
11238074,29/9/2021,5:25:27 AM,7.1483564E+0,-4.2974621E+1,3.8273987E+3,0.0000000E+0
11238075,29/9/2021,5:25:27 AM,9.2899685E+0,-4.2383354E+1,3.8282915E+3,0.0000000E+0
11238076,29/9/2021,5:25:28 AM,1.1752561E+1,-4.1657703E+1,3.8282915E+3,0.0000000E+0
11238077,29/9/2021,5:25:28 AM,1.4465096E+1,-4.0367657E+1,3.8291846E+3,0.0000000E+0
11238078,29/9/2021,5:25:28 AM,1.7777491E+1,-3.8244457E+1,3.8309702E+3,0.0000000E+0
11238079,29/9/2021,5:25:28 AM,1.8208969E+1,-3.6067509E+1,3.8291846E+3,0.0000000E+0
11238080,29/9/2021,5:25:28 AM,1.8230019E+1,-3.3084278E+1,3.8309702E+3,0.0000000E+0
11238081,29/9/2021,5:25:28 AM,1.8030064E+1,-2.9456026E+1,3.8327556E+3,0.0000000E+0
11238082,29/9/2021,5:25:28 AM,1.5896344E+1,-2.5155878E+1,3.8327556E+3,0.0000000E+0
11238083,29/9/2021,5:25:28 AM,1.3162763E+1,-2.2226400E+1,3.8309702E+3,0.0000000E+0
11238084,29/9/2021,5:25:28 AM,9.0794907E+0,-1.8157743E+1,3.8327556E+3,0.0000000E+0
11238085,29/9/2021,5:25:28 AM,3.2728536E+0,-1.2428617E+1,3.8345413E+3,0.0000000E+0
11238086,29/9/2021,5:25:29 AM,-2.8497834E+0,-6.7526598E+0,3.8345413E+3,0.0000000E+0
11238087,29/9/2021,5:25:29 AM,-9.6346264E+0,-2.6394594E+0,3.8354341E+3,0.0000000E+0
11238088,29/9/2021,5:25:29 AM,-1.6101561E+1,1.5144545E-1,3.8327556E+3,0.0000000E+0
11238089,29/9/2021,5:25:29 AM,-2.2448196E+1,3.8643219E+0,3.8345413E+3,0.0000000E+0
11238090,29/9/2021,5:25:29 AM,-2.8804970E+1,6.9759765E+0,3.8345413E+3,0.0000000E+0
11238091,29/9/2021,5:25:29 AM,-3.4230839E+1,8.4860201E+0,3.8345413E+3,0.0000000E+0
11238092,29/9/2021,5:25:29 AM,-4.0268448E+1,9.9322586E+0,3.8345413E+3,0.0000000E+0
11238093,29/9/2021,5:25:29 AM,-4.6412445E+1,9.7009668E+0,3.8327556E+3,0.0000000E+0
11238094,29/9/2021,5:25:29 AM,-4.9949894E+1,7.3003168E+0,3.8309702E+3,0.0000000E+0
11238095,29/9/2021,5:25:29 AM,-5.2875607E+1,5.3861771E+0,3.8309702E+3,0.0000000E+0
11238096,29/9/2021,5:25:30 AM,-5.7104591E+1,3.0381401E+0,3.8291846E+3,0.0000000E+0
11238097,29/9/2021,5:25:30 AM,-6.0934616E+1,3.3408651E-1,3.8282915E+3,0.0000000E+0
11238098,29/9/2021,5:25:30 AM,-6.4551857E+1,-2.4857509E+0,3.8291846E+3,0.0000000E+0
11238099,29/9/2021,5:25:30 AM,-6.7105209E+1,-6.0056138E+0,3.8273987E+3,0.0000000E+0
11238100,29/9/2021,5:25:30 AM,-6.8780846E+1,-8.9858236E+0,3.8256133E+3,0.0000000E+0
11238101,29/9/2021,5:25:30 AM,-7.0217110E+1,-1.2468494E+1,3.8273987E+3,0.0000000E+0
11238102,29/9/2021,5:25:30 AM,-6.9631966E+1,-1.6347286E+1,3.8256133E+3,0.0000000E+0
11238103,29/9/2021,5:25:30 AM,-6.6972221E+1,-2.0151638E+1,3.8282915E+3,0.0000000E+0
11238104,29/9/2021,5:25:30 AM,-6.4259293E+1,-2.4994621E+1,3.8238276E+3,0.0000000E+0
11238105,29/9/2021,5:25:30 AM,-5.8886616E+1,-3.0961081E+1,3.8256133E+3,0.0000000E+0
11238106,29/9/2021,5:25:31 AM,-5.1492546E+1,-3.6067509E+1,3.8256133E+3,0.0000000E+0
11238107,29/9/2021,5:25:31 AM,-4.6359245E+1,-3.8835728E+1,3.8256133E+3,0.0000000E+0
11238108,29/9/2021,5:25:31 AM,-4.0986576E+1,-4.3028378E+1,3.8247205E+3,0.0000000E+0
11238109,29/9/2021,5:25:31 AM,-3.2874374E+1,-4.9048584E+1,3.8220420E+3,0.0000000E+0
11238110,29/9/2021,5:25:31 AM,-2.4815363E+1,-5.1870560E+1,3.8256133E+3,0.0000000E+0
11238111,29/9/2021,5:25:31 AM,-1.8645712E+1,-5.5149422E+1,3.8229348E+3,0.0000000E+0
11238112,29/9/2021,5:25:31 AM,-1.3012796E+1,-5.7998276E+1,3.8238276E+3,0.0000000E+0
11238113,29/9/2021,5:25:31 AM,-7.4640727E+0,-5.9691456E+1,3.8220420E+3,0.0000000E+0
11238114,29/9/2021,5:25:31 AM,-2.3672929E+0,-6.0766491E+1,3.8238276E+3,0.0000000E+0
11238115,29/9/2021,5:25:31 AM,5.2368827E+0,-6.0739616E+1,3.8256133E+3,0.0000000E+0
11238116,29/9/2021,5:25:32 AM,1.1639428E+1,-6.0417107E+1,3.8256133E+3,0.0000000E+0
11238117,29/9/2021,5:25:32 AM,1.6156811E+1,-5.8455162E+1,3.8282915E+3,0.0000000E+0
11238118,29/9/2021,5:25:32 AM,1.9711256E+1,-5.6009453E+1,3.8256133E+3,0.0000000E+0
11238119,29/9/2021,5:25:32 AM,2.4123831E+1,-5.3160599E+1,3.8273987E+3,0.0000000E+0
11238120,29/9/2021,5:25:32 AM,2.8379412E+1,-4.9209839E+1,3.8309702E+3,0.0000000E+0
11238121,29/9/2021,5:25:32 AM,3.2475410E+1,-4.5500961E+1,3.8291846E+3,0.0000000E+0
11238122,29/9/2021,5:25:32 AM,3.3991463E+1,-4.0233280E+1,3.8309702E+3,0.0000000E+0
11238123,29/9/2021,5:25:32 AM,3.3087151E+1,-3.3944309E+1,3.8291846E+3,0.0000000E+0
11238124,29/9/2021,5:25:32 AM,3.1837072E+1,-2.8031601E+1,3.8309702E+3,0.0000000E+0
11238125,29/9/2021,5:25:32 AM,3.1331722E+1,-2.0694471E+1,3.8327556E+3,0.0000000E+0
11238126,29/9/2021,5:25:33 AM,2.8299622E+1,-1.3117175E+1,3.8327556E+3,0.0000000E+0
11238127,29/9/2021,5:25:33 AM,2.3937649E+1,-4.4519358E+0,3.8363269E+3,0.0000000E+0
11238128,29/9/2021,5:25:33 AM,1.8224756E+1,3.9988170E+0,3.8363269E+3,0.0000000E+0
11238129,29/9/2021,5:25:33 AM,1.1497356E+1,1.1878302E+1,3.8363269E+3,0.0000000E+0
11238130,29/9/2021,5:25:33 AM,6.0696568E+0,2.0659418E+1,3.8390051E+3,0.0000000E+0
11238131,29/9/2021,5:25:33 AM,6.6309500E-1,2.9026011E+1,3.8398979E+3,0.0000000E+0
11238132,29/9/2021,5:25:33 AM,-4.5880165E+0,3.5744999E+1,3.8416836E+3,0.0000000E+0
11238133,29/9/2021,5:25:33 AM,-8.8874302E+0,4.1469570E+1,3.8416836E+3,0.0000000E+0
11238134,29/9/2021,5:25:33 AM,-1.2602365E+1,4.4506550E+1,3.8416836E+3,0.0000000E+0
11238135,29/9/2021,5:25:33 AM,-1.4857109E+1,4.4640934E+1,3.8416836E+3,0.0000000E+0
11238136,29/9/2021,5:25:34 AM,-1.4367748E+1,4.3001499E+1,3.8416836E+3,0.0000000E+0
11238137,29/9/2021,5:25:34 AM,-1.4578227E+1,4.1738331E+1,3.8416836E+3,0.0000000E+0
11238138,29/9/2021,5:25:34 AM,-1.4267773E+1,3.7169422E+1,3.8381123E+3,0.0000000E+0
11238139,29/9/2021,5:25:34 AM,-1.3502159E+1,3.1041708E+1,3.8381123E+3,0.0000000E+0
11238140,29/9/2021,5:25:34 AM,-1.3462694E+1,2.5693394E+1,3.8363269E+3,0.0000000E+0
11238141,29/9/2021,5:25:34 AM,-1.6235741E+1,2.1527624E+1,3.8363269E+3,0.0000000E+0
11238142,29/9/2021,5:25:34 AM,-1.8264221E+1,1.5767727E+1,3.8345413E+3,0.0000000E+0
11238143,29/9/2021,5:25:34 AM,-2.1464092E+1,1.1811838E+1,3.8345413E+3,0.0000000E+0
11238144,29/9/2021,5:25:34 AM,-2.5427101E+1,7.1540976E+0,3.8327556E+3,0.0000000E+0
11238145,29/9/2021,5:25:34 AM,-2.8618788E+1,1.7292180E+0,3.8327556E+3,0.0000000E+0
11238146,29/9/2021,5:25:35 AM,-3.1384916E+1,-4.5840292E+0,3.8309702E+3,0.0000000E+0
11238147,29/9/2021,5:25:35 AM,-3.4443619E+1,-9.8525038E+0,3.8309702E+3,0.0000000E+0
11238148,29/9/2021,5:25:35 AM,-3.6677799E+1,-1.5028656E+1,3.8300774E+3,0.0000000E+0
11238149,29/9/2021,5:25:35 AM,-3.7342731E+1,-2.2683290E+1,3.8273987E+3,0.0000000E+0
11238150,29/9/2021,5:25:35 AM,-3.7635303E+1,-2.9375399E+1,3.8291846E+3,0.0000000E+0
11238151,29/9/2021,5:25:35 AM,-3.6651199E+1,-3.6282516E+1,3.8265059E+3,0.0000000E+0
11238152,29/9/2021,5:25:35 AM,-3.6784187E+1,-4.4775311E+1,3.8238276E+3,0.0000000E+0
11238153,29/9/2021,5:25:35 AM,-3.5108555E+1,-5.3053101E+1,3.8238276E+3,0.0000000E+0
11238154,29/9/2021,5:25:35 AM,-3.3299931E+1,-6.0605236E+1,3.8229348E+3,0.0000000E+0
11238155,29/9/2021,5:25:35 AM,-3.1544504E+1,-6.8748650E+1,3.8202566E+3,0.0000000E+0
11238156,29/9/2021,5:25:36 AM,-2.9390114E+1,-7.5682640E+1,3.8202566E+3,0.0000000E+0
11238157,29/9/2021,5:25:36 AM,-2.9124140E+1,-8.1138451E+1,3.8202566E+3,0.0000000E+0
11238158,29/9/2021,5:25:36 AM,-3.0719984E+1,-8.4793587E+1,3.8166853E+3,0.0000000E+0
11238159,29/9/2021,5:25:36 AM,-3.2236034E+1,-8.7293045E+1,3.8166853E+3,0.0000000E+0
11238160,29/9/2021,5:25:36 AM,-3.5161747E+1,-8.7212418E+1,3.8166853E+3,0.0000000E+0
11238161,29/9/2021,5:25:36 AM,-3.9044964E+1,-8.5787987E+1,3.8166853E+3,0.0000000E+0
11238162,29/9/2021,5:25:36 AM,-4.3327145E+1,-8.2186615E+1,3.8184709E+3,0.0000000E+0
11238163,29/9/2021,5:25:36 AM,-4.7077377E+1,-7.5306374E+1,3.8193638E+3,0.0000000E+0
11238164,29/9/2021,5:25:36 AM,-5.0880802E+1,-6.8049873E+1,3.8211492E+3,0.0000000E+0
11238165,29/9/2021,5:25:36 AM,-5.3194775E+1,-6.3265953E+1,3.8184709E+3,0.0000000E+0
11238166,29/9/2021,5:25:37 AM,-5.3088387E+1,-5.7433880E+1,3.8229348E+3,0.0000000E+0
11238167,29/9/2021,5:25:37 AM,-5.1332962E+1,-5.1521172E+1,3.8256133E+3,0.0000000E+0
11238168,29/9/2021,5:25:37 AM,-4.8513638E+1,-4.7919796E+1,3.8238276E+3,0.0000000E+0
11238169,29/9/2021,5:25:37 AM,-4.7476337E+1,-4.4667805E+1,3.8238276E+3,0.0000000E+0
11238170,29/9/2021,5:25:37 AM,-4.3912289E+1,-4.2275848E+1,3.8202566E+3,0.0000000E+0
11238171,29/9/2021,5:25:37 AM,-3.7316135E+1,-3.7115669E+1,3.8273987E+3,0.0000000E+0
11238172,29/9/2021,5:25:37 AM,-3.3672295E+1,-3.0127926E+1,3.8273987E+3,0.0000000E+0
11238173,29/9/2021,5:25:37 AM,-3.1597696E+1,-2.4913994E+1,3.8282915E+3,0.0000000E+0
11238174,29/9/2021,5:25:37 AM,-2.9496504E+1,-1.9085569E+1,3.8282915E+3,0.0000000E+0
11238175,29/9/2021,5:25:37 AM,-2.7820866E+1,-1.2678518E+1,3.8273987E+3,0.0000000E+0
11238176,29/9/2021,5:25:38 AM,-2.4416401E+1,-4.2686067E+0,3.8318628E+3,0.0000000E+0
11238177,29/9/2021,5:25:38 AM,-2.1863052E+1,3.7186193E+0,3.8336484E+3,0.0000000E+0
11238178,29/9/2021,5:25:38 AM,-1.9227158E+1,1.0615500E+1,3.8354341E+3,0.0000000E+0
11238179,29/9/2021,5:25:38 AM,-1.5580628E+1,1.7498428E+1,3.8363269E+3,0.0000000E+0
11238180,29/9/2021,5:25:38 AM,-1.2881249E+1,2.2925175E+1,3.8363269E+3,0.0000000E+0
11238181,29/9/2021,5:25:38 AM,-6.6537328E+0,2.6392172E+1,3.8390051E+3,0.0000000E+0
11238182,29/9/2021,5:25:38 AM,1.2438587E+0,2.8972260E+1,3.8398979E+3,0.0000000E+0
11238183,29/9/2021,5:25:38 AM,9.1742067E+0,2.9939793E+1,3.8398979E+3,0.0000000E+0
11238184,29/9/2021,5:25:38 AM,1.6472528E+1,3.0423561E+1,3.8416836E+3,0.0000000E+0
11238185,29/9/2021,5:25:38 AM,2.2820559E+1,2.9590406E+1,3.8425762E+3,0.0000000E+0
11238186,29/9/2021,5:25:39 AM,2.9576296E+1,2.8058477E+1,3.8398979E+3,0.0000000E+0
11238187,29/9/2021,5:25:39 AM,3.4709591E+1,2.7010317E+1,3.8452546E+3,0.0000000E+0
11238188,29/9/2021,5:25:39 AM,3.7821484E+1,2.5129000E+1,3.8416836E+3,0.0000000E+0
11238189,29/9/2021,5:25:39 AM,3.8220448E+1,2.1715757E+1,3.8390051E+3,0.0000000E+0
11238190,29/9/2021,5:25:39 AM,3.7209747E+1,1.8684132E+1,3.8398979E+3,0.0000000E+0
11238191,29/9/2021,5:25:39 AM,3.4629799E+1,1.6972040E+1,3.8398979E+3,0.0000000E+0
11238192,29/9/2021,5:25:39 AM,3.0454010E+1,1.4550121E+1,3.8381123E+3,0.0000000E+0
11238193,29/9/2021,5:25:39 AM,2.8379412E+1,1.0323062E+1,3.8381123E+3,0.0000000E+0
11238194,29/9/2021,5:25:39 AM,2.5028143E+1,6.9680009E+0,3.8372195E+3,0.0000000E+0
11238195,29/9/2021,5:25:39 AM,1.9769138E+1,2.9837017E+0,3.8345413E+3,0.0000000E+0
11238196,29/9/2021,5:25:40 AM,1.6283098E+1,-1.9269572E+0,3.8345413E+3,0.0000000E+0
11238197,29/9/2021,5:25:40 AM,1.4709775E+1,-7.1089025E+0,3.8345413E+3,0.0000000E+0
11238198,29/9/2021,5:25:40 AM,1.3681065E+1,-1.3218200E+1,3.8327556E+3,0.0000000E+0
11238199,29/9/2021,5:25:40 AM,1.2460292E+1,-1.8277376E+1,3.8327556E+3,0.0000000E+0
11238200,29/9/2021,5:25:40 AM,8.9426804E+0,-2.2360781E+1,3.8309702E+3,0.0000000E+0
11238201,29/9/2021,5:25:40 AM,4.6791267E+0,-2.7332827E+1,3.8291846E+3,0.0000000E+0
11238202,29/9/2021,5:25:40 AM,-3.0661216E-1,-3.1310467E+1,3.8291846E+3,0.0000000E+0
11238203,29/9/2021,5:25:40 AM,-4.8288651E+0,-3.4992470E+1,3.8300774E+3,0.0000000E+0
11238204,29/9/2021,5:25:40 AM,-1.0192393E+1,-3.8728222E+1,3.8273987E+3,0.0000000E+0
11238205,29/9/2021,5:25:40 AM,-1.7764336E+1,-4.1066429E+1,3.8273987E+3,0.0000000E+0
11238206,29/9/2021,5:25:41 AM,-2.6889959E+1,-4.3109005E+1,3.8256133E+3,0.0000000E+0
11238207,29/9/2021,5:25:41 AM,-3.5241539E+1,-4.5742844E+1,3.8220420E+3,0.0000000E+0
11238208,29/9/2021,5:25:41 AM,-4.1199352E+1,-4.8941082E+1,3.8220420E+3,0.0000000E+0
11238209,29/9/2021,5:25:41 AM,-4.6226261E+1,-5.0903023E+1,3.8211492E+3,0.0000000E+0
11238210,29/9/2021,5:25:41 AM,-5.1040386E+1,-5.2408077E+1,3.8202566E+3,0.0000000E+0
11238211,29/9/2021,5:25:41 AM,-5.5402359E+1,-5.3321861E+1,3.8202566E+3,0.0000000E+0
11238212,29/9/2021,5:25:41 AM,-5.7556751E+1,-5.4665653E+1,3.8184709E+3,0.0000000E+0
11238213,29/9/2021,5:25:41 AM,-5.9445160E+1,-5.3940006E+1,3.8184709E+3,0.0000000E+0
11238214,29/9/2021,5:25:41 AM,-5.9391964E+1,-5.1655552E+1,3.8202566E+3,0.0000000E+0
11238215,29/9/2021,5:25:41 AM,-5.9285580E+1,-4.8349808E+1,3.8220420E+3,0.0000000E+0
11238216,29/9/2021,5:25:42 AM,-5.8328072E+1,-4.4210915E+1,3.8238276E+3,0.0000000E+0
11238217,29/9/2021,5:25:42 AM,-5.7769524E+1,-3.9453873E+1,3.8256133E+3,0.0000000E+0
11238218,29/9/2021,5:25:42 AM,-5.6945007E+1,-3.4750587E+1,3.8256133E+3,0.0000000E+0
11238219,29/9/2021,5:25:42 AM,-5.5535347E+1,-2.9939793E+1,3.8273987E+3,0.0000000E+0
11238220,29/9/2021,5:25:42 AM,-5.3966103E+1,-2.6257790E+1,3.8291846E+3,0.0000000E+0
11238221,29/9/2021,5:25:42 AM,-5.3726723E+1,-2.3113306E+1,3.8273987E+3,0.0000000E+0
11238222,29/9/2021,5:25:42 AM,-5.1758514E+1,-2.0613844E+1,3.8300774E+3,0.0000000E+0
11238223,29/9/2021,5:25:42 AM,-4.8167870E+1,-1.9673103E+1,3.8300774E+3,0.0000000E+0
11238224,29/9/2021,5:25:42 AM,-4.6199661E+1,-1.9183935E+1,3.8282915E+3,0.0000000E+0
11238225,29/9/2021,5:25:42 AM,-4.5268753E+1,-1.9226473E+1,3.8273987E+3,0.0000000E+0
11238226,29/9/2021,5:25:43 AM,-4.1438728E+1,-1.8957960E+1,3.8282915E+3,0.0000000E+0
11238227,29/9/2021,5:25:43 AM,-3.7821484E+1,-1.8290668E+1,3.8282915E+3,0.0000000E+0
11238228,29/9/2021,5:25:43 AM,-3.4576607E+1,-1.8117867E+1,3.8273987E+3,0.0000000E+0
11238229,29/9/2021,5:25:43 AM,-3.0480608E+1,-1.7772257E+1,3.8291846E+3,0.0000000E+0
11238230,29/9/2021,5:25:43 AM,-2.6969751E+1,-1.6987991E+1,3.8265059E+3,0.0000000E+0
11238231,29/9/2021,5:25:43 AM,-2.3325909E+1,-1.5454021E+1,3.8291846E+3,0.0000000E+0
11238232,29/9/2021,5:25:43 AM,-1.7490715E+1,-1.3045395E+1,3.8309702E+3,0.0000000E+0
11238233,29/9/2021,5:25:43 AM,-1.2478709E+1,-1.1559278E+1,3.8318628E+3,0.0000000E+0
11238234,29/9/2021,5:25:43 AM,-7.8929214E+0,-1.0331038E+1,3.8327556E+3,0.0000000E+0
11238235,29/9/2021,5:25:43 AM,-3.1738205E+0,-9.0017748E+0,3.8345413E+3,0.0000000E+0
11238236,29/9/2021,5:25:44 AM,1.3140522E-1,-8.6029949E+0,3.8345413E+3,0.0000000E+0
11238237,29/9/2021,5:25:44 AM,3.8440778E+0,-8.5418491E+0,3.8354341E+3,0.0000000E+0
11238238,29/9/2021,5:25:44 AM,1.0084523E+1,-8.5710936E+0,3.8381123E+3,0.0000000E+0
11238239,29/9/2021,5:25:44 AM,1.2904926E+1,-9.7594547E+0,3.8354341E+3,0.0000000E+0
11238240,29/9/2021,5:25:44 AM,1.5754272E+1,-1.2577494E+1,3.8345413E+3,0.0000000E+0
11238241,29/9/2021,5:25:44 AM,1.8358936E+1,-1.5081826E+1,3.8336484E+3,0.0000000E+0
11238242,29/9/2021,5:25:44 AM,1.9006157E+1,-1.7588818E+1,3.8318628E+3,0.0000000E+0
11238243,29/9/2021,5:25:44 AM,2.0376892E+1,-1.8766546E+1,3.8327556E+3,0.0000000E+0
11238244,29/9/2021,5:25:44 AM,2.0292702E+1,-1.9577396E+1,3.8327556E+3,0.0000000E+0
11238245,29/9/2021,5:25:44 AM,1.8198446E+1,-2.0425713E+1,3.8309702E+3,0.0000000E+0
11238246,29/9/2021,5:25:45 AM,1.5438555E+1,-2.0560091E+1,3.8309702E+3,0.0000000E+0
11238247,29/9/2021,5:25:45 AM,1.1547344E+1,-1.9859201E+1,3.8291846E+3,0.0000000E+0
11238248,29/9/2021,5:25:45 AM,7.9323864E+0,-1.7684525E+1,3.8309702E+3,0.0000000E+0
11238249,29/9/2021,5:25:45 AM,5.1877623E+0,-1.5137655E+1,3.8327556E+3,0.0000000E+0
11238250,29/9/2021,5:25:45 AM,1.6289004E+0,-1.2043130E+1,3.8327556E+3,0.0000000E+0
11238251,29/9/2021,5:25:45 AM,-2.4045293E+0,-9.7594547E+0,3.8327556E+3,0.0000000E+0
11238252,29/9/2021,5:25:45 AM,-4.9889030E+0,-8.5631180E+0,3.8327556E+3,0.0000000E+0
11238253,29/9/2021,5:25:45 AM,-7.4956450E+0,-6.1252475E+0,3.8354341E+3,0.0000000E+0
11238254,29/9/2021,5:25:45 AM,-8.7664051E+0,-5.7610292E+0,3.8327556E+3,0.0000000E+0
11238255,29/9/2021,5:25:45 AM,-9.4057312E+0,-6.5559287E+0,3.8354341E+3,0.0000000E+0
11238256,29/9/2021,5:25:46 AM,-1.1184270E+1,-9.3207979E+0,3.8327556E+3,0.0000000E+0
11238257,29/9/2021,5:25:46 AM,-1.5128099E+1,-1.2221251E+1,3.8291846E+3,0.0000000E+0
11238258,29/9/2021,5:25:46 AM,-1.9021942E+1,-1.3648880E+1,3.8318628E+3,0.0000000E+0
11238259,29/9/2021,5:25:46 AM,-2.3485493E+1,-1.4712293E+1,3.8300774E+3,0.0000000E+0
11238260,29/9/2021,5:25:46 AM,-2.8432610E+1,-1.6528067E+1,3.8309702E+3,0.0000000E+0
11238261,29/9/2021,5:25:46 AM,-3.2422218E+1,-1.9521566E+1,3.8273987E+3,0.0000000E+0
11238262,29/9/2021,5:25:46 AM,-3.7262939E+1,-2.1554502E+1,3.8256133E+3,0.0000000E+0
11238263,29/9/2021,5:25:46 AM,-4.2236652E+1,-2.1366369E+1,3.8256133E+3,0.0000000E+0
11238264,29/9/2021,5:25:46 AM,-4.6332649E+1,-2.1769508E+1,3.8256133E+3,0.0000000E+0
11238265,29/9/2021,5:25:46 AM,-4.6864597E+1,-2.2790794E+1,3.8273987E+3,0.0000000E+0
11238266,29/9/2021,5:25:47 AM,-4.5747509E+1,-2.5048372E+1,3.8256133E+3,0.0000000E+0
11238267,29/9/2021,5:25:47 AM,-4.5508133E+1,-2.6499672E+1,3.8247205E+3,0.0000000E+0
11238268,29/9/2021,5:25:47 AM,-4.2343040E+1,-2.7171572E+1,3.8256133E+3,0.0000000E+0
11238269,29/9/2021,5:25:47 AM,-3.9257744E+1,-2.7225323E+1,3.8273987E+3,0.0000000E+0
11238270,29/9/2021,5:25:47 AM,-3.4975567E+1,-2.7735968E+1,3.8273987E+3,0.0000000E+0
11238271,29/9/2021,5:25:47 AM,-2.9017750E+1,-2.8058477E+1,3.8291846E+3,0.0000000E+0
11238272,29/9/2021,5:25:47 AM,-2.3964247E+1,-2.8945383E+1,3.8291846E+3,0.0000000E+0
11238273,29/9/2021,5:25:47 AM,-2.0639572E+1,-2.9241020E+1,3.8291846E+3,0.0000000E+0
11238274,29/9/2021,5:25:47 AM,-1.7488083E+1,-2.9375399E+1,3.8291846E+3,0.0000000E+0
11238275,29/9/2021,5:25:47 AM,-1.3681065E+1,-2.9267897E+1,3.8309702E+3,0.0000000E+0
11238276,29/9/2021,5:25:48 AM,-1.1836752E+1,-3.0127926E+1,3.8291846E+3,0.0000000E+0
11238277,29/9/2021,5:25:48 AM,-1.0810672E+1,-3.0450436E+1,3.8291846E+3,0.0000000E+0
11238278,29/9/2021,5:25:48 AM,-1.1023781E+1,-3.0262306E+1,3.8273987E+3,0.0000000E+0
11238279,29/9/2021,5:25:48 AM,-1.1410534E+1,-2.9026011E+1,3.8282915E+3,0.0000000E+0
11238280,29/9/2021,5:25:48 AM,-1.1586809E+1,-2.6472799E+1,3.8318628E+3,0.0000000E+0
11238281,29/9/2021,5:25:48 AM,-1.2515544E+1,-2.5827776E+1,3.8273987E+3,0.0000000E+0
11238282,29/9/2021,5:25:48 AM,-1.3020690E+1,-2.4537729E+1,3.8291846E+3,0.0000000E+0
11238283,29/9/2021,5:25:48 AM,-1.3260109E+1,-2.3086430E+1,3.8273987E+3,0.0000000E+0
11238284,29/9/2021,5:25:48 AM,-1.4059925E+1,-2.0560091E+1,3.8300774E+3,0.0000000E+0
11238285,29/9/2021,5:25:48 AM,-1.2786533E+1,-1.8163059E+1,3.8318628E+3,0.0000000E+0
11238286,29/9/2021,5:25:49 AM,-1.0392347E+1,-1.7942402E+1,3.8309702E+3,0.0000000E+0
11238287,29/9/2021,5:25:49 AM,-9.6504126E+0,-1.5916604E+1,3.8309702E+3,0.0000000E+0
11238288,29/9/2021,5:25:49 AM,-8.1165552E+0,-1.5390217E+1,3.8309702E+3,0.0000000E+0
11238289,29/9/2021,5:25:49 AM,-5.9117985E+0,-1.4815974E+1,3.8318628E+3,0.0000000E+0
11238290,29/9/2021,5:25:49 AM,-4.7908363E+0,-1.3082614E+1,3.8327556E+3,0.0000000E+0
11238291,29/9/2021,5:25:49 AM,-4.5903931E+0,-1.2553567E+1,3.8327556E+3,0.0000000E+0
11238292,29/9/2021,5:25:49 AM,-5.2891722E+0,-1.1232279E+1,3.8345413E+3,0.0000000E+0
11238293,29/9/2021,5:25:49 AM,-7.8692431E+0,-1.1032889E+1,3.8309702E+3,0.0000000E+0
11238294,29/9/2021,5:25:49 AM,-1.2186671E+1,-1.0328380E+1,3.8327556E+3,0.0000000E+0
11238295,29/9/2021,5:25:49 AM,-1.5007075E+1,-9.4271393E+0,3.8327556E+3,0.0000000E+0
11238296,29/9/2021,5:25:50 AM,-1.9142965E+1,-9.0097504E+0,3.8309702E+3,0.0000000E+0
11238297,29/9/2021,5:25:50 AM,-2.3139727E+1,-9.0230427E+0,3.8309702E+3,0.0000000E+0
11238298,29/9/2021,5:25:50 AM,-2.5905855E+1,-1.0479916E+1,3.8291846E+3,0.0000000E+0
11238299,29/9/2021,5:25:50 AM,-2.6863361E+1,-1.1846398E+1,3.8282915E+3,0.0000000E+0
11238300,29/9/2021,5:25:50 AM,-2.6677179E+1,-1.1601814E+1,3.8291846E+3,0.0000000E+0
11238301,29/9/2021,5:25:50 AM,-2.5480299E+1,-1.2853980E+1,3.8291846E+3,0.0000000E+0
11238302,29/9/2021,5:25:50 AM,-2.2980145E+1,-1.4281610E+1,3.8291846E+3,0.0000000E+0
11238303,29/9/2021,5:25:50 AM,-1.9584970E+1,-1.6461603E+1,3.8282915E+3,0.0000000E+0
11238304,29/9/2021,5:25:50 AM,-1.7064497E+1,-1.6360579E+1,3.8309702E+3,0.0000000E+0
11238305,29/9/2021,5:25:50 AM,-1.3765256E+1,-1.6318041E+1,3.8309702E+3,0.0000000E+0
11238306,29/9/2021,5:25:51 AM,-1.1155329E+1,-1.6653017E+1,3.8309702E+3,0.0000000E+0
11238307,29/9/2021,5:25:51 AM,-9.9792833E+0,-1.6751383E+1,3.8327556E+3,0.0000000E+0
11238308,29/9/2021,5:25:51 AM,-8.0402565E+0,-1.7110283E+1,3.8309702E+3,0.0000000E+0
11238309,29/9/2021,5:25:51 AM,-7.1220465E+0,-1.8019501E+1,3.8327556E+3,0.0000000E+0
11238310,29/9/2021,5:25:51 AM,-6.3985286E+0,-1.8285353E+1,3.8327556E+3,0.0000000E+0
11238311,29/9/2021,5:25:51 AM,-6.7958059E+0,-1.8646912E+1,3.8327556E+3,0.0000000E+0
11238312,29/9/2021,5:25:51 AM,-8.4480572E+0,-2.0353687E+1,3.8309702E+3,0.0000000E+0
11238313,29/9/2021,5:25:51 AM,-8.3349257E+0,-2.2952051E+1,3.8309702E+3,0.0000000E+0
11238314,29/9/2021,5:25:51 AM,-8.8006077E+0,-2.4322723E+1,3.8291846E+3,0.0000000E+0
11238315,29/9/2021,5:25:51 AM,-1.0055582E+1,-2.5585894E+1,3.8291846E+3,0.0000000E+0
11238316,29/9/2021,5:25:52 AM,-1.1081662E+1,-2.7386578E+1,3.8291846E+3,0.0000000E+0
11238317,29/9/2021,5:25:52 AM,-1.1578917E+1,-2.9079765E+1,3.8273987E+3,0.0000000E+0
11238318,29/9/2021,5:25:52 AM,-1.2215611E+1,-2.9778538E+1,3.8282915E+3,0.0000000E+0
11238319,29/9/2021,5:25:52 AM,-1.2352423E+1,-3.1014832E+1,3.8273987E+3,0.0000000E+0
11238320,29/9/2021,5:25:52 AM,-1.2457662E+1,-3.1095459E+1,3.8273987E+3,0.0000000E+0
11238321,29/9/2021,5:25:52 AM,-1.3241693E+1,-2.9966671E+1,3.8291846E+3,0.0000000E+0
11238322,29/9/2021,5:25:52 AM,-1.5938440E+1,-2.8569120E+1,3.8291846E+3,0.0000000E+0
11238323,29/9/2021,5:25:52 AM,-1.7643311E+1,-2.7440332E+1,3.8300774E+3,0.0000000E+0
11238324,29/9/2021,5:25:52 AM,-2.0639572E+1,-2.6687805E+1,3.8282915E+3,0.0000000E+0
11238325,29/9/2021,5:25:52 AM,-2.3458897E+1,-2.4457102E+1,3.8309702E+3,0.0000000E+0
11238326,29/9/2021,5:25:53 AM,-2.7262323E+1,-2.1420122E+1,3.8309702E+3,0.0000000E+0
11238327,29/9/2021,5:25:53 AM,-3.1438112E+1,-2.0303175E+1,3.8291846E+3,0.0000000E+0
11238328,29/9/2021,5:25:53 AM,-3.4257435E+1,-1.9915030E+1,3.8291846E+3,0.0000000E+0
11238329,29/9/2021,5:25:53 AM,-3.8060860E+1,-1.9045691E+1,3.8282915E+3,0.0000000E+0
11238330,29/9/2021,5:25:53 AM,-4.2768597E+1,-1.9024422E+1,3.8291846E+3,0.0000000E+0
11238331,29/9/2021,5:25:53 AM,-4.5907089E+1,-1.9476374E+1,3.8273987E+3,0.0000000E+0
11238332,29/9/2021,5:25:53 AM,-4.8354053E+1,-1.9723618E+1,3.8273987E+3,0.0000000E+0
11238333,29/9/2021,5:25:53 AM,-5.0481838E+1,-1.9864517E+1,3.8265059E+3,0.0000000E+0
11238334,29/9/2021,5:25:53 AM,-5.1306362E+1,-2.1285742E+1,3.8256133E+3,0.0000000E+0
11238335,29/9/2021,5:25:53 AM,-5.0029686E+1,-2.2495159E+1,3.8256133E+3,0.0000000E+0
11238336,29/9/2021,5:25:54 AM,-4.8673218E+1,-2.2118896E+1,3.8265059E+3,0.0000000E+0
11238337,29/9/2021,5:25:54 AM,-4.6226261E+1,-2.1688881E+1,3.8273987E+3,0.0000000E+0
11238338,29/9/2021,5:25:54 AM,-4.3938885E+1,-2.2629539E+1,3.8256133E+3,0.0000000E+0
11238339,29/9/2021,5:25:54 AM,-3.9390732E+1,-2.4053963E+1,3.8273987E+3,0.0000000E+0
11238340,29/9/2021,5:25:54 AM,-3.4576607E+1,-2.4322723E+1,3.8273987E+3,0.0000000E+0
11238341,29/9/2021,5:25:54 AM,-3.0427412E+1,-2.4268970E+1,3.8273987E+3,0.0000000E+0
11238342,29/9/2021,5:25:54 AM,-2.5347311E+1,-2.4000212E+1,3.8291846E+3,0.0000000E+0
11238343,29/9/2021,5:25:54 AM,-1.9095610E+1,-2.3462692E+1,3.8309702E+3,0.0000000E+0
11238344,29/9/2021,5:25:54 AM,-1.5346471E+1,-2.3623949E+1,3.8291846E+3,0.0000000E+0
11238345,29/9/2021,5:25:54 AM,-1.1092186E+1,-2.3838957E+1,3.8291846E+3,0.0000000E+0
11238346,29/9/2021,5:25:55 AM,-4.4208484E+0,-2.3677700E+1,3.8309702E+3,0.0000000E+0
11238347,29/9/2021,5:25:55 AM,1.8824257E+0,-2.3113306E+1,3.8309702E+3,0.0000000E+0
11238348,29/9/2021,5:25:55 AM,6.9957600E+0,-2.2602663E+1,3.8336484E+3,0.0000000E+0
11238349,29/9/2021,5:25:55 AM,1.2002503E+1,-2.2441408E+1,3.8309702E+3,0.0000000E+0
11238350,29/9/2021,5:25:55 AM,1.6685637E+1,-2.2333902E+1,3.8318628E+3,0.0000000E+0
11238351,29/9/2021,5:25:55 AM,2.0395309E+1,-2.1151363E+1,3.8318628E+3,0.0000000E+0
11238352,29/9/2021,5:25:55 AM,2.3219519E+1,-2.0082518E+1,3.8327556E+3,0.0000000E+0
11238353,29/9/2021,5:25:55 AM,2.6251621E+1,-1.8803764E+1,3.8354341E+3,0.0000000E+0
11238354,29/9/2021,5:25:55 AM,2.7395309E+1,-1.6485529E+1,3.8345413E+3,0.0000000E+0
11238355,29/9/2021,5:25:55 AM,2.6969751E+1,-1.4510242E+1,3.8336484E+3,0.0000000E+0
11238356,29/9/2021,5:25:56 AM,2.5373909E+1,-1.2370129E+1,3.8327556E+3,0.0000000E+0
11238357,29/9/2021,5:25:56 AM,2.4708973E+1,-9.7567959E+0,3.8354341E+3,0.0000000E+0
11238358,29/9/2021,5:25:56 AM,2.2527988E+1,-7.1753659E+0,3.8354341E+3,0.0000000E+0
11238359,29/9/2021,5:25:56 AM,2.0016449E+1,-5.2356882E+0,3.8354341E+3,0.0000000E+0
11238360,29/9/2021,5:25:56 AM,1.6159443E+1,-4.2525954E+0,3.8345413E+3,0.0000000E+0
11238361,29/9/2021,5:25:56 AM,1.2123528E+1,-2.9965107E+0,3.8336484E+3,0.0000000E+0
11238362,29/9/2021,5:25:56 AM,8.6348562E+0,-6.0204893E-1,3.8363269E+3,0.0000000E+0
11238363,29/9/2021,5:25:56 AM,5.4803185E+0,3.8021338E-1,3.8354341E+3,0.0000000E+0
11238364,29/9/2021,5:25:56 AM,2.0448403E+0,4.1860800E-2,3.8345413E+3,0.0000000E+0
11238365,29/9/2021,5:25:56 AM,-1.5913751E+0,1.2718217E-1,3.8363269E+3,0.0000000E+0
11238366,29/9/2021,5:25:57 AM,-6.4274693E+0,-1.4963236E+0,3.8327556E+3,0.0000000E+0
11238367,29/9/2021,5:25:57 AM,-1.0429180E+1,-3.7186193E+0,3.8327556E+3,0.0000000E+0
11238368,29/9/2021,5:25:57 AM,-1.5146517E+1,-5.3677812E+0,3.8318628E+3,0.0000000E+0
11238369,29/9/2021,5:25:57 AM,-1.9590233E+1,-7.4039989E+0,3.8318628E+3,0.0000000E+0
11238370,29/9/2021,5:25:57 AM,-2.4310013E+1,-9.0443106E+0,3.8327556E+3,0.0000000E+0
11238371,29/9/2021,5:25:57 AM,-3.0959358E+1,-1.0966427E+1,3.8282915E+3,0.0000000E+0
11238372,29/9/2021,5:25:57 AM,-3.6571407E+1,-1.3295296E+1,3.8291846E+3,0.0000000E+0
11238373,29/9/2021,5:25:57 AM,-4.2369640E+1,-1.5472631E+1,3.8273987E+3,0.0000000E+0
11238374,29/9/2021,5:25:57 AM,-4.7396545E+1,-1.6839113E+1,3.8256133E+3,0.0000000E+0
11238375,29/9/2021,5:25:57 AM,-5.3434155E+1,-1.7213966E+1,3.8273987E+3,0.0000000E+0
11238376,29/9/2021,5:25:58 AM,-5.7742931E+1,-1.9401934E+1,3.8256133E+3,0.0000000E+0
11238377,29/9/2021,5:25:58 AM,-6.1838928E+1,-1.9976177E+1,3.8256133E+3,0.0000000E+0
11238378,29/9/2021,5:25:58 AM,-6.4525269E+1,-2.1554502E+1,3.8247205E+3,0.0000000E+0
11238379,29/9/2021,5:25:58 AM,-6.5589165E+1,-2.2333902E+1,3.8256133E+3,0.0000000E+0
11238380,29/9/2021,5:25:58 AM,-6.4924225E+1,-2.3758329E+1,3.8273987E+3,0.0000000E+0
11238381,29/9/2021,5:25:58 AM,-6.3913525E+1,-2.7037191E+1,3.8238276E+3,0.0000000E+0
11238382,29/9/2021,5:25:58 AM,-6.1280384E+1,-2.9348524E+1,3.8247205E+3,0.0000000E+0
11238383,29/9/2021,5:25:58 AM,-5.8274879E+1,-3.0746071E+1,3.8256133E+3,0.0000000E+0
11238384,29/9/2021,5:25:58 AM,-5.4311867E+1,-3.2089867E+1,3.8256133E+3,0.0000000E+0
11238385,29/9/2021,5:25:58 AM,-4.8487038E+1,-3.3863678E+1,3.8273987E+3,0.0000000E+0
11238386,29/9/2021,5:25:59 AM,-4.3034573E+1,-3.5906254E+1,3.8256133E+3,0.0000000E+0
11238387,29/9/2021,5:25:59 AM,-3.9896084E+1,-3.6820034E+1,3.8273987E+3,0.0000000E+0
11238388,29/9/2021,5:25:59 AM,-3.7768291E+1,-3.8728222E+1,3.8229348E+3,0.0000000E+0
11238389,29/9/2021,5:25:59 AM,-3.5214939E+1,-3.8405712E+1,3.8265059E+3,0.0000000E+0
11238390,29/9/2021,5:25:59 AM,-3.0241230E+1,-3.6524399E+1,3.8291846E+3,0.0000000E+0
11238391,29/9/2021,5:25:59 AM,-2.6916557E+1,-3.6820034E+1,3.8282915E+3,0.0000000E+0
11238392,29/9/2021,5:25:59 AM,-2.4575987E+1,-3.9131363E+1,3.8238276E+3,0.0000000E+0
11238393,29/9/2021,5:25:59 AM,-2.1863052E+1,-4.0152653E+1,3.8238276E+3,0.0000000E+0
11238394,29/9/2021,5:25:59 AM,-1.6985567E+1,-3.9104488E+1,3.8273987E+3,0.0000000E+0
11238395,29/9/2021,5:25:59 AM,-1.0308156E+1,-3.8916355E+1,3.8273987E+3,0.0000000E+0
11238396,29/9/2021,5:26:00 AM,-1.5987942E+0,-4.0394535E+1,3.8300774E+3,0.0000000E+0
11238397,29/9/2021,5:26:00 AM,7.3377862E+0,-4.1603951E+1,3.8291846E+3,0.0000000E+0
11238398,29/9/2021,5:26:00 AM,1.2497126E+1,-4.2652111E+1,3.8273987E+3,0.0000000E+0
11238399,29/9/2021,5:26:00 AM,1.9516565E+1,-4.2920872E+1,3.8291846E+3,0.0000000E+0
11238400,29/9/2021,5:26:00 AM,2.7076141E+1,-4.1388943E+1,3.8327556E+3,0.0000000E+0
11238401,29/9/2021,5:26:00 AM,3.2714787E+1,-4.0125774E+1,3.8327556E+3,0.0000000E+0
11238402,29/9/2021,5:26:00 AM,3.6704395E+1,-3.9427002E+1,3.8309702E+3,0.0000000E+0
11238403,29/9/2021,5:26:00 AM,3.6996967E+1,-3.6658775E+1,3.8318628E+3,0.0000000E+0
11238404,29/9/2021,5:26:00 AM,3.3778683E+1,-3.1632977E+1,3.8318628E+3,0.0000000E+0
11238405,29/9/2021,5:26:00 AM,2.9789074E+1,-2.5478390E+1,3.8345413E+3,0.0000000E+0
11238406,29/9/2021,5:26:01 AM,2.5772867E+1,-2.0909479E+1,3.8327556E+3,0.0000000E+0
11238407,29/9/2021,5:26:01 AM,2.0666170E+1,-1.5951165E+1,3.8336484E+3,0.0000000E+0
11238408,29/9/2021,5:26:01 AM,1.1494725E+1,-1.0293819E+1,3.8327556E+3,0.0000000E+0
11238409,29/9/2021,5:26:01 AM,2.2167621E+0,-4.7337346E+0,3.8318628E+3,0.0000000E+0
11238410,29/9/2021,5:26:01 AM,-4.4778914E+0,5.0152969E-1,3.8345413E+3,0.0000000E+0
11238411,29/9/2021,5:26:01 AM,-9.8687840E+0,4.8522182E+0,3.8318628E+3,0.0000000E+0
11238412,29/9/2021,5:26:01 AM,-1.3988889E+1,8.8130188E+0,3.8354341E+3,0.0000000E+0
11238413,29/9/2021,5:26:01 AM,-1.6967150E+1,1.1197719E+1,3.8327556E+3,0.0000000E+0
11238414,29/9/2021,5:26:01 AM,-2.1331106E+1,1.4550121E+1,3.8345413E+3,0.0000000E+0
11238415,29/9/2021,5:26:01 AM,-2.3778065E+1,1.8516644E+1,3.8381123E+3,0.0000000E+0
11238416,29/9/2021,5:26:02 AM,-2.4841961E+1,2.0162273E+1,3.8363269E+3,0.0000000E+0
11238417,29/9/2021,5:26:02 AM,-2.6437803E+1,2.1124485E+1,3.8363269E+3,0.0000000E+0
11238418,29/9/2021,5:26:02 AM,-2.9044348E+1,2.2307028E+1,3.8363269E+3,0.0000000E+0
11238419,29/9/2021,5:26:02 AM,-3.1704086E+1,2.1581377E+1,3.8381123E+3,0.0000000E+0
11238420,29/9/2021,5:26:02 AM,-3.4417019E+1,2.0828852E+1,3.8363269E+3,0.0000000E+0
11238421,29/9/2021,5:26:02 AM,-3.8140652E+1,1.8210915E+1,3.8345413E+3,0.0000000E+0
11238422,29/9/2021,5:26:02 AM,-4.1598316E+1,1.4935607E+1,3.8345413E+3,0.0000000E+0
11238423,29/9/2021,5:26:02 AM,-4.3912289E+1,1.0671329E+1,3.8327556E+3,0.0000000E+0
11238424,29/9/2021,5:26:02 AM,-4.6838001E+1,5.1588340E+0,3.8309702E+3,0.0000000E+0
11238425,29/9/2021,5:26:02 AM,-4.9205166E+1,5.1566106E-1,3.8309702E+3,0.0000000E+0
11238426,29/9/2021,5:26:03 AM,-5.0801014E+1,-4.9650974E+0,3.8291846E+3,0.0000000E+0
11238427,29/9/2021,5:26:03 AM,-5.1199970E+1,-1.1078085E+1,3.8256133E+3,0.0000000E+0
11238428,29/9/2021,5:26:03 AM,-5.1093582E+1,-1.6126629E+1,3.8273987E+3,0.0000000E+0
11238429,29/9/2021,5:26:03 AM,-4.8939194E+1,-2.2065144E+1,3.8265059E+3,0.0000000E+0
11238430,29/9/2021,5:26:03 AM,-4.5215561E+1,-2.7440332E+1,3.8256133E+3,0.0000000E+0
11238431,29/9/2021,5:26:03 AM,-4.1704704E+1,-3.1928614E+1,3.8256133E+3,0.0000000E+0
11238432,29/9/2021,5:26:03 AM,-3.6890579E+1,-3.6954414E+1,3.8256133E+3,0.0000000E+0
11238433,29/9/2021,5:26:03 AM,-3.2049854E+1,-4.2302727E+1,3.8256133E+3,0.0000000E+0
11238434,29/9/2021,5:26:03 AM,-2.6304815E+1,-4.7866043E+1,3.8238276E+3,0.0000000E+0
11238435,29/9/2021,5:26:03 AM,-1.9974638E+1,-5.0876148E+1,3.8273987E+3,0.0000000E+0
11238436,29/9/2021,5:26:04 AM,-1.4933408E+1,-5.5015041E+1,3.8256133E+3,0.0000000E+0
11238437,29/9/2021,5:26:04 AM,-1.0321311E+1,-5.9852711E+1,3.8247205E+3,0.0000000E+0
11238438,29/9/2021,5:26:04 AM,-5.2463899E+0,-6.4233490E+1,3.8238276E+3,0.0000000E+0
11238439,29/9/2021,5:26:04 AM,-2.2983658E+0,-6.7216713E+1,3.8220420E+3,0.0000000E+0
11238440,29/9/2021,5:26:04 AM,-4.5516863E-1,-6.8668015E+1,3.8220420E+3,0.0000000E+0
11238441,29/9/2021,5:26:04 AM,1.0854053E+0,-6.8721771E+1,3.8229348E+3,0.0000000E+0
11238442,29/9/2021,5:26:04 AM,2.4980168E+0,-6.7834862E+1,3.8229348E+3,0.0000000E+0
11238443,29/9/2021,5:26:04 AM,2.5154467E+0,-6.5389153E+1,3.8229348E+3,0.0000000E+0
11238444,29/9/2021,5:26:04 AM,1.9489760E+0,-6.2486557E+1,3.8220420E+3,0.0000000E+0
11238445,29/9/2021,5:26:04 AM,2.9195027E+0,-5.7917645E+1,3.8220420E+3,0.0000000E+0
11238446,29/9/2021,5:26:05 AM,3.6681945E+0,-5.1144909E+1,3.8265059E+3,0.0000000E+0
11238447,29/9/2021,5:26:05 AM,5.3058100E+0,-4.4802189E+1,3.8282915E+3,0.0000000E+0
11238448,29/9/2021,5:26:05 AM,7.4614425E+0,-3.8996983E+1,3.8291846E+3,0.0000000E+0
11238449,29/9/2021,5:26:05 AM,8.2033768E+0,-3.2761768E+1,3.8291846E+3,0.0000000E+0
11238450,29/9/2021,5:26:05 AM,9.9582367E+0,-2.6795309E+1,3.8300774E+3,0.0000000E+0
11238451,29/9/2021,5:26:05 AM,1.1976193E+1,-1.9582714E+1,3.8336484E+3,0.0000000E+0
11238452,29/9/2021,5:26:05 AM,1.1549975E+1,-1.2258471E+1,3.8345413E+3,0.0000000E+0
11238453,29/9/2021,5:26:05 AM,1.0508109E+1,-4.8322039E+0,3.8363269E+3,0.0000000E+0
11238454,29/9/2021,5:26:05 AM,7.3719888E+0,1.8028699E+0,3.8363269E+3,0.0000000E+0
11238455,29/9/2021,5:26:05 AM,3.8504159E+0,7.3056335E+0,3.8354341E+3,0.0000000E+0
11238456,29/9/2021,5:26:06 AM,-1.2990117E+0,1.4595317E+1,3.8381123E+3,0.0000000E+0
11238457,29/9/2021,5:26:06 AM,-7.2088685E+0,2.1581377E+1,3.8390051E+3,0.0000000E+0
11238458,29/9/2021,5:26:06 AM,-1.3583718E+1,2.7332827E+1,3.8398979E+3,0.0000000E+0
11238459,29/9/2021,5:26:06 AM,-2.0050652E+1,3.1391094E+1,3.8390051E+3,0.0000000E+0
11238460,29/9/2021,5:26:06 AM,-2.6038841E+1,3.2654263E+1,3.8363269E+3,0.0000000E+0
11238461,29/9/2021,5:26:06 AM,-3.1092348E+1,3.4723709E+1,3.8381123E+3,0.0000000E+0
11238462,29/9/2021,5:26:06 AM,-3.3645695E+1,3.6175011E+1,3.8398979E+3,0.0000000E+0
11238463,29/9/2021,5:26:06 AM,-3.4975567E+1,3.4938721E+1,3.8381123E+3,0.0000000E+0
11238464,29/9/2021,5:26:06 AM,-3.6943771E+1,3.1391094E+1,3.8345413E+3,0.0000000E+0
11238465,29/9/2021,5:26:06 AM,-3.7129955E+1,2.5263380E+1,3.8327556E+3,0.0000000E+0
11238466,29/9/2021,5:26:07 AM,-3.3353123E+1,2.0537125E+1,3.8363269E+3,0.0000000E+0
11238467,29/9/2021,5:26:07 AM,-3.0507204E+1,1.6674284E+1,3.8363269E+3,0.0000000E+0
11238468,29/9/2021,5:26:07 AM,-2.8406012E+1,9.8126249E+0,3.8345413E+3,0.0000000E+0
11238469,29/9/2021,5:26:07 AM,-2.6889959E+1,2.1911435E+0,3.8327556E+3,0.0000000E+0
11238470,29/9/2021,5:26:07 AM,-2.5852663E+1,-5.0939884E+0,3.8282915E+3,0.0000000E+0
11238471,29/9/2021,5:26:07 AM,-2.4363209E+1,-1.0469282E+1,3.8318628E+3,0.0000000E+0
11238472,29/9/2021,5:26:07 AM,-2.2900351E+1,-1.5642776E+1,3.8318628E+3,0.0000000E+0
11238473,29/9/2021,5:26:07 AM,-2.2421598E+1,-2.1715757E+1,3.8309702E+3,0.0000000E+0
11238474,29/9/2021,5:26:07 AM,-2.4044039E+1,-2.7279078E+1,3.8300774E+3,0.0000000E+0
11238475,29/9/2021,5:26:07 AM,-2.4230221E+1,-3.3863678E+1,3.8256133E+3,0.0000000E+0
11238476,29/9/2021,5:26:08 AM,-2.4017441E+1,-3.9749512E+1,3.8273987E+3,0.0000000E+0
11238477,29/9/2021,5:26:08 AM,-2.4496195E+1,-4.5285954E+1,3.8256133E+3,0.0000000E+0
11238478,29/9/2021,5:26:08 AM,-2.4177027E+1,-5.0392384E+1,3.8265059E+3,0.0000000E+0
11238479,29/9/2021,5:26:08 AM,-2.4655779E+1,-5.6439465E+1,3.8238276E+3,0.0000000E+0
11238480,29/9/2021,5:26:08 AM,-2.4629183E+1,-6.3642216E+1,3.8202566E+3,0.0000000E+0
11238481,29/9/2021,5:26:08 AM,-2.3006741E+1,-6.8990524E+1,3.8202566E+3,0.0000000E+0
11238482,29/9/2021,5:26:08 AM,-2.2075832E+1,-7.3156296E+1,3.8184709E+3,0.0000000E+0
11238483,29/9/2021,5:26:08 AM,-2.0666170E+1,-7.5467628E+1,3.8211492E+3,0.0000000E+0
11238484,29/9/2021,5:26:08 AM,-2.0054430E+1,-7.6462044E+1,3.8193638E+3,0.0000000E+0
11238485,29/9/2021,5:26:08 AM,-2.1224716E+1,-7.6408287E+1,3.8184709E+3,0.0000000E+0
11238486,29/9/2021,5:26:09 AM,-2.0666170E+1,-7.3908829E+1,3.8202566E+3,0.0000000E+0
11238487,29/9/2021,5:26:09 AM,-2.0373598E+1,-6.8614273E+1,3.8220420E+3,0.0000000E+0
11238488,29/9/2021,5:26:09 AM,-2.2980145E+1,-6.2701557E+1,3.8220420E+3,0.0000000E+0
11238489,29/9/2021,5:26:09 AM,-2.5480299E+1,-5.6842606E+1,3.8238276E+3,0.0000000E+0
11238490,29/9/2021,5:26:09 AM,-2.8406012E+1,-4.9962364E+1,3.8256133E+3,0.0000000E+0
11238491,29/9/2021,5:26:09 AM,-3.1597696E+1,-4.4130287E+1,3.8238276E+3,0.0000000E+0
11238492,29/9/2021,5:26:09 AM,-3.5268139E+1,-3.7438179E+1,3.8256133E+3,0.0000000E+0
11238493,29/9/2021,5:26:09 AM,-3.8114059E+1,-3.0074175E+1,3.8273987E+3,0.0000000E+0
11238494,29/9/2021,5:26:09 AM,-3.9177952E+1,-2.4483978E+1,3.8265059E+3,0.0000000E+0
11238495,29/9/2021,5:26:09 AM,-4.0055668E+1,-1.7514380E+1,3.8300774E+3,0.0000000E+0
11238496,29/9/2021,5:26:10 AM,-4.1146160E+1,-1.1375839E+1,3.8273987E+3,0.0000000E+0
11238497,29/9/2021,5:26:10 AM,-4.0906780E+1,-7.6033893E+0,3.8282915E+3,0.0000000E+0
11238498,29/9/2021,5:26:10 AM,-3.8300240E+1,-2.8075776E+0,3.8309702E+3,0.0000000E+0
11238499,29/9/2021,5:26:10 AM,-3.3991463E+1,1.8893310E+0,3.8309702E+3,0.0000000E+0
11238500,29/9/2021,5:26:10 AM,-2.9948660E+1,7.4279261E+0,3.8345413E+3,0.0000000E+0
11238501,29/9/2021,5:26:10 AM,-2.5879257E+1,1.0780330E+1,3.8327556E+3,0.0000000E+0
11238502,29/9/2021,5:26:10 AM,-2.0214016E+1,1.3795099E+1,3.8354341E+3,0.0000000E+0
11238503,29/9/2021,5:26:10 AM,-1.3912590E+1,1.8043427E+1,3.8363269E+3,0.0000000E+0
11238504,29/9/2021,5:26:10 AM,-8.3480797E+0,2.0151638E+1,3.8372195E+3,0.0000000E+0
11238505,29/9/2021,5:26:10 AM,-9.2379451E-1,2.1016983E+1,3.8390051E+3,0.0000000E+0
11238506,29/9/2021,5:26:11 AM,6.4800887E+0,2.1178238E+1,3.8390051E+3,0.0000000E+0
11238507,29/9/2021,5:26:11 AM,1.2615520E+1,2.0614222E+1,3.8416836E+3,0.0000000E+0
11238508,29/9/2021,5:26:11 AM,2.0295334E+1,1.9154690E+1,3.8398979E+3,0.0000000E+0
11238509,29/9/2021,5:26:11 AM,2.6677179E+1,1.6076115E+1,3.8407908E+3,0.0000000E+0
11238510,29/9/2021,5:26:11 AM,3.2661591E+1,1.1827789E+1,3.8390051E+3,0.0000000E+0
11238511,29/9/2021,5:26:11 AM,3.8140652E+1,7.7283397E+0,3.8390051E+3,0.0000000E+0
11238512,29/9/2021,5:26:11 AM,3.9550316E+1,4.8570213E+0,3.8390051E+3,0.0000000E+0
11238513,29/9/2021,5:26:11 AM,3.9470524E+1,5.4419041E-1,3.8363269E+3,0.0000000E+0
11238514,29/9/2021,5:26:11 AM,3.9842888E+1,-2.9965107E+0,3.8381123E+3,0.0000000E+0
11238515,29/9/2021,5:26:11 AM,3.7821484E+1,-5.5559134E+0,3.8363269E+3,0.0000000E+0
11238516,29/9/2021,5:26:12 AM,3.4204243E+1,-8.7226286E+0,3.8345413E+3,0.0000000E+0
11238517,29/9/2021,5:26:12 AM,2.9017750E+1,-1.0554354E+1,3.8336484E+3,0.0000000E+0
11238518,29/9/2021,5:26:12 AM,2.3937649E+1,-1.1705497E+1,3.8345413E+3,0.0000000E+0
11238519,29/9/2021,5:26:12 AM,2.0400198E+1,-1.2707762E+1,3.8345413E+3,0.0000000E+0
11238520,29/9/2021,5:26:12 AM,1.6577766E+1,-1.5788995E+1,3.8345413E+3,0.0000000E+0
11238521,29/9/2021,5:26:12 AM,1.3025952E+1,-2.0506340E+1,3.8309702E+3,0.0000000E+0
11238522,29/9/2021,5:26:12 AM,8.1349716E+0,-2.3113306E+1,3.8309702E+3,0.0000000E+0
11238523,29/9/2021,5:26:12 AM,2.6279485E+0,-2.5263380E+1,3.8309702E+3,0.0000000E+0
11238524,29/9/2021,5:26:12 AM,-2.1074295E+0,-2.7413454E+1,3.8309702E+3,0.0000000E+0
11238525,29/9/2021,5:26:12 AM,-7.6482410E+0,-3.0262306E+1,3.8309702E+3,0.0000000E+0
11238526,29/9/2021,5:26:13 AM,-1.5443817E+1,-3.2573635E+1,3.8273987E+3,0.0000000E+0
11238527,29/9/2021,5:26:13 AM,-2.4708973E+1,-3.3433666E+1,3.8273987E+3,0.0000000E+0
11238528,29/9/2021,5:26:13 AM,-3.5879875E+1,-3.3729301E+1,3.8256133E+3,0.0000000E+0
11238529,29/9/2021,5:26:13 AM,-4.6891193E+1,-3.2976772E+1,3.8256133E+3,0.0000000E+0
11238530,29/9/2021,5:26:13 AM,-5.7423759E+1,-3.1847986E+1,3.8256133E+3,0.0000000E+0
11238531,29/9/2021,5:26:13 AM,-6.8647858E+1,-3.1471722E+1,3.8238276E+3,0.0000000E+0
11238532,29/9/2021,5:26:13 AM,-8.0829460E+1,-3.1149212E+1,3.8220420E+3,0.0000000E+0
11238533,29/9/2021,5:26:13 AM,-9.0643898E+1,-3.0987953E+1,3.8220420E+3,0.0000000E+0
11238534,29/9/2021,5:26:13 AM,-9.8835892E+1,-3.0450436E+1,3.8211492E+3,0.0000000E+0
11238535,29/9/2021,5:26:13 AM,-1.0380960E+2,-3.1606104E+1,3.8211492E+3,0.0000000E+0
11238536,29/9/2021,5:26:14 AM,-1.0649594E+2,-3.4105564E+1,3.8202566E+3,0.0000000E+0
11238537,29/9/2021,5:26:14 AM,-1.0609698E+2,-3.7357552E+1,3.8175781E+3,0.0000000E+0
11238538,29/9/2021,5:26:14 AM,-1.0232016E+2,-3.9238869E+1,3.8202566E+3,0.0000000E+0
11238539,29/9/2021,5:26:14 AM,-9.5803795E+1,-4.0421410E+1,3.8193638E+3,0.0000000E+0
11238540,29/9/2021,5:26:14 AM,-8.7266029E+1,-4.2598358E+1,3.8202566E+3,0.0000000E+0
11238541,29/9/2021,5:26:14 AM,-7.7664375E+1,-4.4748432E+1,3.8166853E+3,0.0000000E+0
11238542,29/9/2021,5:26:14 AM,-6.7876534E+1,-4.4694683E+1,3.8238276E+3,0.0000000E+0
11238543,29/9/2021,5:26:14 AM,-5.8780228E+1,-4.5151573E+1,3.8220420E+3,0.0000000E+0
11238544,29/9/2021,5:26:14 AM,-5.0109482E+1,-4.4506550E+1,3.8220420E+3,0.0000000E+0
11238545,29/9/2021,5:26:14 AM,-4.1571716E+1,-4.2141468E+1,3.8256133E+3,0.0000000E+0
11238546,29/9/2021,5:26:15 AM,-3.1039150E+1,-4.0313908E+1,3.8256133E+3,0.0000000E+0
11238547,29/9/2021,5:26:15 AM,-2.0772560E+1,-3.8110077E+1,3.8300774E+3,0.0000000E+0
11238548,29/9/2021,5:26:15 AM,-1.1542083E+1,-3.6148136E+1,3.8282915E+3,0.0000000E+0
11238549,29/9/2021,5:26:15 AM,-3.3528726E+0,-3.4051811E+1,3.8282915E+3,0.0000000E+0
11238550,29/9/2021,5:26:15 AM,7.4482870E+0,-3.1122335E+1,3.8309702E+3,0.0000000E+0
11238551,29/9/2021,5:26:15 AM,1.8019541E+1,-2.9133514E+1,3.8309702E+3,0.0000000E+0
11238552,29/9/2021,5:26:15 AM,2.8326220E+1,-2.6714682E+1,3.8345413E+3,0.0000000E+0
11238553,29/9/2021,5:26:15 AM,3.7528912E+1,-2.4107716E+1,3.8345413E+3,0.0000000E+0
11238554,29/9/2021,5:26:15 AM,4.5162365E+1,-2.2602663E+1,3.8327556E+3,0.0000000E+0
11238555,29/9/2021,5:26:15 AM,5.2396858E+1,-1.9954908E+1,3.8363269E+3,0.0000000E+0
11238556,29/9/2021,5:26:16 AM,5.9099396E+1,-1.7304356E+1,3.8363269E+3,0.0000000E+0
11238557,29/9/2021,5:26:16 AM,6.3301781E+1,-1.2981589E+1,3.8381123E+3,0.0000000E+0
11238558,29/9/2021,5:26:16 AM,6.5190201E+1,-8.7890921E+0,3.8390051E+3,0.0000000E+0
11238559,29/9/2021,5:26:16 AM,6.5004021E+1,-5.3173456E+0,3.8398979E+3,0.0000000E+0
11238560,29/9/2021,5:26:16 AM,6.2796432E+1,-4.6766779E-1,3.8398979E+3,0.0000000E+0
11238561,29/9/2021,5:26:16 AM,5.8647243E+1,4.2846179E+0,3.8416836E+3,0.0000000E+0
11238562,29/9/2021,5:26:16 AM,5.3327759E+1,7.8160715E+0,3.8398979E+3,0.0000000E+0
11238563,29/9/2021,5:26:16 AM,4.5534725E+1,1.0650062E+1,3.8398979E+3,0.0000000E+0
11238564,29/9/2021,5:26:16 AM,3.5560707E+1,1.5560361E+1,3.8398979E+3,0.0000000E+0
11238565,29/9/2021,5:26:16 AM,2.5373909E+1,2.0452053E+1,3.8425762E+3,0.0000000E+0
11238566,29/9/2021,5:26:17 AM,1.7122379E+1,2.1635130E+1,3.8381123E+3,0.0000000E+0
11238567,29/9/2021,5:26:17 AM,7.7192774E+0,2.3355190E+1,3.8390051E+3,0.0000000E+0
11238568,29/9/2021,5:26:17 AM,-1.8515272E+0,2.5048372E+1,3.8398979E+3,0.0000000E+0
11238569,29/9/2021,5:26:17 AM,-1.1118495E+1,2.4134590E+1,3.8381123E+3,0.0000000E+0
11238570,29/9/2021,5:26:17 AM,-2.1304508E+1,2.1662004E+1,3.8363269E+3,0.0000000E+0
11238571,29/9/2021,5:26:17 AM,-3.1411514E+1,1.8274717E+1,3.8345413E+3,0.0000000E+0
11238572,29/9/2021,5:26:17 AM,-4.0667404E+1,1.4406561E+1,3.8345413E+3,0.0000000E+0
11238573,29/9/2021,5:26:17 AM,-4.9577530E+1,9.2729435E+0,3.8309702E+3,0.0000000E+0
11238574,29/9/2021,5:26:17 AM,-5.8567448E+1,3.7002063E+0,3.8291846E+3,0.0000000E+0
11238575,29/9/2021,5:26:17 AM,-6.7238197E+1,-2.0422385E+0,3.8291846E+3,0.0000000E+0
11238576,29/9/2021,5:26:18 AM,-7.4047127E+1,-9.0283594E+0,3.8247205E+3,0.0000000E+0
11238577,29/9/2021,5:26:18 AM,-8.0749664E+1,-1.4659121E+1,3.8238276E+3,0.0000000E+0
11238578,29/9/2021,5:26:18 AM,-8.6228737E+1,-2.0016054E+1,3.8238276E+3,0.0000000E+0
11238579,29/9/2021,5:26:18 AM,-8.8409714E+1,-2.6526550E+1,3.8229348E+3,0.0000000E+0
11238580,29/9/2021,5:26:18 AM,-8.9580002E+1,-3.2761768E+1,3.8211492E+3,0.0000000E+0
11238581,29/9/2021,5:26:18 AM,-8.9845978E+1,-3.8593845E+1,3.8184709E+3,0.0000000E+0
11238582,29/9/2021,5:26:18 AM,-8.7292633E+1,-4.5178452E+1,3.8166853E+3,0.0000000E+0
11238583,29/9/2021,5:26:18 AM,-8.3382812E+1,-4.8833576E+1,3.8175781E+3,0.0000000E+0
11238584,29/9/2021,5:26:18 AM,-7.8169724E+1,-5.1763054E+1,3.8184709E+3,0.0000000E+0
11238585,29/9/2021,5:26:18 AM,-7.0908638E+1,-5.3940006E+1,3.8193638E+3,0.0000000E+0
11238586,29/9/2021,5:26:19 AM,-6.1599552E+1,-5.5740692E+1,3.8202566E+3,0.0000000E+0
11238587,29/9/2021,5:26:19 AM,-5.3966103E+1,-5.6950108E+1,3.8202566E+3,0.0000000E+0
11238588,29/9/2021,5:26:19 AM,-4.7928493E+1,-5.8374531E+1,3.8175781E+3,0.0000000E+0
11238589,29/9/2021,5:26:19 AM,-3.7236343E+1,-5.7514503E+1,3.8238276E+3,0.0000000E+0
11238590,29/9/2021,5:26:19 AM,-2.5666481E+1,-5.5901947E+1,3.8265059E+3,0.0000000E+0
11238591,29/9/2021,5:26:19 AM,-1.7109224E+1,-5.6009453E+1,3.8256133E+3,0.0000000E+0
11238592,29/9/2021,5:26:19 AM,-7.6692891E+0,-5.7191994E+1,3.8238276E+3,0.0000000E+0
11238593,29/9/2021,5:26:19 AM,2.6794460E+0,-5.6224457E+1,3.8256133E+3,0.0000000E+0
11238594,29/9/2021,5:26:19 AM,1.2249814E+1,-5.3563740E+1,3.8309702E+3,0.0000000E+0
11238595,29/9/2021,5:26:19 AM,2.1756662E+1,-5.1494297E+1,3.8291846E+3,0.0000000E+0
11238596,29/9/2021,5:26:20 AM,3.0773176E+1,-4.9747360E+1,3.8327556E+3,0.0000000E+0
11238597,29/9/2021,5:26:20 AM,3.7608704E+1,-4.8511066E+1,3.8291846E+3,0.0000000E+0
11238598,29/9/2021,5:26:20 AM,4.3007977E+1,-4.6011604E+1,3.8309702E+3,0.0000000E+0
11238599,29/9/2021,5:26:20 AM,4.7848701E+1,-4.2356476E+1,3.8291846E+3,0.0000000E+0
11238600,29/9/2021,5:26:20 AM,5.0694622E+1,-3.6578148E+1,3.8345413E+3,0.0000000E+0
11238601,29/9/2021,5:26:20 AM,5.1332962E+1,-2.9966671E+1,3.8354341E+3,0.0000000E+0
11238602,29/9/2021,5:26:20 AM,4.9524338E+1,-2.3677700E+1,3.8327556E+3,0.0000000E+0
11238603,29/9/2021,5:26:20 AM,4.3353745E+1,-1.6809870E+1,3.8345413E+3,0.0000000E+0
11238604,29/9/2021,5:26:20 AM,3.7635303E+1,-9.8551617E+0,3.8345413E+3,0.0000000E+0
11238605,29/9/2021,5:26:20 AM,3.1358322E+1,-1.6083330E+0,3.8390051E+3,0.0000000E+0
11238606,29/9/2021,5:26:21 AM,2.3591883E+1,6.8590007E+0,3.8407908E+3,0.0000000E+0
11238607,29/9/2021,5:26:21 AM,1.4888680E+1,1.2168080E+1,3.8381123E+3,0.0000000E+0
11238608,29/9/2021,5:26:21 AM,7.7692661E+0,1.4688365E+1,3.8381123E+3,0.0000000E+0
11238609,29/9/2021,5:26:21 AM,2.2302308E+0,1.6892284E+1,3.8363269E+3,0.0000000E+0
11238610,29/9/2021,5:26:21 AM,-2.4615726E+0,1.9471056E+1,3.8398979E+3,0.0000000E+0
11238611,29/9/2021,5:26:21 AM,-7.0773201E+0,2.1151363E+1,3.8398979E+3,0.0000000E+0
11238612,29/9/2021,5:26:21 AM,-1.4259879E+1,2.1473873E+1,3.8363269E+3,0.0000000E+0
11238613,29/9/2021,5:26:21 AM,-2.1623676E+1,2.0311152E+1,3.8354341E+3,0.0000000E+0
11238614,29/9/2021,5:26:21 AM,-2.6145231E+1,1.9946932E+1,3.8354341E+3,0.0000000E+0
11238615,29/9/2021,5:26:21 AM,-3.2608398E+1,2.0037323E+1,3.8381123E+3,0.0000000E+0
11238616,29/9/2021,5:26:22 AM,-4.0561016E+1,1.8968596E+1,3.8327556E+3,0.0000000E+0
11238617,29/9/2021,5:26:22 AM,-4.9338154E+1,1.7001284E+1,3.8336484E+3,0.0000000E+0
11238618,29/9/2021,5:26:22 AM,-5.8594048E+1,1.3725978E+1,3.8256133E+3,0.0000000E+0
11238619,29/9/2021,5:26:22 AM,-6.5296585E+1,1.2340884E+1,3.8327556E+3,0.0000000E+0
11238620,29/9/2021,5:26:22 AM,-6.9046822E+1,1.0187477E+1,3.8309702E+3,0.0000000E+0
11238621,29/9/2021,5:26:22 AM,-7.1919334E+1,5.8274922E+0,3.8273987E+3,0.0000000E+0
11238622,29/9/2021,5:26:22 AM,-7.3142815E+1,1.8044711E+0,3.8291846E+3,0.0000000E+0
11238623,29/9/2021,5:26:22 AM,-7.3515182E+1,-2.4945571E+0,3.8256133E+3,0.0000000E+0
11238624,29/9/2021,5:26:22 AM,-6.9764946E+1,-8.8289700E+0,3.8265059E+3,0.0000000E+0
11238625,29/9/2021,5:26:22 AM,-6.3275188E+1,-1.5169559E+1,3.8256133E+3,0.0000000E+0
11238626,29/9/2021,5:26:23 AM,-5.5428959E+1,-2.1527624E+1,3.8282915E+3,0.0000000E+0
11238627,29/9/2021,5:26:23 AM,-4.6439037E+1,-2.7816595E+1,3.8273987E+3,0.0000000E+0
11238628,29/9/2021,5:26:23 AM,-3.8566212E+1,-3.2600513E+1,3.8273987E+3,0.0000000E+0
11238629,29/9/2021,5:26:23 AM,-3.1438112E+1,-3.8351963E+1,3.8247205E+3,0.0000000E+0
11238630,29/9/2021,5:26:23 AM,-2.5294117E+1,-4.2625237E+1,3.8256133E+3,0.0000000E+0
11238631,29/9/2021,5:26:23 AM,-2.1490690E+1,-4.4829063E+1,3.8273987E+3,0.0000000E+0
11238632,29/9/2021,5:26:23 AM,-1.7756443E+1,-4.7355400E+1,3.8273987E+3,0.0000000E+0
11238633,29/9/2021,5:26:23 AM,-1.7059235E+1,-5.0177372E+1,3.8273987E+3,0.0000000E+0
11238634,29/9/2021,5:26:23 AM,-1.5977905E+1,-5.2918720E+1,3.8256133E+3,0.0000000E+0
11238635,29/9/2021,5:26:23 AM,-1.4273033E+1,-5.6009453E+1,3.8247205E+3,0.0000000E+0
11238636,29/9/2021,5:26:24 AM,-1.3115405E+1,-5.8105774E+1,3.8238276E+3,0.0000000E+0
11238637,29/9/2021,5:26:24 AM,-1.0892232E+1,-5.9906464E+1,3.8256133E+3,0.0000000E+0
11238638,29/9/2021,5:26:24 AM,-8.4848909E+0,-6.3588463E+1,3.8220420E+3,0.0000000E+0
11238639,29/9/2021,5:26:24 AM,-6.7984362E+0,-6.6007301E+1,3.8220420E+3,0.0000000E+0
11238640,29/9/2021,5:26:24 AM,-2.0559320E+0,-6.7781113E+1,3.8229348E+3,0.0000000E+0
11238641,29/9/2021,5:26:24 AM,1.4649011E+0,-6.8506760E+1,3.8202566E+3,0.0000000E+0
11238642,29/9/2021,5:26:24 AM,4.9263144E+0,-6.6840454E+1,3.8256133E+3,0.0000000E+0
11238643,29/9/2021,5:26:24 AM,8.3717594E+0,-6.4636627E+1,3.8220420E+3,0.0000000E+0
11238644,29/9/2021,5:26:24 AM,9.5609589E+0,-6.0954624E+1,3.8247205E+3,0.0000000E+0
11238645,29/9/2021,5:26:24 AM,9.9503441E+0,-5.5230049E+1,3.8265059E+3,0.0000000E+0
11238646,29/9/2021,5:26:25 AM,8.3822832E+0,-4.8833576E+1,3.8256133E+3,0.0000000E+0
11238647,29/9/2021,5:26:25 AM,5.2908883E+0,-4.1066429E+1,3.8282915E+3,0.0000000E+0
11238648,29/9/2021,5:26:25 AM,1.8451891E+0,-3.1606104E+1,3.8291846E+3,0.0000000E+0
11238649,29/9/2021,5:26:25 AM,-4.0445213E+0,-2.1393246E+1,3.8309702E+3,0.0000000E+0
11238650,29/9/2021,5:26:25 AM,-8.7400951E+0,-1.2742322E+1,3.8345413E+3,0.0000000E+0
11238651,29/9/2021,5:26:25 AM,-1.3370610E+1,-4.4495339E+0,3.8327556E+3,0.0000000E+0
11238652,29/9/2021,5:26:25 AM,-1.7009247E+1,2.6722825E+0,3.8354341E+3,0.0000000E+0
11238653,29/9/2021,5:26:25 AM,-1.9471838E+1,7.5821204E+0,3.8345413E+3,0.0000000E+0
11238654,29/9/2021,5:26:25 AM,-2.0745962E+1,1.1774619E+1,3.8345413E+3,0.0000000E+0
11238655,29/9/2021,5:26:25 AM,-2.1570480E+1,1.5214753E+1,3.8345413E+3,0.0000000E+0
11238656,29/9/2021,5:26:26 AM,-2.1198118E+1,1.7804159E+1,3.8345413E+3,0.0000000E+0
11238657,29/9/2021,5:26:26 AM,-1.8937750E+1,1.9662470E+1,3.8363269E+3,0.0000000E+0
11238658,29/9/2021,5:26:26 AM,-1.6075251E+1,2.0963230E+1,3.8354341E+3,0.0000000E+0
11238659,29/9/2021,5:26:26 AM,-1.4541393E+1,2.2145773E+1,3.8363269E+3,0.0000000E+0
11238660,29/9/2021,5:26:26 AM,-1.2447138E+1,2.3731451E+1,3.8381123E+3,0.0000000E+0
11238661,29/9/2021,5:26:26 AM,-1.0873815E+1,2.4672110E+1,3.8363269E+3,0.0000000E+0
11238662,29/9/2021,5:26:26 AM,-1.0587039E+1,2.5021498E+1,3.8381123E+3,0.0000000E+0
11238663,29/9/2021,5:26:26 AM,-8.9321566E+0,2.4752739E+1,3.8390051E+3,0.0000000E+0
11238664,29/9/2021,5:26:26 AM,-9.1768370E+0,2.2468283E+1,3.8363269E+3,0.0000000E+0
11238665,29/9/2021,5:26:26 AM,-1.0537050E+1,1.8907448E+1,3.8363269E+3,0.0000000E+0
11238666,29/9/2021,5:26:27 AM,-1.1492094E+1,1.6408432E+1,3.8363269E+3,0.0000000E+0
11238667,29/9/2021,5:26:27 AM,-1.1578917E+1,1.2846005E+1,3.8363269E+3,0.0000000E+0
11238668,29/9/2021,5:26:27 AM,-1.0984316E+1,7.8240466E+0,3.8327556E+3,0.0000000E+0
11238669,29/9/2021,5:26:27 AM,-9.8240566E+0,3.3743770E+0,3.8345413E+3,0.0000000E+0
11238670,29/9/2021,5:26:27 AM,-9.7135563E+0,-2.2503513E-1,3.8327556E+3,0.0000000E+0
11238671,29/9/2021,5:26:27 AM,-9.4057312E+0,-5.0939884E+0,3.8309702E+3,0.0000000E+0
11238672,29/9/2021,5:26:27 AM,-7.5666809E+0,-1.0535745E+1,3.8327556E+3,0.0000000E+0
11238673,29/9/2021,5:26:27 AM,-6.2064676E+0,-1.5222729E+1,3.8309702E+3,0.0000000E+0
11238674,29/9/2021,5:26:27 AM,-6.2196226E+0,-1.9436495E+1,3.8309702E+3,0.0000000E+0
11238675,29/9/2021,5:26:27 AM,-5.6697488E+0,-2.4672110E+1,3.8309702E+3,0.0000000E+0
11238676,29/9/2021,5:26:28 AM,-6.1512170E+0,-2.7870346E+1,3.8291846E+3,0.0000000E+0
11238677,29/9/2021,5:26:28 AM,-6.3827429E+0,-3.0611692E+1,3.8309702E+3,0.0000000E+0
11238678,29/9/2021,5:26:28 AM,-7.8245168E+0,-3.4374325E+1,3.8291846E+3,0.0000000E+0
11238679,29/9/2021,5:26:28 AM,-9.6319962E+0,-3.8002575E+1,3.8291846E+3,0.0000000E+0
11238680,29/9/2021,5:26:28 AM,-1.1123757E+1,-4.0717045E+1,3.8273987E+3,0.0000000E+0
11238681,29/9/2021,5:26:28 AM,-1.3783672E+1,-4.2786491E+1,3.8273987E+3,0.0000000E+0
11238682,29/9/2021,5:26:28 AM,-1.5506961E+1,-4.4775311E+1,3.8265059E+3,0.0000000E+0
11238683,29/9/2021,5:26:28 AM,-1.7411785E+1,-4.7462902E+1,3.8256133E+3,0.0000000E+0
11238684,29/9/2021,5:26:28 AM,-1.9306086E+1,-5.0311756E+1,3.8238276E+3,0.0000000E+0
11238685,29/9/2021,5:26:28 AM,-2.0586378E+1,-5.1870560E+1,3.8238276E+3,0.0000000E+0
11238686,29/9/2021,5:26:29 AM,-2.3884455E+1,-5.2838089E+1,3.8238276E+3,0.0000000E+0
11238687,29/9/2021,5:26:29 AM,-2.5001545E+1,-5.4074383E+1,3.8220420E+3,0.0000000E+0
11238688,29/9/2021,5:26:29 AM,-2.6889959E+1,-5.3321861E+1,3.8238276E+3,0.0000000E+0
11238689,29/9/2021,5:26:29 AM,-3.0533802E+1,-5.1655552E+1,3.8220420E+3,0.0000000E+0
11238690,29/9/2021,5:26:29 AM,-3.2422218E+1,-5.0177372E+1,3.8247205E+3,0.0000000E+0
11238691,29/9/2021,5:26:29 AM,-3.4257435E+1,-4.7624157E+1,3.8247205E+3,0.0000000E+0
11238692,29/9/2021,5:26:29 AM,-3.7262939E+1,-4.3942154E+1,3.8265059E+3,0.0000000E+0
11238693,29/9/2021,5:26:29 AM,-3.8406628E+1,-4.1039555E+1,3.8282915E+3,0.0000000E+0
11238694,29/9/2021,5:26:29 AM,-3.9523720E+1,-3.9185116E+1,3.8256133E+3,0.0000000E+0
11238695,29/9/2021,5:26:29 AM,-4.0295040E+1,-3.6148136E+1,3.8291846E+3,0.0000000E+0
11238696,29/9/2021,5:26:30 AM,-4.0694004E+1,-3.4777462E+1,3.8256133E+3,0.0000000E+0
11238697,29/9/2021,5:26:30 AM,-4.0241848E+1,-3.3729301E+1,3.8273987E+3,0.0000000E+0
11238698,29/9/2021,5:26:30 AM,-3.9949276E+1,-3.2331753E+1,3.8256133E+3,0.0000000E+0
11238699,29/9/2021,5:26:30 AM,-3.7768291E+1,-3.1122335E+1,3.8273987E+3,0.0000000E+0
11238700,29/9/2021,5:26:30 AM,-3.5507511E+1,-2.9267897E+1,3.8273987E+3,0.0000000E+0
11238701,29/9/2021,5:26:30 AM,-3.5028759E+1,-2.8300360E+1,3.8220420E+3,0.0000000E+0
11238702,29/9/2021,5:26:30 AM,-3.4842579E+1,-2.5317135E+1,3.8273987E+3,0.0000000E+0
11238703,29/9/2021,5:26:30 AM,-3.2741383E+1,-2.1070734E+1,3.8273987E+3,0.0000000E+0
11238704,29/9/2021,5:26:30 AM,-3.2422218E+1,-1.6812529E+1,3.8291846E+3,0.0000000E+0
11238705,29/9/2021,5:26:30 AM,-3.0347620E+1,-1.3295296E+1,3.8291846E+3,0.0000000E+0
11238706,29/9/2021,5:26:31 AM,-2.8964558E+1,-9.6903324E+0,3.8300774E+3,0.0000000E+0
11238707,29/9/2021,5:26:31 AM,-2.7342115E+1,-6.0747356E+0,3.8309702E+3,0.0000000E+0
11238708,29/9/2021,5:26:31 AM,-2.3671675E+1,-1.3590095E+0,3.8345413E+3,0.0000000E+0
11238709,29/9/2021,5:26:31 AM,-2.1597080E+1,2.0878708E+0,3.8345413E+3,0.0000000E+0
11238710,29/9/2021,5:26:31 AM,-1.7961658E+1,4.1437187E+0,3.8363269E+3,0.0000000E+0
11238711,29/9/2021,5:26:31 AM,-1.4225677E+1,5.2068677E+0,3.8345413E+3,0.0000000E+0
11238712,29/9/2021,5:26:31 AM,-1.2136683E+1,5.9258580E+0,3.8336484E+3,0.0000000E+0
11238713,29/9/2021,5:26:31 AM,-8.9952993E+0,6.6861968E+0,3.8363269E+3,0.0000000E+0
11238714,29/9/2021,5:26:31 AM,-7.0904746E+0,7.1620736E+0,3.8363269E+3,0.0000000E+0
11238715,29/9/2021,5:26:31 AM,-5.9354773E+0,6.5240269E+0,3.8363269E+3,0.0000000E+0
11238716,29/9/2021,5:26:32 AM,-4.7393394E+0,5.3835182E+0,3.8345413E+3,0.0000000E+0
11238717,29/9/2021,5:26:32 AM,-5.4737706E+0,4.0780725E+0,3.8345413E+3,0.0000000E+0
11238718,29/9/2021,5:26:32 AM,-5.8433928E+0,1.6627712E+0,3.8318628E+3,0.0000000E+0
11238719,29/9/2021,5:26:32 AM,-5.1521106E+0,5.2365994E-1,3.8345413E+3,0.0000000E+0
11238720,29/9/2021,5:26:32 AM,-5.8407621E+0,-6.5804112E-1,3.8318628E+3,0.0000000E+0
11238721,29/9/2021,5:26:32 AM,-5.7592020E+0,-2.6146417E+0,3.8345413E+3,0.0000000E+0
11238722,29/9/2021,5:26:32 AM,-4.9896955E+0,-5.0979910E+0,3.8309702E+3,0.0000000E+0
11238723,29/9/2021,5:26:32 AM,-5.4737706E+0,-6.9972444E+0,3.8309702E+3,0.0000000E+0
11238724,29/9/2021,5:26:32 AM,-4.2988391E+0,-8.3770208E+0,3.8327556E+3,0.0000000E+0
11238725,29/9/2021,5:26:32 AM,-2.2159698E+0,-1.0466623E+1,3.8327556E+3,0.0000000E+0
11238726,29/9/2021,5:26:33 AM,-7.5280935E-1,-1.3898783E+1,3.8318628E+3,0.0000000E+0
11238727,29/9/2021,5:26:33 AM,9.2590541E-1,-1.6884310E+1,3.8327556E+3,0.0000000E+0
11238728,29/9/2021,5:26:33 AM,1.2280134E+0,-1.9471056E+1,3.8327556E+3,0.0000000E+0
11238729,29/9/2021,5:26:33 AM,8.5861963E-1,-2.2790794E+1,3.8309702E+3,0.0000000E+0
11238730,29/9/2021,5:26:33 AM,1.8871793E+0,-2.5854652E+1,3.8309702E+3,0.0000000E+0
11238731,29/9/2021,5:26:33 AM,7.8579265E-1,-2.7279078E+1,3.8318628E+3,0.0000000E+0
11238732,29/9/2021,5:26:33 AM,-1.8578653E+0,-3.1041708E+1,3.8273987E+3,0.0000000E+0
11238733,29/9/2021,5:26:33 AM,-3.3417809E+0,-3.4159313E+1,3.8291846E+3,0.0000000E+0
11238734,29/9/2021,5:26:33 AM,-5.9039054E+0,-3.5476238E+1,3.8291846E+3,0.0000000E+0
11238735,29/9/2021,5:26:33 AM,-7.8981838E+0,-3.7760693E+1,3.8256133E+3,0.0000000E+0
11238736,29/9/2021,5:26:34 AM,-9.3110170E+0,-3.8889481E+1,3.8282915E+3,0.0000000E+0
11238737,29/9/2021,5:26:34 AM,-1.1152699E+1,-3.9185116E+1,3.8256133E+3,0.0000000E+0
11238738,29/9/2021,5:26:34 AM,-1.3554778E+1,-4.0367657E+1,3.8256133E+3,0.0000000E+0
11238739,29/9/2021,5:26:34 AM,-1.4738716E+1,-4.0394535E+1,3.8247205E+3,0.0000000E+0
11238740,29/9/2021,5:26:34 AM,-1.3936270E+1,-3.9749512E+1,3.8256133E+3,0.0000000E+0
11238741,29/9/2021,5:26:34 AM,-1.3110143E+1,-3.6927536E+1,3.8282915E+3,0.0000000E+0
11238742,29/9/2021,5:26:34 AM,-1.2310328E+1,-3.4965591E+1,3.8273987E+3,0.0000000E+0
11238743,29/9/2021,5:26:34 AM,-1.0947482E+1,-3.3460541E+1,3.8282915E+3,0.0000000E+0
11238744,29/9/2021,5:26:34 AM,-9.7845926E+0,-3.2009239E+1,3.8273987E+3,0.0000000E+0
11238745,29/9/2021,5:26:34 AM,-9.0373955E+0,-2.8757252E+1,3.8291846E+3,0.0000000E+0
11238746,29/9/2021,5:26:35 AM,-8.1928530E+0,-2.4618359E+1,3.8327556E+3,0.0000000E+0
11238747,29/9/2021,5:26:35 AM,-8.1718054E+0,-2.1715757E+1,3.8309702E+3,0.0000000E+0
11238748,29/9/2021,5:26:35 AM,-9.4872913E+0,-1.9077595E+1,3.8309702E+3,0.0000000E+0
11238749,29/9/2021,5:26:35 AM,-1.1920942E+1,-1.5342362E+1,3.8309702E+3,0.0000000E+0
11238750,29/9/2021,5:26:35 AM,-1.4565071E+1,-1.2202641E+1,3.8309702E+3,0.0000000E+0
11238751,29/9/2021,5:26:35 AM,-1.7511763E+1,-8.6800928E+0,3.8327556E+3,0.0000000E+0
11238752,29/9/2021,5:26:35 AM,-1.9140335E+1,-5.8274922E+0,3.8336484E+3,0.0000000E+0
11238753,29/9/2021,5:26:35 AM,-2.2208818E+1,-3.5961332E+0,3.8327556E+3,0.0000000E+0
11238754,29/9/2021,5:26:35 AM,-2.5879257E+1,-2.9748955E+0,3.8309702E+3,0.0000000E+0
11238755,29/9/2021,5:26:35 AM,-2.6730375E+1,-2.1375058E+0,3.8318628E+3,0.0000000E+0
11238756,29/9/2021,5:26:36 AM,-2.8007048E+1,-2.8262705E-1,3.8327556E+3,0.0000000E+0
11238757,29/9/2021,5:26:36 AM,-2.8645386E+1,-8.0868661E-1,3.8327556E+3,0.0000000E+0
11238758,29/9/2021,5:26:36 AM,-2.8086840E+1,-2.0150194E+0,3.8327556E+3,0.0000000E+0
11238759,29/9/2021,5:26:36 AM,-2.7528297E+1,-3.6657820E+0,3.8309702E+3,0.0000000E+0
11238760,29/9/2021,5:26:36 AM,-2.7847466E+1,-5.0403504E+0,3.8309702E+3,0.0000000E+0
11238761,29/9/2021,5:26:36 AM,-2.7687881E+1,-6.3778076E+0,3.8327556E+3,0.0000000E+0
11238762,29/9/2021,5:26:36 AM,-2.8459204E+1,-8.7571898E+0,3.8309702E+3,0.0000000E+0
11238763,29/9/2021,5:26:36 AM,-3.0427412E+1,-1.1022256E+1,3.8300774E+3,0.0000000E+0
11238764,29/9/2021,5:26:36 AM,-3.3193539E+1,-1.2253154E+1,3.8309702E+3,0.0000000E+0
11238765,29/9/2021,5:26:36 AM,-3.6119251E+1,-1.4584682E+1,3.8282915E+3,0.0000000E+0
11238766,29/9/2021,5:26:37 AM,-3.9417328E+1,-1.6009653E+1,3.8291846E+3,0.0000000E+0
11238767,29/9/2021,5:26:37 AM,-4.2848392E+1,-1.7025211E+1,3.8291846E+3,0.0000000E+0
11238768,29/9/2021,5:26:37 AM,-4.5481533E+1,-1.9766151E+1,3.8282915E+3,0.0000000E+0
11238769,29/9/2021,5:26:37 AM,-4.5614521E+1,-2.3570196E+1,3.8273987E+3,0.0000000E+0
11238770,29/9/2021,5:26:37 AM,-4.5880497E+1,-2.5989031E+1,3.8256133E+3,0.0000000E+0
11238771,29/9/2021,5:26:37 AM,-4.5587925E+1,-2.8622873E+1,3.8256133E+3,0.0000000E+0
11238772,29/9/2021,5:26:37 AM,-4.2077068E+1,-3.1982363E+1,3.8273987E+3,0.0000000E+0
11238773,29/9/2021,5:26:37 AM,-3.9177952E+1,-3.5637493E+1,3.8238276E+3,0.0000000E+0
11238774,29/9/2021,5:26:37 AM,-3.5268139E+1,-3.8029449E+1,3.8256133E+3,0.0000000E+0
11238775,29/9/2021,5:26:37 AM,-3.1198734E+1,-3.9615131E+1,3.8256133E+3,0.0000000E+0
11238776,29/9/2021,5:26:38 AM,-2.7634687E+1,-4.1147057E+1,3.8238276E+3,0.0000000E+0
11238777,29/9/2021,5:26:38 AM,-2.3139727E+1,-4.2060841E+1,3.8256133E+3,0.0000000E+0
11238778,29/9/2021,5:26:38 AM,-1.9866484E+1,-4.1254562E+1,3.8265059E+3,0.0000000E+0
11238779,29/9/2021,5:26:38 AM,-1.6680374E+1,-4.0985802E+1,3.8273987E+3,0.0000000E+0
11238780,29/9/2021,5:26:38 AM,-1.3773149E+1,-4.0502037E+1,3.8273987E+3,0.0000000E+0
11238781,29/9/2021,5:26:38 AM,-1.1523665E+1,-3.8916355E+1,3.8265059E+3,0.0000000E+0
11238782,29/9/2021,5:26:38 AM,-8.8690128E+0,-3.6201885E+1,3.8291846E+3,0.0000000E+0
11238783,29/9/2021,5:26:38 AM,-4.6220837E+0,-3.4804337E+1,3.8309702E+3,0.0000000E+0
11238784,29/9/2021,5:26:38 AM,5.0028974E-1,-3.4320572E+1,3.8291846E+3,0.0000000E+0
11238785,29/9/2021,5:26:38 AM,4.8375802E+0,-3.3272411E+1,3.8291846E+3,0.0000000E+0
11238786,29/9/2021,5:26:39 AM,9.1636820E+0,-3.0826698E+1,3.8309702E+3,0.0000000E+0
11238787,29/9/2021,5:26:39 AM,1.3254847E+1,-2.9536655E+1,3.8309702E+3,0.0000000E+0
11238788,29/9/2021,5:26:39 AM,1.7172367E+1,-2.8515369E+1,3.8309702E+3,0.0000000E+0
11238789,29/9/2021,5:26:39 AM,2.0905546E+1,-2.6015907E+1,3.8327556E+3,0.0000000E+0
11238790,29/9/2021,5:26:39 AM,2.0719364E+1,-2.2656414E+1,3.8336484E+3,0.0000000E+0
11238791,29/9/2021,5:26:39 AM,2.0103273E+1,-2.0237581E+1,3.8327556E+3,0.0000000E+0
11238792,29/9/2021,5:26:39 AM,1.8569414E+1,-1.7307014E+1,3.8327556E+3,0.0000000E+0
11238793,29/9/2021,5:26:39 AM,1.3841554E+1,-1.2952346E+1,3.8327556E+3,0.0000000E+0
11238794,29/9/2021,5:26:39 AM,9.3978386E+0,-8.8236532E+0,3.8327556E+3,0.0000000E+0
11238795,29/9/2021,5:26:39 AM,4.3226070E+0,-4.9843106E+0,3.8345413E+3,0.0000000E+0
11238796,29/9/2021,5:26:40 AM,-1.8491504E+0,-4.7646660E-1,3.8345413E+3,0.0000000E+0
11238797,29/9/2021,5:26:40 AM,-8.4796286E+0,2.4809477E+0,3.8345413E+3,0.0000000E+0
11238798,29/9/2021,5:26:40 AM,-1.3875756E+1,4.1140981E+0,3.8327556E+3,0.0000000E+0
11238799,29/9/2021,5:26:40 AM,-1.7851158E+1,6.1279063E+0,3.8327556E+3,0.0000000E+0
11238800,29/9/2021,5:26:40 AM,-2.0878950E+1,8.4541178E+0,3.8363269E+3,0.0000000E+0
11238801,29/9/2021,5:26:40 AM,-2.3645079E+1,1.1022256E+1,3.8363269E+3,0.0000000E+0
11238802,29/9/2021,5:26:40 AM,-2.7342115E+1,1.0304453E+1,3.8327556E+3,0.0000000E+0
11238803,29/9/2021,5:26:40 AM,-2.8618788E+1,8.7704821E+0,3.8327556E+3,0.0000000E+0
11238804,29/9/2021,5:26:40 AM,-2.9523100E+1,8.3956299E+0,3.8345413E+3,0.0000000E+0
11238805,29/9/2021,5:26:40 AM,-3.1012556E+1,6.4176850E+0,3.8327556E+3,0.0000000E+0
11238806,29/9/2021,5:26:41 AM,-3.1278530E+1,3.9195611E+0,3.8327556E+3,0.0000000E+0
11238807,29/9/2021,5:26:41 AM,-3.3353123E+1,1.8052716E+0,3.8327556E+3,0.0000000E+0
11238808,29/9/2021,5:26:41 AM,-3.6598007E+1,-9.1907120E-1,3.8309702E+3,0.0000000E+0
11238809,29/9/2021,5:26:41 AM,-3.7183147E+1,-5.2012639E+0,3.8291846E+3,0.0000000E+0
11238810,29/9/2021,5:26:41 AM,-3.7901276E+1,-7.9091191E+0,3.8291846E+3,0.0000000E+0
11238811,29/9/2021,5:26:41 AM,-3.8167252E+1,-9.5786743E+0,3.8318628E+3,0.0000000E+0
11238812,29/9/2021,5:26:41 AM,-3.9284344E+1,-1.3484052E+1,3.8273987E+3,0.0000000E+0
11238813,29/9/2021,5:26:41 AM,-3.9044964E+1,-1.6985332E+1,3.8282915E+3,0.0000000E+0
11238814,29/9/2021,5:26:41 AM,-3.8114059E+1,-2.0613844E+1,3.8273987E+3,0.0000000E+0
11238815,29/9/2021,5:26:41 AM,-3.5347931E+1,-2.4725863E+1,3.8265059E+3,0.0000000E+0
11238816,29/9/2021,5:26:42 AM,-3.0001854E+1,-2.7950974E+1,3.8291846E+3,0.0000000E+0
11238817,29/9/2021,5:26:42 AM,-2.6863361E+1,-3.1632977E+1,3.8256133E+3,0.0000000E+0
11238818,29/9/2021,5:26:42 AM,-2.3432299E+1,-3.5288105E+1,3.8282915E+3,0.0000000E+0
11238819,29/9/2021,5:26:42 AM,-1.8187923E+1,-3.9077614E+1,3.8265059E+3,0.0000000E+0
11238820,29/9/2021,5:26:42 AM,-1.3649492E+1,-4.2410229E+1,3.8273987E+3,0.0000000E+0
11238821,29/9/2021,5:26:42 AM,-8.6874762E+0,-4.4909691E+1,3.8273987E+3,0.0000000E+0
11238822,29/9/2021,5:26:42 AM,-4.4612536E+0,-4.8537941E+1,3.8273987E+3,0.0000000E+0
11238823,29/9/2021,5:26:42 AM,-1.8626190E+0,-5.0795525E+1,3.8273987E+3,0.0000000E+0
11238824,29/9/2021,5:26:42 AM,-7.1059084E-1,-5.3268108E+1,3.8256133E+3,0.0000000E+0
11238825,29/9/2021,5:26:42 AM,1.0554636E-3,-5.3778748E+1,3.8273987E+3,0.0000000E+0
11238826,29/9/2021,5:26:43 AM,-2.5542220E-1,-5.3348732E+1,3.8256133E+3,0.0000000E+0
11238827,29/9/2021,5:26:43 AM,-2.6826150E+0,-5.2300571E+1,3.8247205E+3,0.0000000E+0
11238828,29/9/2021,5:26:43 AM,-4.9952412E+0,-4.8914204E+1,3.8273987E+3,0.0000000E+0
11238829,29/9/2021,5:26:43 AM,-8.2717819E+0,-4.6092232E+1,3.8256133E+3,0.0000000E+0
11238830,29/9/2021,5:26:43 AM,-1.2028813E+1,-4.2625237E+1,3.8247205E+3,0.0000000E+0
11238831,29/9/2021,5:26:43 AM,-1.4415106E+1,-3.7330677E+1,3.8282915E+3,0.0000000E+0
11238832,29/9/2021,5:26:43 AM,-1.6348871E+1,-3.3379913E+1,3.8273987E+3,0.0000000E+0
11238833,29/9/2021,5:26:43 AM,-1.8293161E+1,-2.9106638E+1,3.8256133E+3,0.0000000E+0
11238834,29/9/2021,5:26:43 AM,-1.9356075E+1,-2.4053963E+1,3.8282915E+3,0.0000000E+0
11238835,29/9/2021,5:26:43 AM,-1.9261360E+1,-1.9343447E+1,3.8291846E+3,0.0000000E+0
11238836,29/9/2021,5:26:44 AM,-1.7248665E+1,-1.4847877E+1,3.8309702E+3,0.0000000E+0
11238837,29/9/2021,5:26:44 AM,-1.6191013E+1,-1.1043524E+1,3.8309702E+3,0.0000000E+0
11238838,29/9/2021,5:26:44 AM,-1.5067588E+1,-7.1727071E+0,3.8327556E+3,0.0000000E+0
11238839,29/9/2021,5:26:44 AM,-1.3983626E+1,-4.3358545E+0,3.8318628E+3,0.0000000E+0
11238840,29/9/2021,5:26:44 AM,-1.3339037E+1,-8.4281522E-1,3.8345413E+3,0.0000000E+0
11238841,29/9/2021,5:26:44 AM,-1.2473448E+1,3.1630280E+0,3.8363269E+3,0.0000000E+0
11238842,29/9/2021,5:26:44 AM,-1.3175917E+1,5.1396208E+0,3.8345413E+3,0.0000000E+0
11238843,29/9/2021,5:26:44 AM,-1.4654524E+1,6.8616595E+0,3.8363269E+3,0.0000000E+0
11238844,29/9/2021,5:26:44 AM,-1.6448849E+1,8.6933851E+0,3.8354341E+3,0.0000000E+0
11238845,29/9/2021,5:26:44 AM,-1.9632326E+1,9.4165049E+0,3.8345413E+3,0.0000000E+0
11238846,29/9/2021,5:26:45 AM,-2.1437494E+1,1.0022649E+1,3.8363269E+3,0.0000000E+0
11238847,29/9/2021,5:26:45 AM,-2.2501390E+1,8.1031914E+0,3.8327556E+3,0.0000000E+0
11238848,29/9/2021,5:26:45 AM,-2.3990845E+1,5.4420061E+0,3.8327556E+3,0.0000000E+0
11238849,29/9/2021,5:26:45 AM,-2.4150427E+1,1.5947232E+0,3.8309702E+3,0.0000000E+0
11238850,29/9/2021,5:26:45 AM,-2.2341806E+1,-1.7628418E+0,3.8309702E+3,0.0000000E+0
11238851,29/9/2021,5:26:45 AM,-2.0639572E+1,-3.9411762E+0,3.8327556E+3,0.0000000E+0
11238852,29/9/2021,5:26:45 AM,-1.7772228E+1,-8.0659723E+0,3.8309702E+3,0.0000000E+0
11238853,29/9/2021,5:26:45 AM,-1.4870264E+1,-1.1976666E+1,3.8318628E+3,0.0000000E+0
11238854,29/9/2021,5:26:45 AM,-1.2594472E+1,-1.5517826E+1,3.8291846E+3,0.0000000E+0
11238855,29/9/2021,5:26:45 AM,-1.1026412E+1,-1.7817451E+1,3.8300774E+3,0.0000000E+0
11238856,29/9/2021,5:26:46 AM,-8.2533655E+0,-1.8455498E+1,3.8345413E+3,0.0000000E+0
11238857,29/9/2021,5:26:46 AM,-7.3193693E+0,-2.0801975E+1,3.8309702E+3,0.0000000E+0
11238858,29/9/2021,5:26:46 AM,-7.0589032E+0,-2.3650824E+1,3.8300774E+3,0.0000000E+0
11238859,29/9/2021,5:26:46 AM,-7.5772052E+0,-2.6096535E+1,3.8291846E+3,0.0000000E+0
11238860,29/9/2021,5:26:46 AM,-9.1163244E+0,-2.7816595E+1,3.8291846E+3,0.0000000E+0
11238861,29/9/2021,5:26:46 AM,-1.0097677E+1,-2.8703501E+1,3.8300774E+3,0.0000000E+0
11238862,29/9/2021,5:26:46 AM,-1.1657845E+1,-2.9939793E+1,3.8291846E+3,0.0000000E+0
11238863,29/9/2021,5:26:46 AM,-1.3973103E+1,-3.1310467E+1,3.8273987E+3,0.0000000E+0
11238864,29/9/2021,5:26:46 AM,-1.6312038E+1,-3.1579226E+1,3.8256133E+3,0.0000000E+0
11238865,29/9/2021,5:26:46 AM,-1.8335257E+1,-3.1847986E+1,3.8273987E+3,0.0000000E+0
11238866,29/9/2021,5:26:47 AM,-1.7914303E+1,-3.1847986E+1,3.8273987E+3,0.0000000E+0
11238867,29/9/2021,5:26:47 AM,-1.7564383E+1,-3.1498598E+1,3.8282915E+3,0.0000000E+0
11238868,29/9/2021,5:26:47 AM,-1.7916931E+1,-3.1014832E+1,3.8282915E+3,0.0000000E+0
11238869,29/9/2021,5:26:47 AM,-1.7543335E+1,-3.1498598E+1,3.8273987E+3,0.0000000E+0
11238870,29/9/2021,5:26:47 AM,-1.6459372E+1,-3.1471722E+1,3.8273987E+3,0.0000000E+0
11238871,29/9/2021,5:26:47 AM,-1.5175458E+1,-3.0262306E+1,3.8291846E+3,0.0000000E+0
11238872,29/9/2021,5:26:47 AM,-1.5020229E+1,-2.8139105E+1,3.8300774E+3,0.0000000E+0
11238873,29/9/2021,5:26:47 AM,-1.5001813E+1,-2.7359705E+1,3.8309702E+3,0.0000000E+0
11238874,29/9/2021,5:26:47 AM,-1.6475159E+1,-2.5693394E+1,3.8291846E+3,0.0000000E+0
11238875,29/9/2021,5:26:47 AM,-1.9377123E+1,-2.3167057E+1,3.8309702E+3,0.0000000E+0
11238876,29/9/2021,5:26:48 AM,-2.2208818E+1,-2.1151363E+1,3.8309702E+3,0.0000000E+0
11238877,29/9/2021,5:26:48 AM,-2.5240919E+1,-1.9981493E+1,3.8309702E+3,0.0000000E+0
11238878,29/9/2021,5:26:48 AM,-2.7288919E+1,-1.9019106E+1,3.8309702E+3,0.0000000E+0
11238879,29/9/2021,5:26:48 AM,-3.1331722E+1,-1.8319914E+1,3.8273987E+3,0.0000000E+0
11238880,29/9/2021,5:26:48 AM,-3.4417019E+1,-1.8043427E+1,3.8291846E+3,0.0000000E+0
11238881,29/9/2021,5:26:48 AM,-3.5294731E+1,-1.8973911E+1,3.8273987E+3,0.0000000E+0
11238882,29/9/2021,5:26:48 AM,-3.5613903E+1,-1.9853884E+1,3.8273987E+3,0.0000000E+0
11238883,29/9/2021,5:26:48 AM,-3.5055355E+1,-1.9114815E+1,3.8282915E+3,0.0000000E+0
11238884,29/9/2021,5:26:48 AM,-3.4124451E+1,-1.8870230E+1,3.8282915E+3,0.0000000E+0
11238885,29/9/2021,5:26:48 AM,-3.3299931E+1,-1.9364716E+1,3.8273987E+3,0.0000000E+0
11238886,29/9/2021,5:26:49 AM,-2.9948660E+1,-1.9423203E+1,3.8291846E+3,0.0000000E+0
11238887,29/9/2021,5:26:49 AM,-2.7209127E+1,-1.8692108E+1,3.8300774E+3,0.0000000E+0
11238888,29/9/2021,5:26:49 AM,-2.4310013E+1,-1.9332813E+1,3.8291846E+3,0.0000000E+0
11238889,29/9/2021,5:26:49 AM,-2.0639572E+1,-1.9795397E+1,3.8309702E+3,0.0000000E+0
11238890,29/9/2021,5:26:49 AM,-1.7903778E+1,-1.9199886E+1,3.8309702E+3,0.0000000E+0
11238891,29/9/2021,5:26:49 AM,-1.7588060E+1,-1.9742226E+1,3.8291846E+3,0.0000000E+0
11238892,29/9/2021,5:26:49 AM,-1.5459602E+1,-1.9837933E+1,3.8291846E+3,0.0000000E+0
11238893,29/9/2021,5:26:49 AM,-1.3246955E+1,-1.8883522E+1,3.8309702E+3,0.0000000E+0
11238894,29/9/2021,5:26:49 AM,-1.2499757E+1,-1.8245476E+1,3.8309702E+3,0.0000000E+0
11238895,29/9/2021,5:26:49 AM,-1.2586579E+1,-1.7221941E+1,3.8309702E+3,0.0000000E+0
11238896,29/9/2021,5:26:50 AM,-1.2013026E+1,-1.7160795E+1,3.8309702E+3,0.0000000E+0
11238897,29/9/2021,5:26:50 AM,-1.2257708E+1,-1.6714163E+1,3.8291846E+3,0.0000000E+0
11238898,29/9/2021,5:26:50 AM,-1.1547344E+1,-1.5828874E+1,3.8318628E+3,0.0000000E+0
11238899,29/9/2021,5:26:50 AM,-1.0713326E+1,-1.6583895E+1,3.8309702E+3,0.0000000E+0
11238900,29/9/2021,5:26:50 AM,-8.5296173E+0,-1.7708452E+1,3.8309702E+3,0.0000000E+0
11238901,29/9/2021,5:26:50 AM,-7.2693810E+0,-1.8516644E+1,3.8309702E+3,0.0000000E+0
11238902,29/9/2021,5:26:50 AM,-5.8012972E+0,-2.0801975E+1,3.8291846E+3,0.0000000E+0
11238903,29/9/2021,5:26:50 AM,-3.6040211E+0,-2.1930763E+1,3.8318628E+3,0.0000000E+0
11238904,29/9/2021,5:26:50 AM,-1.4058775E+0,-2.2710167E+1,3.8291846E+3,0.0000000E+0
11238905,29/9/2021,5:26:50 AM,-1.2670840E+0,-2.2763918E+1,3.8327556E+3,0.0000000E+0
11238906,29/9/2021,5:26:51 AM,-4.2429635E-1,-2.3355190E+1,3.8291846E+3,0.0000000E+0
11238907,29/9/2021,5:26:51 AM,-1.9767054E+0,-2.2575787E+1,3.8300774E+3,0.0000000E+0
11238908,29/9/2021,5:26:51 AM,-3.9407346E+0,-2.0775099E+1,3.8309702E+3,0.0000000E+0
11238909,29/9/2021,5:26:51 AM,-6.3011827E+0,-1.9452446E+1,3.8309702E+3,0.0000000E+0
11238910,29/9/2021,5:26:51 AM,-8.7348337E+0,-1.7859989E+1,3.8318628E+3,0.0000000E+0
11238911,29/9/2021,5:26:51 AM,-1.1305295E+1,-1.6411091E+1,3.8309702E+3,0.0000000E+0
11238912,29/9/2021,5:26:51 AM,-1.4912360E+1,-1.5031315E+1,3.8309702E+3,0.0000000E+0
11238913,29/9/2021,5:26:51 AM,-1.6998722E+1,-1.4757486E+1,3.8300774E+3,0.0000000E+0
11238914,29/9/2021,5:26:51 AM,-1.7880098E+1,-1.4576707E+1,3.8309702E+3,0.0000000E+0
11238915,29/9/2021,5:26:51 AM,-1.9148228E+1,-1.3853587E+1,3.8318628E+3,0.0000000E+0
11238916,29/9/2021,5:26:52 AM,-1.8848297E+1,-1.4074244E+1,3.8309702E+3,0.0000000E+0
11238917,29/9/2021,5:26:52 AM,-1.8758844E+1,-1.5799630E+1,3.8291846E+3,0.0000000E+0
11238918,29/9/2021,5:26:52 AM,-1.8837774E+1,-1.6238287E+1,3.8291846E+3,0.0000000E+0
11238919,29/9/2021,5:26:52 AM,-1.7964291E+1,-1.6161190E+1,3.8309702E+3,0.0000000E+0
11238920,29/9/2021,5:26:52 AM,-1.8711487E+1,-1.6033581E+1,3.8309702E+3,0.0000000E+0
11238921,29/9/2021,5:26:52 AM,-1.9866484E+1,-1.6530725E+1,3.8291846E+3,0.0000000E+0
11238922,29/9/2021,5:26:52 AM,-2.0586378E+1,-1.5993702E+1,3.8309702E+3,0.0000000E+0
11238923,29/9/2021,5:26:52 AM,-2.3512091E+1,-1.4443780E+1,3.8291846E+3,0.0000000E+0
11238924,29/9/2021,5:26:52 AM,-2.6251621E+1,-1.3933343E+1,3.8291846E+3,0.0000000E+0
11238925,29/9/2021,5:26:52 AM,-2.7661283E+1,-1.3941318E+1,3.8300774E+3,0.0000000E+0
11238926,29/9/2021,5:26:53 AM,-2.9070944E+1,-1.3478734E+1,3.8291846E+3,0.0000000E+0
11238927,29/9/2021,5:26:53 AM,-3.0799776E+1,-1.3236810E+1,3.8291846E+3,0.0000000E+0
11238928,29/9/2021,5:26:53 AM,-3.1092348E+1,-1.4776096E+1,3.8291846E+3,0.0000000E+0
11238929,29/9/2021,5:26:53 AM,-2.9044348E+1,-1.6504139E+1,3.8291846E+3,0.0000000E+0
11238930,29/9/2021,5:26:53 AM,-2.6863361E+1,-1.8389036E+1,3.8291846E+3,0.0000000E+0
11238931,29/9/2021,5:26:53 AM,-2.3325909E+1,-2.0085176E+1,3.8309702E+3,0.0000000E+0
11238932,29/9/2021,5:26:53 AM,-1.9385015E+1,-2.2253275E+1,3.8291846E+3,0.0000000E+0
11238933,29/9/2021,5:26:53 AM,-1.5877928E+1,-2.3973335E+1,3.8291846E+3,0.0000000E+0
11238934,29/9/2021,5:26:53 AM,-1.2215611E+1,-2.5451511E+1,3.8291846E+3,0.0000000E+0
11238935,29/9/2021,5:26:53 AM,-9.5951624E+0,-2.6526550E+1,3.8291846E+3,0.0000000E+0
11238936,29/9/2021,5:26:54 AM,-7.0036526E+0,-2.7090944E+1,3.8309702E+3,0.0000000E+0
11238937,29/9/2021,5:26:54 AM,-6.2827659E+0,-2.6311541E+1,3.8291846E+3,0.0000000E+0
11238938,29/9/2021,5:26:54 AM,-6.6458402E+0,-2.5693394E+1,3.8309702E+3,0.0000000E+0
11238939,29/9/2021,5:26:54 AM,-6.0828118E+0,-2.5397762E+1,3.8291846E+3,0.0000000E+0
11238940,29/9/2021,5:26:54 AM,-7.1983442E+0,-2.4053963E+1,3.8291846E+3,0.0000000E+0
11238941,29/9/2021,5:26:54 AM,-7.1562490E+0,-2.2763918E+1,3.8309702E+3,0.0000000E+0
11238942,29/9/2021,5:26:54 AM,-8.7874527E+0,-2.1635130E+1,3.8291846E+3,0.0000000E+0
11238943,29/9/2021,5:26:54 AM,-8.5743446E+0,-2.1231991E+1,3.8300774E+3,0.0000000E+0
11238944,29/9/2021,5:26:54 AM,-7.2272854E+0,-2.0882603E+1,3.8309702E+3,0.0000000E+0
11238945,29/9/2021,5:26:54 AM,-5.7092137E+0,-2.0297857E+1,3.8309702E+3,0.0000000E+0
11238946,29/9/2021,5:26:55 AM,-4.1942596E+0,-1.9500299E+1,3.8309702E+3,0.0000000E+0
11238947,29/9/2021,5:26:55 AM,-4.2996311E+0,-1.9311544E+1,3.8309702E+3,0.0000000E+0
11238948,29/9/2021,5:26:55 AM,-3.4574518E+0,-1.9691713E+1,3.8309702E+3,0.0000000E+0
11238949,29/9/2021,5:26:55 AM,-2.8775127E+0,-1.9332813E+1,3.8318628E+3,0.0000000E+0
11238950,29/9/2021,5:26:55 AM,-4.0738354E+0,-1.7894548E+1,3.8327556E+3,0.0000000E+0
11238951,29/9/2021,5:26:55 AM,-4.4715528E+0,-1.7519697E+1,3.8327556E+3,0.0000000E+0
11238952,29/9/2021,5:26:55 AM,-7.4298701E+0,-1.7378796E+1,3.8309702E+3,0.0000000E+0
11238953,29/9/2021,5:26:55 AM,-1.1394748E+1,-1.6264872E+1,3.8309702E+3,0.0000000E+0
11238954,29/9/2021,5:26:55 AM,-1.5207029E+1,-1.5762411E+1,3.8309702E+3,0.0000000E+0
11238955,29/9/2021,5:26:55 AM,-1.8737795E+1,-1.4858511E+1,3.8327556E+3,0.0000000E+0
11238956,29/9/2021,5:26:56 AM,-2.3006741E+1,-1.5547069E+1,3.8291846E+3,0.0000000E+0
11238957,29/9/2021,5:26:56 AM,-2.8086840E+1,-1.6453627E+1,3.8291846E+3,0.0000000E+0
11238958,29/9/2021,5:26:56 AM,-3.1411514E+1,-1.7772257E+1,3.8282915E+3,0.0000000E+0
11238959,29/9/2021,5:26:56 AM,-3.4842579E+1,-1.8987206E+1,3.8282915E+3,0.0000000E+0
11238960,29/9/2021,5:26:56 AM,-3.7449123E+1,-1.9779446E+1,3.8282915E+3,0.0000000E+0
11238961,29/9/2021,5:26:56 AM,-3.9124756E+1,-2.1581377E+1,3.8273987E+3,0.0000000E+0
11238962,29/9/2021,5:26:56 AM,-4.1651508E+1,-2.2602663E+1,3.8273987E+3,0.0000000E+0
11238963,29/9/2021,5:26:56 AM,-4.3486729E+1,-2.3220810E+1,3.8256133E+3,0.0000000E+0
11238964,29/9/2021,5:26:56 AM,-4.5162365E+1,-2.4134590E+1,3.8265059E+3,0.0000000E+0
11238965,29/9/2021,5:26:56 AM,-4.4976185E+1,-2.4215219E+1,3.8273987E+3,0.0000000E+0
11238966,29/9/2021,5:26:57 AM,-4.4657013E+1,-2.4161469E+1,3.8273987E+3,0.0000000E+0
11238967,29/9/2021,5:26:57 AM,-4.4976185E+1,-2.4457102E+1,3.8265059E+3,0.0000000E+0
11238968,29/9/2021,5:26:57 AM,-4.2156860E+1,-2.5102125E+1,3.8273987E+3,0.0000000E+0
11238969,29/9/2021,5:26:57 AM,-4.0188652E+1,-2.5236506E+1,3.8265059E+3,0.0000000E+0
11238970,29/9/2021,5:26:57 AM,-3.8167252E+1,-2.4618359E+1,3.8291846E+3,0.0000000E+0
11238971,29/9/2021,5:26:57 AM,-3.4470215E+1,-2.5290257E+1,3.8273987E+3,0.0000000E+0
11238972,29/9/2021,5:26:57 AM,-3.2076450E+1,-2.6123411E+1,3.8273987E+3,0.0000000E+0
11238973,29/9/2021,5:26:57 AM,-2.8538996E+1,-2.6741558E+1,3.8273987E+3,0.0000000E+0
11238974,29/9/2021,5:26:57 AM,-2.6623985E+1,-2.5908403E+1,3.8273987E+3,0.0000000E+0
11238975,29/9/2021,5:26:57 AM,-2.4895155E+1,-2.4994621E+1,3.8273987E+3,0.0000000E+0
11238976,29/9/2021,5:26:58 AM,-2.1224716E+1,-2.4483978E+1,3.8291846E+3,0.0000000E+0
11238977,29/9/2021,5:26:58 AM,-1.8185293E+1,-2.3247684E+1,3.8291846E+3,0.0000000E+0
11238978,29/9/2021,5:26:58 AM,-1.6191013E+1,-2.1527624E+1,3.8291846E+3,0.0000000E+0
11238979,29/9/2021,5:26:58 AM,-1.4223045E+1,-2.1473873E+1,3.8291846E+3,0.0000000E+0
11238980,29/9/2021,5:26:58 AM,-9.6451502E+0,-2.0560091E+1,3.8309702E+3,0.0000000E+0
11238981,29/9/2021,5:26:58 AM,-4.5777168E+0,-1.8942009E+1,3.8318628E+3,0.0000000E+0
11238982,29/9/2021,5:26:58 AM,-1.7120882E+0,-1.7152821E+1,3.8318628E+3,0.0000000E+0
11238983,29/9/2021,5:26:58 AM,1.5694803E+0,-1.6796577E+1,3.8327556E+3,0.0000000E+0
11238984,29/9/2021,5:26:58 AM,5.2558970E+0,-1.6583895E+1,3.8309702E+3,0.0000000E+0
11238985,29/9/2021,5:26:58 AM,8.9558353E+0,-1.6408432E+1,3.8327556E+3,0.0000000E+0
11238986,29/9/2021,5:26:59 AM,1.3010167E+1,-1.5246656E+1,3.8345413E+3,0.0000000E+0
11238987,29/9/2021,5:26:59 AM,1.5175458E+1,-1.5127022E+1,3.8345413E+3,0.0000000E+0
11238988,29/9/2021,5:26:59 AM,1.6756674E+1,-1.5677337E+1,3.8327556E+3,0.0000000E+0
11238989,29/9/2021,5:26:59 AM,1.7698561E+1,-1.5041949E+1,3.8345413E+3,0.0000000E+0
11238990,29/9/2021,5:26:59 AM,1.7540703E+1,-1.5509850E+1,3.8327556E+3,0.0000000E+0
11238991,29/9/2021,5:26:59 AM,1.7690668E+1,-1.5613533E+1,3.8327556E+3,0.0000000E+0
11238992,29/9/2021,5:26:59 AM,1.7585430E+1,-1.4419853E+1,3.8345413E+3,0.0000000E+0
11238993,29/9/2021,5:26:59 AM,1.3844185E+1,-1.4079562E+1,3.8327556E+3,0.0000000E+0
11238994,29/9/2021,5:26:59 AM,1.0860661E+1,-1.3922709E+1,3.8327556E+3,0.0000000E+0
11238995,29/9/2021,5:26:59 AM,8.0244703E+0,-1.3125151E+1,3.8309702E+3,0.0000000E+0
11238996,29/9/2021,5:27:00 AM,3.8607156E+0,-1.0737793E+1,3.8327556E+3,0.0000000E+0
11238997,29/9/2021,5:27:00 AM,1.5354128E+0,-9.3686514E+0,3.8336484E+3,0.0000000E+0
11238998,29/9/2021,5:27:00 AM,-1.9687827E+0,-9.1160908E+0,3.8309702E+3,0.0000000E+0
11238999,29/9/2021,5:27:00 AM,-4.7131944E+0,-7.3003168E+0,3.8327556E+3,0.0000000E+0
11239000,29/9/2021,5:27:00 AM,-6.3011827E+0,-6.2395639E+0,3.8327556E+3,0.0000000E+0
11239001,29/9/2021,5:27:00 AM,-9.0137167E+0,-5.6227856E+0,3.8345413E+3,0.0000000E+0
11239002,29/9/2021,5:27:00 AM,-1.0742267E+1,-6.5665631E+0,3.8309702E+3,0.0000000E+0
11239003,29/9/2021,5:27:00 AM,-1.2631306E+1,-7.6432667E+0,3.8327556E+3,0.0000000E+0
11239004,29/9/2021,5:27:00 AM,-1.4496666E+1,-9.5361385E+0,3.8309702E+3,0.0000000E+0
11239005,29/9/2021,5:27:00 AM,-1.6285728E+1,-1.0751085E+1,3.8327556E+3,0.0000000E+0
11239006,29/9/2021,5:27:01 AM,-1.9169277E+1,-1.1426352E+1,3.8318628E+3,0.0000000E+0
11239007,29/9/2021,5:27:01 AM,-2.2873755E+1,-1.2170739E+1,3.8309702E+3,0.0000000E+0
11239008,29/9/2021,5:27:01 AM,-2.6278219E+1,-1.4340098E+1,3.8300774E+3,0.0000000E+0
11239009,29/9/2021,5:27:01 AM,-3.0400814E+1,-1.4911681E+1,3.8291846E+3,0.0000000E+0
11239010,29/9/2021,5:27:01 AM,-3.5241539E+1,-1.5757093E+1,3.8309702E+3,0.0000000E+0
11239011,29/9/2021,5:27:01 AM,-3.9390732E+1,-1.6812529E+1,3.8291846E+3,0.0000000E+0
11239012,29/9/2021,5:27:01 AM,-4.3380341E+1,-1.8349157E+1,3.8282915E+3,0.0000000E+0
11239013,29/9/2021,5:27:01 AM,-4.6492233E+1,-2.0909479E+1,3.8256133E+3,0.0000000E+0
11239014,29/9/2021,5:27:01 AM,-4.9338154E+1,-2.2199524E+1,3.8273987E+3,0.0000000E+0
11239015,29/9/2021,5:27:01 AM,-5.0747818E+1,-2.4564606E+1,3.8256133E+3,0.0000000E+0
11239016,29/9/2021,5:27:02 AM,-5.1359554E+1,-2.5962154E+1,3.8273987E+3,0.0000000E+0
11239017,29/9/2021,5:27:02 AM,-5.1120182E+1,-2.8434742E+1,3.8256133E+3,0.0000000E+0
11239018,29/9/2021,5:27:02 AM,-5.0322258E+1,-3.1202963E+1,3.8256133E+3,0.0000000E+0
11239019,29/9/2021,5:27:02 AM,-4.8646622E+1,-3.2842396E+1,3.8256133E+3,0.0000000E+0
11239020,29/9/2021,5:27:02 AM,-4.7024181E+1,-3.4804337E+1,3.8247205E+3,0.0000000E+0
11239021,29/9/2021,5:27:02 AM,-4.4869793E+1,-3.5019348E+1,3.8256133E+3,0.0000000E+0
11239022,29/9/2021,5:27:02 AM,-4.2954781E+1,-3.5744999E+1,3.8256133E+3,0.0000000E+0
11239023,29/9/2021,5:27:02 AM,-4.1305744E+1,-3.6470646E+1,3.8256133E+3,0.0000000E+0
11239024,29/9/2021,5:27:02 AM,-3.8566212E+1,-3.5556866E+1,3.8273987E+3,0.0000000E+0
11239025,29/9/2021,5:27:02 AM,-3.7741695E+1,-3.5180603E+1,3.8273987E+3,0.0000000E+0
11239026,29/9/2021,5:27:03 AM,-3.8193848E+1,-3.4589329E+1,3.8256133E+3,0.0000000E+0
11239027,29/9/2021,5:27:03 AM,-3.7741695E+1,-3.3460541E+1,3.8273987E+3,0.0000000E+0
11239028,29/9/2021,5:27:03 AM,-3.7528912E+1,-3.2815517E+1,3.8256133E+3,0.0000000E+0
11239029,29/9/2021,5:27:03 AM,-3.5667095E+1,-3.3030529E+1,3.8273987E+3,0.0000000E+0
11239030,29/9/2021,5:27:03 AM,-3.4762783E+1,-3.3675549E+1,3.8238276E+3,0.0000000E+0
11239031,29/9/2021,5:27:03 AM,-3.2342426E+1,-3.2708015E+1,3.8265059E+3,0.0000000E+0
11239032,29/9/2021,5:27:03 AM,-2.8432610E+1,-3.1364218E+1,3.8282915E+3,0.0000000E+0
11239033,29/9/2021,5:27:03 AM,-2.4177027E+1,-3.2304878E+1,3.8273987E+3,0.0000000E+0
11239034,29/9/2021,5:27:03 AM,-1.7451250E+1,-3.3702423E+1,3.8273987E+3,0.0000000E+0
11239035,29/9/2021,5:27:03 AM,-1.0923804E+1,-3.3487419E+1,3.8265059E+3,0.0000000E+0
11239036,29/9/2021,5:27:04 AM,-5.0918980E+0,-3.2815517E+1,3.8291846E+3,0.0000000E+0
11239037,29/9/2021,5:27:04 AM,2.4401815E+0,-3.2493008E+1,3.8309702E+3,0.0000000E+0
11239038,29/9/2021,5:27:04 AM,9.8135328E+0,-3.2116745E+1,3.8309702E+3,0.0000000E+0
11239039,29/9/2021,5:27:04 AM,1.5001813E+1,-3.0692320E+1,3.8309702E+3,0.0000000E+0
11239040,29/9/2021,5:27:04 AM,1.8695702E+1,-2.8595997E+1,3.8309702E+3,0.0000000E+0
11239041,29/9/2021,5:27:04 AM,2.0506586E+1,-2.6553427E+1,3.8327556E+3,0.0000000E+0
11239042,29/9/2021,5:27:04 AM,2.1118326E+1,-2.3167057E+1,3.8327556E+3,0.0000000E+0
11239043,29/9/2021,5:27:04 AM,2.0586378E+1,-2.0050615E+1,3.8345413E+3,0.0000000E+0
11239044,29/9/2021,5:27:04 AM,1.9290300E+1,-1.6738091E+1,3.8345413E+3,0.0000000E+0
11239045,29/9/2021,5:27:04 AM,1.7127642E+1,-1.3744588E+1,3.8327556E+3,0.0000000E+0
11239046,29/9/2021,5:27:05 AM,1.3520576E+1,-1.0557013E+1,3.8327556E+3,0.0000000E+0
11239047,29/9/2021,5:27:05 AM,1.1289510E+1,-7.2551212E+0,3.8336484E+3,0.0000000E+0
11239048,29/9/2021,5:27:05 AM,1.0221334E+1,-4.4543376E+0,3.8345413E+3,0.0000000E+0
11239049,29/9/2021,5:27:05 AM,7.8376713E+0,-2.2295706E+0,3.8327556E+3,0.0000000E+0
11239050,29/9/2021,5:27:05 AM,6.7063522E+0,-2.2503513E-1,3.8345413E+3,0.0000000E+0
11239051,29/9/2021,5:27:05 AM,5.6250224E+0,1.2312673E+0,3.8327556E+3,0.0000000E+0
11239052,29/9/2021,5:27:05 AM,4.5079975E+0,2.8195860E+0,3.8327556E+3,0.0000000E+0
11239053,29/9/2021,5:27:05 AM,5.3171983E+0,5.1780477E+0,3.8363269E+3,0.0000000E+0
11239054,29/9/2021,5:27:05 AM,3.3504958E+0,7.4598284E+0,3.8345413E+3,0.0000000E+0
11239055,29/9/2021,5:27:05 AM,4.2535180E-1,9.4856262E+0,3.8363269E+3,0.0000000E+0
11239056,29/9/2021,5:27:06 AM,-2.2856894E+0,1.1601814E+1,3.8363269E+3,0.0000000E+0
11239057,29/9/2021,5:27:06 AM,-6.1748958E+0,1.4659121E+1,3.8363269E+3,0.0000000E+0
11239058,29/9/2021,5:27:06 AM,-9.8451042E+0,1.7259161E+1,3.8381123E+3,0.0000000E+0
11239059,29/9/2021,5:27:06 AM,-1.3239061E+1,1.8077988E+1,3.8381123E+3,0.0000000E+0
11239060,29/9/2021,5:27:06 AM,-1.7643311E+1,1.7918476E+1,3.8363269E+3,0.0000000E+0
11239061,29/9/2021,5:27:06 AM,-2.2527988E+1,1.6371212E+1,3.8345413E+3,0.0000000E+0
11239062,29/9/2021,5:27:06 AM,-2.6304815E+1,1.4629877E+1,3.8363269E+3,0.0000000E+0
11239063,29/9/2021,5:27:06 AM,-3.0773176E+1,1.1710814E+1,3.8327556E+3,0.0000000E+0
11239064,29/9/2021,5:27:06 AM,-3.3565903E+1,6.7101240E+0,3.8318628E+3,0.0000000E+0
11239065,29/9/2021,5:27:06 AM,-3.5959667E+1,2.8227885E+0,3.8318628E+3,0.0000000E+0
11239066,29/9/2021,5:27:07 AM,-3.8619408E+1,-2.4577312E+0,3.8291846E+3,0.0000000E+0
11239067,29/9/2021,5:27:07 AM,-4.0667404E+1,-7.7735343E+0,3.8291846E+3,0.0000000E+0
11239068,29/9/2021,5:27:07 AM,-4.0667404E+1,-1.2832713E+1,3.8282915E+3,0.0000000E+0
11239069,29/9/2021,5:27:07 AM,-4.0720600E+1,-1.8205597E+1,3.8256133E+3,0.0000000E+0
11239070,29/9/2021,5:27:07 AM,-3.9656704E+1,-2.2763918E+1,3.8291846E+3,0.0000000E+0
11239071,29/9/2021,5:27:07 AM,-3.9098160E+1,-2.7252199E+1,3.8273987E+3,0.0000000E+0
11239072,29/9/2021,5:27:07 AM,-3.9018368E+1,-3.1901735E+1,3.8256133E+3,0.0000000E+0
11239073,29/9/2021,5:27:07 AM,-3.7129955E+1,-3.6900661E+1,3.8256133E+3,0.0000000E+0
11239074,29/9/2021,5:27:07 AM,-3.5214939E+1,-4.0421410E+1,3.8273987E+3,0.0000000E+0
11239075,29/9/2021,5:27:07 AM,-3.3193539E+1,-4.3243382E+1,3.8273987E+3,0.0000000E+0
11239076,29/9/2021,5:27:08 AM,-3.1172140E+1,-4.8511066E+1,3.8256133E+3,0.0000000E+0
11239077,29/9/2021,5:27:08 AM,-2.7768461E+1,-5.3484631E+1,3.8256133E+3,0.0000000E+0
11239078,29/9/2021,5:27:08 AM,-2.4895861E+1,-5.7865536E+1,3.8238276E+3,0.0000000E+0
11239079,29/9/2021,5:27:08 AM,-2.1278515E+1,-6.3617149E+1,3.8220420E+3,0.0000000E+0
11239080,29/9/2021,5:27:08 AM,-1.8069494E+1,-6.7809914E+1,3.8220420E+3,0.0000000E+0
11239081,29/9/2021,5:27:08 AM,-1.4999155E+1,-7.1223251E+1,3.8229348E+3,0.0000000E+0
11239082,29/9/2021,5:27:08 AM,-1.3204833E+1,-7.3480896E+1,3.8202566E+3,0.0000000E+0
11239083,29/9/2021,5:27:08 AM,-1.2136660E+1,-7.4717224E+1,3.8202566E+3,0.0000000E+0
11239084,29/9/2021,5:27:08 AM,-1.0355494E+1,-7.3695908E+1,3.8211492E+3,0.0000000E+0
11239085,29/9/2021,5:27:08 AM,-9.6477633E+0,-6.9718155E+1,3.8238276E+3,0.0000000E+0
11239086,29/9/2021,5:27:09 AM,-1.1297381E+1,-6.6009178E+1,3.8220420E+3,0.0000000E+0
11239087,29/9/2021,5:27:09 AM,-1.1473656E+1,-6.1036983E+1,3.8238276E+3,0.0000000E+0
11239088,29/9/2021,5:27:09 AM,-1.2184017E+1,-5.3296494E+1,3.8273987E+3,0.0000000E+0
11239089,29/9/2021,5:27:09 AM,-1.4062530E+1,-4.7007347E+1,3.8256133E+3,0.0000000E+0
11239090,29/9/2021,5:27:09 AM,-1.5349073E+1,-4.1363239E+1,3.8273987E+3,0.0000000E+0
11239091,29/9/2021,5:27:09 AM,-1.6096268E+1,-3.4536560E+1,3.8273987E+3,0.0000000E+0
11239092,29/9/2021,5:27:09 AM,-1.6709284E+1,-2.8086151E+1,3.8291846E+3,0.0000000E+0
11239093,29/9/2021,5:27:09 AM,-1.7911636E+1,-2.1797005E+1,3.8309702E+3,0.0000000E+0
11239094,29/9/2021,5:27:09 AM,-1.8745653E+1,-1.6549303E+1,3.8300774E+3,0.0000000E+0
11239095,29/9/2021,5:27:09 AM,-2.0374178E+1,-9.5946083E+0,3.8318628E+3,0.0000000E+0
11239096,29/9/2021,5:27:10 AM,-2.3512758E+1,-2.6226366E+0,3.8318628E+3,0.0000000E+0
11239097,29/9/2021,5:27:10 AM,-2.5055450E+1,2.6914847E+0,3.8327556E+3,0.0000000E+0
11239098,29/9/2021,5:27:10 AM,-2.7715263E+1,8.8555393E+0,3.8336484E+3,0.0000000E+0
11239099,29/9/2021,5:27:10 AM,-3.0587864E+1,1.4986092E+1,3.8354341E+3,0.0000000E+0
11239100,29/9/2021,5:27:10 AM,-3.2928501E+1,2.1313223E+1,3.8363269E+3,0.0000000E+0
11239101,29/9/2021,5:27:10 AM,-3.5801098E+1,2.6634809E+1,3.8363269E+3,0.0000000E+0
11239102,29/9/2021,5:27:10 AM,-3.8833286E+1,3.0316916E+1,3.8363269E+3,0.0000000E+0
11239103,29/9/2021,5:27:10 AM,-3.9338654E+1,3.2843327E+1,3.8381123E+3,0.0000000E+0
11239104,29/9/2021,5:27:10 AM,-3.9046074E+1,3.3542122E+1,3.8381123E+3,0.0000000E+0
11239105,29/9/2021,5:27:10 AM,-3.7609772E+1,3.2816448E+1,3.8381123E+3,0.0000000E+0
11239106,29/9/2021,5:27:11 AM,-3.4311604E+1,3.0585684E+1,3.8390051E+3,0.0000000E+0
11239107,29/9/2021,5:27:11 AM,-3.0907043E+1,2.5828508E+1,3.8345413E+3,0.0000000E+0
11239108,29/9/2021,5:27:11 AM,-2.5879992E+1,1.9574701E+1,3.8336484E+3,0.0000000E+0
11239109,29/9/2021,5:27:11 AM,-1.8806166E+1,1.4401217E+1,3.8363269E+3,0.0000000E+0
11239110,29/9/2021,5:27:11 AM,-1.3086440E+1,8.7438803E+0,3.8327556E+3,0.0000000E+0
11239111,29/9/2021,5:27:11 AM,-6.7615900E+0,1.5610932E+0,3.8345413E+3,0.0000000E+0
11239112,29/9/2021,5:27:11 AM,-7.8077102E-1,-4.9578719E+0,3.8309702E+3,0.0000000E+0
11239113,29/9/2021,5:27:11 AM,3.4043560E+0,-1.0086434E+1,3.8327556E+3,0.0000000E+0
11239114,29/9/2021,5:27:11 AM,7.6455956E+0,-1.5453992E+1,3.8327556E+3,0.0000000E+0
11239115,29/9/2021,5:27:11 AM,1.0513352E+1,-2.0775688E+1,3.8318628E+3,0.0000000E+0
11239116,29/9/2021,5:27:12 AM,1.0287089E+1,-2.4538425E+1,3.8309702E+3,0.0000000E+0
11239117,29/9/2021,5:27:12 AM,1.0889581E+1,-2.7924891E+1,3.8318628E+3,0.0000000E+0
11239118,29/9/2021,5:27:12 AM,1.3023296E+1,-3.1391983E+1,3.8327556E+3,0.0000000E+0
11239119,29/9/2021,5:27:12 AM,1.3854683E+1,-3.6310421E+1,3.8273987E+3,0.0000000E+0
11239120,29/9/2021,5:27:12 AM,1.4525579E+1,-3.9616253E+1,3.8309702E+3,0.0000000E+0
11239121,29/9/2021,5:27:12 AM,1.5593753E+1,-4.2545815E+1,3.8291846E+3,0.0000000E+0
11239122,29/9/2021,5:27:12 AM,1.5020202E+1,-4.6201046E+1,3.8282915E+3,0.0000000E+0
11239123,29/9/2021,5:27:12 AM,1.5788445E+1,-4.9426250E+1,3.8282915E+3,0.0000000E+0
11239124,29/9/2021,5:27:12 AM,1.6606676E+1,-5.2624577E+1,3.8265059E+3,0.0000000E+0
11239125,29/9/2021,5:27:12 AM,1.6835571E+1,-5.5150986E+1,3.8256133E+3,0.0000000E+0
11239126,29/9/2021,5:27:13 AM,1.7424908E+1,-5.6252934E+1,3.8256133E+3,0.0000000E+0
11239127,29/9/2021,5:27:13 AM,1.5241203E+1,-5.5607895E+1,3.8256133E+3,0.0000000E+0
11239128,29/9/2021,5:27:13 AM,1.1797265E+1,-5.3350246E+1,3.8256133E+3,0.0000000E+0
11239129,29/9/2021,5:27:13 AM,9.5583105E+0,-5.0904472E+1,3.8273987E+3,0.0000000E+0
11239130,29/9/2021,5:27:13 AM,4.9468927E+0,-4.6147293E+1,3.8273987E+3,0.0000000E+0
11239131,29/9/2021,5:27:13 AM,-1.7106248E+0,-4.0691322E+1,3.8256133E+3,0.0000000E+0
11239132,29/9/2021,5:27:13 AM,-8.1402187E+0,-3.4321545E+1,3.8309702E+3,0.0000000E+0
11239133,29/9/2021,5:27:13 AM,-1.6017340E+1,-2.7199221E+1,3.8309702E+3,0.0000000E+0
11239134,29/9/2021,5:27:13 AM,-2.4523487E+1,-2.2119522E+1,3.8291846E+3,0.0000000E+0
11239135,29/9/2021,5:27:13 AM,-3.2609322E+1,-1.7081009E+1,3.8291846E+3,0.0000000E+0
11239136,29/9/2021,5:27:14 AM,-3.9604633E+1,-1.2253131E+1,3.8291846E+3,0.0000000E+0
11239137,29/9/2021,5:27:14 AM,-4.6546749E+1,-7.6379356E+0,3.8309702E+3,0.0000000E+0
11239138,29/9/2021,5:27:14 AM,-5.4100620E+1,-3.0733521E+0,3.8309702E+3,0.0000000E+0
11239139,29/9/2021,5:27:14 AM,-5.9925613E+1,-1.0190465E+0,3.8309702E+3,0.0000000E+0
11239140,29/9/2021,5:27:14 AM,-6.4739876E+1,9.7027946E-1,3.8282915E+3,0.0000000E+0
11239141,29/9/2021,5:27:14 AM,-6.7905052E+1,2.3128195E+0,3.8300774E+3,0.0000000E+0
11239142,29/9/2021,5:27:14 AM,-6.9926521E+1,2.7163022E+0,3.8282915E+3,0.0000000E+0
11239143,29/9/2021,5:27:14 AM,-7.1229828E+1,3.2959080E+0,3.8309702E+3,0.0000000E+0
11239144,29/9/2021,5:27:14 AM,-7.2479935E+1,2.9188440E+0,3.8282915E+3,0.0000000E+0
11239145,29/9/2021,5:27:14 AM,-7.0458481E+1,7.8548175E-1,3.8291846E+3,0.0000000E+0
11239146,29/9/2021,5:27:15 AM,-6.5963394E+1,-1.5578988E+0,3.8291846E+3,0.0000000E+0
11239147,29/9/2021,5:27:15 AM,-6.1308720E+1,-4.8674088E+0,3.8273987E+3,0.0000000E+0
11239148,29/9/2021,5:27:15 AM,-5.6654041E+1,-7.3561320E+0,3.8291846E+3,0.0000000E+0
11239149,29/9/2021,5:27:15 AM,-5.0031109E+1,-1.0618139E+1,3.8273987E+3,0.0000000E+0
11239150,29/9/2021,5:27:15 AM,-4.4871067E+1,-1.3885464E+1,3.8273987E+3,0.0000000E+0
11239151,29/9/2021,5:27:15 AM,-3.8434319E+1,-1.6817814E+1,3.8291846E+3,0.0000000E+0
11239152,29/9/2021,5:27:15 AM,-3.2290146E+1,-1.9766115E+1,3.8282915E+3,0.0000000E+0
11239153,29/9/2021,5:27:15 AM,-2.7183302E+1,-2.1635742E+1,3.8291846E+3,0.0000000E+0
11239154,29/9/2021,5:27:15 AM,-2.0959337E+1,-2.3382729E+1,3.8291846E+3,0.0000000E+0
11239155,29/9/2021,5:27:15 AM,-1.5054405E+1,-2.4887823E+1,3.8291846E+3,0.0000000E+0
11239156,29/9/2021,5:27:16 AM,-1.0694889E+1,-2.6124151E+1,3.8309702E+3,0.0000000E+0
11239157,29/9/2021,5:27:16 AM,-4.5792828E+0,-2.8274288E+1,3.8291846E+3,0.0000000E+0
11239158,29/9/2021,5:27:16 AM,9.7708517E-1,-2.9537495E+1,3.8309702E+3,0.0000000E+0
11239159,29/9/2021,5:27:16 AM,7.1878076E+0,-3.1499491E+1,3.8309702E+3,0.0000000E+0
11239160,29/9/2021,5:27:16 AM,1.4294054E+1,-3.5020340E+1,3.8327556E+3,0.0000000E+0
11239161,29/9/2021,5:27:16 AM,2.1704084E+1,-3.8702446E+1,3.8291846E+3,0.0000000E+0
11239162,29/9/2021,5:27:16 AM,2.7449284E+1,-4.1175106E+1,3.8309702E+3,0.0000000E+0
11239163,29/9/2021,5:27:16 AM,3.3300877E+1,-4.4265923E+1,3.8300774E+3,0.0000000E+0
11239164,29/9/2021,5:27:16 AM,3.8939682E+1,-4.7034225E+1,3.8291846E+3,0.0000000E+0
11239165,29/9/2021,5:27:16 AM,4.3487965E+1,-4.7706142E+1,3.8291846E+3,0.0000000E+0
11239166,29/9/2021,5:27:17 AM,4.5775402E+1,-4.6577320E+1,3.8309702E+3,0.0000000E+0
11239167,29/9/2021,5:27:17 AM,4.6626545E+1,-4.4212170E+1,3.8327556E+3,0.0000000E+0
11239168,29/9/2021,5:27:17 AM,4.4764675E+1,-4.1121349E+1,3.8291846E+3,0.0000000E+0
11239169,29/9/2021,5:27:17 AM,4.0854748E+1,-3.6659817E+1,3.8318628E+3,0.0000000E+0
11239170,29/9/2021,5:27:17 AM,3.5348930E+1,-3.1176971E+1,3.8327556E+3,0.0000000E+0
11239171,29/9/2021,5:27:17 AM,2.6651339E+1,-2.5667248E+1,3.8309702E+3,0.0000000E+0
11239172,29/9/2021,5:27:17 AM,1.7398598E+1,-1.8782461E+1,3.8327556E+3,0.0000000E+0
11239173,29/9/2021,5:27:17 AM,1.0481780E+1,-1.1086040E+1,3.8363269E+3,0.0000000E+0
11239174,29/9/2021,5:27:17 AM,2.0963290E+0,-4.5671983E+0,3.8345413E+3,0.0000000E+0
11239175,29/9/2021,5:27:17 AM,-7.5982389E+0,4.2713568E-1,3.8318628E+3,0.0000000E+0
11239176,29/9/2021,5:27:18 AM,-1.3907303E+1,4.4254994E+0,3.8336484E+3,0.0000000E+0
11239177,29/9/2021,5:27:18 AM,-2.0071663E+1,1.0447994E+1,3.8363269E+3,0.0000000E+0
11239178,29/9/2021,5:27:18 AM,-2.7236498E+1,1.5347651E+1,3.8381123E+3,0.0000000E+0
11239179,29/9/2021,5:27:18 AM,-3.3221081E+1,1.6828449E+1,3.8363269E+3,0.0000000E+0
11239180,29/9/2021,5:27:18 AM,-3.9099270E+1,1.7955662E+1,3.8345413E+3,0.0000000E+0
11239181,29/9/2021,5:27:18 AM,-4.5855198E+1,1.8208221E+1,3.8345413E+3,0.0000000E+0
11239182,29/9/2021,5:27:18 AM,-5.1148228E+1,1.7594103E+1,3.8345413E+3,0.0000000E+0
11239183,29/9/2021,5:27:18 AM,-5.6361462E+1,1.5959111E+1,3.8345413E+3,0.0000000E+0
11239184,29/9/2021,5:27:18 AM,-6.3250381E+1,1.1814474E+1,3.8291846E+3,0.0000000E+0
11239185,29/9/2021,5:27:18 AM,-6.8809395E+1,8.1935663E+0,3.8291846E+3,0.0000000E+0
11239186,29/9/2021,5:27:19 AM,-7.4341812E+1,5.3170452E+0,3.8291846E+3,0.0000000E+0
11239187,29/9/2021,5:27:19 AM,-7.8544312E+1,1.2632847E+0,3.8273987E+3,0.0000000E+0
11239188,29/9/2021,5:27:19 AM,-8.0299797E+1,-3.0725517E+0,3.8273987E+3,0.0000000E+0
11239189,29/9/2021,5:27:19 AM,-8.0884949E+1,-8.0048113E+0,3.8256133E+3,0.0000000E+0
11239190,29/9/2021,5:27:19 AM,-8.0459381E+1,-1.3024102E+1,3.8238276E+3,0.0000000E+0
11239191,29/9/2021,5:27:19 AM,-7.8092148E+1,-1.8511292E+1,3.8238276E+3,0.0000000E+0
11239192,29/9/2021,5:27:19 AM,-7.3224686E+1,-2.2280785E+1,3.8256133E+3,0.0000000E+0
11239193,29/9/2021,5:27:19 AM,-6.7213509E+1,-2.6527304E+1,3.8256133E+3,0.0000000E+0
11239194,29/9/2021,5:27:19 AM,-5.9021278E+1,-3.2601437E+1,3.8256133E+3,0.0000000E+0
11239195,29/9/2021,5:27:19 AM,-5.1706787E+1,-3.6122284E+1,3.8256133E+3,0.0000000E+0
11239196,29/9/2021,5:27:20 AM,-4.6200974E+1,-3.9320610E+1,3.8238276E+3,0.0000000E+0
11239197,29/9/2021,5:27:20 AM,-4.0189793E+1,-4.3809021E+1,3.8238276E+3,0.0000000E+0
11239198,29/9/2021,5:27:20 AM,-3.2875305E+1,-4.6227924E+1,3.8273987E+3,0.0000000E+0
11239199,29/9/2021,5:27:20 AM,-2.3299973E+1,-4.9480003E+1,3.8282915E+3,0.0000000E+0
11239200,29/9/2021,5:27:20 AM,-1.7019737E+1,-5.3538383E+1,3.8256133E+3,0.0000000E+0
11239201,29/9/2021,5:27:20 AM,-1.2507627E+1,-5.8806221E+1,3.8211492E+3,0.0000000E+0
11239202,29/9/2021,5:27:20 AM,-5.2297306E+0,-6.2407696E+1,3.8229348E+3,0.0000000E+0
11239203,29/9/2021,5:27:20 AM,3.4099019E+0,-6.4557831E+1,3.8238276E+3,0.0000000E+0
11239204,29/9/2021,5:27:20 AM,1.1376310E+1,-6.6062927E+1,3.8238276E+3,0.0000000E+0
11239205,29/9/2021,5:27:20 AM,1.8532545E+1,-6.7030487E+1,3.8256133E+3,0.0000000E+0
11239206,29/9/2021,5:27:21 AM,2.5055450E+1,-6.6949860E+1,3.8238276E+3,0.0000000E+0
11239207,29/9/2021,5:27:21 AM,3.1226219E+1,-6.5068489E+1,3.8273987E+3,0.0000000E+0
11239208,29/9/2021,5:27:21 AM,3.6439453E+1,-6.2246437E+1,3.8256133E+3,0.0000000E+0
11239209,29/9/2021,5:27:21 AM,4.1759083E+1,-5.8268684E+1,3.8291846E+3,0.0000000E+0
11239210,29/9/2021,5:27:21 AM,4.5216843E+1,-5.2570824E+1,3.8309702E+3,0.0000000E+0
11239211,29/9/2021,5:27:21 AM,4.4605083E+1,-4.7061100E+1,3.8309702E+3,0.0000000E+0
11239212,29/9/2021,5:27:21 AM,4.4152916E+1,-4.1121349E+1,3.8327556E+3,0.0000000E+0
11239213,29/9/2021,5:27:21 AM,4.1812279E+1,-3.3891518E+1,3.8309702E+3,0.0000000E+0
11239214,29/9/2021,5:27:21 AM,3.7849159E+1,-2.6554180E+1,3.8336484E+3,0.0000000E+0
11239215,29/9/2021,5:27:21 AM,3.3779640E+1,-1.8524586E+1,3.8363269E+3,0.0000000E+0
11239216,29/9/2021,5:27:22 AM,2.7023712E+1,-1.0865382E+1,3.8354341E+3,0.0000000E+0
11239217,29/9/2021,5:27:22 AM,1.8424675E+1,-3.7882528E+0,3.8354341E+3,0.0000000E+0
11239218,29/9/2021,5:27:22 AM,1.1865670E+1,2.0958676E+0,3.8363269E+3,0.0000000E+0
11239219,29/9/2021,5:27:22 AM,5.3277125E+0,8.5285406E+0,3.8336484E+3,0.0000000E+0
11239220,29/9/2021,5:27:22 AM,-1.2063823E+0,1.4807971E+1,3.8372195E+3,0.0000000E+0
11239221,29/9/2021,5:27:22 AM,-7.6271791E+0,2.0779013E+1,3.8363269E+3,0.0000000E+0
11239222,29/9/2021,5:27:22 AM,-1.4186185E+1,2.6258535E+1,3.8390051E+3,0.0000000E+0
11239223,29/9/2021,5:27:22 AM,-2.1198719E+1,3.0021275E+1,3.8345413E+3,0.0000000E+0
11239224,29/9/2021,5:27:22 AM,-2.5906590E+1,3.3945271E+1,3.8390051E+3,0.0000000E+0
11239225,29/9/2021,5:27:22 AM,-2.9178164E+1,3.7251102E+1,3.8398979E+3,0.0000000E+0
11239226,29/9/2021,5:27:23 AM,-3.2662521E+1,3.8621819E+1,3.8345413E+3,0.0000000E+0
11239227,29/9/2021,5:27:23 AM,-3.5269138E+1,4.0986965E+1,3.8434690E+3,0.0000000E+0
11239228,29/9/2021,5:27:23 AM,-3.7343792E+1,4.0771950E+1,3.8398979E+3,0.0000000E+0
11239229,29/9/2021,5:27:23 AM,-4.0163197E+1,3.6928585E+1,3.8354341E+3,0.0000000E+0
11239230,29/9/2021,5:27:23 AM,-4.1519699E+1,3.1848890E+1,3.8327556E+3,0.0000000E+0
11239231,29/9/2021,5:27:23 AM,-4.2823009E+1,2.9644999E+1,3.8363269E+3,0.0000000E+0
11239232,29/9/2021,5:27:23 AM,-4.3248577E+1,2.6366041E+1,3.8390051E+3,0.0000000E+0
11239233,29/9/2021,5:27:23 AM,-4.2902805E+1,1.9433800E+1,3.8327556E+3,0.0000000E+0
11239234,29/9/2021,5:27:23 AM,-4.3913532E+1,1.1607109E+1,3.8291846E+3,0.0000000E+0
11239235,29/9/2021,5:27:23 AM,-4.2078259E+1,5.1291919E+0,3.8309702E+3,0.0000000E+0
11239236,29/9/2021,5:27:24 AM,-3.8939682E+1,-5.5085039E-1,3.8318628E+3,0.0000000E+0
11239237,29/9/2021,5:27:24 AM,-3.5960690E+1,-6.6808672E+0,3.8327556E+3,0.0000000E+0
11239238,29/9/2021,5:27:24 AM,-3.3620052E+1,-1.3167663E+1,3.8309702E+3,0.0000000E+0
11239239,29/9/2021,5:27:24 AM,-3.0747454E+1,-2.1071333E+1,3.8256133E+3,0.0000000E+0
11239240,29/9/2021,5:27:24 AM,-2.7289694E+1,-2.7844259E+1,3.8273987E+3,0.0000000E+0
11239241,29/9/2021,5:27:24 AM,-2.4523487E+1,-3.3784012E+1,3.8282915E+3,0.0000000E+0
11239242,29/9/2021,5:27:24 AM,-2.1491299E+1,-3.9132473E+1,3.8291846E+3,0.0000000E+0
11239243,29/9/2021,5:27:24 AM,-1.8445723E+1,-4.5367870E+1,3.8282915E+3,0.0000000E+0
11239244,29/9/2021,5:27:24 AM,-1.7101299E+1,-5.2355808E+1,3.8265059E+3,0.0000000E+0
11239245,29/9/2021,5:27:24 AM,-1.5670052E+1,-5.9693150E+1,3.8238276E+3,0.0000000E+0
11239246,29/9/2021,5:27:25 AM,-1.3744182E+1,-6.7353004E+1,3.8220420E+3,0.0000000E+0
11239247,29/9/2021,5:27:25 AM,-1.4820249E+1,-7.0631966E+1,3.8247205E+3,0.0000000E+0
11239248,29/9/2021,5:27:25 AM,-1.6325163E+1,-7.4985992E+1,3.8211492E+3,0.0000000E+0
11239249,29/9/2021,5:27:25 AM,-1.5748981E+1,-7.9232506E+1,3.8229348E+3,0.0000000E+0
11239250,29/9/2021,5:27:25 AM,-1.8892988E+1,-8.2377083E+1,3.8166853E+3,0.0000000E+0
11239251,29/9/2021,5:27:25 AM,-2.3246777E+1,-8.5010994E+1,3.8148999E+3,0.0000000E+0
11239252,29/9/2021,5:27:25 AM,-2.4363899E+1,-8.3962807E+1,3.8184709E+3,0.0000000E+0
11239253,29/9/2021,5:27:25 AM,-2.7741861E+1,-7.9823799E+1,3.8184709E+3,0.0000000E+0
11239254,29/9/2021,5:27:25 AM,-3.0720854E+1,-7.5523529E+1,3.8211492E+3,0.0000000E+0
11239255,29/9/2021,5:27:25 AM,-3.1439005E+1,-7.0363197E+1,3.8202566E+3,0.0000000E+0
11239256,29/9/2021,5:27:26 AM,-3.3433865E+1,-6.5364128E+1,3.8202566E+3,0.0000000E+0
11239257,29/9/2021,5:27:26 AM,-3.4125416E+1,-5.8940605E+1,3.8238276E+3,0.0000000E+0
11239258,29/9/2021,5:27:26 AM,-3.4870167E+1,-5.2140793E+1,3.8265059E+3,0.0000000E+0
11239259,29/9/2021,5:27:26 AM,-3.4923363E+1,-4.6469814E+1,3.8256133E+3,0.0000000E+0
11239260,29/9/2021,5:27:26 AM,-3.6492653E+1,-4.0798828E+1,3.8282915E+3,0.0000000E+0
11239261,29/9/2021,5:27:26 AM,-3.7636372E+1,-3.7492996E+1,3.8220420E+3,0.0000000E+0
11239262,29/9/2021,5:27:26 AM,-3.7104408E+1,-3.2977711E+1,3.8273987E+3,0.0000000E+0
11239263,29/9/2021,5:27:26 AM,-3.7317196E+1,-2.6258535E+1,3.8273987E+3,0.0000000E+0
11239264,29/9/2021,5:27:26 AM,-3.7849159E+1,-1.8822340E+1,3.8300774E+3,0.0000000E+0
11239265,29/9/2021,5:27:26 AM,-3.8780090E+1,-1.3728611E+1,3.8291846E+3,0.0000000E+0
11239266,29/9/2021,5:27:27 AM,-3.9046074E+1,-9.3952188E+0,3.8256133E+3,0.0000000E+0
11239267,29/9/2021,5:27:27 AM,-3.5960690E+1,-3.3551493E+0,3.8309702E+3,0.0000000E+0
11239268,29/9/2021,5:27:27 AM,-3.2449734E+1,2.4040835E+0,3.8291846E+3,0.0000000E+0
11239269,29/9/2021,5:27:27 AM,-2.8539808E+1,9.4989014E+0,3.8363269E+3,0.0000000E+0
11239270,29/9/2021,5:27:27 AM,-2.4204309E+1,1.5677308E+1,3.8354341E+3,0.0000000E+0
11239271,29/9/2021,5:27:27 AM,-1.8606213E+1,1.7798809E+1,3.8336484E+3,0.0000000E+0
11239272,29/9/2021,5:27:27 AM,-1.0521245E+1,2.0444038E+1,3.8363269E+3,0.0000000E+0
11239273,29/9/2021,5:27:27 AM,-3.6127212E+0,2.4887823E+1,3.8390051E+3,0.0000000E+0
11239274,29/9/2021,5:27:27 AM,3.5255723E+0,2.7602371E+1,3.8416836E+3,0.0000000E+0
11239275,29/9/2021,5:27:27 AM,1.0173958E+1,2.8946207E+1,3.8416836E+3,0.0000000E+0
11239276,29/9/2021,5:27:28 AM,1.6062065E+1,2.9080587E+1,3.8425762E+3,0.0000000E+0
11239277,29/9/2021,5:27:28 AM,2.1597691E+1,2.7790508E+1,3.8398979E+3,0.0000000E+0
11239278,29/9/2021,5:27:28 AM,2.5933187E+1,2.6097273E+1,3.8434690E+3,0.0000000E+0
11239279,29/9/2021,5:27:28 AM,2.7928051E+1,2.4753439E+1,3.8407908E+3,0.0000000E+0
11239280,29/9/2021,5:27:28 AM,2.7954649E+1,2.2764565E+1,3.8398979E+3,0.0000000E+0
11239281,29/9/2021,5:27:28 AM,2.7103506E+1,2.0191479E+1,3.8398979E+3,0.0000000E+0
11239282,29/9/2021,5:27:28 AM,2.4097918E+1,1.5355627E+1,3.8345413E+3,0.0000000E+0
11239283,29/9/2021,5:27:28 AM,2.1650888E+1,1.1604451E+1,3.8381123E+3,0.0000000E+0
11239284,29/9/2021,5:27:28 AM,1.9840137E+1,1.0142263E+1,3.8372195E+3,0.0000000E+0
11239285,29/9/2021,5:27:28 AM,1.5125442E+1,6.8962073E+0,3.8363269E+3,0.0000000E+0
11239286,29/9/2021,5:27:29 AM,1.2252422E+1,1.9781853E+0,3.8327556E+3,0.0000000E+0
11239287,29/9/2021,5:27:29 AM,1.1786741E+1,-3.6081266E+0,3.8327556E+3,0.0000000E+0
11239288,29/9/2021,5:27:29 AM,1.2507627E+1,-9.0363188E+0,3.8327556E+3,0.0000000E+0
11239289,29/9/2021,5:27:29 AM,1.3315334E+1,-1.2513666E+1,3.8336484E+3,0.0000000E+0
11239290,29/9/2021,5:27:29 AM,1.2923320E+1,-1.7168739E+1,3.8327556E+3,0.0000000E+0
11239291,29/9/2021,5:27:29 AM,1.3594216E+1,-2.1313223E+1,3.8336484E+3,0.0000000E+0
11239292,29/9/2021,5:27:29 AM,1.3352168E+1,-2.5586617E+1,3.8318628E+3,0.0000000E+0
11239293,29/9/2021,5:27:29 AM,1.1010606E+1,-3.0558807E+1,3.8291846E+3,0.0000000E+0
11239294,29/9/2021,5:27:29 AM,9.1978674E+0,-3.4670944E+1,3.8309702E+3,0.0000000E+0
11239295,29/9/2021,5:27:29 AM,5.2066879E+0,-3.6525436E+1,3.8309702E+3,0.0000000E+0
11239296,29/9/2021,5:27:30 AM,-1.9331226E+0,-3.8675571E+1,3.8309702E+3,0.0000000E+0
11239297,29/9/2021,5:27:30 AM,-9.6135607E+0,-4.2303925E+1,3.8265059E+3,0.0000000E+0
11239298,29/9/2021,5:27:30 AM,-1.7211800E+1,-4.5260361E+1,3.8256133E+3,0.0000000E+0
11239299,29/9/2021,5:27:30 AM,-2.5108648E+1,-4.7921154E+1,3.8229348E+3,0.0000000E+0
11239300,29/9/2021,5:27:30 AM,-3.4338203E+1,-4.8566196E+1,3.8238276E+3,0.0000000E+0
11239301,29/9/2021,5:27:30 AM,-4.2929401E+1,-4.7491127E+1,3.8238276E+3,0.0000000E+0
11239302,29/9/2021,5:27:30 AM,-5.0962040E+1,-4.8431812E+1,3.8202566E+3,0.0000000E+0
11239303,29/9/2021,5:27:30 AM,-5.6068886E+1,-4.9936909E+1,3.8184709E+3,0.0000000E+0
11239304,29/9/2021,5:27:30 AM,-5.8968082E+1,-5.0393810E+1,3.8184709E+3,0.0000000E+0
11239305,29/9/2021,5:27:30 AM,-6.2319447E+1,-4.7786770E+1,3.8202566E+3,0.0000000E+0
11239306,29/9/2021,5:27:31 AM,-6.3516361E+1,-4.4722828E+1,3.8229348E+3,0.0000000E+0
11239307,29/9/2021,5:27:31 AM,-6.2931206E+1,-4.2115788E+1,3.8238276E+3,0.0000000E+0
11239308,29/9/2021,5:27:31 AM,-6.0750160E+1,-4.0180664E+1,3.8238276E+3,0.0000000E+0
11239309,29/9/2021,5:27:31 AM,-5.8090343E+1,-3.8836830E+1,3.8238276E+3,0.0000000E+0
11239310,29/9/2021,5:27:31 AM,-5.6015690E+1,-3.6149158E+1,3.8238276E+3,0.0000000E+0
11239311,29/9/2021,5:27:31 AM,-5.3754848E+1,-3.1123219E+1,3.8309702E+3,0.0000000E+0
11239312,29/9/2021,5:27:31 AM,-5.2690922E+1,-2.8381796E+1,3.8273987E+3,0.0000000E+0
11239313,29/9/2021,5:27:31 AM,-5.3010098E+1,-2.6796068E+1,3.8273987E+3,0.0000000E+0
11239314,29/9/2021,5:27:31 AM,-5.3728249E+1,-2.5505987E+1,3.8256133E+3,0.0000000E+0
11239315,29/9/2021,5:27:31 AM,-5.3382473E+1,-2.3060207E+1,3.8273987E+3,0.0000000E+0
11239316,29/9/2021,5:27:32 AM,-5.3169685E+1,-1.9577360E+1,3.8309702E+3,0.0000000E+0
11239317,29/9/2021,5:27:32 AM,-5.4100620E+1,-1.8482050E+1,3.8265059E+3,0.0000000E+0
11239318,29/9/2021,5:27:32 AM,-5.3808044E+1,-1.7867929E+1,3.8256133E+3,0.0000000E+0
11239319,29/9/2021,5:27:32 AM,-5.0509869E+1,-1.7822737E+1,3.8247205E+3,0.0000000E+0
11239320,29/9/2021,5:27:32 AM,-4.5615814E+1,-1.7123543E+1,3.8273987E+3,0.0000000E+0
11239321,29/9/2021,5:27:32 AM,-3.8274727E+1,-1.5889990E+1,3.8282915E+3,0.0000000E+0
11239322,29/9/2021,5:27:32 AM,-3.1598593E+1,-1.4885069E+1,3.8300774E+3,0.0000000E+0
11239323,29/9/2021,5:27:32 AM,-2.3938328E+1,-1.5100409E+1,3.8291846E+3,0.0000000E+0
11239324,29/9/2021,5:27:32 AM,-1.5835803E+1,-1.5903282E+1,3.8291846E+3,0.0000000E+0
11239325,29/9/2021,5:27:32 AM,-7.0036392E+0,-1.5379553E+1,3.8318628E+3,0.0000000E+0
11239326,29/9/2021,5:27:33 AM,1.9553062E+0,-1.2277058E+1,3.8363269E+3,0.0000000E+0
11239327,29/9/2021,5:27:33 AM,6.7300186E+0,-1.1040844E+1,3.8363269E+3,0.0000000E+0
11239328,29/9/2021,5:27:33 AM,1.1934075E+1,-1.1434305E+1,3.8345413E+3,0.0000000E+0
11239329,29/9/2021,5:27:33 AM,1.5370121E+1,-1.0485213E+1,3.8381123E+3,0.0000000E+0
11239330,29/9/2021,5:27:33 AM,1.6593521E+1,-1.0604847E+1,3.8345413E+3,0.0000000E+0
11239331,29/9/2021,5:27:33 AM,1.8916668E+1,-1.1601792E+1,3.8381123E+3,0.0000000E+0
11239332,29/9/2021,5:27:33 AM,2.0066401E+1,-1.2830030E+1,3.8363269E+3,0.0000000E+0
11239333,29/9/2021,5:27:33 AM,1.9524422E+1,-1.4834556E+1,3.8345413E+3,0.0000000E+0
11239334,29/9/2021,5:27:33 AM,1.7977411E+1,-1.8072638E+1,3.8327556E+3,0.0000000E+0
11239335,29/9/2021,5:27:33 AM,1.7943209E+1,-2.2388290E+1,3.8300774E+3,0.0000000E+0
11239336,29/9/2021,5:27:34 AM,1.7761673E+1,-2.4753439E+1,3.8300774E+3,0.0000000E+0
11239337,29/9/2021,5:27:34 AM,1.6280437E+1,-2.5962893E+1,3.8309702E+3,0.0000000E+0
11239338,29/9/2021,5:27:34 AM,1.4412449E+1,-2.6957329E+1,3.8300774E+3,0.0000000E+0
11239339,29/9/2021,5:27:34 AM,1.0681734E+1,-2.8113028E+1,3.8256133E+3,0.0000000E+0
11239340,29/9/2021,5:27:34 AM,8.1007538E+0,-2.7763632E+1,3.8273987E+3,0.0000000E+0
11239341,29/9/2021,5:27:34 AM,5.2672000E+0,-2.4834070E+1,3.8291846E+3,0.0000000E+0
11239342,29/9/2021,5:27:34 AM,1.3056500E+0,-2.0453167E+1,3.8309702E+3,0.0000000E+0
11239343,29/9/2021,5:27:34 AM,-3.5596395E+0,-1.6315353E+1,3.8318628E+3,0.0000000E+0
11239344,29/9/2021,5:27:34 AM,-8.5164471E+0,-1.2638617E+1,3.8327556E+3,0.0000000E+0
11239345,29/9/2021,5:27:34 AM,-1.2086672E+1,-9.8258991E+0,3.8318628E+3,0.0000000E+0
11239346,29/9/2021,5:27:35 AM,-1.4217756E+1,-6.6542821E+0,3.8327556E+3,0.0000000E+0
11239347,29/9/2021,5:27:35 AM,-1.7972149E+1,-3.5400791E+0,3.8345413E+3,0.0000000E+0
11239348,29/9/2021,5:27:35 AM,-2.1996664E+1,-1.8797164E+0,3.8345413E+3,0.0000000E+0
11239349,29/9/2021,5:27:35 AM,-2.6544945E+1,-1.0137140E+0,3.8327556E+3,0.0000000E+0
11239350,29/9/2021,5:27:35 AM,-2.9843117E+1,-1.2240824E+0,3.8318628E+3,0.0000000E+0
11239351,29/9/2021,5:27:35 AM,-3.3088089E+1,-1.5610983E+0,3.8309702E+3,0.0000000E+0
11239352,29/9/2021,5:27:35 AM,-3.5641510E+1,-2.4897435E+0,3.8309702E+3,0.0000000E+0
11239353,29/9/2021,5:27:35 AM,-3.9312054E+1,-3.3727620E+0,3.8291846E+3,0.0000000E+0
11239354,29/9/2021,5:27:35 AM,-4.2530430E+1,-4.4046845E+0,3.8273987E+3,0.0000000E+0
11239355,29/9/2021,5:27:35 AM,-4.5270039E+1,-5.1780262E+0,3.8282915E+3,0.0000000E+0
11239356,29/9/2021,5:27:36 AM,-4.5083851E+1,-5.7211409E+0,3.8282915E+3,0.0000000E+0
11239357,29/9/2021,5:27:36 AM,-4.4764675E+1,-6.3645029E+0,3.8273987E+3,0.0000000E+0
11239358,29/9/2021,5:27:36 AM,-4.3115589E+1,-7.6086917E+0,3.8291846E+3,0.0000000E+0
11239359,29/9/2021,5:27:36 AM,-4.1599495E+1,-8.0181046E+0,3.8291846E+3,0.0000000E+0
11239360,29/9/2021,5:27:36 AM,-3.8726894E+1,-8.3371267E+0,3.8300774E+3,0.0000000E+0
11239361,29/9/2021,5:27:36 AM,-3.3593452E+1,-1.0150239E+1,3.8309702E+3,0.0000000E+0
11239362,29/9/2021,5:27:36 AM,-2.6411955E+1,-1.2404667E+1,3.8327556E+3,0.0000000E+0
11239363,29/9/2021,5:27:36 AM,-2.0507168E+1,-1.5403481E+1,3.8318628E+3,0.0000000E+0
11239364,29/9/2021,5:27:36 AM,-1.4467698E+1,-1.8918047E+1,3.8309702E+3,0.0000000E+0
11239365,29/9/2021,5:27:36 AM,-9.8398237E+0,-2.2119522E+1,3.8327556E+3,0.0000000E+0
11239366,29/9/2021,5:27:37 AM,-4.6680160E+0,-2.7037960E+1,3.8309702E+3,0.0000000E+0
11239367,29/9/2021,5:27:37 AM,2.0028419E+0,-3.2655190E+1,3.8309702E+3,0.0000000E+0
11239368,29/9/2021,5:27:37 AM,5.4724154E+0,-3.7412365E+1,3.8291846E+3,0.0000000E+0
11239369,29/9/2021,5:27:37 AM,7.2404270E+0,-4.2115788E+1,3.8273987E+3,0.0000000E+0
11239370,29/9/2021,5:27:37 AM,8.2717667E+0,-4.4561569E+1,3.8282915E+3,0.0000000E+0
11239371,29/9/2021,5:27:37 AM,7.9665742E+0,-4.7302990E+1,3.8256133E+3,0.0000000E+0
11239372,29/9/2021,5:27:37 AM,9.2662725E+0,-4.8243675E+1,3.8282915E+3,0.0000000E+0
11239373,29/9/2021,5:27:37 AM,9.3820353E+0,-4.9130608E+1,3.8265059E+3,0.0000000E+0
11239374,29/9/2021,5:27:37 AM,7.8481808E+0,-4.9103729E+1,3.8247205E+3,0.0000000E+0
11239375,29/9/2021,5:27:37 AM,6.5984707E+0,-4.6980473E+1,3.8273987E+3,0.0000000E+0
11239376,29/9/2021,5:27:38 AM,5.8275962E+0,-4.5206608E+1,3.8273987E+3,0.0000000E+0
11239377,29/9/2021,5:27:38 AM,5.2360692E+0,-4.2438309E+1,3.8282915E+3,0.0000000E+0
11239378,29/9/2021,5:27:38 AM,5.3671770E+0,-3.9293736E+1,3.8309702E+3,0.0000000E+0
11239379,29/9/2021,5:27:38 AM,3.2039132E+0,-3.7116722E+1,3.8291846E+3,0.0000000E+0
11239380,29/9/2021,5:27:38 AM,1.8332975E+0,-3.5154724E+1,3.8291846E+3,0.0000000E+0
11239381,29/9/2021,5:27:38 AM,-2.6386313E-3,-3.0881327E+1,3.8318628E+3,0.0000000E+0
11239382,29/9/2021,5:27:38 AM,-3.8321781E+0,-2.6984207E+1,3.8309702E+3,0.0000000E+0
11239383,29/9/2021,5:27:38 AM,-7.9455266E+0,-2.4189030E+1,3.8309702E+3,0.0000000E+0
11239384,29/9/2021,5:27:38 AM,-1.1702550E+1,-2.1340099E+1,3.8309702E+3,0.0000000E+0
11239385,29/9/2021,5:27:38 AM,-1.7759041E+1,-1.6958715E+1,3.8291846E+3,0.0000000E+0
11239386,29/9/2021,5:27:39 AM,-2.4390497E+1,-1.2978907E+1,3.8309702E+3,0.0000000E+0
11239387,29/9/2021,5:27:39 AM,-3.1040031E+1,-9.1293659E+0,3.8309702E+3,0.0000000E+0
11239388,29/9/2021,5:27:39 AM,-3.7875755E+1,-4.5904145E+0,3.8309702E+3,0.0000000E+0
11239389,29/9/2021,5:27:39 AM,-4.5323235E+1,-8.1641042E-1,3.8309702E+3,0.0000000E+0
11239390,29/9/2021,5:27:39 AM,-5.1254623E+1,2.1775248E+0,3.8309702E+3,0.0000000E+0
11239391,29/9/2021,5:27:39 AM,-5.5882698E+1,4.2365665E+0,3.8300774E+3,0.0000000E+0
11239392,29/9/2021,5:27:39 AM,-5.9633038E+1,5.3701606E+0,3.8291846E+3,0.0000000E+0
11239393,29/9/2021,5:27:39 AM,-6.0829956E+1,7.3694248E+0,3.8327556E+3,0.0000000E+0
11239394,29/9/2021,5:27:39 AM,-6.1122528E+1,6.3538694E+0,3.8300774E+3,0.0000000E+0
11239395,29/9/2021,5:27:39 AM,-6.0377785E+1,4.5111589E+0,3.8291846E+3,0.0000000E+0
11239396,29/9/2021,5:27:40 AM,-5.6175282E+1,1.9837891E+0,3.8309702E+3,0.0000000E+0
11239397,29/9/2021,5:27:40 AM,-5.2079163E+1,-4.1007158E-1,3.8291846E+3,0.0000000E+0
11239398,29/9/2021,5:27:40 AM,-4.6732937E+1,-1.8468933E+0,3.8318628E+3,0.0000000E+0
11239399,29/9/2021,5:27:40 AM,-4.1094131E+1,-4.1044741E+0,3.8309702E+3,0.0000000E+0
11239400,29/9/2021,5:27:40 AM,-3.7131008E+1,-7.5688143E+0,3.8291846E+3,0.0000000E+0
11239401,29/9/2021,5:27:40 AM,-3.2103958E+1,-1.0580920E+1,3.8309702E+3,0.0000000E+0
11239402,29/9/2021,5:27:40 AM,-2.7502481E+1,-1.3377686E+1,3.8309702E+3,0.0000000E+0
11239403,29/9/2021,5:27:40 AM,-2.4576683E+1,-1.4802653E+1,3.8318628E+3,0.0000000E+0
11239404,29/9/2021,5:27:40 AM,-2.2049860E+1,-1.7360151E+1,3.8309702E+3,0.0000000E+0
11239405,29/9/2021,5:27:40 AM,-2.0427374E+1,-1.9994749E+1,3.8300774E+3,0.0000000E+0
11239406,29/9/2021,5:27:41 AM,-1.7806398E+1,-2.2630180E+1,3.8291846E+3,0.0000000E+0
11239407,29/9/2021,5:27:41 AM,-1.6530378E+1,-2.5156590E+1,3.8291846E+3,0.0000000E+0
11239408,29/9/2021,5:27:41 AM,-1.3996756E+1,-2.7763632E+1,3.8309702E+3,0.0000000E+0
11239409,29/9/2021,5:27:41 AM,-1.0468626E+1,-3.1257603E+1,3.8273987E+3,0.0000000E+0
11239410,29/9/2021,5:27:41 AM,-7.0036392E+0,-3.4832203E+1,3.8291846E+3,0.0000000E+0
11239411,29/9/2021,5:27:41 AM,-1.7104967E+0,-3.8406803E+1,3.8273987E+3,0.0000000E+0
11239412,29/9/2021,5:27:41 AM,2.0448318E+0,-4.1632008E+1,3.8265059E+3,0.0000000E+0
11239413,29/9/2021,5:27:41 AM,5.6986790E+0,-4.3378994E+1,3.8282915E+3,0.0000000E+0
11239414,29/9/2021,5:27:41 AM,9.2347012E+0,-4.3513378E+1,3.8291846E+3,0.0000000E+0
11239415,29/9/2021,5:27:41 AM,9.6372395E+0,-4.4292801E+1,3.8273987E+3,0.0000000E+0
11239416,29/9/2021,5:27:42 AM,1.1784110E+1,-4.4265923E+1,3.8282915E+3,0.0000000E+0
11239417,29/9/2021,5:27:42 AM,1.2583924E+1,-4.2733952E+1,3.8282915E+3,0.0000000E+0
11239418,29/9/2021,5:27:42 AM,1.1352631E+1,-3.9777515E+1,3.8309702E+3,0.0000000E+0
11239419,29/9/2021,5:27:42 AM,1.1163202E+1,-3.7385487E+1,3.8318628E+3,0.0000000E+0
11239420,29/9/2021,5:27:42 AM,9.0479021E+0,-3.5181599E+1,3.8291846E+3,0.0000000E+0
11239421,29/9/2021,5:27:42 AM,7.0325804E+0,-3.2144531E+1,3.8309702E+3,0.0000000E+0
11239422,29/9/2021,5:27:42 AM,4.3400187E+0,-2.9080587E+1,3.8291846E+3,0.0000000E+0
11239423,29/9/2021,5:27:42 AM,1.5908649E+0,-2.7226097E+1,3.8309702E+3,0.0000000E+0
11239424,29/9/2021,5:27:42 AM,5.6413937E-1,-2.5075960E+1,3.8291846E+3,0.0000000E+0
11239425,29/9/2021,5:27:42 AM,-2.9559348E+0,-2.2200153E+1,3.8309702E+3,0.0000000E+0
11239426,29/9/2021,5:27:43 AM,-5.8197036E+0,-2.0119699E+1,3.8300774E+3,0.0000000E+0
11239427,29/9/2021,5:27:43 AM,-8.2638741E+0,-1.7785517E+1,3.8291846E+3,0.0000000E+0
11239428,29/9/2021,5:27:43 AM,-1.0444947E+1,-1.4273608E+1,3.8309702E+3,0.0000000E+0
11239429,29/9/2021,5:27:43 AM,-1.3573170E+1,-1.1008943E+1,3.8309702E+3,0.0000000E+0
11239430,29/9/2021,5:27:43 AM,-1.6214661E+1,-8.7119789E+0,3.8309702E+3,0.0000000E+0
11239431,29/9/2021,5:27:43 AM,-1.8687773E+1,-6.2714548E+0,3.8309702E+3,0.0000000E+0
11239432,29/9/2021,5:27:43 AM,-2.1172121E+1,-3.1782255E+0,3.8327556E+3,0.0000000E+0
11239433,29/9/2021,5:27:43 AM,-2.3246777E+1,-6.2657231E-1,3.8327556E+3,0.0000000E+0
11239434,29/9/2021,5:27:43 AM,-2.4949059E+1,6.8496352E-1,3.8327556E+3,0.0000000E+0
11239435,29/9/2021,5:27:43 AM,-2.6544945E+1,1.5899134E+0,3.8327556E+3,0.0000000E+0
11239436,29/9/2021,5:27:44 AM,-2.6624741E+1,2.1086767E+0,3.8327556E+3,0.0000000E+0
11239437,29/9/2021,5:27:44 AM,-2.8140833E+1,1.8965281E+0,3.8327556E+3,0.0000000E+0
11239438,29/9/2021,5:27:44 AM,-2.7768461E+1,1.4834388E+0,3.8327556E+3,0.0000000E+0
11239439,29/9/2021,5:27:44 AM,-2.6411955E+1,2.1596748E-1,3.8327556E+3,0.0000000E+0
11239440,29/9/2021,5:27:44 AM,-2.4922459E+1,-1.2403466E+0,3.8309702E+3,0.0000000E+0
11239441,29/9/2021,5:27:44 AM,-2.5028852E+1,-2.0318229E+0,3.8327556E+3,0.0000000E+0
11239442,29/9/2021,5:27:44 AM,-2.5454422E+1,-2.1911345E+0,3.8309702E+3,0.0000000E+0
11239443,29/9/2021,5:27:44 AM,-2.5348028E+1,-2.0878620E+0,3.8327556E+3,0.0000000E+0
11239444,29/9/2021,5:27:44 AM,-2.5720406E+1,-3.0709505E+0,3.8318628E+3,0.0000000E+0
11239445,29/9/2021,5:27:44 AM,-2.5002254E+1,-5.4742336E+0,3.8309702E+3,0.0000000E+0
11239446,29/9/2021,5:27:45 AM,-2.4310701E+1,-7.6485696E+0,3.8318628E+3,0.0000000E+0
11239447,29/9/2021,5:27:45 AM,-2.5507618E+1,-9.1107569E+0,3.8300774E+3,0.0000000E+0
11239448,29/9/2021,5:27:45 AM,-2.5002254E+1,-1.0429384E+1,3.8327556E+3,0.0000000E+0
11239449,29/9/2021,5:27:45 AM,-2.2502028E+1,-1.4068902E+1,3.8291846E+3,0.0000000E+0
11239450,29/9/2021,5:27:45 AM,-2.0001802E+1,-1.8062002E+1,3.8291846E+3,0.0000000E+0
11239451,29/9/2021,5:27:45 AM,-1.7327562E+1,-2.1528234E+1,3.8291846E+3,0.0000000E+0
11239452,29/9/2021,5:27:45 AM,-1.5459574E+1,-2.4619057E+1,3.8282915E+3,0.0000000E+0
11239453,29/9/2021,5:27:45 AM,-1.3938873E+1,-2.7091713E+1,3.8309702E+3,0.0000000E+0
11239454,29/9/2021,5:27:45 AM,-1.1681502E+1,-3.0048151E+1,3.8291846E+3,0.0000000E+0
11239455,29/9/2021,5:27:45 AM,-9.3320475E+0,-3.3138969E+1,3.8291846E+3,0.0000000E+0
11239456,29/9/2021,5:27:46 AM,-9.5425243E+0,-3.5907272E+1,3.8273987E+3,0.0000000E+0
11239457,29/9/2021,5:27:46 AM,-8.9847593E+0,-3.7949898E+1,3.8273987E+3,0.0000000E+0
11239458,29/9/2021,5:27:46 AM,-9.2136536E+0,-3.8191792E+1,3.8282915E+3,0.0000000E+0
11239459,29/9/2021,5:27:46 AM,-1.1460501E+1,-3.8621819E+1,3.8273987E+3,0.0000000E+0
11239460,29/9/2021,5:27:46 AM,-1.1021130E+1,-4.0153786E+1,3.8282915E+3,0.0000000E+0
11239461,29/9/2021,5:27:46 AM,-1.0889581E+1,-4.0422554E+1,3.8273987E+3,0.0000000E+0
11239462,29/9/2021,5:27:46 AM,-1.2797033E+1,-3.9858147E+1,3.8273987E+3,0.0000000E+0
11239463,29/9/2021,5:27:46 AM,-1.3633681E+1,-3.8944336E+1,3.8273987E+3,0.0000000E+0
11239464,29/9/2021,5:27:46 AM,-1.4428235E+1,-3.8191792E+1,3.8273987E+3,0.0000000E+0
11239465,29/9/2021,5:27:46 AM,-1.5338550E+1,-3.7170475E+1,3.8273987E+3,0.0000000E+0
11239466,29/9/2021,5:27:47 AM,-1.6564581E+1,-3.5665379E+1,3.8282915E+3,0.0000000E+0
11239467,29/9/2021,5:27:47 AM,-1.7456480E+1,-3.4052780E+1,3.8282915E+3,0.0000000E+0
11239468,29/9/2021,5:27:47 AM,-1.8227354E+1,-3.2655190E+1,3.8291846E+3,0.0000000E+0
11239469,29/9/2021,5:27:47 AM,-2.0026937E+1,-3.0612562E+1,3.8291846E+3,0.0000000E+0
11239470,29/9/2021,5:27:47 AM,-2.0028402E+1,-2.9994396E+1,3.8282915E+3,0.0000000E+0
11239471,29/9/2021,5:27:47 AM,-2.0560364E+1,-2.8731192E+1,3.8282915E+3,0.0000000E+0
11239472,29/9/2021,5:27:47 AM,-2.1198719E+1,-2.6581057E+1,3.8291846E+3,0.0000000E+0
11239473,29/9/2021,5:27:47 AM,-2.1783878E+1,-2.3436481E+1,3.8291846E+3,0.0000000E+0
11239474,29/9/2021,5:27:47 AM,-2.4097918E+1,-2.0775688E+1,3.8291846E+3,0.0000000E+0
11239475,29/9/2021,5:27:47 AM,-2.5028852E+1,-1.9189217E+1,3.8291846E+3,0.0000000E+0
11239476,29/9/2021,5:27:48 AM,-2.5693808E+1,-1.7482445E+1,3.8300774E+3,0.0000000E+0
11239477,29/9/2021,5:27:48 AM,-2.7715263E+1,-1.4768093E+1,3.8291846E+3,0.0000000E+0
11239478,29/9/2021,5:27:48 AM,-2.9789921E+1,-1.2776860E+1,3.8309702E+3,0.0000000E+0
11239479,29/9/2021,5:27:48 AM,-3.0614462E+1,-1.1718768E+1,3.8291846E+3,0.0000000E+0
11239480,29/9/2021,5:27:48 AM,-3.1518801E+1,-9.9933863E+0,3.8300774E+3,0.0000000E+0
11239481,29/9/2021,5:27:48 AM,-3.1465603E+1,-8.0952015E+0,3.8309702E+3,0.0000000E+0
11239482,29/9/2021,5:27:48 AM,-3.0641060E+1,-7.8958120E+0,3.8309702E+3,0.0000000E+0
11239483,29/9/2021,5:27:48 AM,-2.9710127E+1,-7.2763762E+0,3.8309702E+3,0.0000000E+0
11239484,29/9/2021,5:27:48 AM,-2.8912180E+1,-6.5000877E+0,3.8309702E+3,0.0000000E+0
11239485,29/9/2021,5:27:48 AM,-2.8140833E+1,-6.3405762E+0,3.8318628E+3,0.0000000E+0
11239486,29/9/2021,5:27:49 AM,-2.6385357E+1,-7.4225950E+0,3.8318628E+3,0.0000000E+0
11239487,29/9/2021,5:27:49 AM,-2.4124516E+1,-8.3211756E+0,3.8309702E+3,0.0000000E+0
11239488,29/9/2021,5:27:49 AM,-2.2821205E+1,-9.0921478E+0,3.8318628E+3,0.0000000E+0
11239489,29/9/2021,5:27:49 AM,-2.0746550E+1,-1.0307093E+1,3.8309702E+3,0.0000000E+0
11239490,29/9/2021,5:27:49 AM,-1.8582535E+1,-1.2311618E+1,3.8309702E+3,0.0000000E+0
11239491,29/9/2021,5:27:49 AM,-1.6861879E+1,-1.4044974E+1,3.8291846E+3,0.0000000E+0
11239492,29/9/2021,5:27:49 AM,-1.5101763E+1,-1.5289163E+1,3.8309702E+3,0.0000000E+0
11239493,29/9/2021,5:27:49 AM,-1.4049375E+1,-1.7139496E+1,3.8291846E+3,0.0000000E+0
11239494,29/9/2021,5:27:49 AM,-1.2676009E+1,-1.7886539E+1,3.8300774E+3,0.0000000E+0
11239495,29/9/2021,5:27:49 AM,-1.2262946E+1,-1.7849321E+1,3.8309702E+3,0.0000000E+0
11239496,29/9/2021,5:27:50 AM,-1.2239268E+1,-1.8750559E+1,3.8300774E+3,0.0000000E+0
11239497,29/9/2021,5:27:50 AM,-1.1092166E+1,-1.9260996E+1,3.8309702E+3,0.0000000E+0
11239498,29/9/2021,5:27:50 AM,-9.7845736E+0,-1.9308849E+1,3.8291846E+3,0.0000000E+0
11239499,29/9/2021,5:27:50 AM,-8.7427101E+0,-1.8981852E+1,3.8300774E+3,0.0000000E+0
11239500,29/9/2021,5:27:50 AM,-7.2088547E+0,-1.8915388E+1,3.8309702E+3,0.0000000E+0
11239501,29/9/2021,5:27:50 AM,-5.5934401E+0,-1.9027046E+1,3.8309702E+3,0.0000000E+0
11239502,29/9/2021,5:27:50 AM,-2.9701955E+0,-1.9098827E+1,3.8309702E+3,0.0000000E+0
11239503,29/9/2021,5:27:50 AM,-1.2929294E+0,-1.9787384E+1,3.8309702E+3,0.0000000E+0
11239504,29/9/2021,5:27:50 AM,9.0030104E-1,-2.0151600E+1,3.8318628E+3,0.0000000E+0
11239505,29/9/2021,5:27:50 AM,1.8245826E+0,-1.9550776E+1,3.8309702E+3,0.0000000E+0
11239506,29/9/2021,5:27:51 AM,1.4950011E+0,-1.8867535E+1,3.8327556E+3,0.0000000E+0
11239507,29/9/2021,5:27:51 AM,1.5124308E+0,-1.8981852E+1,3.8318628E+3,0.0000000E+0
11239508,29/9/2021,5:27:51 AM,7.7127194E-1,-1.9473679E+1,3.8309702E+3,0.0000000E+0
11239509,29/9/2021,5:27:51 AM,-3.7494951E-1,-1.9300875E+1,3.8309702E+3,0.0000000E+0
11239510,29/9/2021,5:27:51 AM,-2.4655237E+0,-1.9037680E+1,3.8309702E+3,0.0000000E+0
11239511,29/9/2021,5:27:51 AM,-4.3740859E+0,-1.9080217E+1,3.8309702E+3,0.0000000E+0
11239512,29/9/2021,5:27:51 AM,-5.6223807E+0,-1.8769169E+1,3.8309702E+3,0.0000000E+0
11239513,29/9/2021,5:27:51 AM,-7.1115093E+0,-1.9268970E+1,3.8309702E+3,0.0000000E+0
11239514,29/9/2021,5:27:51 AM,-8.4743509E+0,-1.9763456E+1,3.8291846E+3,0.0000000E+0
11239515,29/9/2021,5:27:51 AM,-8.8584728E+0,-2.0103748E+1,3.8309702E+3,0.0000000E+0
11239516,29/9/2021,5:27:52 AM,-9.8924437E+0,-1.9383287E+1,3.8318628E+3,0.0000000E+0
11239517,29/9/2021,5:27:52 AM,-1.0463364E+1,-2.0480045E+1,3.8318628E+3,0.0000000E+0
11239518,29/9/2021,5:27:52 AM,-1.1076379E+1,-2.2737686E+1,3.8300774E+3,0.0000000E+0
11239519,29/9/2021,5:27:52 AM,-1.2686532E+1,-2.4296535E+1,3.8282915E+3,0.0000000E+0
11239520,29/9/2021,5:27:52 AM,-1.3594216E+1,-2.4108400E+1,3.8309702E+3,0.0000000E+0
11239521,29/9/2021,5:27:52 AM,-1.5228049E+1,-2.3785879E+1,3.8300774E+3,0.0000000E+0
11239522,29/9/2021,5:27:52 AM,-1.6953964E+1,-2.4377167E+1,3.8291846E+3,0.0000000E+0
11239523,29/9/2021,5:27:52 AM,-1.8124744E+1,-2.5425358E+1,3.8291846E+3,0.0000000E+0
11239524,29/9/2021,5:27:52 AM,-2.1039129E+1,-2.4377167E+1,3.8291846E+3,0.0000000E+0
11239525,29/9/2021,5:27:52 AM,-2.4177711E+1,-2.4592180E+1,3.8273987E+3,0.0000000E+0
11239526,29/9/2021,5:27:53 AM,-2.5401226E+1,-2.3893385E+1,3.8300774E+3,0.0000000E+0
11239527,29/9/2021,5:27:53 AM,-2.7183302E+1,-2.2361414E+1,3.8273987E+3,0.0000000E+0
11239528,29/9/2021,5:27:53 AM,-2.9284554E+1,-2.1151962E+1,3.8291846E+3,0.0000000E+0
11239529,29/9/2021,5:27:53 AM,-3.0667658E+1,-2.0990702E+1,3.8273987E+3,0.0000000E+0
11239530,29/9/2021,5:27:53 AM,-3.1571997E+1,-1.9000462E+1,3.8282915E+3,0.0000000E+0
11239531,29/9/2021,5:27:53 AM,-3.2476334E+1,-1.6599813E+1,3.8291846E+3,0.0000000E+0
11239532,29/9/2021,5:27:53 AM,-3.1917770E+1,-1.4895702E+1,3.8309702E+3,0.0000000E+0
11239533,29/9/2021,5:27:53 AM,-3.1571997E+1,-1.3587709E+1,3.8309702E+3,0.0000000E+0
11239534,29/9/2021,5:27:53 AM,-3.1093227E+1,-1.3311223E+1,3.8291846E+3,0.0000000E+0
11239535,29/9/2021,5:27:53 AM,-2.9550537E+1,-1.2558861E+1,3.8309702E+3,0.0000000E+0
11239536,29/9/2021,5:27:54 AM,-2.7236498E+1,-1.1987278E+1,3.8309702E+3,0.0000000E+0
11239537,29/9/2021,5:27:54 AM,-2.5135246E+1,-1.1798523E+1,3.8327556E+3,0.0000000E+0
11239538,29/9/2021,5:27:54 AM,-2.1491299E+1,-1.2928395E+1,3.8327556E+3,0.0000000E+0
11239539,29/9/2021,5:27:54 AM,-1.9450754E+1,-1.4746824E+1,3.8309702E+3,0.0000000E+0
11239540,29/9/2021,5:27:54 AM,-1.7193382E+1,-1.7817419E+1,3.8291846E+3,0.0000000E+0
11239541,29/9/2021,5:27:54 AM,-1.5935780E+1,-1.9292898E+1,3.8309702E+3,0.0000000E+0
11239542,29/9/2021,5:27:54 AM,-1.5791076E+1,-2.0372538E+1,3.8291846E+3,0.0000000E+0
11239543,29/9/2021,5:27:54 AM,-1.5798969E+1,-2.1340099E+1,3.8291846E+3,0.0000000E+0
11239544,29/9/2021,5:27:54 AM,-1.6540901E+1,-2.1958263E+1,3.8291846E+3,0.0000000E+0
11239545,29/9/2021,5:27:54 AM,-1.7922161E+1,-2.1904510E+1,3.8291846E+3,0.0000000E+0
11239546,29/9/2021,5:27:55 AM,-1.9342884E+1,-2.1151962E+1,3.8291846E+3,0.0000000E+0
11239547,29/9/2021,5:27:55 AM,-2.0666758E+1,-2.0883196E+1,3.8291846E+3,0.0000000E+0
11239548,29/9/2021,5:27:55 AM,-2.1251917E+1,-1.9768774E+1,3.8309702E+3,0.0000000E+0
11239549,29/9/2021,5:27:55 AM,-2.2901001E+1,-1.8668146E+1,3.8309702E+3,0.0000000E+0
11239550,29/9/2021,5:27:55 AM,-2.3645748E+1,-1.9393921E+1,3.8291846E+3,0.0000000E+0
11239551,29/9/2021,5:27:55 AM,-2.3299973E+1,-1.9766115E+1,3.8300774E+3,0.0000000E+0
11239552,29/9/2021,5:27:55 AM,-2.4177711E+1,-1.9986773E+1,3.8300774E+3,0.0000000E+0
11239553,29/9/2021,5:27:55 AM,-2.3964926E+1,-2.0856319E+1,3.8309702E+3,0.0000000E+0
11239554,29/9/2021,5:27:55 AM,-2.3645748E+1,-2.2253906E+1,3.8291846E+3,0.0000000E+0
11239555,29/9/2021,5:27:55 AM,-2.4709675E+1,-2.4027769E+1,3.8273987E+3,0.0000000E+0
11239556,29/9/2021,5:27:56 AM,-2.4470291E+1,-2.5425358E+1,3.8291846E+3,0.0000000E+0
11239557,29/9/2021,5:27:56 AM,-2.5108648E+1,-2.6151028E+1,3.8291846E+3,0.0000000E+0
11239558,29/9/2021,5:27:56 AM,-2.6677937E+1,-2.6849823E+1,3.8273987E+3,0.0000000E+0
11239559,29/9/2021,5:27:56 AM,-2.6199171E+1,-2.6957329E+1,3.8300774E+3,0.0000000E+0
11239560,29/9/2021,5:27:56 AM,-2.7715263E+1,-2.7387356E+1,3.8265059E+3,0.0000000E+0
11239561,29/9/2021,5:27:56 AM,-2.9470741E+1,-2.7898012E+1,3.8273987E+3,0.0000000E+0
11239562,29/9/2021,5:27:56 AM,-3.0188892E+1,-2.8193659E+1,3.8273987E+3,0.0000000E+0
11239563,29/9/2021,5:27:56 AM,-3.1412407E+1,-2.8247412E+1,3.8265059E+3,0.0000000E+0
11239564,29/9/2021,5:27:56 AM,-3.1518801E+1,-2.7763632E+1,3.8273987E+3,0.0000000E+0
11239565,29/9/2021,5:27:56 AM,-2.9869713E+1,-2.8220535E+1,3.8265059E+3,0.0000000E+0
11239566,29/9/2021,5:27:57 AM,-2.8566406E+1,-2.8435547E+1,3.8256133E+3,0.0000000E+0
11239567,29/9/2021,5:27:57 AM,-2.4284103E+1,-2.8784945E+1,3.8273987E+3,0.0000000E+0
11239568,29/9/2021,5:27:57 AM,-2.0932739E+1,-2.7709877E+1,3.8291846E+3,0.0000000E+0
11239569,29/9/2021,5:27:57 AM,-1.6688236E+1,-2.7414232E+1,3.8273987E+3,0.0000000E+0
11239570,29/9/2021,5:27:57 AM,-9.9476938E+0,-2.8113028E+1,3.8300774E+3,0.0000000E+0
11239571,29/9/2021,5:27:57 AM,-3.7901881E+0,-2.7279848E+1,3.8291846E+3,0.0000000E+0
11239572,29/9/2021,5:27:57 AM,1.9085624E+0,-2.6984207E+1,3.8291846E+3,0.0000000E+0
11239573,29/9/2021,5:27:57 AM,8.7769127E+0,-2.6769192E+1,3.8318628E+3,0.0000000E+0
11239574,29/9/2021,5:27:57 AM,1.3189048E+1,-2.4189030E+1,3.8327556E+3,0.0000000E+0
11239575,29/9/2021,5:27:57 AM,1.6275175E+1,-2.3705248E+1,3.8318628E+3,0.0000000E+0
11239576,29/9/2021,5:27:58 AM,1.9166609E+1,-2.2522675E+1,3.8327556E+3,0.0000000E+0
11239577,29/9/2021,5:27:58 AM,2.0985935E+1,-1.9965506E+1,3.8327556E+3,0.0000000E+0
11239578,29/9/2021,5:27:58 AM,2.0150593E+1,-1.6855032E+1,3.8327556E+3,0.0000000E+0
11239579,29/9/2021,5:27:58 AM,1.8645678E+1,-1.3638221E+1,3.8345413E+3,0.0000000E+0
11239580,29/9/2021,5:27:58 AM,1.6477760E+1,-1.1109966E+1,3.8327556E+3,0.0000000E+0
11239581,29/9/2021,5:27:58 AM,1.3702086E+1,-8.0207624E+0,3.8318628E+3,0.0000000E+0
11239582,29/9/2021,5:27:58 AM,1.1221083E+1,-4.2381678E+0,3.8363269E+3,0.0000000E+0
11239583,29/9/2021,5:27:58 AM,8.1770515E+0,-1.7868513E+0,3.8327556E+3,0.0000000E+0
11239584,29/9/2021,5:27:58 AM,4.4184532E+0,1.3521469E+0,3.8363269E+3,0.0000000E+0
11239585,29/9/2021,5:27:58 AM,4.0107194E-1,4.1388984E+0,3.8345413E+3,0.0000000E+0
11239586,29/9/2021,5:27:59 AM,-2.2674577E+0,6.2874060E+0,3.8354341E+3,0.0000000E+0
11239587,29/9/2021,5:27:59 AM,-3.4138632E+0,7.4305706E+0,3.8363269E+3,0.0000000E+0
11239588,29/9/2021,5:27:59 AM,-6.4037790E+0,8.3025656E+0,3.8345413E+3,0.0000000E+0
11239589,29/9/2021,5:27:59 AM,-9.3715115E+0,9.8179235E+0,3.8381123E+3,0.0000000E+0
11239590,29/9/2021,5:27:59 AM,-1.2339245E+1,1.0634090E+1,3.8363269E+3,0.0000000E+0
11239591,29/9/2021,5:27:59 AM,-1.5643741E+1,8.8449049E+0,3.8354341E+3,0.0000000E+0
11239592,29/9/2021,5:27:59 AM,-1.8001089E+1,5.3808498E+0,3.8327556E+3,0.0000000E+0
11239593,29/9/2021,5:27:59 AM,-2.1172121E+1,3.9387581E+0,3.8345413E+3,0.0000000E+0
11239594,29/9/2021,5:27:59 AM,-2.5188442E+1,2.3064151E+0,3.8345413E+3,0.0000000E+0
11239595,29/9/2021,5:27:59 AM,-2.9710127E+1,-1.2344809E+0,3.8318628E+3,0.0000000E+0
11239596,29/9/2021,5:28:00 AM,-3.4019024E+1,-4.4254994E+0,3.8309702E+3,0.0000000E+0
11239597,29/9/2021,5:28:00 AM,-3.8487514E+1,-7.8559346E+0,3.8309702E+3,0.0000000E+0
11239598,29/9/2021,5:28:00 AM,-4.3062393E+1,-1.1942083E+1,3.8273987E+3,0.0000000E+0
11239599,29/9/2021,5:28:00 AM,-4.6254169E+1,-1.5241310E+1,3.8291846E+3,0.0000000E+0
11239600,29/9/2021,5:28:00 AM,-5.0616264E+1,-1.8902096E+1,3.8265059E+3,0.0000000E+0
11239601,29/9/2021,5:28:00 AM,-5.3621857E+1,-2.2737686E+1,3.8256133E+3,0.0000000E+0
11239602,29/9/2021,5:28:00 AM,-5.4153816E+1,-2.7145468E+1,3.8265059E+3,0.0000000E+0
11239603,29/9/2021,5:28:00 AM,-5.4871971E+1,-3.2252041E+1,3.8220420E+3,0.0000000E+0
11239604,29/9/2021,5:28:00 AM,-5.3196285E+1,-3.5584747E+1,3.8273987E+3,0.0000000E+0
11239605,29/9/2021,5:28:00 AM,-5.2584530E+1,-3.8568062E+1,3.8220420E+3,0.0000000E+0
11239606,29/9/2021,5:28:01 AM,-5.0589664E+1,-4.1927650E+1,3.8238276E+3,0.0000000E+0
11239607,29/9/2021,5:28:01 AM,-4.6147778E+1,-4.6066662E+1,3.8238276E+3,0.0000000E+0
11239608,29/9/2021,5:28:01 AM,-4.3195381E+1,-5.0071289E+1,3.8220420E+3,0.0000000E+0
11239609,29/9/2021,5:28:01 AM,-3.8434319E+1,-5.2570824E+1,3.8238276E+3,0.0000000E+0
11239610,29/9/2021,5:28:01 AM,-3.3673248E+1,-5.4237183E+1,3.8256133E+3,0.0000000E+0
11239611,29/9/2021,5:28:01 AM,-3.0561264E+1,-5.6494823E+1,3.8238276E+3,0.0000000E+0
11239612,29/9/2021,5:28:01 AM,-2.5773602E+1,-5.8806221E+1,3.8238276E+3,0.0000000E+0
11239613,29/9/2021,5:28:01 AM,-2.3619150E+1,-6.1171368E+1,3.8202566E+3,0.0000000E+0
11239614,29/9/2021,5:28:01 AM,-2.0773149E+1,-6.1198246E+1,3.8220420E+3,0.0000000E+0
11239615,29/9/2021,5:28:01 AM,-1.6461973E+1,-5.8940605E+1,3.8273987E+3,0.0000000E+0
11239616,29/9/2021,5:28:02 AM,-1.6056803E+1,-5.7112984E+1,3.8247205E+3,0.0000000E+0
11239617,29/9/2021,5:28:02 AM,-1.5998923E+1,-5.5984165E+1,3.8220420E+3,0.0000000E+0
11239618,29/9/2021,5:28:02 AM,-1.3778384E+1,-5.4532822E+1,3.8220420E+3,0.0000000E+0
11239619,29/9/2021,5:28:02 AM,-1.2010374E+1,-5.0044415E+1,3.8256133E+3,0.0000000E+0
11239620,29/9/2021,5:28:02 AM,-8.2849216E+0,-4.5018471E+1,3.8273987E+3,0.0000000E+0
11239621,29/9/2021,5:28:02 AM,-6.3380046E+0,-4.0530064E+1,3.8273987E+3,0.0000000E+0
11239622,29/9/2021,5:28:02 AM,-4.9659071E+0,-3.6014774E+1,3.8282915E+3,0.0000000E+0
11239623,29/9/2021,5:28:02 AM,-1.1266956E+0,-3.1526367E+1,3.8273987E+3,0.0000000E+0
11239624,29/9/2021,5:28:02 AM,1.6510769E+0,-2.6204781E+1,3.8291846E+3,0.0000000E+0
11239625,29/9/2021,5:28:02 AM,4.5483842E+0,-1.9540140E+1,3.8327556E+3,0.0000000E+0
11239626,29/9/2021,5:28:03 AM,6.8694596E+0,-1.2861933E+1,3.8327556E+3,0.0000000E+0
11239627,29/9/2021,5:28:03 AM,6.6195178E+0,-5.6653118E+0,3.8363269E+3,0.0000000E+0
11239628,29/9/2021,5:28:03 AM,7.5114164E+0,-7.3055667E-1,3.8336484E+3,0.0000000E+0
11239629,29/9/2021,5:28:03 AM,7.9876218E+0,5.4982505E+0,3.8363269E+3,0.0000000E+0
11239630,29/9/2021,5:28:03 AM,5.9380970E+0,1.2731665E+1,3.8363269E+3,0.0000000E+0
11239631,29/9/2021,5:28:03 AM,4.3574486E+0,1.8660170E+1,3.8398979E+3,0.0000000E+0
11239632,29/9/2021,5:28:03 AM,2.5661411E+0,2.4189030E+1,3.8398979E+3,0.0000000E+0
11239633,29/9/2021,5:28:03 AM,-7.0398682E-1,2.8408670E+1,3.8381123E+3,0.0000000E+0
11239634,29/9/2021,5:28:03 AM,-3.4946737E+0,3.2359547E+1,3.8416836E+3,0.0000000E+0
11239635,29/9/2021,5:28:03 AM,-5.5870414E+0,3.4617187E+1,3.8398979E+3,0.0000000E+0
11239636,29/9/2021,5:28:04 AM,-6.9957466E+0,3.4859077E+1,3.8416836E+3,0.0000000E+0
11239637,29/9/2021,5:28:04 AM,-8.6348400E+0,3.3676502E+1,3.8390051E+3,0.0000000E+0
11239638,29/9/2021,5:28:04 AM,-9.9634790E+0,3.0585684E+1,3.8390051E+3,0.0000000E+0
11239639,29/9/2021,5:28:04 AM,-8.6243162E+0,2.5962893E+1,3.8363269E+3,0.0000000E+0
11239640,29/9/2021,5:28:04 AM,-8.3007078E+0,2.1555113E+1,3.8363269E+3,0.0000000E+0
11239641,29/9/2021,5:28:04 AM,-8.7190313E+0,1.6339279E+1,3.8363269E+3,0.0000000E+0
11239642,29/9/2021,5:28:04 AM,-7.3851295E+0,1.0588895E+1,3.8345413E+3,0.0000000E+0
11239643,29/9/2021,5:28:04 AM,-6.5458512E+0,4.2189546E+0,3.8354341E+3,0.0000000E+0
11239644,29/9/2021,5:28:04 AM,-7.7113705E+0,-1.8597022E+0,3.8327556E+3,0.0000000E+0
11239645,29/9/2021,5:28:04 AM,-9.3294163E+0,-7.9011292E+0,3.8318628E+3,0.0000000E+0
11239646,29/9/2021,5:28:05 AM,-1.1334214E+1,-1.3768489E+1,3.8309702E+3,0.0000000E+0
11239647,29/9/2021,5:28:05 AM,-1.3996756E+1,-1.8399635E+1,3.8309702E+3,0.0000000E+0
11239648,29/9/2021,5:28:05 AM,-1.6906607E+1,-2.2818317E+1,3.8318628E+3,0.0000000E+0
11239649,29/9/2021,5:28:05 AM,-2.0693356E+1,-2.7924891E+1,3.8282915E+3,0.0000000E+0
11239650,29/9/2021,5:28:05 AM,-2.4097918E+1,-3.3891518E+1,3.8256133E+3,0.0000000E+0
11239651,29/9/2021,5:28:05 AM,-2.7396088E+1,-3.8621819E+1,3.8256133E+3,0.0000000E+0
11239652,29/9/2021,5:28:05 AM,-3.0587864E+1,-4.2545815E+1,3.8256133E+3,0.0000000E+0
11239653,29/9/2021,5:28:05 AM,-3.1704985E+1,-4.7410496E+1,3.8247205E+3,0.0000000E+0
11239654,29/9/2021,5:28:05 AM,-3.3540257E+1,-5.1845154E+1,3.8220420E+3,0.0000000E+0
11239655,29/9/2021,5:28:05 AM,-3.5029755E+1,-5.6145424E+1,3.8220420E+3,0.0000000E+0
11239656,29/9/2021,5:28:06 AM,-3.5189342E+1,-6.0365063E+1,3.8193638E+3,0.0000000E+0
11239657,29/9/2021,5:28:06 AM,-3.4790371E+1,-6.2783966E+1,3.8202566E+3,0.0000000E+0
11239658,29/9/2021,5:28:06 AM,-3.4550987E+1,-6.3590271E+1,3.8202566E+3,0.0000000E+0
11239659,29/9/2021,5:28:06 AM,-3.3540257E+1,-6.2918350E+1,3.8220420E+3,0.0000000E+0
11239660,29/9/2021,5:28:06 AM,-3.3487061E+1,-6.1574516E+1,3.8202566E+3,0.0000000E+0
11239661,29/9/2021,5:28:06 AM,-3.3088089E+1,-5.8429943E+1,3.8220420E+3,0.0000000E+0
11239662,29/9/2021,5:28:06 AM,-3.2529530E+1,-5.2167671E+1,3.8256133E+3,0.0000000E+0
11239663,29/9/2021,5:28:06 AM,-3.1518801E+1,-4.6523567E+1,3.8265059E+3,0.0000000E+0
11239664,29/9/2021,5:28:06 AM,-3.2183750E+1,-4.2357677E+1,3.8247205E+3,0.0000000E+0
11239665,29/9/2021,5:28:06 AM,-3.1970968E+1,-3.8138035E+1,3.8256133E+3,0.0000000E+0
11239666,29/9/2021,5:28:07 AM,-2.9417545E+1,-3.2708942E+1,3.8318628E+3,0.0000000E+0
11239667,29/9/2021,5:28:07 AM,-2.8486610E+1,-2.8650560E+1,3.8282915E+3,0.0000000E+0
11239668,29/9/2021,5:28:07 AM,-2.7582273E+1,-2.6527304E+1,3.8282915E+3,0.0000000E+0
11239669,29/9/2021,5:28:07 AM,-2.5667208E+1,-2.3866508E+1,3.8291846E+3,0.0000000E+0
11239670,29/9/2021,5:28:07 AM,-2.4363899E+1,-2.0426291E+1,3.8300774E+3,0.0000000E+0
11239671,29/9/2021,5:28:07 AM,-2.2502028E+1,-1.8710682E+1,3.8291846E+3,0.0000000E+0
11239672,29/9/2021,5:28:07 AM,-2.0267784E+1,-1.6490816E+1,3.8309702E+3,0.0000000E+0
11239673,29/9/2021,5:28:07 AM,-1.8593058E+1,-1.3725952E+1,3.8300774E+3,0.0000000E+0
11239674,29/9/2021,5:28:07 AM,-1.8124744E+1,-1.1277452E+1,3.8309702E+3,0.0000000E+0
11239675,29/9/2021,5:28:07 AM,-1.6540901E+1,-8.8768063E+0,3.8318628E+3,0.0000000E+0
11239676,29/9/2021,5:28:08 AM,-1.5012309E+1,-6.7792325E+0,3.8309702E+3,0.0000000E+0
11239677,29/9/2021,5:28:08 AM,-1.3865207E+1,-4.8674088E+0,3.8327556E+3,0.0000000E+0
11239678,29/9/2021,5:28:08 AM,-1.1284226E+1,-3.1462033E+0,3.8327556E+3,0.0000000E+0
11239679,29/9/2021,5:28:08 AM,-9.5556793E+0,-1.6608166E+0,3.8336484E+3,0.0000000E+0
11239680,29/9/2021,5:28:08 AM,-7.6692748E+0,-5.6738120E-1,3.8345413E+3,0.0000000E+0
11239681,29/9/2021,5:28:08 AM,-5.0887079E+0,-3.3674929E-1,3.8345413E+3,0.0000000E+0
11239682,29/9/2021,5:28:08 AM,-1.9988806E+0,-8.5480464E-1,3.8345413E+3,0.0000000E+0
11239683,29/9/2021,5:28:08 AM,8.6995679E-1,-1.2832735E+0,3.8354341E+3,0.0000000E+0
11239684,29/9/2021,5:28:08 AM,1.3508091E+0,-2.1959379E+0,3.8345413E+3,0.0000000E+0
11239685,29/9/2021,5:28:08 AM,2.9480121E+0,-4.0564404E+0,3.8345413E+3,0.0000000E+0
11239686,29/9/2021,5:28:09 AM,3.9985535E+0,-4.9898944E+0,3.8345413E+3,0.0000000E+0
11239687,29/9/2021,5:28:09 AM,2.7562845E+0,-6.5532579E+0,3.8327556E+3,0.0000000E+0
11239688,29/9/2021,5:28:09 AM,1.4759867E+0,-7.8772020E+0,3.8336484E+3,0.0000000E+0
11239689,29/9/2021,5:28:09 AM,-1.5296147E+0,-9.9907284E+0,3.8300774E+3,0.0000000E+0
11239690,29/9/2021,5:28:09 AM,-4.1482911E+0,-1.0562310E+1,3.8309702E+3,0.0000000E+0
11239691,29/9/2021,5:28:09 AM,-7.4245944E+0,-9.1851950E+0,3.8318628E+3,0.0000000E+0
11239692,29/9/2021,5:28:09 AM,-1.0244993E+1,-9.4031944E+0,3.8309702E+3,0.0000000E+0
11239693,29/9/2021,5:28:09 AM,-1.1586787E+1,-9.7993145E+0,3.8318628E+3,0.0000000E+0
11239694,29/9/2021,5:28:09 AM,-1.2326090E+1,-1.0035923E+1,3.8309702E+3,0.0000000E+0
11239695,29/9/2021,5:28:09 AM,-1.3757337E+1,-1.0777650E+1,3.8309702E+3,0.0000000E+0
11239696,29/9/2021,5:28:10 AM,-1.1678871E+1,-1.2444544E+1,3.8318628E+3,0.0000000E+0
11239697,29/9/2021,5:28:10 AM,-8.6532574E+0,-1.4597948E+1,3.8318628E+3,0.0000000E+0
11239698,29/9/2021,5:28:10 AM,-6.5984707E+0,-1.6198378E+1,3.8318628E+3,0.0000000E+0
11239699,29/9/2021,5:28:10 AM,-4.0492582E+0,-1.9064266E+1,3.8318628E+3,0.0000000E+0
11239700,29/9/2021,5:28:10 AM,-3.3607814E+0,-2.1608866E+1,3.8291846E+3,0.0000000E+0
11239701,29/9/2021,5:28:10 AM,-3.1262715E+0,-2.2012016E+1,3.8318628E+3,0.0000000E+0
11239702,29/9/2021,5:28:10 AM,-4.8137927E+0,-2.1716373E+1,3.8327556E+3,0.0000000E+0
11239703,29/9/2021,5:28:10 AM,-7.4272256E+0,-2.2442043E+1,3.8309702E+3,0.0000000E+0
11239704,29/9/2021,5:28:10 AM,-1.1539430E+1,-2.2280785E+1,3.8309702E+3,0.0000000E+0
11239705,29/9/2021,5:28:10 AM,-1.8361532E+1,-2.0883196E+1,3.8309702E+3,0.0000000E+0
11239706,29/9/2021,5:28:11 AM,-2.5294832E+1,-1.9883091E+1,3.8291846E+3,0.0000000E+0
11239707,29/9/2021,5:28:11 AM,-3.1412407E+1,-2.0127676E+1,3.8291846E+3,0.0000000E+0
11239708,29/9/2021,5:28:11 AM,-3.5987286E+1,-2.1877632E+1,3.8273987E+3,0.0000000E+0
11239709,29/9/2021,5:28:11 AM,-4.0721756E+1,-2.2468920E+1,3.8273987E+3,0.0000000E+0
11239710,29/9/2021,5:28:11 AM,-4.4019924E+1,-2.4645933E+1,3.8265059E+3,0.0000000E+0
11239711,29/9/2021,5:28:11 AM,-4.6121178E+1,-2.5909140E+1,3.8256133E+3,0.0000000E+0
11239712,29/9/2021,5:28:11 AM,-4.6653141E+1,-2.7279848E+1,3.8265059E+3,0.0000000E+0
11239713,29/9/2021,5:28:11 AM,-4.7211704E+1,-2.9618122E+1,3.8247205E+3,0.0000000E+0
11239714,29/9/2021,5:28:11 AM,-4.5722206E+1,-3.2547680E+1,3.8247205E+3,0.0000000E+0
11239715,29/9/2021,5:28:11 AM,-4.4339104E+1,-3.4052780E+1,3.8238276E+3,0.0000000E+0
11239716,29/9/2021,5:28:12 AM,-4.3753944E+1,-3.3461491E+1,3.8256133E+3,0.0000000E+0
11239717,29/9/2021,5:28:12 AM,-4.2663418E+1,-3.3165844E+1,3.8256133E+3,0.0000000E+0
11239718,29/9/2021,5:28:12 AM,-3.9258858E+1,-3.2897079E+1,3.8273987E+3,0.0000000E+0
11239719,29/9/2021,5:28:12 AM,-3.6918221E+1,-3.1472614E+1,3.8265059E+3,0.0000000E+0
11239720,29/9/2021,5:28:12 AM,-3.5987286E+1,-3.0075027E+1,3.8273987E+3,0.0000000E+0
11239721,29/9/2021,5:28:12 AM,-3.5694706E+1,-2.8247412E+1,3.8273987E+3,0.0000000E+0
11239722,29/9/2021,5:28:12 AM,-3.3699848E+1,-2.6124151E+1,3.8309702E+3,0.0000000E+0
11239723,29/9/2021,5:28:12 AM,-3.2077362E+1,-2.5264097E+1,3.8291846E+3,0.0000000E+0
11239724,29/9/2021,5:28:12 AM,-2.9577135E+1,-2.5425358E+1,3.8282915E+3,0.0000000E+0
11239725,29/9/2021,5:28:12 AM,-2.8034443E+1,-2.6339165E+1,3.8273987E+3,0.0000000E+0
11239726,29/9/2021,5:28:13 AM,-2.3273375E+1,-2.6419796E+1,3.8273987E+3,0.0000000E+0
11239727,29/9/2021,5:28:13 AM,-1.8190521E+1,-2.6366041E+1,3.8300774E+3,0.0000000E+0
11239728,29/9/2021,5:28:13 AM,-1.2439221E+1,-2.7898012E+1,3.8282915E+3,0.0000000E+0
11239729,29/9/2021,5:28:13 AM,-4.7115908E+0,-2.9295603E+1,3.8291846E+3,0.0000000E+0
11239730,29/9/2021,5:28:13 AM,1.6106715E+0,-3.1445738E+1,3.8273987E+3,0.0000000E+0
11239731,29/9/2021,5:28:13 AM,8.9058304E+0,-3.1741383E+1,3.8309702E+3,0.0000000E+0
11239732,29/9/2021,5:28:13 AM,1.5428003E+1,-2.9591244E+1,3.8318628E+3,0.0000000E+0
11239733,29/9/2021,5:28:13 AM,1.9432337E+1,-2.8811823E+1,3.8327556E+3,0.0000000E+0
11239734,29/9/2021,5:28:13 AM,2.5188442E+1,-2.8623684E+1,3.8327556E+3,0.0000000E+0
11239735,29/9/2021,5:28:13 AM,2.8566406E+1,-2.7629248E+1,3.8318628E+3,0.0000000E+0
11239736,29/9/2021,5:28:14 AM,2.8140833E+1,-2.4457796E+1,3.8336484E+3,0.0000000E+0
11239737,29/9/2021,5:28:14 AM,2.7263096E+1,-2.1501360E+1,3.8345413E+3,0.0000000E+0
11239738,29/9/2021,5:28:14 AM,2.5587414E+1,-1.8391659E+1,3.8363269E+3,0.0000000E+0
11239739,29/9/2021,5:28:14 AM,2.1491299E+1,-1.4994068E+1,3.8345413E+3,0.0000000E+0
11239740,29/9/2021,5:28:14 AM,1.6898714E+1,-1.3608978E+1,3.8327556E+3,0.0000000E+0
11239741,29/9/2021,5:28:14 AM,1.1499966E+1,-1.1591159E+1,3.8327556E+3,0.0000000E+0
11239742,29/9/2021,5:28:14 AM,5.0792007E+0,-9.0044155E+0,3.8309702E+3,0.0000000E+0
11239743,29/9/2021,5:28:14 AM,-1.7412329E+0,-6.2422109E+0,3.8318628E+3,0.0000000E+0
11239744,29/9/2021,5:28:14 AM,-5.7749767E+0,-3.1750236E+0,3.8327556E+3,0.0000000E+0
11239745,29/9/2021,5:28:14 AM,-9.3583565E+0,-1.9397583E+0,3.8318628E+3,0.0000000E+0
11239746,29/9/2021,5:28:15 AM,-1.2615496E+1,-6.8816304E-1,3.8318628E+3,0.0000000E+0
11239747,29/9/2021,5:28:15 AM,-1.6027863E+1,2.3248279E+0,3.8318628E+3,0.0000000E+0
11239748,29/9/2021,5:28:15 AM,-2.0533766E+1,6.3033571E+0,3.8336484E+3,0.0000000E+0
11239749,29/9/2021,5:28:15 AM,-2.4204309E+1,1.0253922E+1,3.8363269E+3,0.0000000E+0
11239750,29/9/2021,5:28:15 AM,-2.6864124E+1,1.2290350E+1,3.8345413E+3,0.0000000E+0
11239751,29/9/2021,5:28:15 AM,-2.9337749E+1,1.3882805E+1,3.8363269E+3,0.0000000E+0
11239752,29/9/2021,5:28:15 AM,-3.4604183E+1,1.5586919E+1,3.8354341E+3,0.0000000E+0
11239753,29/9/2021,5:28:15 AM,-3.8966278E+1,1.5459310E+1,3.8345413E+3,0.0000000E+0
11239754,29/9/2021,5:28:15 AM,-4.2849606E+1,1.4600605E+1,3.8327556E+3,0.0000000E+0
11239755,29/9/2021,5:28:15 AM,-4.5137047E+1,1.3000175E+1,3.8345413E+3,0.0000000E+0
11239756,29/9/2021,5:28:16 AM,-4.7557480E+1,1.0070483E+1,3.8327556E+3,0.0000000E+0
11239757,29/9/2021,5:28:16 AM,-4.8807590E+1,4.6952882E+0,3.8309702E+3,0.0000000E+0
11239758,29/9/2021,5:28:16 AM,-4.9871517E+1,7.0389405E-2,3.8309702E+3,0.0000000E+0
11239759,29/9/2021,5:28:16 AM,-4.9339554E+1,-4.9490657E+0,3.8291846E+3,0.0000000E+0
11239760,29/9/2021,5:28:16 AM,-4.8328827E+1,-1.0860065E+1,3.8282915E+3,0.0000000E+0
11239761,29/9/2021,5:28:16 AM,-4.4897667E+1,-1.7291031E+1,3.8273987E+3,0.0000000E+0
11239762,29/9/2021,5:28:16 AM,-4.3168785E+1,-2.2065771E+1,3.8282915E+3,0.0000000E+0
11239763,29/9/2021,5:28:16 AM,-4.1705887E+1,-2.7279848E+1,3.8256133E+3,0.0000000E+0
11239764,29/9/2021,5:28:16 AM,-3.9844017E+1,-3.1660751E+1,3.8273987E+3,0.0000000E+0
11239765,29/9/2021,5:28:16 AM,-3.6226669E+1,-3.6122284E+1,3.8256133E+3,0.0000000E+0
11239766,29/9/2021,5:28:17 AM,-3.2449734E+1,-4.0288170E+1,3.8256133E+3,0.0000000E+0
11239767,29/9/2021,5:28:17 AM,-2.9045172E+1,-4.3728390E+1,3.8273987E+3,0.0000000E+0
11239768,29/9/2021,5:28:17 AM,-2.6066179E+1,-4.8727455E+1,3.8238276E+3,0.0000000E+0
11239769,29/9/2021,5:28:17 AM,-2.1624289E+1,-5.3054607E+1,3.8273987E+3,0.0000000E+0
11239770,29/9/2021,5:28:17 AM,-1.8890356E+1,-5.6682961E+1,3.8238276E+3,0.0000000E+0
11239771,29/9/2021,5:28:17 AM,-1.4073054E+1,-6.1574516E+1,3.8247205E+3,0.0000000E+0
11239772,29/9/2021,5:28:17 AM,-9.3820353E+0,-6.5391006E+1,3.8247205E+3,0.0000000E+0
11239773,29/9/2021,5:28:17 AM,-5.9144182E+0,-6.8159309E+1,3.8220420E+3,0.0000000E+0
11239774,29/9/2021,5:28:17 AM,-4.2077112E+0,-6.9556900E+1,3.8238276E+3,0.0000000E+0
11239775,29/9/2021,5:28:17 AM,-1.6875211E+0,-7.1868294E+1,3.8184709E+3,0.0000000E+0
11239776,29/9/2021,5:28:18 AM,4.0951559E-1,-7.1518898E+1,3.8238276E+3,0.0000000E+0
11239777,29/9/2021,5:28:18 AM,2.2365596E+0,-6.8992485E+1,3.8247205E+3,0.0000000E+0
11239778,29/9/2021,5:28:18 AM,2.2119994E+0,-6.7084244E+1,3.8238276E+3,0.0000000E+0
11239779,29/9/2021,5:28:18 AM,1.3737848E+0,-6.4289062E+1,3.8202566E+3,0.0000000E+0
11239780,29/9/2021,5:28:18 AM,5.8577619E-2,-5.9155613E+1,3.8238276E+3,0.0000000E+0
11239781,29/9/2021,5:28:18 AM,3.0080399E-1,-5.2087048E+1,3.8273987E+3,0.0000000E+0
11239782,29/9/2021,5:28:18 AM,-5.9342819E-1,-4.5448498E+1,3.8256133E+3,0.0000000E+0
11239783,29/9/2021,5:28:18 AM,-1.7050836E+0,-3.9320610E+1,3.8273987E+3,0.0000000E+0
11239784,29/9/2021,5:28:18 AM,-3.0288229E+0,-3.2493931E+1,3.8265059E+3,0.0000000E+0
11239785,29/9/2021,5:28:18 AM,-4.5539298E+0,-2.4081522E+1,3.8291846E+3,0.0000000E+0
11239786,29/9/2021,5:28:19 AM,-5.4444342E+0,-1.4863800E+1,3.8327556E+3,0.0000000E+0
11239787,29/9/2021,5:28:19 AM,-6.1170030E+0,-7.2418156E+0,3.8327556E+3,0.0000000E+0
11239788,29/9/2021,5:28:19 AM,-6.4721837E+0,-3.0662051E-1,3.8345413E+3,0.0000000E+0
11239789,29/9/2021,5:28:19 AM,-7.6377029E+0,5.9524322E+0,3.8336484E+3,0.0000000E+0
11239790,29/9/2021,5:28:19 AM,-9.5056915E+0,1.2582788E+1,3.8345413E+3,0.0000000E+0
11239791,29/9/2021,5:28:19 AM,-1.0913260E+1,2.0231358E+1,3.8381123E+3,0.0000000E+0
11239792,29/9/2021,5:28:19 AM,-1.4154613E+1,2.7548616E+1,3.8398979E+3,0.0000000E+0
11239793,29/9/2021,5:28:19 AM,-1.6222555E+1,3.3138969E+1,3.8398979E+3,0.0000000E+0
11239794,29/9/2021,5:28:19 AM,-1.7611706E+1,3.6874832E+1,3.8398979E+3,0.0000000E+0
11239795,29/9/2021,5:28:19 AM,-2.1677486E+1,4.0449432E+1,3.8390051E+3,0.0000000E+0
11239796,29/9/2021,5:28:20 AM,-2.4629879E+1,4.4346554E+1,3.8407908E+3,0.0000000E+0
11239797,29/9/2021,5:28:20 AM,-2.6943920E+1,4.5986031E+1,3.8416836E+3,0.0000000E+0
11239798,29/9/2021,5:28:20 AM,-2.8247227E+1,4.5233486E+1,3.8398979E+3,0.0000000E+0
11239799,29/9/2021,5:28:20 AM,-2.7848255E+1,4.0180664E+1,3.8381123E+3,0.0000000E+0
11239800,29/9/2021,5:28:20 AM,-2.5401226E+1,3.4617187E+1,3.8363269E+3,0.0000000E+0
11239801,29/9/2021,5:28:20 AM,-2.5082048E+1,3.1606998E+1,3.8381123E+3,0.0000000E+0
11239802,29/9/2021,5:28:20 AM,-2.4177711E+1,2.6204781E+1,3.8372195E+3,0.0000000E+0
11239803,29/9/2021,5:28:20 AM,-2.0586962E+1,1.9417849E+1,3.8354341E+3,0.0000000E+0
11239804,29/9/2021,5:28:20 AM,-1.7243372E+1,1.1569890E+1,3.8336484E+3,0.0000000E+0
11239805,29/9/2021,5:28:20 AM,-1.4554522E+1,3.9259493E+0,3.8327556E+3,0.0000000E+0
11239806,29/9/2021,5:28:21 AM,-1.2865438E+1,-1.9165422E+0,3.8327556E+3,0.0000000E+0
11239807,29/9/2021,5:28:21 AM,-1.4628187E+1,-6.5559168E+0,3.8327556E+3,0.0000000E+0
11239808,29/9/2021,5:28:21 AM,-1.5133333E+1,-1.1976645E+1,3.8327556E+3,0.0000000E+0
11239809,29/9/2021,5:28:21 AM,-1.4515057E+1,-1.9077559E+1,3.8309702E+3,0.0000000E+0
11239810,29/9/2021,5:28:21 AM,-1.5967350E+1,-2.6984207E+1,3.8273987E+3,0.0000000E+0
11239811,29/9/2021,5:28:21 AM,-1.7411753E+1,-3.2762695E+1,3.8291846E+3,0.0000000E+0
11239812,29/9/2021,5:28:21 AM,-1.9024538E+1,-3.8594940E+1,3.8282915E+3,0.0000000E+0
11239813,29/9/2021,5:28:21 AM,-1.9950638E+1,-4.5367870E+1,3.8273987E+3,0.0000000E+0
11239814,29/9/2021,5:28:21 AM,-1.8301020E+1,-5.3672768E+1,3.8256133E+3,0.0000000E+0
11239815,29/9/2021,5:28:21 AM,-1.6564581E+1,-6.3348381E+1,3.8220420E+3,0.0000000E+0
11239816,29/9/2021,5:28:22 AM,-1.3339013E+1,-7.2405830E+1,3.8184709E+3,0.0000000E+0
11239817,29/9/2021,5:28:22 AM,-1.0558078E+1,-7.8184319E+1,3.8202566E+3,0.0000000E+0
11239818,29/9/2021,5:28:22 AM,-9.5767279E+0,-8.2780235E+1,3.8202566E+3,0.0000000E+0
11239819,29/9/2021,5:28:22 AM,-7.6640124E+0,-8.7107384E+1,3.8184709E+3,0.0000000E+0
11239820,29/9/2021,5:28:22 AM,-5.0419645E+0,-9.0574478E+1,3.8175781E+3,0.0000000E+0
11239821,29/9/2021,5:28:22 AM,-4.9777913E+0,-9.1353897E+1,3.8148999E+3,0.0000000E+0
11239822,29/9/2021,5:28:22 AM,-6.2827539E+0,-8.7752426E+1,3.8184709E+3,0.0000000E+0
11239823,29/9/2021,5:28:22 AM,-7.9350028E+0,-7.9689415E+1,3.8256133E+3,0.0000000E+0
11239824,29/9/2021,5:28:22 AM,-1.1902504E+1,-7.2593964E+1,3.8220420E+3,0.0000000E+0
11239825,29/9/2021,5:28:22 AM,-1.4357199E+1,-6.7245506E+1,3.8220420E+3,0.0000000E+0
11239826,29/9/2021,5:28:23 AM,-1.6327793E+1,-6.0795094E+1,3.8220420E+3,0.0000000E+0
11239827,29/9/2021,5:28:23 AM,-1.9542839E+1,-5.1764523E+1,3.8273987E+3,0.0000000E+0
11239828,29/9/2021,5:28:23 AM,-2.2608421E+1,-4.2760830E+1,3.8291846E+3,0.0000000E+0
11239829,29/9/2021,5:28:23 AM,-2.6943920E+1,-3.5611626E+1,3.8256133E+3,0.0000000E+0
11239830,29/9/2021,5:28:23 AM,-3.0907043E+1,-2.9483740E+1,3.8256133E+3,0.0000000E+0
11239831,29/9/2021,5:28:23 AM,-3.1359211E+1,-2.3248346E+1,3.8273987E+3,0.0000000E+0
11239832,29/9/2021,5:28:23 AM,-3.1837976E+1,-1.4765434E+1,3.8309702E+3,0.0000000E+0
11239833,29/9/2021,5:28:23 AM,-3.5082947E+1,-6.0720658E+0,3.8318628E+3,0.0000000E+0
11239834,29/9/2021,5:28:23 AM,-3.8460915E+1,1.0094479E+0,3.8327556E+3,0.0000000E+0
11239835,29/9/2021,5:28:23 AM,-3.8966278E+1,5.6121411E+0,3.8300774E+3,0.0000000E+0
11239836,29/9/2021,5:28:24 AM,-3.9445045E+1,1.0618139E+1,3.8309702E+3,0.0000000E+0
11239837,29/9/2021,5:28:24 AM,-3.8753494E+1,1.8072638E+1,3.8354341E+3,0.0000000E+0
11239838,29/9/2021,5:28:24 AM,-3.8434319E+1,2.5586617E+1,3.8398979E+3,0.0000000E+0
11239839,29/9/2021,5:28:24 AM,-3.9711025E+1,2.9913767E+1,3.8363269E+3,0.0000000E+0
11239840,29/9/2021,5:28:24 AM,-3.8407719E+1,3.1929518E+1,3.8381123E+3,0.0000000E+0
11239841,29/9/2021,5:28:24 AM,-3.4497791E+1,3.2252041E+1,3.8354341E+3,0.0000000E+0
11239842,29/9/2021,5:28:24 AM,-3.0667658E+1,3.3300228E+1,3.8390051E+3,0.0000000E+0
11239843,29/9/2021,5:28:24 AM,-2.6119375E+1,3.3461491E+1,3.8416836E+3,0.0000000E+0
11239844,29/9/2021,5:28:24 AM,-2.1571095E+1,3.0854450E+1,3.8398979E+3,0.0000000E+0
11239845,29/9/2021,5:28:24 AM,-1.6903976E+1,2.5183468E+1,3.8363269E+3,0.0000000E+0
11239846,29/9/2021,5:28:25 AM,-1.1352631E+1,1.8168343E+1,3.8327556E+3,0.0000000E+0
11239847,29/9/2021,5:28:25 AM,-6.1827774E+0,1.2675836E+1,3.8354341E+3,0.0000000E+0
11239848,29/9/2021,5:28:25 AM,-1.2718203E+0,8.6481743E+0,3.8363269E+3,0.0000000E+0
11239849,29/9/2021,5:28:25 AM,1.5377833E+0,4.7777457E+0,3.8363269E+3,0.0000000E+0
11239850,29/9/2021,5:28:25 AM,2.7657914E+0,2.4556302E-1,3.8327556E+3,0.0000000E+0
11239851,29/9/2021,5:28:25 AM,2.6723044E+0,-5.5022531E+0,3.8309702E+3,0.0000000E+0
11239852,29/9/2021,5:28:25 AM,5.6197500E+0,-9.4935846E+0,3.8318628E+3,0.0000000E+0
11239853,29/9/2021,5:28:25 AM,7.0930924E+0,-1.0931845E+1,3.8345413E+3,0.0000000E+0
11239854,29/9/2021,5:28:25 AM,6.8984008E+0,-1.2558861E+1,3.8354341E+3,0.0000000E+0
11239855,29/9/2021,5:28:25 AM,6.8142099E+0,-1.6190403E+1,3.8327556E+3,0.0000000E+0
11239856,29/9/2021,5:28:26 AM,8.6769361E+0,-2.1259468E+1,3.8327556E+3,0.0000000E+0
11239857,29/9/2021,5:28:26 AM,1.0923783E+1,-2.5828508E+1,3.8318628E+3,0.0000000E+0
11239858,29/9/2021,5:28:26 AM,1.4580831E+1,-3.0263163E+1,3.8327556E+3,0.0000000E+0
11239859,29/9/2021,5:28:26 AM,1.4283531E+1,-3.4160286E+1,3.8318628E+3,0.0000000E+0
11239860,29/9/2021,5:28:26 AM,1.3204833E+1,-3.9723763E+1,3.8291846E+3,0.0000000E+0
11239861,29/9/2021,5:28:26 AM,1.2234006E+1,-4.5421619E+1,3.8282915E+3,0.0000000E+0
11239862,29/9/2021,5:28:26 AM,1.0639639E+1,-4.9668140E+1,3.8256133E+3,0.0000000E+0
11239863,29/9/2021,5:28:26 AM,8.6322098E+0,-5.2490192E+1,3.8273987E+3,0.0000000E+0
11239864,29/9/2021,5:28:26 AM,4.1443300E+0,-5.3941536E+1,3.8256133E+3,0.0000000E+0
11239865,29/9/2021,5:28:26 AM,-2.2611198E+0,-5.4505943E+1,3.8247205E+3,0.0000000E+0
11239866,29/9/2021,5:28:27 AM,-9.3557253E+0,-5.4156551E+1,3.8229348E+3,0.0000000E+0
11239867,29/9/2021,5:28:27 AM,-1.6233078E+1,-5.3592136E+1,3.8220420E+3,0.0000000E+0
11239868,29/9/2021,5:28:27 AM,-2.0879541E+1,-5.1119480E+1,3.8238276E+3,0.0000000E+0
11239869,29/9/2021,5:28:27 AM,-2.7183302E+1,-4.7034225E+1,3.8256133E+3,0.0000000E+0
11239870,29/9/2021,5:28:27 AM,-3.4019024E+1,-4.2169540E+1,3.8256133E+3,0.0000000E+0
11239871,29/9/2021,5:28:27 AM,-3.9551437E+1,-3.8594940E+1,3.8273987E+3,0.0000000E+0
11239872,29/9/2021,5:28:27 AM,-4.3514561E+1,-3.7439243E+1,3.8220420E+3,0.0000000E+0
11239873,29/9/2021,5:28:27 AM,-4.4977459E+1,-3.4294666E+1,3.8273987E+3,0.0000000E+0
11239874,29/9/2021,5:28:27 AM,-4.6440357E+1,-3.0666315E+1,3.8282915E+3,0.0000000E+0
11239875,29/9/2021,5:28:27 AM,-4.8461815E+1,-2.8113028E+1,3.8273987E+3,0.0000000E+0
11239876,29/9/2021,5:28:28 AM,-4.9977909E+1,-2.5586617E+1,3.8273987E+3,0.0000000E+0
11239877,29/9/2021,5:28:28 AM,-5.0297089E+1,-2.4108400E+1,3.8256133E+3,0.0000000E+0
11239878,29/9/2021,5:28:28 AM,-4.8594807E+1,-2.2549551E+1,3.8273987E+3,0.0000000E+0
11239879,29/9/2021,5:28:28 AM,-4.6732937E+1,-2.0372538E+1,3.8282915E+3,0.0000000E+0
11239880,29/9/2021,5:28:28 AM,-4.8621403E+1,-1.7333569E+1,3.8273987E+3,0.0000000E+0
11239881,29/9/2021,5:28:28 AM,-4.9206562E+1,-1.5549699E+1,3.8273987E+3,0.0000000E+0
11239882,29/9/2021,5:28:28 AM,-4.7557480E+1,-1.4076878E+1,3.8291846E+3,0.0000000E+0
11239883,29/9/2021,5:28:28 AM,-4.4950859E+1,-1.3651513E+1,3.8256133E+3,0.0000000E+0
11239884,29/9/2021,5:28:28 AM,-4.3301777E+1,-1.2207936E+1,3.8273987E+3,0.0000000E+0
11239885,29/9/2021,5:28:28 AM,-3.9737625E+1,-1.0065166E+1,3.8291846E+3,0.0000000E+0
11239886,29/9/2021,5:28:29 AM,-3.6652241E+1,-7.1886454E+0,3.8309702E+3,0.0000000E+0
11239887,29/9/2021,5:28:29 AM,-3.3380669E+1,-6.4841366E+0,3.8291846E+3,0.0000000E+0
11239888,29/9/2021,5:28:29 AM,-2.6864124E+1,-6.5825019E+0,3.8318628E+3,0.0000000E+0
11239889,29/9/2021,5:28:29 AM,-1.9926958E+1,-6.3246255E+0,3.8309702E+3,0.0000000E+0
11239890,29/9/2021,5:28:29 AM,-1.4507163E+1,-5.5927167E+0,3.8327556E+3,0.0000000E+0
11239891,29/9/2021,5:28:29 AM,-8.8742580E+0,-4.8089676E+0,3.8363269E+3,0.0000000E+0
11239892,29/9/2021,5:28:29 AM,-3.8290088E+0,-4.9874926E+0,3.8345413E+3,0.0000000E+0
11239893,29/9/2021,5:28:29 AM,1.5346142E+0,-6.2156258E+0,3.8354341E+3,0.0000000E+0
11239894,29/9/2021,5:28:29 AM,7.6982150E+0,-8.2148352E+0,3.8354341E+3,0.0000000E+0
11239895,29/9/2021,5:28:29 AM,1.2468162E+1,-1.0222019E+1,3.8345413E+3,0.0000000E+0
11239896,29/9/2021,5:28:30 AM,1.5614801E+1,-1.1365184E+1,3.8354341E+3,0.0000000E+0
11239897,29/9/2021,5:28:30 AM,1.7017107E+1,-1.1904864E+1,3.8354341E+3,0.0000000E+0
11239898,29/9/2021,5:28:30 AM,1.6953964E+1,-1.4273608E+1,3.8345413E+3,0.0000000E+0
11239899,29/9/2021,5:28:30 AM,1.7974781E+1,-1.7708420E+1,3.8318628E+3,0.0000000E+0
11239900,29/9/2021,5:28:30 AM,1.8627260E+1,-1.9566727E+1,3.8327556E+3,0.0000000E+0
11239901,29/9/2021,5:28:30 AM,1.6732962E+1,-2.0228699E+1,3.8327556E+3,0.0000000E+0
11239902,29/9/2021,5:28:30 AM,1.3610003E+1,-2.2092648E+1,3.8309702E+3,0.0000000E+0
11239903,29/9/2021,5:28:30 AM,1.0771188E+1,-2.3409605E+1,3.8318628E+3,0.0000000E+0
11239904,29/9/2021,5:28:30 AM,8.3796368E+0,-2.4081522E+1,3.8291846E+3,0.0000000E+0
11239905,29/9/2021,5:28:30 AM,6.0170259E+0,-2.3382729E+1,3.8318628E+3,0.0000000E+0
11239906,29/9/2021,5:28:31 AM,2.8822541E+0,-2.1689497E+1,3.8309702E+3,0.0000000E+0
11239907,29/9/2021,5:28:31 AM,-1.7515235E+0,-2.0453167E+1,3.8282915E+3,0.0000000E+0
11239908,29/9/2021,5:28:31 AM,-4.3978539E+0,-1.8181637E+1,3.8327556E+3,0.0000000E+0
11239909,29/9/2021,5:28:31 AM,-6.5221720E+0,-1.5302457E+1,3.8318628E+3,0.0000000E+0
11239910,29/9/2021,5:28:31 AM,-1.0352863E+1,-1.3244760E+1,3.8327556E+3,0.0000000E+0
11239911,29/9/2021,5:28:31 AM,-1.3131166E+1,-1.1947401E+1,3.8327556E+3,0.0000000E+0
11239912,29/9/2021,5:28:31 AM,-1.7317039E+1,-1.0229995E+1,3.8309702E+3,0.0000000E+0
11239913,29/9/2021,5:28:31 AM,-2.2661617E+1,-8.9804897E+0,3.8327556E+3,0.0000000E+0
11239914,29/9/2021,5:28:31 AM,-2.6199171E+1,-8.9512453E+0,3.8309702E+3,0.0000000E+0
11239915,29/9/2021,5:28:31 AM,-3.0348482E+1,-8.5099306E+0,3.8327556E+3,0.0000000E+0
11239916,29/9/2021,5:28:32 AM,-3.5721306E+1,-9.2489996E+0,3.8291846E+3,0.0000000E+0
11239917,29/9/2021,5:28:32 AM,-4.0934540E+1,-9.8391924E+0,3.8291846E+3,0.0000000E+0
11239918,29/9/2021,5:28:32 AM,-4.6360561E+1,-1.0086434E+1,3.8291846E+3,0.0000000E+0
11239919,29/9/2021,5:28:32 AM,-5.0110901E+1,-1.1157819E+1,3.8265059E+3,0.0000000E+0
11239920,29/9/2021,5:28:32 AM,-5.2185555E+1,-1.1418354E+1,3.8291846E+3,0.0000000E+0
11239921,29/9/2021,5:28:32 AM,-5.4526192E+1,-1.2856615E+1,3.8256133E+3,0.0000000E+0
11239922,29/9/2021,5:28:32 AM,-5.5403931E+1,-1.4690995E+1,3.8273987E+3,0.0000000E+0
11239923,29/9/2021,5:28:32 AM,-5.3542061E+1,-1.6456255E+1,3.8273987E+3,0.0000000E+0
11239924,29/9/2021,5:28:32 AM,-5.2238750E+1,-1.8245440E+1,3.8256133E+3,0.0000000E+0
11239925,29/9/2021,5:28:32 AM,-4.7690472E+1,-1.9784725E+1,3.8291846E+3,0.0000000E+0
11239926,29/9/2021,5:28:33 AM,-4.2796410E+1,-2.1393852E+1,3.8291846E+3,0.0000000E+0
11239927,29/9/2021,5:28:33 AM,-3.8487514E+1,-2.3543989E+1,3.8282915E+3,0.0000000E+0
11239928,29/9/2021,5:28:33 AM,-3.2901901E+1,-2.4941578E+1,3.8309702E+3,0.0000000E+0
11239929,29/9/2021,5:28:33 AM,-2.8140833E+1,-2.8139904E+1,3.8291846E+3,0.0000000E+0
11239930,29/9/2021,5:28:33 AM,-2.3831936E+1,-3.1123219E+1,3.8291846E+3,0.0000000E+0
11239931,29/9/2021,5:28:33 AM,-1.9884865E+1,-3.3757133E+1,3.8282915E+3,0.0000000E+0
11239932,29/9/2021,5:28:33 AM,-1.6380413E+1,-3.7358612E+1,3.8291846E+3,0.0000000E+0
11239933,29/9/2021,5:28:33 AM,-1.1147415E+1,-4.1578255E+1,3.8273987E+3,0.0000000E+0
11239934,29/9/2021,5:28:33 AM,-7.4693208E+0,-4.5367870E+1,3.8256133E+3,0.0000000E+0
11239935,29/9/2021,5:28:33 AM,-3.9779546E+0,-4.7921154E+1,3.8273987E+3,0.0000000E+0
11239936,29/9/2021,5:28:34 AM,-7.4541336E-1,-5.0393810E+1,3.8256133E+3,0.0000000E+0
11239937,29/9/2021,5:28:34 AM,1.7128736E+0,-5.2409561E+1,3.8247205E+3,0.0000000E+0
11239938,29/9/2021,5:28:34 AM,3.9446795E+0,-5.2087048E+1,3.8247205E+3,0.0000000E+0
11239939,29/9/2021,5:28:34 AM,6.4353504E+0,-5.1146358E+1,3.8265059E+3,0.0000000E+0
11239940,29/9/2021,5:28:34 AM,9.3162613E+0,-4.9023098E+1,3.8291846E+3,0.0000000E+0
11239941,29/9/2021,5:28:34 AM,1.0600174E+1,-4.7464252E+1,3.8265059E+3,0.0000000E+0
11239942,29/9/2021,5:28:34 AM,1.1797265E+1,-4.4400307E+1,3.8273987E+3,0.0000000E+0
11239943,29/9/2021,5:28:34 AM,1.2504995E+1,-4.0261295E+1,3.8291846E+3,0.0000000E+0
11239944,29/9/2021,5:28:34 AM,1.2981201E+1,-3.7036091E+1,3.8291846E+3,0.0000000E+0
11239945,29/9/2021,5:28:34 AM,1.2991725E+1,-3.1580122E+1,3.8327556E+3,0.0000000E+0
11239946,29/9/2021,5:28:35 AM,1.1539430E+1,-2.6285412E+1,3.8318628E+3,0.0000000E+0
11239947,29/9/2021,5:28:35 AM,8.9268780E+0,-2.1716373E+1,3.8309702E+3,0.0000000E+0
11239948,29/9/2021,5:28:35 AM,6.2959089E+0,-1.6363207E+1,3.8327556E+3,0.0000000E+0
11239949,29/9/2021,5:28:35 AM,3.0446682E+0,-1.0844113E+1,3.8318628E+3,0.0000000E+0
11239950,29/9/2021,5:28:35 AM,-1.2193116E+0,-4.2045445E+0,3.8345413E+3,0.0000000E+0
11239951,29/9/2021,5:28:35 AM,-5.4737477E+0,-7.7588320E-2,3.8327556E+3,0.0000000E+0
11239952,29/9/2021,5:28:35 AM,-9.1031532E+0,4.6328444E+0,3.8345413E+3,0.0000000E+0
11239953,29/9/2021,5:28:35 AM,-1.3312703E+1,9.2383661E+0,3.8345413E+3,0.0000000E+0
11239954,29/9/2021,5:28:35 AM,-1.8516760E+1,1.3438831E+1,3.8345413E+3,0.0000000E+0
11239955,29/9/2021,5:28:35 AM,-2.2847805E+1,1.7091642E+1,3.8363269E+3,0.0000000E+0
11239956,29/9/2021,5:28:36 AM,-2.5853394E+1,1.9074900E+1,3.8345413E+3,0.0000000E+0
11239957,29/9/2021,5:28:36 AM,-2.9523937E+1,2.2872070E+1,3.8381123E+3,0.0000000E+0
11239958,29/9/2021,5:28:36 AM,-3.2981697E+1,2.4457796E+1,3.8363269E+3,0.0000000E+0
11239959,29/9/2021,5:28:36 AM,-3.6572445E+1,2.4162151E+1,3.8363269E+3,0.0000000E+0
11239960,29/9/2021,5:28:36 AM,-3.9418446E+1,2.3866508E+1,3.8354341E+3,0.0000000E+0
11239961,29/9/2021,5:28:36 AM,-4.1599495E+1,2.1770126E+1,3.8345413E+3,0.0000000E+0
11239962,29/9/2021,5:28:36 AM,-4.2025063E+1,1.7974272E+1,3.8327556E+3,0.0000000E+0
11239963,29/9/2021,5:28:36 AM,-4.1253719E+1,1.3811025E+1,3.8354341E+3,0.0000000E+0
11239964,29/9/2021,5:28:36 AM,-4.2450638E+1,9.3686342E+0,3.8318628E+3,0.0000000E+0
11239965,29/9/2021,5:28:36 AM,-4.3195381E+1,4.0276203E+0,3.8300774E+3,0.0000000E+0
11239966,29/9/2021,5:28:37 AM,-4.2078259E+1,-2.2135501E+0,3.8309702E+3,0.0000000E+0
11239967,29/9/2021,5:28:37 AM,-4.0322784E+1,-8.4248581E+0,3.8291846E+3,0.0000000E+0
11239968,29/9/2021,5:28:37 AM,-3.7769363E+1,-1.4815948E+1,3.8291846E+3,0.0000000E+0
11239969,29/9/2021,5:28:37 AM,-3.5455326E+1,-1.9901699E+1,3.8273987E+3,0.0000000E+0
11239970,29/9/2021,5:28:37 AM,-3.5455326E+1,-2.3812756E+1,3.8291846E+3,0.0000000E+0
11239971,29/9/2021,5:28:37 AM,-3.5215939E+1,-2.8731192E+1,3.8265059E+3,0.0000000E+0
11239972,29/9/2021,5:28:37 AM,-3.2476334E+1,-3.3246475E+1,3.8256133E+3,0.0000000E+0
11239973,29/9/2021,5:28:37 AM,-2.9231359E+1,-3.7466118E+1,3.8273987E+3,0.0000000E+0
11239974,29/9/2021,5:28:37 AM,-2.8114235E+1,-4.0664448E+1,3.8273987E+3,0.0000000E+0
11239975,29/9/2021,5:28:37 AM,-2.6225769E+1,-4.4884087E+1,3.8256133E+3,0.0000000E+0
11239976,29/9/2021,5:28:38 AM,-2.3512758E+1,-4.9587509E+1,3.8247205E+3,0.0000000E+0
11239977,29/9/2021,5:28:38 AM,-2.0533766E+1,-5.3565262E+1,3.8256133E+3,0.0000000E+0
11239978,29/9/2021,5:28:38 AM,-1.4962321E+1,-5.7999912E+1,3.8238276E+3,0.0000000E+0
11239979,29/9/2021,5:28:38 AM,-9.0557957E+0,-6.1897038E+1,3.8238276E+3,0.0000000E+0
11239980,29/9/2021,5:28:38 AM,-4.2821836E+0,-6.4853477E+1,3.8220420E+3,0.0000000E+0
11239981,29/9/2021,5:28:38 AM,-5.5938981E-2,-6.7568024E+1,3.8220420E+3,0.0000000E+0
11239982,29/9/2021,5:28:38 AM,4.3574486E+0,-6.9449394E+1,3.8220420E+3,0.0000000E+0
11239983,29/9/2021,5:28:38 AM,9.1347246E+0,-6.8777473E+1,3.8238276E+3,0.0000000E+0
11239984,29/9/2021,5:28:38 AM,1.3686300E+1,-6.6546707E+1,3.8282915E+3,0.0000000E+0
11239985,29/9/2021,5:28:38 AM,1.5214894E+1,-6.4208435E+1,3.8238276E+3,0.0000000E+0
11239986,29/9/2021,5:28:39 AM,1.4007278E+1,-6.1682022E+1,3.8238276E+3,0.0000000E+0
11239987,29/9/2021,5:28:39 AM,1.1452608E+1,-5.4747833E+1,3.8273987E+3,0.0000000E+0
11239988,29/9/2021,5:28:39 AM,9.9871588E+0,-4.7921154E+1,3.8282915E+3,0.0000000E+0
11239989,29/9/2021,5:28:39 AM,8.1165390E+0,-4.1201981E+1,3.8291846E+3,0.0000000E+0
11239990,29/9/2021,5:28:39 AM,5.9354658E+0,-3.4644066E+1,3.8291846E+3,0.0000000E+0
11239991,29/9/2021,5:28:39 AM,1.5385755E+0,-2.6957329E+1,3.8291846E+3,0.0000000E+0
11239992,29/9/2021,5:28:39 AM,-4.4295444E+0,-1.8928680E+1,3.8309702E+3,0.0000000E+0
11239993,29/9/2021,5:28:39 AM,-6.6326728E+0,-1.0751065E+1,3.8336484E+3,0.0000000E+0
11239994,29/9/2021,5:28:39 AM,-7.8455496E+0,-3.7658372E+0,3.8345413E+3,0.0000000E+0
11239995,29/9/2021,5:28:39 AM,-1.0671210E+1,2.7259088E+0,3.8345413E+3,0.0000000E+0
11239996,29/9/2021,5:28:40 AM,-1.3273238E+1,7.6804714E+0,3.8336484E+3,0.0000000E+0
11239997,29/9/2021,5:28:40 AM,-1.5667420E+1,1.3218174E+1,3.8345413E+3,0.0000000E+0
11239998,29/9/2021,5:28:40 AM,-1.9595457E+1,1.9625214E+1,3.8363269E+3,0.0000000E+0
11239999,29/9/2021,5:28:40 AM,-2.1065729E+1,2.4860947E+1,3.8381123E+3,0.0000000E+0
11240000,29/9/2021,5:28:40 AM,-2.1172121E+1,2.8139904E+1,3.8398979E+3,0.0000000E+0
11240001,29/9/2021,5:28:40 AM,-2.5773602E+1,3.0854450E+1,3.8363269E+3,0.0000000E+0
11240002,29/9/2021,5:28:40 AM,-2.9311152E+1,3.3219601E+1,3.8390051E+3,0.0000000E+0
11240003,29/9/2021,5:28:40 AM,-3.2875305E+1,3.4536560E+1,3.8390051E+3,0.0000000E+0
11240004,29/9/2021,5:28:40 AM,-3.5136147E+1,3.3327106E+1,3.8381123E+3,0.0000000E+0
11240005,29/9/2021,5:28:40 AM,-3.4444595E+1,2.9940643E+1,3.8381123E+3,0.0000000E+0
11240006,29/9/2021,5:28:41 AM,-3.4019024E+1,2.4054646E+1,3.8336484E+3,0.0000000E+0
11240007,29/9/2021,5:28:41 AM,-3.5428726E+1,2.0236675E+1,3.8327556E+3,0.0000000E+0
11240008,29/9/2021,5:28:41 AM,-3.6519249E+1,1.6703497E+1,3.8345413E+3,0.0000000E+0
11240009,29/9/2021,5:28:41 AM,-3.3646652E+1,1.0102386E+1,3.8327556E+3,0.0000000E+0
11240010,29/9/2021,5:28:41 AM,-2.8938778E+1,3.9723818E+0,3.8345413E+3,0.0000000E+0
11240011,29/9/2021,5:28:41 AM,-2.7475882E+1,-3.0077062E+0,3.8291846E+3,0.0000000E+0
11240012,29/9/2021,5:28:41 AM,-2.5481020E+1,-9.9056549E+0,3.8291846E+3,0.0000000E+0
11240013,29/9/2021,5:28:41 AM,-2.3486160E+1,-1.5326383E+1,3.8291846E+3,0.0000000E+0
11240014,29/9/2021,5:28:41 AM,-2.2315842E+1,-1.8625608E+1,3.8318628E+3,0.0000000E+0
11240015,29/9/2021,5:28:41 AM,-1.8950871E+1,-2.3194592E+1,3.8318628E+3,0.0000000E+0
11240016,29/9/2021,5:28:42 AM,-1.6190983E+1,-2.8838699E+1,3.8282915E+3,0.0000000E+0
11240017,29/9/2021,5:28:42 AM,-1.4812355E+1,-3.4859077E+1,3.8273987E+3,0.0000000E+0
11240018,29/9/2021,5:28:42 AM,-1.5164905E+1,-3.8756203E+1,3.8273987E+3,0.0000000E+0
11240019,29/9/2021,5:28:42 AM,-1.4088840E+1,-4.1954525E+1,3.8291846E+3,0.0000000E+0
11240020,29/9/2021,5:28:42 AM,-1.2841761E+1,-4.5771019E+1,3.8282915E+3,0.0000000E+0
11240021,29/9/2021,5:28:42 AM,-1.1526276E+1,-5.1925785E+1,3.8273987E+3,0.0000000E+0
11240022,29/9/2021,5:28:42 AM,-8.8637352E+0,-5.8214928E+1,3.8238276E+3,0.0000000E+0
11240023,29/9/2021,5:28:42 AM,-8.7269239E+0,-6.2864597E+1,3.8220420E+3,0.0000000E+0
11240024,29/9/2021,5:28:42 AM,-8.0691824E+0,-6.6224182E+1,3.8220420E+3,0.0000000E+0
11240025,29/9/2021,5:28:42 AM,-6.0012403E+0,-6.7460510E+1,3.8247205E+3,0.0000000E+0
11240026,29/9/2021,5:28:43 AM,-4.8034930E+0,-6.9771912E+1,3.8202566E+3,0.0000000E+0
11240027,29/9/2021,5:28:43 AM,-3.4899204E+0,-7.1653282E+1,3.8202566E+3,0.0000000E+0
11240028,29/9/2021,5:28:43 AM,-3.3148301E+0,-6.9449394E+1,3.8202566E+3,0.0000000E+0
11240029,29/9/2021,5:28:43 AM,-5.7355123E+0,-6.2837719E+1,3.8247205E+3,0.0000000E+0
11240030,29/9/2021,5:28:43 AM,-8.3375406E+0,-5.4909096E+1,3.8273987E+3,0.0000000E+0
11240031,29/9/2021,5:28:43 AM,-1.0287089E+1,-5.0259426E+1,3.8256133E+3,0.0000000E+0
11240032,29/9/2021,5:28:43 AM,-1.4178292E+1,-4.5556004E+1,3.8247205E+3,0.0000000E+0
11240033,29/9/2021,5:28:43 AM,-1.7569611E+1,-3.8890587E+1,3.8273987E+3,0.0000000E+0
11240034,29/9/2021,5:28:43 AM,-2.0453972E+1,-3.1096342E+1,3.8309702E+3,0.0000000E+0
11240035,29/9/2021,5:28:43 AM,-2.5534218E+1,-2.4108400E+1,3.8309702E+3,0.0000000E+0
11240036,29/9/2021,5:28:44 AM,-2.9470741E+1,-2.0238155E+1,3.8291846E+3,0.0000000E+0
11240037,29/9/2021,5:28:44 AM,-2.9976107E+1,-1.7756271E+1,3.8291846E+3,0.0000000E+0
11240038,29/9/2021,5:28:44 AM,-3.1252817E+1,-1.3369710E+1,3.8291846E+3,0.0000000E+0
11240039,29/9/2021,5:28:44 AM,-3.2582726E+1,-8.7226133E+0,3.8318628E+3,0.0000000E+0
11240040,29/9/2021,5:28:44 AM,-3.2901901E+1,-5.2716913E+0,3.8327556E+3,0.0000000E+0
11240041,29/9/2021,5:28:44 AM,-3.2768909E+1,-2.9764843E+0,3.8300774E+3,0.0000000E+0
11240042,29/9/2021,5:28:44 AM,-3.1811378E+1,-2.2984095E+0,3.8291846E+3,0.0000000E+0
11240043,29/9/2021,5:28:44 AM,-2.9656929E+1,-2.3356482E-1,3.8309702E+3,0.0000000E+0
11240044,29/9/2021,5:28:44 AM,-2.8007845E+1,2.7283106E+0,3.8309702E+3,0.0000000E+0
11240045,29/9/2021,5:28:44 AM,-2.6784330E+1,5.7264576E+0,3.8345413E+3,0.0000000E+0
11240046,29/9/2021,5:28:45 AM,-2.5693808E+1,8.8422461E+0,3.8345413E+3,0.0000000E+0
11240047,29/9/2021,5:28:45 AM,-2.4124516E+1,9.8950205E+0,3.8336484E+3,0.0000000E+0
11240048,29/9/2021,5:28:45 AM,-2.2555225E+1,1.0660675E+1,3.8327556E+3,0.0000000E+0
11240049,29/9/2021,5:28:45 AM,-1.8877203E+1,1.2529617E+1,3.8363269E+3,0.0000000E+0
11240050,29/9/2021,5:28:45 AM,-1.6472498E+1,1.3579733E+1,3.8372195E+3,0.0000000E+0
11240051,29/9/2021,5:28:45 AM,-1.4480854E+1,1.3223492E+1,3.8363269E+3,0.0000000E+0
11240052,29/9/2021,5:28:45 AM,-1.0665948E+1,1.0743090E+1,3.8381123E+3,0.0000000E+0
11240053,29/9/2021,5:28:45 AM,-7.7508345E+0,6.2236013E+0,3.8318628E+3,0.0000000E+0
11240054,29/9/2021,5:28:45 AM,-4.5650220E+0,2.8467937E+0,3.8345413E+3,0.0000000E+0
11240055,29/9/2021,5:28:45 AM,-8.7074834E-1,-3.3541617E-1,3.8354341E+3,0.0000000E+0
11240056,29/9/2021,5:28:46 AM,1.0972848E+0,-3.3127198E+0,3.8345413E+3,0.0000000E+0
11240057,29/9/2021,5:28:46 AM,1.2565298E+0,-7.6219845E+0,3.8309702E+3,0.0000000E+0
11240058,29/9/2021,5:28:46 AM,1.2391000E+0,-1.2412642E+1,3.8309702E+3,0.0000000E+0
11240059,29/9/2021,5:28:46 AM,3.0272386E+0,-1.5461968E+1,3.8309702E+3,0.0000000E+0
11240060,29/9/2021,5:28:46 AM,3.7513673E+0,-1.7341543E+1,3.8327556E+3,0.0000000E+0
11240061,29/9/2021,5:28:46 AM,2.5613878E+0,-1.9460386E+1,3.8309702E+3,0.0000000E+0
11240062,29/9/2021,5:28:46 AM,1.9450066E+0,-2.1770126E+1,3.8309702E+3,0.0000000E+0
11240063,29/9/2021,5:28:46 AM,4.4672030E-1,-2.3436481E+1,3.8309702E+3,0.0000000E+0
11240064,29/9/2021,5:28:46 AM,3.7785202E-1,-2.5640371E+1,3.8291846E+3,0.0000000E+0
11240065,29/9/2021,5:28:46 AM,2.8549993E-1,-2.7064837E+1,3.8327556E+3,0.0000000E+0
11240066,29/9/2021,5:28:47 AM,-3.3441436E+0,-2.8569931E+1,3.8291846E+3,0.0000000E+0
11240067,29/9/2021,5:28:47 AM,-4.6894069E+0,-3.0693192E+1,3.8309702E+3,0.0000000E+0
11240068,29/9/2021,5:28:47 AM,-6.7221260E+0,-3.1606998E+1,3.8291846E+3,0.0000000E+0
11240069,29/9/2021,5:28:47 AM,-1.0105552E+1,-3.3649628E+1,3.8273987E+3,0.0000000E+0
11240070,29/9/2021,5:28:47 AM,-1.2781247E+1,-3.5396614E+1,3.8273987E+3,0.0000000E+0
11240071,29/9/2021,5:28:47 AM,-1.6819786E+1,-3.5907272E+1,3.8291846E+3,0.0000000E+0
11240072,29/9/2021,5:28:47 AM,-2.2049860E+1,-3.6041653E+1,3.8256133E+3,0.0000000E+0
11240073,29/9/2021,5:28:47 AM,-2.6278965E+1,-3.6982338E+1,3.8256133E+3,0.0000000E+0
11240074,29/9/2021,5:28:47 AM,-2.9523937E+1,-3.7708012E+1,3.8247205E+3,0.0000000E+0
11240075,29/9/2021,5:28:47 AM,-3.3274277E+1,-3.6579189E+1,3.8256133E+3,0.0000000E+0
11240076,29/9/2021,5:28:48 AM,-3.6944820E+1,-3.5880394E+1,3.8256133E+3,0.0000000E+0
11240077,29/9/2021,5:28:48 AM,-4.0163197E+1,-3.4536560E+1,3.8256133E+3,0.0000000E+0
11240078,29/9/2021,5:28:48 AM,-4.2716618E+1,-3.3300228E+1,3.8247205E+3,0.0000000E+0
11240079,29/9/2021,5:28:48 AM,-4.3620953E+1,-3.1606998E+1,3.8256133E+3,0.0000000E+0
11240080,29/9/2021,5:28:48 AM,-4.3993328E+1,-2.8650560E+1,3.8273987E+3,0.0000000E+0
11240081,29/9/2021,5:28:48 AM,-4.4445496E+1,-2.6796068E+1,3.8256133E+3,0.0000000E+0
11240082,29/9/2021,5:28:48 AM,-4.3195381E+1,-2.5129713E+1,3.8273987E+3,0.0000000E+0
11240083,29/9/2021,5:28:48 AM,-4.0296185E+1,-2.2549551E+1,3.8291846E+3,0.0000000E+0
11240084,29/9/2021,5:28:48 AM,-3.8992878E+1,-2.0936949E+1,3.8273987E+3,0.0000000E+0
11240085,29/9/2021,5:28:48 AM,-3.5641510E+1,-2.0802565E+1,3.8282915E+3,0.0000000E+0
11240086,29/9/2021,5:28:49 AM,-3.2077362E+1,-1.9821945E+1,3.8291846E+3,0.0000000E+0
11240087,29/9/2021,5:28:49 AM,-2.8858984E+1,-1.7976931E+1,3.8309702E+3,0.0000000E+0
11240088,29/9/2021,5:28:49 AM,-2.6305565E+1,-1.6280792E+1,3.8318628E+3,0.0000000E+0
11240089,29/9/2021,5:28:49 AM,-2.5507618E+1,-1.5866062E+1,3.8282915E+3,0.0000000E+0
11240090,29/9/2021,5:28:49 AM,-2.3725542E+1,-1.6211670E+1,3.8291846E+3,0.0000000E+0
11240091,29/9/2021,5:28:49 AM,-1.9384981E+1,-1.5145603E+1,3.8318628E+3,0.0000000E+0
11240092,29/9/2021,5:28:49 AM,-1.7456480E+1,-1.3704683E+1,3.8327556E+3,0.0000000E+0
11240093,29/9/2021,5:28:49 AM,-1.5230680E+1,-1.4515533E+1,3.8309702E+3,0.0000000E+0
11240094,29/9/2021,5:28:49 AM,-1.2702317E+1,-1.5897964E+1,3.8309702E+3,0.0000000E+0
11240095,29/9/2021,5:28:49 AM,-1.0729092E+1,-1.6325987E+1,3.8309702E+3,0.0000000E+0
11240096,29/9/2021,5:28:50 AM,-8.9216156E+0,-1.6413719E+1,3.8309702E+3,0.0000000E+0
11240097,29/9/2021,5:28:50 AM,-5.0784082E+0,-1.6809839E+1,3.8327556E+3,0.0000000E+0
11240098,29/9/2021,5:28:50 AM,-2.2389364E+0,-1.7618029E+1,3.8318628E+3,0.0000000E+0
11240099,29/9/2021,5:28:50 AM,-9.6204501E-1,-1.8152391E+1,3.8309702E+3,0.0000000E+0
11240100,29/9/2021,5:28:50 AM,4.3220782E-1,-1.8125807E+1,3.8318628E+3,0.0000000E+0
11240101,29/9/2021,5:28:50 AM,2.0194795E+0,-1.8378366E+1,3.8309702E+3,0.0000000E+0
11240102,29/9/2021,5:28:50 AM,4.4953022E+0,-1.7511688E+1,3.8336484E+3,0.0000000E+0
11240103,29/9/2021,5:28:50 AM,5.6565833E+0,-1.7628662E+1,3.8318628E+3,0.0000000E+0
11240104,29/9/2021,5:28:50 AM,6.4090405E+0,-1.8208221E+1,3.8318628E+3,0.0000000E+0
11240105,29/9/2021,5:28:50 AM,6.3353734E+0,-1.8521927E+1,3.8309702E+3,0.0000000E+0
11240106,29/9/2021,5:28:51 AM,5.0736551E+0,-1.8274685E+1,3.8318628E+3,0.0000000E+0
11240107,29/9/2021,5:28:51 AM,5.8565369E+0,-1.8330513E+1,3.8327556E+3,0.0000000E+0
11240108,29/9/2021,5:28:51 AM,4.5872049E+0,-1.8325197E+1,3.8309702E+3,0.0000000E+0
11240109,29/9/2021,5:28:51 AM,2.1842701E+0,-1.7485102E+1,3.8327556E+3,0.0000000E+0
11240110,29/9/2021,5:28:51 AM,-1.4261802E+0,-1.6448280E+1,3.8291846E+3,0.0000000E+0
11240111,29/9/2021,5:28:51 AM,-4.4279604E+0,-1.6030891E+1,3.8309702E+3,0.0000000E+0
11240112,29/9/2021,5:28:51 AM,-5.9065256E+0,-1.4074219E+1,3.8327556E+3,0.0000000E+0
11240113,29/9/2021,5:28:51 AM,-9.0926294E+0,-1.1976645E+1,3.8318628E+3,0.0000000E+0
11240114,29/9/2021,5:28:51 AM,-1.2847021E+1,-1.1306697E+1,3.8309702E+3,0.0000000E+0
11240115,29/9/2021,5:28:51 AM,-1.4412449E+1,-1.0506482E+1,3.8309702E+3,0.0000000E+0
11240116,29/9/2021,5:28:52 AM,-1.6193615E+1,-8.6561499E+0,3.8309702E+3,0.0000000E+0
11240117,29/9/2021,5:28:52 AM,-1.7843231E+1,-6.3405762E+0,3.8336484E+3,0.0000000E+0
11240118,29/9/2021,5:28:52 AM,-1.9003489E+1,-6.3990641E+0,3.8327556E+3,0.0000000E+0
11240119,29/9/2021,5:28:52 AM,-1.9448122E+1,-6.7898664E+0,3.8327556E+3,0.0000000E+0
11240120,29/9/2021,5:28:52 AM,-2.0507168E+1,-7.5767894E+0,3.8309702E+3,0.0000000E+0
11240121,29/9/2021,5:28:52 AM,-2.1571095E+1,-8.4806871E+0,3.8318628E+3,0.0000000E+0
11240122,29/9/2021,5:28:52 AM,-2.1464701E+1,-9.5228281E+0,3.8327556E+3,0.0000000E+0
11240123,29/9/2021,5:28:52 AM,-2.2661617E+1,-1.1511403E+1,3.8291846E+3,0.0000000E+0
11240124,29/9/2021,5:28:52 AM,-2.4496889E+1,-1.2319593E+1,3.8327556E+3,0.0000000E+0
11240125,29/9/2021,5:28:52 AM,-2.5693808E+1,-1.5134970E+1,3.8291846E+3,0.0000000E+0
11240126,29/9/2021,5:28:53 AM,-2.7555674E+1,-1.7453201E+1,3.8273987E+3,0.0000000E+0
11240127,29/9/2021,5:28:53 AM,-2.8885582E+1,-1.7846663E+1,3.8309702E+3,0.0000000E+0
11240128,29/9/2021,5:28:53 AM,-3.1492201E+1,-1.9545458E+1,3.8273987E+3,0.0000000E+0
11240129,29/9/2021,5:28:53 AM,-3.3540257E+1,-2.1071333E+1,3.8291846E+3,0.0000000E+0
11240130,29/9/2021,5:28:53 AM,-3.5641510E+1,-2.1608866E+1,3.8282915E+3,0.0000000E+0
11240131,29/9/2021,5:28:53 AM,-3.7689568E+1,-2.2979578E+1,3.8265059E+3,0.0000000E+0
11240132,29/9/2021,5:28:53 AM,-3.7636372E+1,-2.3597742E+1,3.8291846E+3,0.0000000E+0
11240133,29/9/2021,5:28:53 AM,-3.7051212E+1,-2.5317852E+1,3.8256133E+3,0.0000000E+0
11240134,29/9/2021,5:28:53 AM,-3.5375530E+1,-2.6957329E+1,3.8291846E+3,0.0000000E+0
11240135,29/9/2021,5:28:53 AM,-3.2875305E+1,-2.8596807E+1,3.8273987E+3,0.0000000E+0
11240136,29/9/2021,5:28:54 AM,-3.0641060E+1,-3.0693192E+1,3.8273987E+3,0.0000000E+0
11240137,29/9/2021,5:28:54 AM,-2.5986385E+1,-3.2897079E+1,3.8291846E+3,0.0000000E+0
11240138,29/9/2021,5:28:54 AM,-2.1650888E+1,-3.5423492E+1,3.8273987E+3,0.0000000E+0
11240139,29/9/2021,5:28:54 AM,-1.8448355E+1,-3.6552311E+1,3.8291846E+3,0.0000000E+0
11240140,29/9/2021,5:28:54 AM,-1.5651634E+1,-3.8272419E+1,3.8273987E+3,0.0000000E+0
11240141,29/9/2021,5:28:54 AM,-1.3396895E+1,-3.9723763E+1,3.8273987E+3,0.0000000E+0
11240142,29/9/2021,5:28:54 AM,-1.1852515E+1,-3.9804390E+1,3.8273987E+3,0.0000000E+0
11240143,29/9/2021,5:28:54 AM,-1.2099827E+1,-3.8809956E+1,3.8282915E+3,0.0000000E+0
11240144,29/9/2021,5:28:54 AM,-1.3173262E+1,-3.6928585E+1,3.8291846E+3,0.0000000E+0
11240145,29/9/2021,5:28:54 AM,-1.5564813E+1,-3.5450363E+1,3.8273987E+3,0.0000000E+0
11240146,29/9/2021,5:28:55 AM,-1.9158716E+1,-3.3434612E+1,3.8273987E+3,0.0000000E+0
11240147,29/9/2021,5:28:55 AM,-2.0400776E+1,-3.0935080E+1,3.8291846E+3,0.0000000E+0
11240148,29/9/2021,5:28:55 AM,-2.2023262E+1,-2.9698751E+1,3.8273987E+3,0.0000000E+0
11240149,29/9/2021,5:28:55 AM,-2.2901001E+1,-2.8247412E+1,3.8282915E+3,0.0000000E+0
11240150,29/9/2021,5:28:55 AM,-2.3060589E+1,-2.7011084E+1,3.8282915E+3,0.0000000E+0
11240151,29/9/2021,5:28:55 AM,-2.2635019E+1,-2.6043524E+1,3.8273987E+3,0.0000000E+0
11240152,29/9/2021,5:28:55 AM,-2.0320982E+1,-2.4484673E+1,3.8291846E+3,0.0000000E+0
11240153,29/9/2021,5:28:55 AM,-1.7693268E+1,-2.4027769E+1,3.8291846E+3,0.0000000E+0
11240154,29/9/2021,5:28:55 AM,-1.5262252E+1,-2.2979578E+1,3.8291846E+3,0.0000000E+0
11240155,29/9/2021,5:28:55 AM,-1.2657592E+1,-2.1125086E+1,3.8291846E+3,0.0000000E+0
11240156,29/9/2021,5:28:56 AM,-1.1944599E+1,-1.8242783E+1,3.8318628E+3,0.0000000E+0
11240157,29/9/2021,5:28:56 AM,-1.1331585E+1,-1.6397770E+1,3.8300774E+3,0.0000000E+0
11240158,29/9/2021,5:28:56 AM,-1.0139756E+1,-1.4031684E+1,3.8327556E+3,0.0000000E+0
11240159,29/9/2021,5:28:56 AM,-9.8003607E+0,-1.0275191E+1,3.8327556E+3,0.0000000E+0
11240160,29/9/2021,5:28:56 AM,-1.2641808E+1,-6.3884306E+0,3.8327556E+3,0.0000000E+0
11240161,29/9/2021,5:28:56 AM,-1.5188585E+1,-3.8626919E+0,3.8336484E+3,0.0000000E+0
11240162,29/9/2021,5:28:56 AM,-1.6627728E+1,-1.8180671E+0,3.8327556E+3,0.0000000E+0
11240163,29/9/2021,5:28:56 AM,-1.8622002E+1,-2.4716051E-1,3.8327556E+3,0.0000000E+0
11240164,29/9/2021,5:28:56 AM,-1.9211338E+1,1.4025775E+0,3.8345413E+3,0.0000000E+0
11240165,29/9/2021,5:28:56 AM,-2.0076927E+1,1.7404130E+0,3.8327556E+3,0.0000000E+0
11240166,29/9/2021,5:28:57 AM,-1.9992735E+1,4.8472255E-1,3.8327556E+3,0.0000000E+0
11240167,29/9/2021,5:28:57 AM,-1.7367027E+1,-1.0078390E+0,3.8327556E+3,0.0000000E+0
11240168,29/9/2021,5:28:57 AM,-1.5149122E+1,-2.2583740E+0,3.8327556E+3,0.0000000E+0
11240169,29/9/2021,5:28:57 AM,-1.2549724E+1,-4.2477603E+0,3.8309702E+3,0.0000000E+0
11240170,29/9/2021,5:28:57 AM,-8.8058548E+0,-6.2900653E+0,3.8327556E+3,0.0000000E+0
11240171,29/9/2021,5:28:57 AM,-6.8405204E+0,-7.8878379E+0,3.8309702E+3,0.0000000E+0
11240172,29/9/2021,5:28:57 AM,-6.1406822E+0,-9.4696589E+0,3.8318628E+3,0.0000000E+0
11240173,29/9/2021,5:28:57 AM,-5.4919519E+0,-1.1301381E+1,3.8327556E+3,0.0000000E+0
11240174,29/9/2021,5:28:57 AM,-4.6244259E+0,-1.2577473E+1,3.8318628E+3,0.0000000E+0
11240175,29/9/2021,5:28:57 AM,-6.8115797E+0,-1.3999782E+1,3.8309702E+3,0.0000000E+0
11240176,29/9/2021,5:28:58 AM,-7.9586825E+0,-1.4770753E+1,3.8327556E+3,0.0000000E+0
11240177,29/9/2021,5:28:58 AM,-9.5346327E+0,-1.6209015E+1,3.8309702E+3,0.0000000E+0
11240178,29/9/2021,5:28:58 AM,-1.1831470E+1,-1.8147078E+1,3.8300774E+3,0.0000000E+0
11240179,29/9/2021,5:28:58 AM,-1.3488980E+1,-1.9813972E+1,3.8309702E+3,0.0000000E+0
11240180,29/9/2021,5:28:58 AM,-1.4249331E+1,-2.1931574E+1,3.8291846E+3,0.0000000E+0
11240181,29/9/2021,5:28:58 AM,-1.5196479E+1,-2.3651697E+1,3.8300774E+3,0.0000000E+0
11240182,29/9/2021,5:28:58 AM,-1.4896549E+1,-2.6715668E+1,3.8291846E+3,0.0000000E+0
11240183,29/9/2021,5:28:58 AM,-1.4830773E+1,-2.9887146E+1,3.8273987E+3,0.0000000E+0
11240184,29/9/2021,5:28:58 AM,-1.3315335E+1,-3.2198559E+1,3.8273987E+3,0.0000000E+0
11240185,29/9/2021,5:28:58 AM,-1.2494473E+1,-3.4724991E+1,3.8265059E+3,0.0000000E+0
11240186,29/9/2021,5:28:59 AM,-1.0310769E+1,-3.6203224E+1,3.8273987E+3,0.0000000E+0
11240187,29/9/2021,5:28:59 AM,-9.8503494E+0,-3.7332054E+1,3.8265059E+3,0.0000000E+0
11240188,29/9/2021,5:28:59 AM,-9.0978918E+0,-3.7170792E+1,3.8256133E+3,0.0000000E+0
11240189,29/9/2021,5:28:59 AM,-8.4427805E+0,-3.5477547E+1,3.8291846E+3,0.0000000E+0
11240190,29/9/2021,5:28:59 AM,-9.2952147E+0,-3.3703671E+1,3.8265059E+3,0.0000000E+0
11240191,29/9/2021,5:28:59 AM,-8.9900227E+0,-3.0344051E+1,3.8309702E+3,0.0000000E+0
11240192,29/9/2021,5:28:59 AM,-1.0113446E+1,-2.5963112E+1,3.8291846E+3,0.0000000E+0
11240193,29/9/2021,5:28:59 AM,-1.3115383E+1,-2.2254097E+1,3.8300774E+3,0.0000000E+0
11240194,29/9/2021,5:28:59 AM,-1.3846792E+1,-1.9872459E+1,3.8309702E+3,0.0000000E+0
11240195,29/9/2021,5:28:59 AM,-1.4301950E+1,-1.7532959E+1,3.8309702E+3,0.0000000E+0
11240196,29/9/2021,5:29:00 AM,-1.5367492E+1,-1.4052952E+1,3.8327556E+3,0.0000000E+0
11240197,29/9/2021,5:29:00 AM,-1.6067329E+1,-1.2976251E+1,3.8309702E+3,0.0000000E+0
11240198,29/9/2021,5:29:00 AM,-1.6475130E+1,-1.1857013E+1,3.8318628E+3,0.0000000E+0
11240199,29/9/2021,5:29:00 AM,-1.6685608E+1,-1.0602190E+1,3.8309702E+3,0.0000000E+0
11240200,29/9/2021,5:29:00 AM,-1.6719810E+1,-1.0118338E+1,3.8309702E+3,0.0000000E+0
11240201,29/9/2021,5:29:00 AM,-1.5751614E+1,-1.0139606E+1,3.8327556E+3,0.0000000E+0
11240202,29/9/2021,5:29:00 AM,-1.6472500E+1,-1.0195436E+1,3.8300774E+3,0.0000000E+0
11240203,29/9/2021,5:29:00 AM,-1.6685608E+1,-9.6504383E+0,3.8327556E+3,0.0000000E+0
11240204,29/9/2021,5:29:00 AM,-1.7703794E+1,-8.7704678E+0,3.8327556E+3,0.0000000E+0
11240205,29/9/2021,5:29:00 AM,-1.9887497E+1,-9.5068779E+0,3.8309702E+3,0.0000000E+0
11240206,29/9/2021,5:29:01 AM,-2.0188162E+1,-1.0102387E+1,3.8327556E+3,0.0000000E+0
11240207,29/9/2021,5:29:01 AM,-2.1890459E+1,-9.8418522E+0,3.8309702E+3,0.0000000E+0
11240208,29/9/2021,5:29:01 AM,-2.5082264E+1,-1.0506482E+1,3.8309702E+3,0.0000000E+0
11240209,29/9/2021,5:29:01 AM,-2.6412182E+1,-1.2082987E+1,3.8309702E+3,0.0000000E+0
11240210,29/9/2021,5:29:01 AM,-2.7662304E+1,-1.3933319E+1,3.8291846E+3,0.0000000E+0
11240211,29/9/2021,5:29:01 AM,-2.8274067E+1,-1.5342337E+1,3.8309702E+3,0.0000000E+0
11240212,29/9/2021,5:29:01 AM,-2.8433657E+1,-1.7171400E+1,3.8291846E+3,0.0000000E+0
11240213,29/9/2021,5:29:01 AM,-2.8593248E+1,-1.8721317E+1,3.8291846E+3,0.0000000E+0
11240214,29/9/2021,5:29:01 AM,-2.7848494E+1,-2.0856497E+1,3.8291846E+3,0.0000000E+0
11240215,29/9/2021,5:29:01 AM,-2.6704762E+1,-2.2254097E+1,3.8291846E+3,0.0000000E+0
11240216,29/9/2021,5:29:02 AM,-2.5561033E+1,-2.3651697E+1,3.8291846E+3,0.0000000E+0
11240217,29/9/2021,5:29:02 AM,-2.4337507E+1,-2.5183683E+1,3.8282915E+3,0.0000000E+0
11240218,29/9/2021,5:29:02 AM,-2.3699148E+1,-2.6205008E+1,3.8291846E+3,0.0000000E+0
11240219,29/9/2021,5:29:02 AM,-2.3220377E+1,-2.6903805E+1,3.8282915E+3,0.0000000E+0
11240220,29/9/2021,5:29:02 AM,-2.3938532E+1,-2.6796297E+1,3.8291846E+3,0.0000000E+0
11240221,29/9/2021,5:29:02 AM,-2.3858738E+1,-2.7091946E+1,3.8291846E+3,0.0000000E+0
11240222,29/9/2021,5:29:02 AM,-2.3965132E+1,-2.8167023E+1,3.8273987E+3,0.0000000E+0
11240223,29/9/2021,5:29:02 AM,-2.4231115E+1,-2.8382036E+1,3.8282915E+3,0.0000000E+0
11240224,29/9/2021,5:29:02 AM,-2.3539558E+1,-2.7468222E+1,3.8291846E+3,0.0000000E+0
11240225,29/9/2021,5:29:02 AM,-2.3699148E+1,-2.7495098E+1,3.8282915E+3,0.0000000E+0
11240226,29/9/2021,5:29:03 AM,-2.3911934E+1,-2.8113268E+1,3.8273987E+3,0.0000000E+0
11240227,29/9/2021,5:29:03 AM,-2.2342630E+1,-2.8812067E+1,3.8291846E+3,0.0000000E+0
11240228,29/9/2021,5:29:03 AM,-2.1252096E+1,-2.8301407E+1,3.8291846E+3,0.0000000E+0
11240229,29/9/2021,5:29:03 AM,-2.1571278E+1,-2.7629482E+1,3.8291846E+3,0.0000000E+0
11240230,29/9/2021,5:29:03 AM,-2.1624474E+1,-2.8408915E+1,3.8291846E+3,0.0000000E+0
11240231,29/9/2021,5:29:03 AM,-2.1145704E+1,-2.8919577E+1,3.8282915E+3,0.0000000E+0
11240232,29/9/2021,5:29:03 AM,-2.1730867E+1,-2.9242098E+1,3.8291846E+3,0.0000000E+0
11240233,29/9/2021,5:29:03 AM,-2.1624474E+1,-2.9860270E+1,3.8273987E+3,0.0000000E+0
11240234,29/9/2021,5:29:03 AM,-2.1597876E+1,-2.9914022E+1,3.8291846E+3,0.0000000E+0
11240235,29/9/2021,5:29:03 AM,-2.1704269E+1,-3.0532190E+1,3.8273987E+3,0.0000000E+0
11240236,29/9/2021,5:29:04 AM,-2.2369228E+1,-3.0559067E+1,3.8273987E+3,0.0000000E+0
11240237,29/9/2021,5:29:04 AM,-2.2608614E+1,-3.0290298E+1,3.8273987E+3,0.0000000E+0
11240238,29/9/2021,5:29:04 AM,-2.3087385E+1,-2.9860270E+1,3.8265059E+3,0.0000000E+0
11240239,29/9/2021,5:29:04 AM,-2.2369228E+1,-2.8193899E+1,3.8291846E+3,0.0000000E+0
11240240,29/9/2021,5:29:04 AM,-2.2262836E+1,-2.7280083E+1,3.8256133E+3,0.0000000E+0
11240241,29/9/2021,5:29:04 AM,-2.2209639E+1,-2.6420021E+1,3.8282915E+3,0.0000000E+0
11240242,29/9/2021,5:29:04 AM,-2.0321154E+1,-2.5156805E+1,3.8273987E+3,0.0000000E+0
11240243,29/9/2021,5:29:04 AM,-1.8508869E+1,-2.2630375E+1,3.8291846E+3,0.0000000E+0
11240244,29/9/2021,5:29:04 AM,-1.6317272E+1,-2.0748989E+1,3.8291846E+3,0.0000000E+0
11240245,29/9/2021,5:29:04 AM,-1.4307212E+1,-1.8646881E+1,3.8291846E+3,0.0000000E+0
11240246,29/9/2021,5:29:05 AM,-1.2194543E+1,-1.6905548E+1,3.8318628E+3,0.0000000E+0
11240247,29/9/2021,5:29:05 AM,-9.9713736E+0,-1.4063587E+1,3.8309702E+3,0.0000000E+0
11240248,29/9/2021,5:29:05 AM,-9.3136320E+0,-1.0410776E+1,3.8327556E+3,0.0000000E+0
11240249,29/9/2021,5:29:05 AM,-7.5114179E+0,-8.7332478E+0,3.8327556E+3,0.0000000E+0
11240250,29/9/2021,5:29:05 AM,-5.1084971E+0,-6.6675758E+0,3.8345413E+3,0.0000000E+0
11240251,29/9/2021,5:29:05 AM,-4.3249516E+0,-3.4816265E+0,3.8345413E+3,0.0000000E+0
11240252,29/9/2021,5:29:05 AM,-4.7424731E+0,-1.4912283E+0,3.8327556E+3,0.0000000E+0
11240253,29/9/2021,5:29:05 AM,-4.8058538E+0,1.1918095E-1,3.8345413E+3,0.0000000E+0
11240254,29/9/2021,5:29:05 AM,-3.6855972E+0,1.8981229E+0,3.8354341E+3,0.0000000E+0
11240255,29/9/2021,5:29:05 AM,-3.9113913E+0,3.0133002E+0,3.8345413E+3,0.0000000E+0
11240256,29/9/2021,5:29:06 AM,-3.1112080E+0,3.0381174E+0,3.8354341E+3,0.0000000E+0
11240257,29/9/2021,5:29:06 AM,-2.1509881E+0,2.7307031E+0,3.8336484E+3,0.0000000E+0
11240258,29/9/2021,5:29:06 AM,-1.8515135E+0,3.4872305E+0,3.8345413E+3,0.0000000E+0
11240259,29/9/2021,5:29:06 AM,-5.7600790E-1,2.7267003E+0,3.8345413E+3,0.0000000E+0
11240260,29/9/2021,5:29:06 AM,1.8221997E+0,7.8440797E-1,3.8345413E+3,0.0000000E+0
11240261,29/9/2021,5:29:06 AM,3.9224830E+0,-8.3266699E-1,3.8345413E+3,0.0000000E+0
11240262,29/9/2021,5:29:06 AM,4.4445829E+0,-2.8099582E+0,3.8345413E+3,0.0000000E+0
11240263,29/9/2021,5:29:06 AM,5.8091803E+0,-5.7424097E+0,3.8336484E+3,0.0000000E+0
11240264,29/9/2021,5:29:06 AM,7.6640139E+0,-7.7043996E+0,3.8345413E+3,0.0000000E+0
11240265,29/9/2021,5:29:06 AM,7.4272265E+0,-9.8046322E+0,3.8345413E+3,0.0000000E+0
11240266,29/9/2021,5:29:07 AM,8.0034094E+0,-1.2048427E+1,3.8336484E+3,0.0000000E+0
11240267,29/9/2021,5:29:07 AM,6.8615680E+0,-1.4188538E+1,3.8336484E+3,0.0000000E+0
11240268,29/9/2021,5:29:07 AM,4.0278540E+0,-1.6629061E+1,3.8327556E+3,0.0000000E+0
11240269,29/9/2021,5:29:07 AM,1.5132180E+0,-1.8723976E+1,3.8345413E+3,0.0000000E+0
11240270,29/9/2021,5:29:07 AM,-2.9487946E+0,-2.1179020E+1,3.8300774E+3,0.0000000E+0
11240271,29/9/2021,5:29:07 AM,-7.7902999E+0,-2.3571066E+1,3.8318628E+3,0.0000000E+0
11240272,29/9/2021,5:29:07 AM,-1.1449979E+1,-2.6043743E+1,3.8291846E+3,0.0000000E+0
11240273,29/9/2021,5:29:07 AM,-1.8222095E+1,-2.8543299E+1,3.8273987E+3,0.0000000E+0
11240274,29/9/2021,5:29:07 AM,-2.3433163E+1,-3.0908468E+1,3.8273987E+3,0.0000000E+0
11240275,29/9/2021,5:29:07 AM,-2.8087879E+1,-3.2198559E+1,3.8273987E+3,0.0000000E+0
11240276,29/9/2021,5:29:08 AM,-3.3912922E+1,-3.4402470E+1,3.8256133E+3,0.0000000E+0
11240277,29/9/2021,5:29:08 AM,-3.7397308E+1,-3.6391361E+1,3.8247205E+3,0.0000000E+0
11240278,29/9/2021,5:29:08 AM,-4.0163540E+1,-3.7896469E+1,3.8247205E+3,0.0000000E+0
11240279,29/9/2021,5:29:08 AM,-4.3860710E+1,-3.8057732E+1,3.8238276E+3,0.0000000E+0
11240280,29/9/2021,5:29:08 AM,-4.6174770E+1,-3.7493317E+1,3.8247205E+3,0.0000000E+0
11240281,29/9/2021,5:29:08 AM,-4.7371696E+1,-3.7869595E+1,3.8247205E+3,0.0000000E+0
11240282,29/9/2021,5:29:08 AM,-4.8169647E+1,-3.7090164E+1,3.8238276E+3,0.0000000E+0
11240283,29/9/2021,5:29:08 AM,-4.8488827E+1,-3.5934452E+1,3.8265059E+3,0.0000000E+0
11240284,29/9/2021,5:29:08 AM,-4.8941002E+1,-3.4563732E+1,3.8247205E+3,0.0000000E+0
11240285,29/9/2021,5:29:08 AM,-4.8675014E+1,-3.2951115E+1,3.8273987E+3,0.0000000E+0
11240286,29/9/2021,5:29:09 AM,-4.7744072E+1,-3.0693455E+1,3.8273987E+3,0.0000000E+0
11240287,29/9/2021,5:29:09 AM,-4.6068375E+1,-2.9483990E+1,3.8273987E+3,0.0000000E+0
11240288,29/9/2021,5:29:09 AM,-4.3887310E+1,-2.8838943E+1,3.8291846E+3,0.0000000E+0
11240289,29/9/2021,5:29:09 AM,-4.2743580E+1,-2.9483990E+1,3.8238276E+3,0.0000000E+0
11240290,29/9/2021,5:29:09 AM,-3.9897552E+1,-2.9053961E+1,3.8273987E+3,0.0000000E+0
11240291,29/9/2021,5:29:09 AM,-3.5907799E+1,-2.8193899E+1,3.8273987E+3,0.0000000E+0
11240292,29/9/2021,5:29:09 AM,-3.3620338E+1,-2.7952005E+1,3.8291846E+3,0.0000000E+0
11240293,29/9/2021,5:29:09 AM,-3.0162550E+1,-2.8435791E+1,3.8256133E+3,0.0000000E+0
11240294,29/9/2021,5:29:09 AM,-2.7662304E+1,-2.7280083E+1,3.8256133E+3,0.0000000E+0
11240295,29/9/2021,5:29:09 AM,-2.3991730E+1,-2.4807405E+1,3.8291846E+3,0.0000000E+0
11240296,29/9/2021,5:29:10 AM,-1.8811432E+1,-2.2845388E+1,3.8291846E+3,0.0000000E+0
11240297,29/9/2021,5:29:10 AM,-1.3841530E+1,-2.0722113E+1,3.8309702E+3,0.0000000E+0
11240298,29/9/2021,5:29:10 AM,-9.2110233E+0,-1.9635851E+1,3.8300774E+3,0.0000000E+0
11240299,29/9/2021,5:29:10 AM,-4.7781248E+0,-1.8022127E+1,3.8318628E+3,0.0000000E+0
11240300,29/9/2021,5:29:10 AM,-2.5779191E-1,-1.6076088E+1,3.8318628E+3,0.0000000E+0
11240301,29/9/2021,5:29:10 AM,4.8613119E+0,-1.4138024E+1,3.8345413E+3,0.0000000E+0
11240302,29/9/2021,5:29:10 AM,9.5740976E+0,-1.3098542E+1,3.8354341E+3,0.0000000E+0
11240303,29/9/2021,5:29:10 AM,1.2786511E+1,-1.2492399E+1,3.8336484E+3,0.0000000E+0
11240304,29/9/2021,5:29:10 AM,1.4617665E+1,-1.1354551E+1,3.8354341E+3,0.0000000E+0
11240305,29/9/2021,5:29:10 AM,1.5138597E+1,-9.3473673E+0,3.8345413E+3,0.0000000E+0
11240306,29/9/2021,5:29:11 AM,1.4209866E+1,-7.5608392E+0,3.8363269E+3,0.0000000E+0
11240307,29/9/2021,5:29:11 AM,1.4470332E+1,-6.0880175E+0,3.8363269E+3,0.0000000E+0
11240308,29/9/2021,5:29:11 AM,1.1715707E+1,-5.5118413E+0,3.8354341E+3,0.0000000E+0
11240309,29/9/2021,5:29:11 AM,8.3954239E+0,-6.0640912E+0,3.8327556E+3,0.0000000E+0
11240310,29/9/2021,5:29:11 AM,4.9643059E+0,-5.9045796E+0,3.8336484E+3,0.0000000E+0
11240311,29/9/2021,5:29:11 AM,3.5067087E-1,-4.9834733E+0,3.8336484E+3,0.0000000E+0
11240312,29/9/2021,5:29:11 AM,-3.5469515E+0,-4.3310184E+0,3.8345413E+3,0.0000000E+0
11240313,29/9/2021,5:29:11 AM,-6.5458517E+0,-4.9514508E+0,3.8336484E+3,0.0000000E+0
11240314,29/9/2021,5:29:11 AM,-1.1494705E+1,-5.5190463E+0,3.8309702E+3,0.0000000E+0
11240315,29/9/2021,5:29:11 AM,-1.4975477E+1,-6.3139920E+0,3.8318628E+3,0.0000000E+0
11240316,29/9/2021,5:29:12 AM,-1.6483023E+1,-7.1806703E+0,3.8318628E+3,0.0000000E+0
11240317,29/9/2021,5:29:12 AM,-1.8656204E+1,-7.3454990E+0,3.8327556E+3,0.0000000E+0
11240318,29/9/2021,5:29:12 AM,-1.9611246E+1,-9.0948067E+0,3.8327556E+3,0.0000000E+0
11240319,29/9/2021,5:29:12 AM,-2.3140583E+1,-1.0809554E+1,3.8309702E+3,0.0000000E+0
11240320,29/9/2021,5:29:12 AM,-2.6385582E+1,-1.3127786E+1,3.8291846E+3,0.0000000E+0
11240321,29/9/2021,5:29:12 AM,-3.0056158E+1,-1.3866855E+1,3.8309702E+3,0.0000000E+0
11240322,29/9/2021,5:29:12 AM,-3.3567142E+1,-1.5469946E+1,3.8291846E+3,0.0000000E+0
11240323,29/9/2021,5:29:12 AM,-3.6705750E+1,-1.7352179E+1,3.8291846E+3,0.0000000E+0
11240324,29/9/2021,5:29:12 AM,-4.0828495E+1,-1.9090853E+1,3.8291846E+3,0.0000000E+0
11240325,29/9/2021,5:29:12 AM,-4.5988579E+1,-2.1017757E+1,3.8247205E+3,0.0000000E+0
11240326,29/9/2021,5:29:13 AM,-4.9206985E+1,-2.3033527E+1,3.8256133E+3,0.0000000E+0
11240327,29/9/2021,5:29:13 AM,-5.0909279E+1,-2.4404251E+1,3.8265059E+3,0.0000000E+0
11240328,29/9/2021,5:29:13 AM,-5.1228458E+1,-2.6043743E+1,3.8256133E+3,0.0000000E+0
11240329,29/9/2021,5:29:13 AM,-5.1148663E+1,-2.7495098E+1,3.8256133E+3,0.0000000E+0
11240330,29/9/2021,5:29:13 AM,-4.9685757E+1,-2.9618374E+1,3.8238276E+3,0.0000000E+0
11240331,29/9/2021,5:29:13 AM,-4.6520550E+1,-3.1499760E+1,3.8238276E+3,0.0000000E+0
11240332,29/9/2021,5:29:13 AM,-4.1067883E+1,-3.1741653E+1,3.8273987E+3,0.0000000E+0
11240333,29/9/2021,5:29:13 AM,-3.5641815E+1,-3.2897362E+1,3.8256133E+3,0.0000000E+0
11240334,29/9/2021,5:29:13 AM,-3.0082756E+1,-3.4832500E+1,3.8256133E+3,0.0000000E+0
11240335,29/9/2021,5:29:13 AM,-2.3512960E+1,-3.4483101E+1,3.8273987E+3,0.0000000E+0
11240336,29/9/2021,5:29:14 AM,-1.7756413E+1,-3.4079945E+1,3.8291846E+3,0.0000000E+0
11240337,29/9/2021,5:29:14 AM,-1.2415545E+1,-3.4590607E+1,3.8282915E+3,0.0000000E+0
11240338,29/9/2021,5:29:14 AM,-6.4774470E+0,-3.5101269E+1,3.8291846E+3,0.0000000E+0
11240339,29/9/2021,5:29:14 AM,-2.1684177E+0,-3.4268085E+1,3.8291846E+3,0.0000000E+0
11240340,29/9/2021,5:29:14 AM,2.1002834E+0,-3.3972439E+1,3.8309702E+3,0.0000000E+0
11240341,29/9/2021,5:29:14 AM,7.3482976E+0,-3.4026192E+1,3.8309702E+3,0.0000000E+0
11240342,29/9/2021,5:29:14 AM,1.1657825E+1,-3.4294964E+1,3.8309702E+3,0.0000000E+0
11240343,29/9/2021,5:29:14 AM,1.6148891E+1,-3.4751869E+1,3.8309702E+3,0.0000000E+0
11240344,29/9/2021,5:29:14 AM,1.8935087E+1,-3.4698116E+1,3.8309702E+3,0.0000000E+0
11240345,29/9/2021,5:29:14 AM,2.0613737E+1,-3.4886253E+1,3.8291846E+3,0.0000000E+0
11240346,29/9/2021,5:29:15 AM,2.3113983E+1,-3.3434902E+1,3.8318628E+3,0.0000000E+0
11240347,29/9/2021,5:29:15 AM,2.4470501E+1,-3.0989100E+1,3.8309702E+3,0.0000000E+0
11240348,29/9/2021,5:29:15 AM,2.3512960E+1,-2.8570175E+1,3.8309702E+3,0.0000000E+0
11240349,29/9/2021,5:29:15 AM,2.2794804E+1,-2.5694344E+1,3.8327556E+3,0.0000000E+0
11240350,29/9/2021,5:29:15 AM,2.1810663E+1,-2.2737881E+1,3.8309702E+3,0.0000000E+0
11240351,29/9/2021,5:29:15 AM,1.9997997E+1,-1.9622557E+1,3.8327556E+3,0.0000000E+0
11240352,29/9/2021,5:29:15 AM,1.6806633E+1,-1.5666677E+1,3.8327556E+3,0.0000000E+0
11240353,29/9/2021,5:29:15 AM,1.2768094E+1,-1.1649648E+1,3.8327556E+3,0.0000000E+0
11240354,29/9/2021,5:29:15 AM,7.6035013E+0,-7.6033754E+0,3.8327556E+3,0.0000000E+0
11240355,29/9/2021,5:29:15 AM,2.2452672E+0,-4.2053308E+0,3.8327556E+3,0.0000000E+0
11240356,29/9/2021,5:29:16 AM,-2.6136682E+0,2.4822700E-1,3.8354341E+3,0.0000000E+0
11240357,29/9/2021,5:29:16 AM,-9.6845980E+0,5.7796292E+0,3.8354341E+3,0.0000000E+0
11240358,29/9/2021,5:29:16 AM,-1.7640650E+1,1.0519775E+1,3.8345413E+3,0.0000000E+0
11240359,29/9/2021,5:29:16 AM,-2.4018328E+1,1.4935581E+1,3.8363269E+3,0.0000000E+0
11240360,29/9/2021,5:29:16 AM,-3.0641323E+1,1.8256077E+1,3.8354341E+3,0.0000000E+0
11240361,29/9/2021,5:29:16 AM,-3.7530300E+1,2.2173466E+1,3.8381123E+3,0.0000000E+0
11240362,29/9/2021,5:29:16 AM,-4.3727722E+1,2.3356052E+1,3.8363269E+3,0.0000000E+0
11240363,29/9/2021,5:29:16 AM,-5.0350716E+1,2.2549744E+1,3.8327556E+3,0.0000000E+0
11240364,29/9/2021,5:29:16 AM,-5.4260674E+1,1.9521534E+1,3.8327556E+3,0.0000000E+0
11240365,29/9/2021,5:29:16 AM,-5.6654526E+1,1.5273215E+1,3.8309702E+3,0.0000000E+0
11240366,29/9/2021,5:29:17 AM,-5.8197231E+1,1.1421015E+1,3.8327556E+3,0.0000000E+0
11240367,29/9/2021,5:29:17 AM,-5.9633545E+1,6.4548941E+0,3.8309702E+3,0.0000000E+0
11240368,29/9/2021,5:29:17 AM,-5.9048382E+1,-3.4687790E-1,3.8282915E+3,0.0000000E+0
11240369,29/9/2021,5:29:17 AM,-5.7213097E+1,-6.7207460E+0,3.8291846E+3,0.0000000E+0
11240370,29/9/2021,5:29:17 AM,-5.5377808E+1,-1.3348443E+1,3.8256133E+3,0.0000000E+0
11240371,29/9/2021,5:29:17 AM,-5.2239201E+1,-1.8500662E+1,3.8273987E+3,0.0000000E+0
11240372,29/9/2021,5:29:17 AM,-5.0244324E+1,-2.3167912E+1,3.8273987E+3,0.0000000E+0
11240373,29/9/2021,5:29:17 AM,-4.7930264E+1,-2.9161469E+1,3.8256133E+3,0.0000000E+0
11240374,29/9/2021,5:29:17 AM,-4.4206490E+1,-3.3300518E+1,3.8273987E+3,0.0000000E+0
11240375,29/9/2021,5:29:17 AM,-4.2105221E+1,-3.6687008E+1,3.8238276E+3,0.0000000E+0
11240376,29/9/2021,5:29:18 AM,-3.9791161E+1,-4.0584164E+1,3.8256133E+3,0.0000000E+0
11240377,29/9/2021,5:29:18 AM,-3.6226978E+1,-4.4185673E+1,3.8256133E+3,0.0000000E+0
11240378,29/9/2021,5:29:18 AM,-3.4365093E+1,-4.7706551E+1,3.8256133E+3,0.0000000E+0
11240379,29/9/2021,5:29:18 AM,-3.0721117E+1,-5.2114365E+1,3.8256133E+3,0.0000000E+0
11240380,29/9/2021,5:29:18 AM,-2.6066402E+1,-5.6414677E+1,3.8238276E+3,0.0000000E+0
11240381,29/9/2021,5:29:18 AM,-2.2316032E+1,-5.9586155E+1,3.8238276E+3,0.0000000E+0
11240382,29/9/2021,5:29:18 AM,-1.7114456E+1,-6.4208984E+1,3.8220420E+3,0.0000000E+0
11240383,29/9/2021,5:29:18 AM,-1.1999851E+1,-6.7917999E+1,3.8220420E+3,0.0000000E+0
11240384,29/9/2021,5:29:18 AM,-6.2722306E+0,-7.0417557E+1,3.8220420E+3,0.0000000E+0
11240385,29/9/2021,5:29:18 AM,-1.1187693E+0,-7.1573257E+1,3.8211492E+3,0.0000000E+0
11240386,29/9/2021,5:29:19 AM,2.4686844E+0,-7.0981972E+1,3.8220420E+3,0.0000000E+0
11240387,29/9/2021,5:29:19 AM,6.0249195E+0,-6.8643677E+1,3.8238276E+3,0.0000000E+0
11240388,29/9/2021,5:29:19 AM,1.0055565E+1,-6.4961540E+1,3.8229348E+3,0.0000000E+0
11240389,29/9/2021,5:29:19 AM,1.2686535E+1,-5.9290504E+1,3.8256133E+3,0.0000000E+0
11240390,29/9/2021,5:29:19 AM,1.3952031E+1,-5.2840042E+1,3.8273987E+3,0.0000000E+0
11240391,29/9/2021,5:29:19 AM,1.4757108E+1,-4.5153240E+1,3.8273987E+3,0.0000000E+0
11240392,29/9/2021,5:29:19 AM,1.3891519E+1,-3.6606377E+1,3.8309702E+3,0.0000000E+0
11240393,29/9/2021,5:29:19 AM,1.3823113E+1,-2.8812067E+1,3.8309702E+3,0.0000000E+0
11240394,29/9/2021,5:29:19 AM,1.4415082E+1,-2.1420912E+1,3.8327556E+3,0.0000000E+0
11240395,29/9/2021,5:29:19 AM,1.3599480E+1,-1.3502639E+1,3.8345413E+3,0.0000000E+0
11240396,29/9/2021,5:29:20 AM,1.2052470E+1,-5.5217524E+0,3.8363269E+3,0.0000000E+0
11240397,29/9/2021,5:29:20 AM,1.0613330E+1,1.1592079E+0,3.8381123E+3,0.0000000E+0
11240398,29/9/2021,5:29:20 AM,8.7479734E+0,6.4894547E+0,3.8363269E+3,0.0000000E+0
11240399,29/9/2021,5:29:20 AM,6.6221495E+0,1.1346576E+1,3.8381123E+3,0.0000000E+0
11240400,29/9/2021,5:29:20 AM,4.7448497E+0,1.5552360E+1,3.8381123E+3,0.0000000E+0
11240401,29/9/2021,5:29:20 AM,4.7151908E-1,2.0937128E+1,3.8390051E+3,0.0000000E+0
11240402,29/9/2021,5:29:20 AM,-5.5949454E+0,2.5882483E+1,3.8390051E+3,0.0000000E+0
11240403,29/9/2021,5:29:20 AM,-1.0673842E+1,2.9833393E+1,3.8398979E+3,0.0000000E+0
11240404,29/9/2021,5:29:20 AM,-1.5493778E+1,3.2440456E+1,3.8381123E+3,0.0000000E+0
11240405,29/9/2021,5:29:20 AM,-1.7374922E+1,3.2709225E+1,3.8390051E+3,0.0000000E+0
11240406,29/9/2021,5:29:21 AM,-2.0560539E+1,3.4348717E+1,3.8398979E+3,0.0000000E+0
11240407,29/9/2021,5:29:21 AM,-2.5162060E+1,3.3918682E+1,3.8390051E+3,0.0000000E+0
11240408,29/9/2021,5:29:21 AM,-2.7768700E+1,3.0317175E+1,3.8363269E+3,0.0000000E+0
11240409,29/9/2021,5:29:21 AM,-2.8061279E+1,2.6178127E+1,3.8354341E+3,0.0000000E+0
11240410,29/9/2021,5:29:21 AM,-2.8087879E+1,2.0990881E+1,3.8363269E+3,0.0000000E+0
11240411,29/9/2021,5:29:21 AM,-2.5773819E+1,1.4986094E+1,3.8363269E+3,0.0000000E+0
11240412,29/9/2021,5:29:21 AM,-2.7263329E+1,1.0437361E+1,3.8354341E+3,0.0000000E+0
11240413,29/9/2021,5:29:21 AM,-3.0960501E+1,3.7305999E+0,3.8309702E+3,0.0000000E+0
11240414,29/9/2021,5:29:21 AM,-3.2157429E+1,-4.0155988E+0,3.8291846E+3,0.0000000E+0
11240415,29/9/2021,5:29:21 AM,-3.0774313E+1,-1.0891969E+1,3.8291846E+3,0.0000000E+0
11240416,29/9/2021,5:29:22 AM,-3.1545668E+1,-1.4842533E+1,3.8309702E+3,0.0000000E+0
11240417,29/9/2021,5:29:22 AM,-3.3301159E+1,-1.9933605E+1,3.8291846E+3,0.0000000E+0
11240418,29/9/2021,5:29:22 AM,-3.5801407E+1,-2.5398699E+1,3.8265059E+3,0.0000000E+0
11240419,29/9/2021,5:29:22 AM,-3.8886814E+1,-2.9591497E+1,3.8247205E+3,0.0000000E+0
11240420,29/9/2021,5:29:22 AM,-3.9179401E+1,-3.4671238E+1,3.8256133E+3,0.0000000E+0
11240421,29/9/2021,5:29:22 AM,-3.8009071E+1,-3.9428452E+1,3.8247205E+3,0.0000000E+0
11240422,29/9/2021,5:29:22 AM,-3.8381447E+1,-4.2922455E+1,3.8256133E+3,0.0000000E+0
11240423,29/9/2021,5:29:22 AM,-3.8381447E+1,-4.5798286E+1,3.8247205E+3,0.0000000E+0
11240424,29/9/2021,5:29:22 AM,-3.7450504E+1,-4.9802948E+1,3.8229348E+3,0.0000000E+0
11240425,29/9/2021,5:29:22 AM,-3.3620338E+1,-5.4909565E+1,3.8211492E+3,0.0000000E+0
11240426,29/9/2021,5:29:23 AM,-2.7289927E+1,-5.8806721E+1,3.8220420E+3,0.0000000E+0
11240427,29/9/2021,5:29:23 AM,-2.2050049E+1,-6.0284950E+1,3.8238276E+3,0.0000000E+0
11240428,29/9/2021,5:29:23 AM,-1.8566751E+1,-6.1252518E+1,3.8238276E+3,0.0000000E+0
11240429,29/9/2021,5:29:23 AM,-1.4822882E+1,-6.1575047E+1,3.8238276E+3,0.0000000E+0
11240430,29/9/2021,5:29:23 AM,-1.1386836E+1,-6.0929996E+1,3.8220420E+3,0.0000000E+0
11240431,29/9/2021,5:29:23 AM,-8.8216400E+0,-5.9451763E+1,3.8238276E+3,0.0000000E+0
11240432,29/9/2021,5:29:23 AM,-6.3169570E+0,-5.6656567E+1,3.8256133E+3,0.0000000E+0
11240433,29/9/2021,5:29:23 AM,-4.9722285E+0,-5.1281181E+1,3.8282915E+3,0.0000000E+0
11240434,29/9/2021,5:29:23 AM,-5.1774240E+0,-4.6685226E+1,3.8273987E+3,0.0000000E+0
11240435,29/9/2021,5:29:23 AM,-6.5853162E+0,-4.1793625E+1,3.8273987E+3,0.0000000E+0
11240436,29/9/2021,5:29:24 AM,-8.5243406E+0,-3.7305176E+1,3.8291846E+3,0.0000000E+0
11240437,29/9/2021,5:29:24 AM,-7.9639444E+0,-3.3354271E+1,3.8291846E+3,0.0000000E+0
11240438,29/9/2021,5:29:24 AM,-7.8192410E+0,-2.7817621E+1,3.8318628E+3,0.0000000E+0
11240439,29/9/2021,5:29:24 AM,-8.7058773E+0,-2.3866713E+1,3.8327556E+3,0.0000000E+0
11240440,29/9/2021,5:29:24 AM,-8.3349104E+0,-2.1635927E+1,3.8318628E+3,0.0000000E+0
11240441,29/9/2021,5:29:24 AM,-7.4903698E+0,-2.0292082E+1,3.8291846E+3,0.0000000E+0
11240442,29/9/2021,5:29:24 AM,-6.7352819E+0,-1.8832975E+1,3.8300774E+3,0.0000000E+0
11240443,29/9/2021,5:29:24 AM,-4.4057622E+0,-1.6878963E+1,3.8327556E+3,0.0000000E+0
11240444,29/9/2021,5:29:24 AM,-1.8261610E+0,-1.5329042E+1,3.8327556E+3,0.0000000E+0
11240445,29/9/2021,5:29:24 AM,-6.7047006E-1,-1.3989148E+1,3.8327556E+3,0.0000000E+0
11240446,29/9/2021,5:29:25 AM,-3.8761136E-1,-1.3920027E+1,3.8309702E+3,0.0000000E+0
11240447,29/9/2021,5:29:25 AM,5.6941140E-1,-1.3316542E+1,3.8309702E+3,0.0000000E+0
11240448,29/9/2021,5:29:25 AM,1.4308230E+0,-1.1086040E+1,3.8318628E+3,0.0000000E+0
11240449,29/9/2021,5:29:25 AM,1.0528041E-1,-7.6751556E+0,3.8336484E+3,0.0000000E+0
11240450,29/9/2021,5:29:25 AM,-3.2435157E+0,-3.4143796E+0,3.8345413E+3,0.0000000E+0
11240451,29/9/2021,5:29:25 AM,-7.5114179E+0,-1.7757162E-1,3.8327556E+3,0.0000000E+0
11240452,29/9/2021,5:29:25 AM,-1.1707814E+1,2.1078691E+0,3.8327556E+3,0.0000000E+0
11240453,29/9/2021,5:29:25 AM,-1.4909703E+1,6.1332126E+0,3.8345413E+3,0.0000000E+0
11240454,29/9/2021,5:29:25 AM,-1.9092945E+1,9.6132183E+0,3.8363269E+3,0.0000000E+0
11240455,29/9/2021,5:29:25 AM,-2.4124722E+1,1.1830427E+1,3.8354341E+3,0.0000000E+0
11240456,29/9/2021,5:29:26 AM,-2.8513451E+1,1.2643935E+1,3.8354341E+3,0.0000000E+0
11240457,29/9/2021,5:29:26 AM,-3.1013699E+1,1.2936373E+1,3.8336484E+3,0.0000000E+0
11240458,29/9/2021,5:29:26 AM,-3.3141571E+1,1.3755198E+1,3.8363269E+3,0.0000000E+0
11240459,29/9/2021,5:29:26 AM,-3.2848984E+1,1.1771939E+1,3.8345413E+3,0.0000000E+0
11240460,29/9/2021,5:29:26 AM,-3.3061775E+1,8.6242485E+0,3.8327556E+3,0.0000000E+0
11240461,29/9/2021,5:29:26 AM,-3.3859726E+1,5.8620429E+0,3.8309702E+3,0.0000000E+0
11240462,29/9/2021,5:29:26 AM,-3.2317020E+1,2.4593139E+0,3.8318628E+3,0.0000000E+0
11240463,29/9/2021,5:29:26 AM,-3.0322144E+1,-8.6066246E-1,3.8309702E+3,0.0000000E+0
11240464,29/9/2021,5:29:26 AM,-2.7369722E+1,-4.5591774E+0,3.8309702E+3,0.0000000E+0
11240465,29/9/2021,5:29:26 AM,-2.6917551E+1,-5.9152136E+0,3.8309702E+3,0.0000000E+0
11240466,29/9/2021,5:29:27 AM,-2.7077141E+1,-8.5790539E+0,3.8309702E+3,0.0000000E+0
11240467,29/9/2021,5:29:27 AM,-2.6518574E+1,-1.0902603E+1,3.8291846E+3,0.0000000E+0
11240468,29/9/2021,5:29:27 AM,-2.5827015E+1,-1.2168059E+1,3.8327556E+3,0.0000000E+0
11240469,29/9/2021,5:29:27 AM,-2.6093002E+1,-1.3627589E+1,3.8291846E+3,0.0000000E+0
11240470,29/9/2021,5:29:27 AM,-2.6465378E+1,-1.4845192E+1,3.8327556E+3,0.0000000E+0
11240471,29/9/2021,5:29:27 AM,-2.7662304E+1,-1.6416380E+1,3.8291846E+3,0.0000000E+0
11240472,29/9/2021,5:29:27 AM,-2.8806036E+1,-1.8689417E+1,3.8300774E+3,0.0000000E+0
11240473,29/9/2021,5:29:27 AM,-2.7928289E+1,-2.1394035E+1,3.8318628E+3,0.0000000E+0
11240474,29/9/2021,5:29:27 AM,-2.6066402E+1,-2.4753653E+1,3.8300774E+3,0.0000000E+0
11240475,29/9/2021,5:29:27 AM,-2.4098124E+1,-2.9376484E+1,3.8291846E+3,0.0000000E+0
11240476,29/9/2021,5:29:28 AM,-2.1704269E+1,-3.4724991E+1,3.8273987E+3,0.0000000E+0
11240477,29/9/2021,5:29:28 AM,-1.8190521E+1,-4.0315392E+1,3.8273987E+3,0.0000000E+0
11240478,29/9/2021,5:29:28 AM,-1.4796571E+1,-4.6067055E+1,3.8238276E+3,0.0000000E+0
11240479,29/9/2021,5:29:28 AM,-1.0713307E+1,-5.1146797E+1,3.8265059E+3,0.0000000E+0
11240480,29/9/2021,5:29:28 AM,-7.4719529E+0,-5.5178333E+1,3.8247205E+3,0.0000000E+0
11240481,29/9/2021,5:29:28 AM,-4.5594606E+0,-5.9854923E+1,3.8238276E+3,0.0000000E+0
11240482,29/9/2021,5:29:28 AM,-2.3292465E+0,-6.2515736E+1,3.8229348E+3,0.0000000E+0
11240483,29/9/2021,5:29:28 AM,-8.1559342E-1,-6.3563938E+1,3.8238276E+3,0.0000000E+0
11240484,29/9/2021,5:29:28 AM,1.9156866E+0,-6.4262733E+1,3.8247205E+3,0.0000000E+0
11240485,29/9/2021,5:29:28 AM,4.0896497E+0,-6.3348923E+1,3.8247205E+3,0.0000000E+0
11240486,29/9/2021,5:29:29 AM,3.6681674E+0,-6.0311829E+1,3.8273987E+3,0.0000000E+0
11240487,29/9/2021,5:29:29 AM,2.0986986E+0,-5.7946659E+1,3.8238276E+3,0.0000000E+0
11240488,29/9/2021,5:29:29 AM,1.7984320E+0,-5.4291397E+1,3.8256133E+3,0.0000000E+0
11240489,29/9/2021,5:29:29 AM,1.1187694E-1,-4.8620365E+1,3.8282915E+3,0.0000000E+0
11240490,29/9/2021,5:29:29 AM,-3.0549576E+0,-4.3728764E+1,3.8273987E+3,0.0000000E+0
11240491,29/9/2021,5:29:29 AM,-5.5196805E+0,-3.9562840E+1,3.8291846E+3,0.0000000E+0
11240492,29/9/2021,5:29:29 AM,-8.2059937E+0,-3.4644360E+1,3.8273987E+3,0.0000000E+0
11240493,29/9/2021,5:29:29 AM,-1.0684366E+1,-2.9537745E+1,3.8291846E+3,0.0000000E+0
11240494,29/9/2021,5:29:29 AM,-1.1318430E+1,-2.3839836E+1,3.8309702E+3,0.0000000E+0
11240495,29/9/2021,5:29:29 AM,-1.3075918E+1,-1.8583075E+1,3.8300774E+3,0.0000000E+0
11240496,29/9/2021,5:29:30 AM,-1.5446422E+1,-1.4204489E+1,3.8291846E+3,0.0000000E+0
11240497,29/9/2021,5:29:30 AM,-1.6975014E+1,-8.0659590E+0,3.8318628E+3,0.0000000E+0
11240498,29/9/2021,5:29:30 AM,-1.8924562E+1,-2.2103405E+0,3.8309702E+3,0.0000000E+0
11240499,29/9/2021,5:29:30 AM,-2.0640335E+1,4.4607086E+0,3.8345413E+3,0.0000000E+0
11240500,29/9/2021,5:29:30 AM,-2.2661812E+1,1.0586239E+1,3.8345413E+3,0.0000000E+0
11240501,29/9/2021,5:29:30 AM,-2.5188658E+1,1.5956455E+1,3.8345413E+3,0.0000000E+0
11240502,29/9/2021,5:29:30 AM,-2.8167673E+1,2.2065960E+1,3.8381123E+3,0.0000000E+0
11240503,29/9/2021,5:29:30 AM,-3.1332880E+1,2.7656359E+1,3.8363269E+3,0.0000000E+0
11240504,29/9/2021,5:29:30 AM,-3.4099110E+1,3.1902914E+1,3.8398979E+3,0.0000000E+0
11240505,29/9/2021,5:29:30 AM,-3.5774807E+1,3.4160576E+1,3.8390051E+3,0.0000000E+0
11240506,29/9/2021,5:29:31 AM,-3.7716488E+1,3.4348717E+1,3.8381123E+3,0.0000000E+0
11240507,29/9/2021,5:29:31 AM,-3.9019806E+1,3.2682346E+1,3.8363269E+3,0.0000000E+0
11240508,29/9/2021,5:29:31 AM,-3.8700626E+1,2.8946453E+1,3.8372195E+3,0.0000000E+0
11240509,29/9/2021,5:29:31 AM,-3.7849480E+1,2.4162359E+1,3.8327556E+3,0.0000000E+0
11240510,29/9/2021,5:29:31 AM,-3.5322636E+1,1.9750166E+1,3.8363269E+3,0.0000000E+0
11240511,29/9/2021,5:29:31 AM,-3.3886326E+1,1.4228415E+1,3.8327556E+3,0.0000000E+0
11240512,29/9/2021,5:29:31 AM,-3.1439274E+1,7.2630849E+0,3.8309702E+3,0.0000000E+0
11240513,29/9/2021,5:29:31 AM,-2.8167673E+1,1.1536040E+0,3.8309702E+3,0.0000000E+0
11240514,29/9/2021,5:29:31 AM,-2.3965132E+1,-4.8689933E+0,3.8309702E+3,0.0000000E+0
11240515,29/9/2021,5:29:31 AM,-2.1624474E+1,-8.9778318E+0,3.8318628E+3,0.0000000E+0
11240516,29/9/2021,5:29:32 AM,-2.0081770E+1,-1.4488950E+1,3.8309702E+3,0.0000000E+0
11240517,29/9/2021,5:29:32 AM,-1.7343351E+1,-1.9824606E+1,3.8309702E+3,0.0000000E+0
11240518,29/9/2021,5:29:32 AM,-1.3699458E+1,-2.5156805E+1,3.8273987E+3,0.0000000E+0
11240519,29/9/2021,5:29:32 AM,-9.3767748E+0,-3.0424683E+1,3.8291846E+3,0.0000000E+0
11240520,29/9/2021,5:29:32 AM,-7.2193799E+0,-3.3300518E+1,3.8309702E+3,0.0000000E+0
11240521,29/9/2021,5:29:32 AM,-6.9115567E+0,-3.8514637E+1,3.8291846E+3,0.0000000E+0
11240522,29/9/2021,5:29:32 AM,-3.7846296E+0,-4.4373810E+1,3.8282915E+3,0.0000000E+0
11240523,29/9/2021,5:29:32 AM,-1.4591497E-1,-5.0017963E+1,3.8265059E+3,0.0000000E+0
11240524,29/9/2021,5:29:32 AM,3.0517883E+0,-5.5473980E+1,3.8256133E+3,0.0000000E+0
11240525,29/9/2021,5:29:32 AM,6.2880168E+0,-6.0849365E+1,3.8256133E+3,0.0000000E+0
11240526,29/9/2021,5:29:33 AM,8.4822454E+0,-6.5794724E+1,3.8238276E+3,0.0000000E+0
11240527,29/9/2021,5:29:33 AM,1.0131863E+1,-6.9396233E+1,3.8238276E+3,0.0000000E+0
11240528,29/9/2021,5:29:33 AM,1.2481318E+1,-7.2218307E+1,3.8229348E+3,0.0000000E+0
11240529,29/9/2021,5:29:33 AM,1.3441622E+1,-7.5309151E+1,3.8220420E+3,0.0000000E+0
11240530,29/9/2021,5:29:33 AM,1.5007050E+1,-7.5416656E+1,3.8220420E+3,0.0000000E+0
11240531,29/9/2021,5:29:33 AM,1.3478456E+1,-7.2567711E+1,3.8229348E+3,0.0000000E+0
11240532,29/9/2021,5:29:33 AM,1.0034517E+1,-6.6681664E+1,3.8265059E+3,0.0000000E+0
11240533,29/9/2021,5:29:33 AM,6.9326048E+0,-6.2354473E+1,3.8247205E+3,0.0000000E+0
11240534,29/9/2021,5:29:33 AM,4.5626297E+0,-5.7704762E+1,3.8238276E+3,0.0000000E+0
11240535,29/9/2021,5:29:33 AM,2.7415127E-1,-5.0017963E+1,3.8273987E+3,0.0000000E+0
11240536,29/9/2021,5:29:34 AM,-5.8617997E+0,-4.1014194E+1,3.8291846E+3,0.0000000E+0
11240537,29/9/2021,5:29:34 AM,-1.2804928E+1,-3.2816730E+1,3.8291846E+3,0.0000000E+0
11240538,29/9/2021,5:29:34 AM,-1.9619139E+1,-2.5183683E+1,3.8282915E+3,0.0000000E+0
11240539,29/9/2021,5:29:34 AM,-2.4949270E+1,-1.8101883E+1,3.8291846E+3,0.0000000E+0
11240540,29/9/2021,5:29:34 AM,-2.9763577E+1,-1.0432044E+1,3.8309702E+3,0.0000000E+0
11240541,29/9/2021,5:29:34 AM,-3.5083248E+1,-3.5456712E+0,3.8291846E+3,0.0000000E+0
11240542,29/9/2021,5:29:34 AM,-4.0668907E+1,4.8826027E+0,3.8345413E+3,0.0000000E+0
11240543,29/9/2021,5:29:34 AM,-4.7770672E+1,1.1585843E+1,3.8309702E+3,0.0000000E+0
11240544,29/9/2021,5:29:34 AM,-5.1600834E+1,1.6355234E+1,3.8327556E+3,0.0000000E+0
11240545,29/9/2021,5:29:34 AM,-5.3276531E+1,2.2388481E+1,3.8363269E+3,0.0000000E+0
11240546,29/9/2021,5:29:35 AM,-5.6441738E+1,2.6070620E+1,3.8327556E+3,0.0000000E+0
11240547,29/9/2021,5:29:35 AM,-5.7053501E+1,2.9430237E+1,3.8381123E+3,0.0000000E+0
11240548,29/9/2021,5:29:35 AM,-5.8862190E+1,3.1419128E+1,3.8354341E+3,0.0000000E+0
11240549,29/9/2021,5:29:35 AM,-5.8995186E+1,3.0935345E+1,3.8345413E+3,0.0000000E+0
11240550,29/9/2021,5:29:35 AM,-5.4952229E+1,2.9672129E+1,3.8381123E+3,0.0000000E+0
11240551,29/9/2021,5:29:35 AM,-5.1388050E+1,2.5210560E+1,3.8327556E+3,0.0000000E+0
11240552,29/9/2021,5:29:35 AM,-4.7717476E+1,2.0547724E+1,3.8345413E+3,0.0000000E+0
11240553,29/9/2021,5:29:35 AM,-4.3967106E+1,1.4730876E+1,3.8309702E+3,0.0000000E+0
11240554,29/9/2021,5:29:35 AM,-4.0163540E+1,1.0341655E+1,3.8354341E+3,0.0000000E+0
11240555,29/9/2021,5:29:35 AM,-3.6413166E+1,4.8930101E+0,3.8300774E+3,0.0000000E+0
11240556,29/9/2021,5:29:36 AM,-3.1040297E+1,-3.2406588E+0,3.8291846E+3,0.0000000E+0
11240557,29/9/2021,5:29:36 AM,-2.7077141E+1,-7.3774009E+0,3.8309702E+3,0.0000000E+0
11240558,29/9/2021,5:29:36 AM,-2.4044926E+1,-1.1444942E+1,3.8291846E+3,0.0000000E+0
11240559,29/9/2021,5:29:36 AM,-2.0134966E+1,-1.5882016E+1,3.8309702E+3,0.0000000E+0
11240560,29/9/2021,5:29:36 AM,-1.5606911E+1,-1.9040342E+1,3.8309702E+3,0.0000000E+0
11240561,29/9/2021,5:29:36 AM,-1.2181389E+1,-2.3732328E+1,3.8300774E+3,0.0000000E+0
11240562,29/9/2021,5:29:36 AM,-7.1404505E+0,-2.7521975E+1,3.8309702E+3,0.0000000E+0
11240563,29/9/2021,5:29:36 AM,-5.7231385E-1,-3.3085499E+1,3.8291846E+3,0.0000000E+0
11240564,29/9/2021,5:29:36 AM,4.9159780E+0,-3.8138363E+1,3.8291846E+3,0.0000000E+0
11240565,29/9/2021,5:29:36 AM,1.0873796E+1,-4.2653687E+1,3.8309702E+3,0.0000000E+0
11240566,29/9/2021,5:29:37 AM,1.6540905E+1,-4.8647243E+1,3.8282915E+3,0.0000000E+0
11240567,29/9/2021,5:29:37 AM,2.1331894E+1,-5.3485088E+1,3.8282915E+3,0.0000000E+0
11240568,29/9/2021,5:29:37 AM,2.6172796E+1,-5.8242306E+1,3.8273987E+3,0.0000000E+0
11240569,29/9/2021,5:29:37 AM,3.0348742E+1,-6.2542614E+1,3.8256133E+3,0.0000000E+0
11240570,29/9/2021,5:29:37 AM,3.2130833E+1,-6.3940212E+1,3.8256133E+3,0.0000000E+0
11240571,29/9/2021,5:29:37 AM,3.2503208E+1,-6.4746521E+1,3.8256133E+3,0.0000000E+0
11240572,29/9/2021,5:29:37 AM,3.1785051E+1,-6.4262733E+1,3.8256133E+3,0.0000000E+0
11240573,29/9/2021,5:29:37 AM,2.9657183E+1,-6.0499966E+1,3.8256133E+3,0.0000000E+0
11240574,29/9/2021,5:29:37 AM,2.5853615E+1,-5.4748306E+1,3.8282915E+3,0.0000000E+0
11240575,29/9/2021,5:29:37 AM,2.1065908E+1,-4.9319164E+1,3.8273987E+3,0.0000000E+0
11240576,29/9/2021,5:29:38 AM,1.7069729E+1,-4.4024410E+1,3.8273987E+3,0.0000000E+0
11240577,29/9/2021,5:29:38 AM,1.1557848E+1,-3.7009533E+1,3.8291846E+3,0.0000000E+0
11240578,29/9/2021,5:29:38 AM,7.4035478E+0,-3.0505314E+1,3.8291846E+3,0.0000000E+0
11240579,29/9/2021,5:29:38 AM,3.6713364E+0,-2.3759207E+1,3.8327556E+3,0.0000000E+0
11240580,29/9/2021,5:29:38 AM,-1.2163978E+0,-1.8410273E+1,3.8309702E+3,0.0000000E+0
11240581,29/9/2021,5:29:38 AM,-4.2504792E+0,-1.3308565E+1,3.8327556E+3,0.0000000E+0
11240582,29/9/2021,5:29:38 AM,-9.0215940E+0,-7.8559351E+0,3.8327556E+3,0.0000000E+0
11240583,29/9/2021,5:29:38 AM,-1.4812357E+1,-3.3799555E+0,3.8327556E+3,0.0000000E+0
11240584,29/9/2021,5:29:38 AM,-1.9098206E+1,2.3056068E+0,3.8363269E+3,0.0000000E+0
11240585,29/9/2021,5:29:38 AM,-2.6651566E+1,7.3667669E+0,3.8345413E+3,0.0000000E+0
11240586,29/9/2021,5:29:39 AM,-3.3886326E+1,1.1250869E+1,3.8354341E+3,0.0000000E+0
11240587,29/9/2021,5:29:39 AM,-4.0110344E+1,1.4581999E+1,3.8363269E+3,0.0000000E+0
11240588,29/9/2021,5:29:39 AM,-4.8409031E+1,1.7245838E+1,3.8327556E+3,0.0000000E+0
11240589,29/9/2021,5:29:39 AM,-5.3595718E+1,1.9096170E+1,3.8363269E+3,0.0000000E+0
11240590,29/9/2021,5:29:39 AM,-5.9447357E+1,1.9712948E+1,3.8327556E+3,0.0000000E+0
11240591,29/9/2021,5:29:39 AM,-6.4421257E+1,1.8614977E+1,3.8327556E+3,0.0000000E+0
11240592,29/9/2021,5:29:39 AM,-6.7027893E+1,1.6193064E+1,3.8309702E+3,0.0000000E+0
11240593,29/9/2021,5:29:39 AM,-6.8809982E+1,1.2681154E+1,3.8300774E+3,0.0000000E+0
11240594,29/9/2021,5:29:39 AM,-6.9980309E+1,8.9937830E+0,3.8282915E+3,0.0000000E+0
11240595,29/9/2021,5:29:39 AM,-6.7932236E+1,3.4095764E+0,3.8291846E+3,0.0000000E+0
11240596,29/9/2021,5:29:40 AM,-6.5431992E+1,-8.8012600E-1,3.8282915E+3,0.0000000E+0
11240597,29/9/2021,5:29:40 AM,-6.3144531E+1,-5.7063770E+0,3.8273987E+3,0.0000000E+0
11240598,29/9/2021,5:29:40 AM,-5.9793137E+1,-1.0575604E+1,3.8273987E+3,0.0000000E+0
11240599,29/9/2021,5:29:40 AM,-5.3861702E+1,-1.3446810E+1,3.8282915E+3,0.0000000E+0
11240600,29/9/2021,5:29:40 AM,-4.9738953E+1,-1.6514746E+1,3.8291846E+3,0.0000000E+0
11240601,29/9/2021,5:29:40 AM,-4.5270428E+1,-2.0399590E+1,3.8273987E+3,0.0000000E+0
11240602,29/9/2021,5:29:40 AM,-4.1280670E+1,-2.3006651E+1,3.8309702E+3,0.0000000E+0
11240603,29/9/2021,5:29:40 AM,-3.8142059E+1,-2.6796297E+1,3.8256133E+3,0.0000000E+0
11240604,29/9/2021,5:29:40 AM,-3.4099110E+1,-2.9967777E+1,3.8309702E+3,0.0000000E+0
11240605,29/9/2021,5:29:40 AM,-2.9417795E+1,-3.3381145E+1,3.8282915E+3,0.0000000E+0
11240606,29/9/2021,5:29:41 AM,-2.4763083E+1,-3.7385807E+1,3.8273987E+3,0.0000000E+0
11240607,29/9/2021,5:29:41 AM,-1.9356041E+1,-4.2680561E+1,3.8265059E+3,0.0000000E+0
11240608,29/9/2021,5:29:41 AM,-1.4173032E+1,-4.7867809E+1,3.8256133E+3,0.0000000E+0
11240609,29/9/2021,5:29:41 AM,-7.1746531E+0,-5.2974426E+1,3.8256133E+3,0.0000000E+0
11240610,29/9/2021,5:29:41 AM,-7.8445786E-1,-5.8645458E+1,3.8220420E+3,0.0000000E+0
11240611,29/9/2021,5:29:41 AM,7.3009400E+0,-6.2300720E+1,3.8256133E+3,0.0000000E+0
11240612,29/9/2021,5:29:41 AM,1.4451916E+1,-6.4880913E+1,3.8229348E+3,0.0000000E+0
11240613,29/9/2021,5:29:41 AM,2.0542610E+1,-6.7514847E+1,3.8238276E+3,0.0000000E+0
11240614,29/9/2021,5:29:41 AM,2.7555910E+1,-6.7541725E+1,3.8256133E+3,0.0000000E+0
11240615,29/9/2021,5:29:41 AM,3.1864845E+1,-6.4934662E+1,3.8273987E+3,0.0000000E+0
11240616,29/9/2021,5:29:42 AM,3.3407551E+1,-6.1306278E+1,3.8282915E+3,0.0000000E+0
11240617,29/9/2021,5:29:42 AM,3.5375832E+1,-5.6683445E+1,3.8282915E+3,0.0000000E+0
11240618,29/9/2021,5:29:42 AM,3.4471485E+1,-5.0125469E+1,3.8291846E+3,0.0000000E+0
11240619,29/9/2021,5:29:42 AM,3.0747715E+1,-4.1632362E+1,3.8327556E+3,0.0000000E+0
11240620,29/9/2021,5:29:42 AM,2.7077141E+1,-3.4590607E+1,3.8309702E+3,0.0000000E+0
11240621,29/9/2021,5:29:42 AM,2.3938532E+1,-2.7736990E+1,3.8345413E+3,0.0000000E+0
11240622,29/9/2021,5:29:42 AM,2.0374352E+1,-2.1098391E+1,3.8327556E+3,0.0000000E+0
11240623,29/9/2021,5:29:42 AM,1.5185956E+1,-1.5174850E+1,3.8327556E+3,0.0000000E+0
11240624,29/9/2021,5:29:42 AM,1.0631747E+1,-9.5627069E+0,3.8345413E+3,0.0000000E+0
11240625,29/9/2021,5:29:42 AM,6.7668533E+0,-4.1476908E+0,3.8327556E+3,0.0000000E+0
11240626,29/9/2021,5:29:43 AM,3.0755563E+0,8.6732805E-1,3.8363269E+3,0.0000000E+0
11240627,29/9/2021,5:29:43 AM,-4.6307555E-1,4.3526335E+0,3.8336484E+3,0.0000000E+0
11240628,29/9/2021,5:29:43 AM,-4.7717862E+0,7.9569592E+0,3.8345413E+3,0.0000000E+0
11240629,29/9/2021,5:29:43 AM,-1.0884320E+1,1.3133103E+1,3.8336484E+3,0.0000000E+0
11240630,29/9/2021,5:29:43 AM,-1.8416786E+1,1.9646484E+1,3.8363269E+3,0.0000000E+0
11240631,29/9/2021,5:29:43 AM,-2.4124722E+1,2.4646145E+1,3.8381123E+3,0.0000000E+0
11240632,29/9/2021,5:29:43 AM,-2.9524191E+1,2.8677683E+1,3.8390051E+3,0.0000000E+0
11240633,29/9/2021,5:29:43 AM,-3.7450504E+1,3.2306068E+1,3.8381123E+3,0.0000000E+0
11240634,29/9/2021,5:29:43 AM,-4.3860710E+1,3.3488655E+1,3.8363269E+3,0.0000000E+0
11240635,29/9/2021,5:29:43 AM,-4.8276043E+1,3.4375591E+1,3.8398979E+3,0.0000000E+0
11240636,29/9/2021,5:29:44 AM,-5.2611576E+1,3.2951115E+1,3.8381123E+3,0.0000000E+0
11240637,29/9/2021,5:29:44 AM,-5.5909775E+1,2.7414467E+1,3.8327556E+3,0.0000000E+0
11240638,29/9/2021,5:29:44 AM,-5.6228954E+1,2.0454676E+1,3.8336484E+3,0.0000000E+0
11240639,29/9/2021,5:29:44 AM,-5.7266293E+1,1.4241708E+1,3.8318628E+3,0.0000000E+0
11240640,29/9/2021,5:29:44 AM,-5.6016167E+1,6.8217702E+0,3.8291846E+3,0.0000000E+0
11240641,29/9/2021,5:29:44 AM,-5.3914898E+1,-6.9322258E-2,3.8291846E+3,0.0000000E+0
11240642,29/9/2021,5:29:44 AM,-5.1574238E+1,-7.5794492E+0,3.8273987E+3,0.0000000E+0
11240643,29/9/2021,5:29:44 AM,-4.9153786E+1,-1.4350707E+1,3.8256133E+3,0.0000000E+0
11240644,29/9/2021,5:29:44 AM,-4.6999317E+1,-2.0143629E+1,3.8256133E+3,0.0000000E+0
11240645,29/9/2021,5:29:44 AM,-4.4366077E+1,-2.4323622E+1,3.8265059E+3,0.0000000E+0
11240646,29/9/2021,5:29:45 AM,-4.2264809E+1,-2.6635036E+1,3.8273987E+3,0.0000000E+0
11240647,29/9/2021,5:29:45 AM,-4.0535915E+1,-3.0559067E+1,3.8256133E+3,0.0000000E+0
11240648,29/9/2021,5:29:45 AM,-3.6546162E+1,-3.4483101E+1,3.8256133E+3,0.0000000E+0
11240649,29/9/2021,5:29:45 AM,-3.4205505E+1,-3.7977100E+1,3.8256133E+3,0.0000000E+0
11240650,29/9/2021,5:29:45 AM,-3.1146690E+1,-4.1121700E+1,3.8273987E+3,0.0000000E+0
11240651,29/9/2021,5:29:45 AM,-2.4869476E+1,-4.4400688E+1,3.8282915E+3,0.0000000E+0
11240652,29/9/2021,5:29:45 AM,-1.8942980E+1,-4.8674118E+1,3.8273987E+3,0.0000000E+0
11240653,29/9/2021,5:29:45 AM,-1.2952263E+1,-5.4855812E+1,3.8238276E+3,0.0000000E+0
11240654,29/9/2021,5:29:45 AM,-5.8933716E+0,-6.0553719E+1,3.8238276E+3,0.0000000E+0
11240655,29/9/2021,5:29:45 AM,-2.0844996E-1,-6.5069046E+1,3.8220420E+3,0.0000000E+0
11240656,29/9/2021,5:29:46 AM,4.5475769E+0,-6.7192322E+1,3.8238276E+3,0.0000000E+0
11240657,29/9/2021,5:29:46 AM,9.6083002E+0,-6.9288719E+1,3.8238276E+3,0.0000000E+0
11240658,29/9/2021,5:29:46 AM,1.4491379E+1,-7.1223862E+1,3.8238276E+3,0.0000000E+0
11240659,29/9/2021,5:29:46 AM,1.8506239E+1,-7.1680763E+1,3.8211492E+3,0.0000000E+0
11240660,29/9/2021,5:29:46 AM,1.8645679E+1,-6.7944878E+1,3.8238276E+3,0.0000000E+0
11240661,29/9/2021,5:29:46 AM,1.9061375E+1,-6.2488857E+1,3.8273987E+3,0.0000000E+0
11240662,29/9/2021,5:29:46 AM,2.0145332E+1,-5.6199661E+1,3.8265059E+3,0.0000000E+0
11240663,29/9/2021,5:29:46 AM,1.9750687E+1,-4.8996639E+1,3.8291846E+3,0.0000000E+0
11240664,29/9/2021,5:29:46 AM,1.8793015E+1,-4.1847378E+1,3.8291846E+3,0.0000000E+0
11240665,29/9/2021,5:29:46 AM,1.7990568E+1,-3.5343163E+1,3.8309702E+3,0.0000000E+0
11240666,29/9/2021,5:29:47 AM,1.6556690E+1,-2.8677683E+1,3.8309702E+3,0.0000000E+0
11240667,29/9/2021,5:29:47 AM,1.5088610E+1,-2.1528419E+1,3.8345413E+3,0.0000000E+0
11240668,29/9/2021,5:29:47 AM,1.4341414E+1,-1.5882016E+1,3.8354341E+3,0.0000000E+0
11240669,29/9/2021,5:29:47 AM,1.1584159E+1,-1.0676628E+1,3.8345413E+3,0.0000000E+0
11240670,29/9/2021,5:29:47 AM,9.5030613E+0,-5.7663364E+0,3.8345413E+3,0.0000000E+0
11240671,29/9/2021,5:29:47 AM,6.8984013E+0,-5.5057865E-1,3.8363269E+3,0.0000000E+0
11240672,29/9/2021,5:29:47 AM,3.5208070E+0,3.9339418E+0,3.8354341E+3,0.0000000E+0
11240673,29/9/2021,5:29:47 AM,-7.8129154E-1,8.6800776E+0,3.8363269E+3,0.0000000E+0
11240674,29/9/2021,5:29:47 AM,-7.4245954E+0,1.4366658E+1,3.8372195E+3,0.0000000E+0
11240675,29/9/2021,5:29:47 AM,-1.5904209E+1,1.9739532E+1,3.8363269E+3,0.0000000E+0
11240676,29/9/2021,5:29:48 AM,-2.2209639E+1,2.2979774E+1,3.8381123E+3,0.0000000E+0
11240677,29/9/2021,5:29:48 AM,-2.8141075E+1,2.7118822E+1,3.8390051E+3,0.0000000E+0
11240678,29/9/2021,5:29:48 AM,-3.5030052E+1,2.9940899E+1,3.8381123E+3,0.0000000E+0
11240679,29/9/2021,5:29:48 AM,-4.1360466E+1,3.0397806E+1,3.8363269E+3,0.0000000E+0
11240680,29/9/2021,5:29:48 AM,-4.6094975E+1,3.0397806E+1,3.8363269E+3,0.0000000E+0
11240681,29/9/2021,5:29:48 AM,-4.9180386E+1,2.8355160E+1,3.8372195E+3,0.0000000E+0
11240682,29/9/2021,5:29:48 AM,-5.0935879E+1,2.4431128E+1,3.8354341E+3,0.0000000E+0
11240683,29/9/2021,5:29:48 AM,-5.2505184E+1,1.8474075E+1,3.8318628E+3,0.0000000E+0
11240684,29/9/2021,5:29:48 AM,-5.5191616E+1,1.2285034E+1,3.8309702E+3,0.0000000E+0
11240685,29/9/2021,5:29:48 AM,-5.5404408E+1,7.3614502E+0,3.8318628E+3,0.0000000E+0
11240686,29/9/2021,5:29:49 AM,-5.4978828E+1,2.0053976E+0,3.8309702E+3,0.0000000E+0
11240687,29/9/2021,5:29:49 AM,-5.4367069E+1,-4.6112137E+0,3.8282915E+3,0.0000000E+0
11240688,29/9/2021,5:29:49 AM,-5.4074486E+1,-1.0413435E+1,3.8273987E+3,0.0000000E+0
11240689,29/9/2021,5:29:49 AM,-5.4101086E+1,-1.4552754E+1,3.8273987E+3,0.0000000E+0
11240690,29/9/2021,5:29:49 AM,-5.5271408E+1,-1.8080614E+1,3.8256133E+3,0.0000000E+0
11240691,29/9/2021,5:29:49 AM,-5.3489319E+1,-2.2630375E+1,3.8282915E+3,0.0000000E+0
11240692,29/9/2021,5:29:49 AM,-5.1494442E+1,-2.6688789E+1,3.8256133E+3,0.0000000E+0
11240693,29/9/2021,5:29:49 AM,-4.8994198E+1,-3.1150360E+1,3.8256133E+3,0.0000000E+0
11240694,29/9/2021,5:29:49 AM,-4.6919521E+1,-3.5692562E+1,3.8247205E+3,0.0000000E+0
11240695,29/9/2021,5:29:49 AM,-4.3727722E+1,-4.0127254E+1,3.8256133E+3,0.0000000E+0
11240696,29/9/2021,5:29:50 AM,-4.0296532E+1,-4.4320057E+1,3.8247205E+3,0.0000000E+0
11240697,29/9/2021,5:29:50 AM,-3.5349232E+1,-4.8889133E+1,3.8265059E+3,0.0000000E+0
11240698,29/9/2021,5:29:50 AM,-2.8619846E+1,-5.4694550E+1,3.8229348E+3,0.0000000E+0
11240699,29/9/2021,5:29:50 AM,-2.1784065E+1,-5.9048611E+1,3.8229348E+3,0.0000000E+0
11240700,29/9/2021,5:29:50 AM,-1.7080252E+1,-6.2435104E+1,3.8220420E+3,0.0000000E+0
11240701,29/9/2021,5:29:50 AM,-1.1581528E+1,-6.6197876E+1,3.8211492E+3,0.0000000E+0
11240702,29/9/2021,5:29:50 AM,-5.7565608E+0,-6.7891121E+1,3.8256133E+3,0.0000000E+0
11240703,29/9/2021,5:29:50 AM,-7.6519605E-3,-6.9611244E+1,3.8220420E+3,0.0000000E+0
11240704,29/9/2021,5:29:50 AM,4.3740716E+0,-7.0820709E+1,3.8220420E+3,0.0000000E+0
11240705,29/9/2021,5:29:50 AM,8.0797071E+0,-7.0847588E+1,3.8220420E+3,0.0000000E+0
11240706,29/9/2021,5:29:51 AM,1.1610468E+1,-6.6869804E+1,3.8256133E+3,0.0000000E+0
11240707,29/9/2021,5:29:51 AM,1.4165139E+1,-6.1897568E+1,3.8273987E+3,0.0000000E+0
11240708,29/9/2021,5:29:51 AM,1.6017342E+1,-5.8269184E+1,3.8265059E+3,0.0000000E+0
11240709,29/9/2021,5:29:51 AM,1.8816692E+1,-5.4398907E+1,3.8282915E+3,0.0000000E+0
11240710,29/9/2021,5:29:51 AM,1.9200815E+1,-4.9561058E+1,3.8273987E+3,0.0000000E+0
11240711,29/9/2021,5:29:51 AM,1.8472036E+1,-4.3728764E+1,3.8291846E+3,0.0000000E+0
11240712,29/9/2021,5:29:51 AM,1.8372059E+1,-3.8192116E+1,3.8309702E+3,0.0000000E+0
11240713,29/9/2021,5:29:51 AM,1.6780323E+1,-3.2655468E+1,3.8291846E+3,0.0000000E+0
11240714,29/9/2021,5:29:51 AM,1.5843698E+1,-2.6205008E+1,3.8327556E+3,0.0000000E+0
11240715,29/9/2021,5:29:51 AM,1.3257455E+1,-2.0560850E+1,3.8291846E+3,0.0000000E+0
11240716,29/9/2021,5:29:52 AM,9.3004761E+0,-1.3627589E+1,3.8336484E+3,0.0000000E+0
11240717,29/9/2021,5:29:52 AM,5.7723470E+0,-5.5988493E+0,3.8327556E+3,0.0000000E+0
11240718,29/9/2021,5:29:52 AM,1.6954380E+0,5.7964069E-1,3.8345413E+3,0.0000000E+0
11240719,29/9/2021,5:29:52 AM,-1.7620618E+0,6.1146026E+0,3.8345413E+3,0.0000000E+0
11240720,29/9/2021,5:29:52 AM,-5.1774240E+0,1.2691790E+1,3.8345413E+3,0.0000000E+0
11240721,29/9/2021,5:29:52 AM,-9.5477886E+0,1.9805996E+1,3.8381123E+3,0.0000000E+0
11240722,29/9/2021,5:29:52 AM,-1.2205067E+1,2.6258760E+1,3.8381123E+3,0.0000000E+0
11240723,29/9/2021,5:29:52 AM,-1.4454547E+1,3.0585943E+1,3.8381123E+3,0.0000000E+0
11240724,29/9/2021,5:29:52 AM,-1.3996757E+1,3.4187454E+1,3.8390051E+3,0.0000000E+0
11240725,29/9/2021,5:29:52 AM,-1.3867839E+1,3.7143917E+1,3.8407908E+3,0.0000000E+0
11240726,29/9/2021,5:29:53 AM,-1.4878132E+1,3.8622147E+1,3.8390051E+3,0.0000000E+0
11240727,29/9/2021,5:29:53 AM,-1.4167770E+1,3.8514637E+1,3.8416836E+3,0.0000000E+0
11240728,29/9/2021,5:29:53 AM,-1.2597082E+1,3.7573944E+1,3.8425762E+3,0.0000000E+0
11240729,29/9/2021,5:29:53 AM,-1.3478456E+1,3.5423794E+1,3.8381123E+3,0.0000000E+0
11240730,29/9/2021,5:29:53 AM,-1.2389235E+1,3.1204115E+1,3.8381123E+3,0.0000000E+0
11240731,29/9/2021,5:29:53 AM,-1.2933846E+1,2.8382036E+1,3.8390051E+3,0.0000000E+0
11240732,29/9/2021,5:29:53 AM,-1.3339015E+1,2.4646145E+1,3.8398979E+3,0.0000000E+0
11240733,29/9/2021,5:29:53 AM,-1.4917597E+1,1.9686363E+1,3.8345413E+3,0.0000000E+0
11240734,29/9/2021,5:29:53 AM,-1.7830078E+1,1.4757461E+1,3.8345413E+3,0.0000000E+0
11240735,29/9/2021,5:29:53 AM,-1.8603584E+1,8.5444927E+0,3.8345413E+3,0.0000000E+0
11240736,29/9/2021,5:29:54 AM,-1.8956133E+1,2.5369682E+0,3.8327556E+3,0.0000000E+0
11240737,29/9/2021,5:29:54 AM,-1.9655972E+1,-3.3175120E+0,3.8336484E+3,0.0000000E+0
11240738,29/9/2021,5:29:54 AM,-2.0932917E+1,-9.5121956E+0,3.8318628E+3,0.0000000E+0
11240739,29/9/2021,5:29:54 AM,-2.2422426E+1,-1.6161161E+1,3.8309702E+3,0.0000000E+0
11240740,29/9/2021,5:29:54 AM,-2.1464884E+1,-2.4619267E+1,3.8265059E+3,0.0000000E+0
11240741,29/9/2021,5:29:54 AM,-2.2422426E+1,-3.0989100E+1,3.8282915E+3,0.0000000E+0
11240742,29/9/2021,5:29:54 AM,-2.2316032E+1,-3.7143917E+1,3.8291846E+3,0.0000000E+0
11240743,29/9/2021,5:29:54 AM,-2.3566156E+1,-4.3325611E+1,3.8265059E+3,0.0000000E+0
11240744,29/9/2021,5:29:54 AM,-2.6119600E+1,-4.9426674E+1,3.8256133E+3,0.0000000E+0
11240745,29/9/2021,5:29:54 AM,-2.8353861E+1,-5.5527733E+1,3.8229348E+3,0.0000000E+0
11240746,29/9/2021,5:29:55 AM,-2.9072018E+1,-6.1870689E+1,3.8220420E+3,0.0000000E+0
11240747,29/9/2021,5:29:55 AM,-3.1199888E+1,-6.6439766E+1,3.8202566E+3,0.0000000E+0
11240748,29/9/2021,5:29:55 AM,-3.4843864E+1,-6.9476860E+1,3.8211492E+3,0.0000000E+0
11240749,29/9/2021,5:29:55 AM,-3.8062267E+1,-7.1734520E+1,3.8202566E+3,0.0000000E+0
11240750,29/9/2021,5:29:55 AM,-4.1839237E+1,-7.3293381E+1,3.8175781E+3,0.0000000E+0
11240751,29/9/2021,5:29:55 AM,-4.5270428E+1,-7.4019066E+1,3.8184709E+3,0.0000000E+0
11240752,29/9/2021,5:29:55 AM,-4.6307762E+1,-7.3938431E+1,3.8166853E+3,0.0000000E+0
11240753,29/9/2021,5:29:55 AM,-4.8435631E+1,-7.1170105E+1,3.8184709E+3,0.0000000E+0
11240754,29/9/2021,5:29:55 AM,-4.9738953E+1,-6.6547272E+1,3.8202566E+3,0.0000000E+0
11240755,29/9/2021,5:29:55 AM,-4.9765553E+1,-6.2139458E+1,3.8220420E+3,0.0000000E+0
11240756,29/9/2021,5:29:56 AM,-4.7025921E+1,-6.0150566E+1,3.8202566E+3,0.0000000E+0
11240757,29/9/2021,5:29:56 AM,-4.5509811E+1,-5.7140350E+1,3.8202566E+3,0.0000000E+0
11240758,29/9/2021,5:29:56 AM,-4.2849976E+1,-5.1254303E+1,3.8256133E+3,0.0000000E+0
11240759,29/9/2021,5:29:56 AM,-3.9046406E+1,-4.6040180E+1,3.8273987E+3,0.0000000E+0
11240760,29/9/2021,5:29:56 AM,-3.8886814E+1,-4.2143024E+1,3.8256133E+3,0.0000000E+0
11240761,29/9/2021,5:29:56 AM,-3.7822880E+1,-3.8783409E+1,3.8238276E+3,0.0000000E+0
11240762,29/9/2021,5:29:56 AM,-3.4311897E+1,-3.4751869E+1,3.8256133E+3,0.0000000E+0
11240763,29/9/2021,5:29:56 AM,-3.2024437E+1,-2.8892700E+1,3.8282915E+3,0.0000000E+0
11240764,29/9/2021,5:29:56 AM,-3.0295542E+1,-2.1958450E+1,3.8309702E+3,0.0000000E+0
11240765,29/9/2021,5:29:56 AM,-3.0322144E+1,-1.6427013E+1,3.8291846E+3,0.0000000E+0
11240766,29/9/2021,5:29:57 AM,-2.9364599E+1,-1.2367449E+1,3.8291846E+3,0.0000000E+0
11240767,29/9/2021,5:29:57 AM,-2.5241854E+1,-8.5072737E+0,3.8291846E+3,0.0000000E+0
11240768,29/9/2021,5:29:57 AM,-2.1278696E+1,-2.7234981E+0,3.8327556E+3,0.0000000E+0
11240769,29/9/2021,5:29:57 AM,-1.6411987E+1,1.8540922E+0,3.8345413E+3,0.0000000E+0
11240770,29/9/2021,5:29:57 AM,-1.1613098E+1,5.5908737E+0,3.8345413E+3,0.0000000E+0
11240771,29/9/2021,5:29:57 AM,-4.8240757E+0,8.7731256E+0,3.8363269E+3,0.0000000E+0
11240772,29/9/2021,5:29:57 AM,9.6467471E-1,1.1221625E+1,3.8363269E+3,0.0000000E+0
11240773,29/9/2021,5:29:57 AM,6.7773771E+0,1.2853959E+1,3.8381123E+3,0.0000000E+0
11240774,29/9/2021,5:29:57 AM,1.4441391E+1,1.4034343E+1,3.8398979E+3,0.0000000E+0
11240775,29/9/2021,5:29:57 AM,1.9819092E+1,1.4778729E+1,3.8398979E+3,0.0000000E+0
11240776,29/9/2021,5:29:58 AM,2.3379967E+1,1.6046844E+1,3.8398979E+3,0.0000000E+0
11240777,29/9/2021,5:29:58 AM,2.6039804E+1,1.5818212E+1,3.8398979E+3,0.0000000E+0
11240778,29/9/2021,5:29:58 AM,2.7050543E+1,1.4935581E+1,3.8398979E+3,0.0000000E+0
11240779,29/9/2021,5:29:58 AM,2.8912428E+1,1.4916972E+1,3.8416836E+3,0.0000000E+0
11240780,29/9/2021,5:29:58 AM,2.6731359E+1,1.4866460E+1,3.8398979E+3,0.0000000E+0
11240781,29/9/2021,5:29:58 AM,2.4337507E+1,1.1508745E+1,3.8363269E+3,0.0000000E+0
11240782,29/9/2021,5:29:58 AM,2.2741606E+1,7.5262785E+0,3.8345413E+3,0.0000000E+0
11240783,29/9/2021,5:29:58 AM,1.9753319E+1,5.7530437E+0,3.8363269E+3,0.0000000E+0
11240784,29/9/2021,5:29:58 AM,1.7993198E+1,3.7874396E+0,3.8372195E+3,0.0000000E+0
11240785,29/9/2021,5:29:58 AM,1.7161814E+1,-4.6125963E-1,3.8345413E+3,0.0000000E+0
11240786,29/9/2021,5:29:59 AM,1.3907304E+1,-4.4374924E+0,3.8327556E+3,0.0000000E+0
11240787,29/9/2021,5:29:59 AM,1.2844393E+1,-8.0181055E+0,3.8318628E+3,0.0000000E+0
11240788,29/9/2021,5:29:59 AM,1.3573172E+1,-1.0139606E+1,3.8354341E+3,0.0000000E+0
11240789,29/9/2021,5:29:59 AM,1.3186419E+1,-1.2638618E+1,3.8327556E+3,0.0000000E+0
11240790,29/9/2021,5:29:59 AM,9.8056231E+0,-1.5246629E+1,3.8327556E+3,0.0000000E+0
11240791,29/9/2021,5:29:59 AM,4.8304138E+0,-1.7934397E+1,3.8309702E+3,0.0000000E+0
11240792,29/9/2021,5:29:59 AM,-6.7126161E-1,-1.9066927E+1,3.8309702E+3,0.0000000E+0
11240793,29/9/2021,5:29:59 AM,-5.9696698E+0,-1.9207829E+1,3.8327556E+3,0.0000000E+0
11240794,29/9/2021,5:29:59 AM,-1.2502367E+1,-1.9292902E+1,3.8327556E+3,0.0000000E+0
11240795,29/9/2021,5:29:59 AM,-2.1145704E+1,-2.1017757E+1,3.8291846E+3,0.0000000E+0
11240796,29/9/2021,5:30:00 AM,-2.9550791E+1,-2.2872267E+1,3.8291846E+3,0.0000000E+0
11240797,29/9/2021,5:30:00 AM,-3.8035667E+1,-2.3759207E+1,3.8273987E+3,0.0000000E+0
11240798,29/9/2021,5:30:00 AM,-4.5084236E+1,-2.4484882E+1,3.8282915E+3,0.0000000E+0
11240799,29/9/2021,5:30:00 AM,-5.0084732E+1,-2.6715668E+1,3.8273987E+3,0.0000000E+0
11240800,29/9/2021,5:30:00 AM,-5.3329731E+1,-3.0021530E+1,3.8256133E+3,0.0000000E+0
11240801,29/9/2021,5:30:00 AM,-5.7425880E+1,-3.3434902E+1,3.8220420E+3,0.0000000E+0
11240802,29/9/2021,5:30:00 AM,-5.9207973E+1,-3.7143917E+1,3.8220420E+3,0.0000000E+0
11240803,29/9/2021,5:30:00 AM,-5.9926125E+1,-3.9294067E+1,3.8238276E+3,0.0000000E+0
11240804,29/9/2021,5:30:00 AM,-5.9473957E+1,-4.1766747E+1,3.8202566E+3,0.0000000E+0
11240805,29/9/2021,5:30:00 AM,-5.9074982E+1,-4.2196781E+1,3.8238276E+3,0.0000000E+0
11240806,29/9/2021,5:30:01 AM,-5.9553749E+1,-4.3379364E+1,3.8202566E+3,0.0000000E+0
11240807,29/9/2021,5:30:01 AM,-5.9340965E+1,-4.4078163E+1,3.8220420E+3,0.0000000E+0
11240808,29/9/2021,5:30:01 AM,-5.8117439E+1,-4.2089268E+1,3.8229348E+3,0.0000000E+0
11240809,29/9/2021,5:30:01 AM,-5.8064240E+1,-3.8810287E+1,3.8256133E+3,0.0000000E+0
11240810,29/9/2021,5:30:01 AM,-5.6016167E+1,-3.5773190E+1,3.8273987E+3,0.0000000E+0
11240811,29/9/2021,5:30:01 AM,-5.3888298E+1,-3.4698116E+1,3.8256133E+3,0.0000000E+0
11240812,29/9/2021,5:30:01 AM,-5.2877560E+1,-3.3676792E+1,3.8247205E+3,0.0000000E+0
11240813,29/9/2021,5:30:01 AM,-4.9552761E+1,-3.1822285E+1,3.8273987E+3,0.0000000E+0
11240814,29/9/2021,5:30:01 AM,-4.5323624E+1,-3.0370930E+1,3.8291846E+3,0.0000000E+0
11240815,29/9/2021,5:30:01 AM,-4.1466858E+1,-3.0612820E+1,3.8273987E+3,0.0000000E+0
11240816,29/9/2021,5:30:02 AM,-3.5881203E+1,-3.2628593E+1,3.8256133E+3,0.0000000E+0
11240817,29/9/2021,5:30:02 AM,-3.0029558E+1,-3.4509975E+1,3.8256133E+3,0.0000000E+0
11240818,29/9/2021,5:30:02 AM,-2.2449024E+1,-3.4940006E+1,3.8265059E+3,0.0000000E+0
11240819,29/9/2021,5:30:02 AM,-1.5575339E+1,-3.4053066E+1,3.8282915E+3,0.0000000E+0
11240820,29/9/2021,5:30:02 AM,-9.7424793E+0,-3.3623039E+1,3.8291846E+3,0.0000000E+0
11240821,29/9/2021,5:30:02 AM,-2.5233505E+0,-3.3461777E+1,3.8291846E+3,0.0000000E+0
11240822,29/9/2021,5:30:02 AM,3.1318069E+0,-3.1849161E+1,3.8282915E+3,0.0000000E+0
11240823,29/9/2021,5:30:02 AM,9.0242252E+0,-2.9510868E+1,3.8309702E+3,0.0000000E+0
11240824,29/9/2021,5:30:02 AM,1.5406957E+1,-2.6769421E+1,3.8327556E+3,0.0000000E+0
11240825,29/9/2021,5:30:02 AM,1.9503376E+1,-2.3597942E+1,3.8336484E+3,0.0000000E+0
11240826,29/9/2021,5:30:03 AM,2.3167181E+1,-2.1394035E+1,3.8345413E+3,0.0000000E+0
11240827,29/9/2021,5:30:03 AM,2.6465378E+1,-1.9750166E+1,3.8336484E+3,0.0000000E+0
11240828,29/9/2021,5:30:03 AM,2.9151814E+1,-1.7482447E+1,3.8345413E+3,0.0000000E+0
11240829,29/9/2021,5:30:03 AM,3.1226488E+1,-1.5235995E+1,3.8363269E+3,0.0000000E+0
11240830,29/9/2021,5:30:03 AM,3.2051033E+1,-1.2391376E+1,3.8381123E+3,0.0000000E+0
11240831,29/9/2021,5:30:03 AM,3.0029558E+1,-9.6557560E+0,3.8363269E+3,0.0000000E+0
11240832,29/9/2021,5:30:03 AM,2.6890953E+1,-8.7385645E+0,3.8336484E+3,0.0000000E+0
11240833,29/9/2021,5:30:03 AM,2.3645950E+1,-6.8297453E+0,3.8345413E+3,0.0000000E+0
11240834,29/9/2021,5:30:03 AM,1.8990337E+1,-3.3175120E+0,3.8354341E+3,0.0000000E+0
11240835,29/9/2021,5:30:03 AM,1.1334216E+1,7.8814071E-1,3.8354341E+3,0.0000000E+0
11240836,29/9/2021,5:30:04 AM,3.6111243E+0,3.4944353E+0,3.8345413E+3,0.0000000E+0
11240837,29/9/2021,5:30:04 AM,-2.8600614E+0,5.7663364E+0,3.8318628E+3,0.0000000E+0
11240838,29/9/2021,5:30:04 AM,-8.6637821E+0,9.9694614E+0,3.8363269E+3,0.0000000E+0
11240839,29/9/2021,5:30:04 AM,-1.3375849E+1,1.2635960E+1,3.8354341E+3,0.0000000E+0
11240840,29/9/2021,5:30:04 AM,-1.8016878E+1,1.4672388E+1,3.8363269E+3,0.0000000E+0
11240841,29/9/2021,5:30:04 AM,-2.3167181E+1,1.6014942E+1,3.8354341E+3,0.0000000E+0
11240842,29/9/2021,5:30:04 AM,-2.5694025E+1,1.6009626E+1,3.8363269E+3,0.0000000E+0
11240843,29/9/2021,5:30:04 AM,-2.7396320E+1,1.4345390E+1,3.8363269E+3,0.0000000E+0
11240844,29/9/2021,5:30:04 AM,-2.9417795E+1,9.7833652E+0,3.8327556E+3,0.0000000E+0
11240845,29/9/2021,5:30:04 AM,-3.1173288E+1,6.2289190E+0,3.8345413E+3,0.0000000E+0
11240846,29/9/2021,5:30:05 AM,-3.5136448E+1,3.9611609E+0,3.8327556E+3,0.0000000E+0
11240847,29/9/2021,5:30:05 AM,-4.0083744E+1,-3.3727944E-1,3.8309702E+3,0.0000000E+0
11240848,29/9/2021,5:30:05 AM,-4.3248947E+1,-4.8401732E+0,3.8309702E+3,0.0000000E+0
11240849,29/9/2021,5:30:05 AM,-4.6121571E+1,-9.5095367E+0,3.8291846E+3,0.0000000E+0
11240850,29/9/2021,5:30:05 AM,-5.0350716E+1,-1.3409590E+1,3.8265059E+3,0.0000000E+0
11240851,29/9/2021,5:30:05 AM,-5.3781906E+1,-1.7883884E+1,3.8256133E+3,0.0000000E+0
11240852,29/9/2021,5:30:05 AM,-5.6441738E+1,-2.2254097E+1,3.8247205E+3,0.0000000E+0
11240853,29/9/2021,5:30:05 AM,-5.7691864E+1,-2.6258760E+1,3.8247205E+3,0.0000000E+0
11240854,29/9/2021,5:30:05 AM,-5.5803383E+1,-3.0827839E+1,3.8247205E+3,0.0000000E+0
11240855,29/9/2021,5:30:05 AM,-5.2451984E+1,-3.4375591E+1,3.8256133E+3,0.0000000E+0
11240856,29/9/2021,5:30:06 AM,-4.8196247E+1,-3.8326500E+1,3.8238276E+3,0.0000000E+0
11240857,29/9/2021,5:30:06 AM,-4.1546654E+1,-4.2761192E+1,3.8238276E+3,0.0000000E+0
11240858,29/9/2021,5:30:06 AM,-3.4125710E+1,-4.5422009E+1,3.8247205E+3,0.0000000E+0
11240859,29/9/2021,5:30:06 AM,-2.7289927E+1,-4.8002193E+1,3.8256133E+3,0.0000000E+0
11240860,29/9/2021,5:30:06 AM,-1.8558859E+1,-5.1012413E+1,3.8265059E+3,0.0000000E+0
11240861,29/9/2021,5:30:06 AM,-1.1549955E+1,-5.4049500E+1,3.8256133E+3,0.0000000E+0
11240862,29/9/2021,5:30:06 AM,-6.9825926E+0,-5.6602814E+1,3.8238276E+3,0.0000000E+0
11240863,29/9/2021,5:30:06 AM,-2.4076805E+0,-5.8054169E+1,3.8256133E+3,0.0000000E+0
11240864,29/9/2021,5:30:06 AM,6.7785817E-1,-5.7919785E+1,3.8256133E+3,0.0000000E+0
11240865,29/9/2021,5:30:06 AM,1.7968475E+0,-5.5635242E+1,3.8273987E+3,0.0000000E+0
11240866,29/9/2021,5:30:07 AM,1.9117253E+0,-5.2678783E+1,3.8282915E+3,0.0000000E+0
11240867,29/9/2021,5:30:07 AM,-3.2059076E-1,-4.9991085E+1,3.8256133E+3,0.0000000E+0
11240868,29/9/2021,5:30:07 AM,-2.1620796E+0,-4.7303394E+1,3.8238276E+3,0.0000000E+0
11240869,29/9/2021,5:30:07 AM,-2.5764320E+0,-4.1981762E+1,3.8291846E+3,0.0000000E+0
11240870,29/9/2021,5:30:07 AM,-4.6141267E+0,-3.5504421E+1,3.8291846E+3,0.0000000E+0
11240871,29/9/2021,5:30:07 AM,-5.0245180E+0,-3.0854715E+1,3.8309702E+3,0.0000000E+0
11240872,29/9/2021,5:30:07 AM,-3.7917597E+0,-2.7844498E+1,3.8273987E+3,0.0000000E+0
11240873,29/9/2021,5:30:07 AM,-3.9620962E+0,-2.3974220E+1,3.8300774E+3,0.0000000E+0
11240874,29/9/2021,5:30:07 AM,-1.6016344E+0,-1.9978800E+1,3.8318628E+3,0.0000000E+0
11240875,29/9/2021,5:30:07 AM,1.1052037E+0,-1.6469549E+1,3.8327556E+3,0.0000000E+0
11240876,29/9/2021,5:30:08 AM,2.6366436E+0,-1.3420223E+1,3.8327556E+3,0.0000000E+0
11240877,29/9/2021,5:30:08 AM,3.8091896E+0,-1.0397484E+1,3.8336484E+3,0.0000000E+0
11240878,29/9/2021,5:30:08 AM,2.9448333E+0,-7.0291348E+0,3.8345413E+3,0.0000000E+0
11240879,29/9/2021,5:30:08 AM,3.4644911E-1,-3.8066530E+0,3.8345413E+3,0.0000000E+0
11240880,29/9/2021,5:30:08 AM,-3.1373527E+0,8.2386836E-2,3.8363269E+3,0.0000000E+0
11240881,29/9/2021,5:30:08 AM,-7.2404275E+0,3.1750131E+0,3.8363269E+3,0.0000000E+0
11240882,29/9/2021,5:30:08 AM,-1.4462439E+1,7.2152309E+0,3.8363269E+3,0.0000000E+0
11240883,29/9/2021,5:30:08 AM,-2.1837261E+1,9.0389776E+0,3.8345413E+3,0.0000000E+0
11240884,29/9/2021,5:30:08 AM,-2.6731359E+1,1.0737775E+1,3.8345413E+3,0.0000000E+0
11240885,29/9/2021,5:30:08 AM,-3.1891445E+1,1.1989939E+1,3.8327556E+3,0.0000000E+0
11240886,29/9/2021,5:30:09 AM,-3.4843864E+1,1.1843719E+1,3.8327556E+3,0.0000000E+0
11240887,29/9/2021,5:30:09 AM,-3.5881203E+1,1.0017315E+1,3.8327556E+3,0.0000000E+0
11240888,29/9/2021,5:30:09 AM,-3.5322636E+1,6.7366972E+0,3.8291846E+3,0.0000000E+0
11240889,29/9/2021,5:30:09 AM,-3.2769192E+1,4.4302878E+0,3.8309702E+3,0.0000000E+0
11240890,29/9/2021,5:30:09 AM,-2.8965624E+1,1.9797797E+0,3.8309702E+3,0.0000000E+0
11240891,29/9/2021,5:30:09 AM,-2.4550295E+1,-8.6626160E-1,3.8309702E+3,0.0000000E+0
11240892,29/9/2021,5:30:09 AM,-1.9179768E+1,-2.5817993E+0,3.8327556E+3,0.0000000E+0
11240893,29/9/2021,5:30:09 AM,-1.6533010E+1,-3.7762318E+0,3.8327556E+3,0.0000000E+0
11240894,29/9/2021,5:30:09 AM,-1.3194311E+1,-5.9896522E+0,3.8318628E+3,0.0000000E+0
11240895,29/9/2021,5:30:09 AM,-9.5451574E+0,-7.2364998E+0,3.8345413E+3,0.0000000E+0
11240896,29/9/2021,5:30:10 AM,-6.9904857E+0,-8.4408102E+0,3.8345413E+3,0.0000000E+0
11240897,29/9/2021,5:30:10 AM,-5.8539071E+0,-1.0057192E+1,3.8354341E+3,0.0000000E+0
11240898,29/9/2021,5:30:10 AM,-5.0562081E+0,-1.4308170E+1,3.8327556E+3,0.0000000E+0
11240899,29/9/2021,5:30:10 AM,-4.9223161E+0,-1.7575495E+1,3.8318628E+3,0.0000000E+0
11240900,29/9/2021,5:30:10 AM,-5.3960881E+0,-2.0802744E+1,3.8318628E+3,0.0000000E+0
11240901,29/9/2021,5:30:10 AM,-5.9670386E+0,-2.4377375E+1,3.8309702E+3,0.0000000E+0
11240902,29/9/2021,5:30:10 AM,-6.5379591E+0,-2.8113268E+1,3.8309702E+3,0.0000000E+0
11240903,29/9/2021,5:30:10 AM,-8.4769840E+0,-3.3031746E+1,3.8256133E+3,0.0000000E+0
11240904,29/9/2021,5:30:10 AM,-1.0394960E+1,-3.6122593E+1,3.8273987E+3,0.0000000E+0
11240905,29/9/2021,5:30:10 AM,-1.2028792E+1,-3.9697224E+1,3.8256133E+3,0.0000000E+0
11240906,29/9/2021,5:30:11 AM,-1.3683672E+1,-4.2089268E+1,3.8256133E+3,0.0000000E+0
11240907,29/9/2021,5:30:11 AM,-1.4499272E+1,-4.2411793E+1,3.8273987E+3,0.0000000E+0
11240908,29/9/2021,5:30:11 AM,-1.6990799E+1,-4.3218102E+1,3.8238276E+3,0.0000000E+0
11240909,29/9/2021,5:30:11 AM,-2.0267958E+1,-4.3459995E+1,3.8256133E+3,0.0000000E+0
11240910,29/9/2021,5:30:11 AM,-2.1730867E+1,-4.3486870E+1,3.8256133E+3,0.0000000E+0
11240911,29/9/2021,5:30:11 AM,-2.3246975E+1,-4.1820499E+1,3.8273987E+3,0.0000000E+0
11240912,29/9/2021,5:30:11 AM,-2.5454639E+1,-3.9482208E+1,3.8273987E+3,0.0000000E+0
11240913,29/9/2021,5:30:11 AM,-2.6465378E+1,-3.8595268E+1,3.8273987E+3,0.0000000E+0
11240914,29/9/2021,5:30:11 AM,-2.8300665E+1,-3.7439560E+1,3.8273987E+3,0.0000000E+0
11240915,29/9/2021,5:30:11 AM,-3.1439274E+1,-3.5719437E+1,3.8256133E+3,0.0000000E+0
11240916,29/9/2021,5:30:12 AM,-3.3620338E+1,-3.3596161E+1,3.8291846E+3,0.0000000E+0
11240917,29/9/2021,5:30:12 AM,-3.6492966E+1,-3.1849161E+1,3.8273987E+3,0.0000000E+0
11240918,29/9/2021,5:30:12 AM,-3.9737965E+1,-3.0505314E+1,3.8265059E+3,0.0000000E+0
11240919,29/9/2021,5:30:12 AM,-4.2530792E+1,-2.8140146E+1,3.8273987E+3,0.0000000E+0
11240920,29/9/2021,5:30:12 AM,-4.6706738E+1,-2.6231884E+1,3.8247205E+3,0.0000000E+0
11240921,29/9/2021,5:30:12 AM,-4.8196247E+1,-2.2979774E+1,3.8282915E+3,0.0000000E+0
11240922,29/9/2021,5:30:12 AM,-5.0536903E+1,-2.0151604E+1,3.8256133E+3,0.0000000E+0
11240923,29/9/2021,5:30:12 AM,-5.3063747E+1,-1.8311907E+1,3.8273987E+3,0.0000000E+0
11240924,29/9/2021,5:30:12 AM,-5.1973217E+1,-1.7259130E+1,3.8273987E+3,0.0000000E+0
11240925,29/9/2021,5:30:12 AM,-5.0297520E+1,-1.6876305E+1,3.8256133E+3,0.0000000E+0
11240926,29/9/2021,5:30:13 AM,-4.7504688E+1,-1.4425146E+1,3.8273987E+3,0.0000000E+0
11240927,29/9/2021,5:30:13 AM,-4.2158417E+1,-1.3050690E+1,3.8273987E+3,0.0000000E+0
11240928,29/9/2021,5:30:13 AM,-3.5482224E+1,-1.1846378E+1,3.8291846E+3,0.0000000E+0
11240929,29/9/2021,5:30:13 AM,-2.7289927E+1,-9.9136324E+0,3.8309702E+3,0.0000000E+0
11240930,29/9/2021,5:30:13 AM,-2.0454147E+1,-1.0365581E+1,3.8291846E+3,0.0000000E+0
11240931,29/9/2021,5:30:13 AM,-1.1434193E+1,-9.1798792E+0,3.8327556E+3,0.0000000E+0
11240932,29/9/2021,5:30:13 AM,-3.5691347E+0,-7.7947893E+0,3.8336484E+3,0.0000000E+0
11240933,29/9/2021,5:30:13 AM,2.9931612E+0,-6.7074537E+0,3.8354341E+3,0.0000000E+0
11240934,29/9/2021,5:30:13 AM,1.0200269E+1,-5.9790182E+0,3.8372195E+3,0.0000000E+0
11240935,29/9/2021,5:30:13 AM,1.5846329E+1,-6.6144052E+0,3.8354341E+3,0.0000000E+0
11240936,29/9/2021,5:30:14 AM,2.0297928E+1,-7.2976456E+0,3.8363269E+3,0.0000000E+0
11240937,29/9/2021,5:30:14 AM,2.4470501E+1,-8.3185186E+0,3.8363269E+3,0.0000000E+0
11240938,29/9/2021,5:30:14 AM,2.7077141E+1,-9.5254879E+0,3.8363269E+3,0.0000000E+0
11240939,29/9/2021,5:30:14 AM,2.9045420E+1,-1.1564575E+1,3.8363269E+3,0.0000000E+0
11240940,29/9/2021,5:30:14 AM,3.1013699E+1,-1.5063190E+1,3.8345413E+3,0.0000000E+0
11240941,29/9/2021,5:30:14 AM,3.2875584E+1,-1.8341150E+1,3.8327556E+3,0.0000000E+0
11240942,29/9/2021,5:30:14 AM,3.1838247E+1,-2.1286528E+1,3.8318628E+3,0.0000000E+0
11240943,29/9/2021,5:30:14 AM,3.0827511E+1,-2.2818512E+1,3.8327556E+3,0.0000000E+0
11240944,29/9/2021,5:30:14 AM,2.8832634E+1,-2.3382929E+1,3.8318628E+3,0.0000000E+0
11240945,29/9/2021,5:30:14 AM,2.5561033E+1,-2.4296743E+1,3.8309702E+3,0.0000000E+0
11240946,29/9/2021,5:30:15 AM,2.3645950E+1,-2.3839836E+1,3.8327556E+3,0.0000000E+0
11240947,29/9/2021,5:30:15 AM,1.8806170E+1,-2.2926022E+1,3.8282915E+3,0.0000000E+0
11240948,29/9/2021,5:30:15 AM,1.5214896E+1,-2.1017757E+1,3.8327556E+3,0.0000000E+0
11240949,29/9/2021,5:30:15 AM,1.3028560E+1,-1.7575495E+1,3.8354341E+3,0.0000000E+0
11240950,29/9/2021,5:30:15 AM,7.6324420E+0,-1.5658700E+1,3.8327556E+3,0.0000000E+0
11240951,29/9/2021,5:30:15 AM,1.7279207E+0,-1.3385663E+1,3.8354341E+3,0.0000000E+0
11240952,29/9/2021,5:30:15 AM,-5.1980228E+0,-1.2234523E+1,3.8309702E+3,0.0000000E+0
11240953,29/9/2021,5:30:15 AM,-1.2226115E+1,-1.1341259E+1,3.8327556E+3,0.0000000E+0
11240954,29/9/2021,5:30:15 AM,-1.8308916E+1,-9.4350977E+0,3.8336484E+3,0.0000000E+0
11240955,29/9/2021,5:30:15 AM,-2.6731359E+1,-7.7176924E+0,3.8318628E+3,0.0000000E+0
11240956,29/9/2021,5:30:16 AM,-3.7769684E+1,-6.7021365E+0,3.8309702E+3,0.0000000E+0
11240957,29/9/2021,5:30:16 AM,-4.7903664E+1,-6.3326015E+0,3.8282915E+3,0.0000000E+0
11240958,29/9/2021,5:30:16 AM,-5.7026901E+1,-5.4013643E+0,3.8282915E+3,0.0000000E+0
11240959,29/9/2021,5:30:16 AM,-6.4261665E+1,-4.2013283E+0,3.8291846E+3,0.0000000E+0
11240960,29/9/2021,5:30:16 AM,-7.1336830E+1,-3.7017798E+0,3.8273987E+3,0.0000000E+0
11240961,29/9/2021,5:30:16 AM,-7.7614044E+1,-4.4294868E+0,3.8247205E+3,0.0000000E+0
11240962,29/9/2021,5:30:16 AM,-8.0965439E+1,-5.4093699E+0,3.8256133E+3,0.0000000E+0
11240963,29/9/2021,5:30:16 AM,-8.2986916E+1,-5.7743120E+0,3.8256133E+3,0.0000000E+0
11240964,29/9/2021,5:30:16 AM,-8.1603798E+1,-8.1855927E+0,3.8256133E+3,0.0000000E+0
11240965,29/9/2021,5:30:16 AM,-7.5885147E+1,-1.1766623E+1,3.8273987E+3,0.0000000E+0
11240966,29/9/2021,5:30:17 AM,-7.0193100E+1,-1.5323727E+1,3.8256133E+3,0.0000000E+0
11240967,29/9/2021,5:30:17 AM,-6.4634041E+1,-1.8553833E+1,3.8265059E+3,0.0000000E+0
11240968,29/9/2021,5:30:17 AM,-5.5803383E+1,-2.2173466E+1,3.8273987E+3,0.0000000E+0
11240969,29/9/2021,5:30:17 AM,-4.6281166E+1,-2.6043743E+1,3.8273987E+3,0.0000000E+0
11240970,29/9/2021,5:30:17 AM,-3.6014194E+1,-2.9725882E+1,3.8300774E+3,0.0000000E+0
11240971,29/9/2021,5:30:17 AM,-3.0800913E+1,-3.3139252E+1,3.8273987E+3,0.0000000E+0
11240972,29/9/2021,5:30:17 AM,-2.7343124E+1,-3.6606377E+1,3.8256133E+3,0.0000000E+0
11240973,29/9/2021,5:30:17 AM,-2.2794804E+1,-3.7950226E+1,3.8291846E+3,0.0000000E+0
11240974,29/9/2021,5:30:17 AM,-1.9548101E+1,-3.9294067E+1,3.8291846E+3,0.0000000E+0
11240975,29/9/2021,5:30:17 AM,-1.6380415E+1,-4.1954884E+1,3.8282915E+3,0.0000000E+0
11240976,29/9/2021,5:30:18 AM,-1.3978340E+1,-4.4131920E+1,3.8273987E+3,0.0000000E+0
11240977,29/9/2021,5:30:18 AM,-1.3765231E+1,-4.7249641E+1,3.8238276E+3,0.0000000E+0
11240978,29/9/2021,5:30:18 AM,-9.9292784E+0,-4.9238533E+1,3.8256133E+3,0.0000000E+0
11240979,29/9/2021,5:30:18 AM,-4.1664991E+0,-5.1630581E+1,3.8265059E+3,0.0000000E+0
11240980,29/9/2021,5:30:18 AM,2.0464096E+0,-5.4264523E+1,3.8256133E+3,0.0000000E+0
11240981,29/9/2021,5:30:18 AM,7.6166563E+0,-5.6280293E+1,3.8256133E+3,0.0000000E+0
11240982,29/9/2021,5:30:18 AM,1.1339478E+1,-5.7140350E+1,3.8238276E+3,0.0000000E+0
11240983,29/9/2021,5:30:18 AM,1.5504303E+1,-5.6790951E+1,3.8273987E+3,0.0000000E+0
11240984,29/9/2021,5:30:18 AM,2.0986115E+1,-5.6011524E+1,3.8256133E+3,0.0000000E+0
11240985,29/9/2021,5:30:18 AM,2.4975870E+1,-5.3108810E+1,3.8291846E+3,0.0000000E+0
11240986,29/9/2021,5:30:19 AM,2.5614229E+1,-4.7787182E+1,3.8291846E+3,0.0000000E+0
11240987,29/9/2021,5:30:19 AM,2.2103245E+1,-4.3083717E+1,3.8273987E+3,0.0000000E+0
11240988,29/9/2021,5:30:19 AM,1.8511499E+1,-3.5423794E+1,3.8327556E+3,0.0000000E+0
11240989,29/9/2021,5:30:19 AM,1.3838899E+1,-2.8516420E+1,3.8309702E+3,0.0000000E+0
11240990,29/9/2021,5:30:19 AM,9.1294632E+0,-2.1286528E+1,3.8327556E+3,0.0000000E+0
11240991,29/9/2021,5:30:19 AM,3.1199229E+0,-1.3622272E+1,3.8327556E+3,0.0000000E+0
11240992,29/9/2021,5:30:19 AM,-4.5364852E+0,-7.1088905E+0,3.8309702E+3,0.0000000E+0
11240993,29/9/2021,5:30:19 AM,-1.1094797E+1,-7.7001029E-1,3.8345413E+3,0.0000000E+0
11240994,29/9/2021,5:30:19 AM,-1.6698763E+1,4.1108651E+0,3.8327556E+3,0.0000000E+0
11240995,29/9/2021,5:30:19 AM,-1.8450989E+1,7.2125731E+0,3.8345413E+3,0.0000000E+0
11240996,29/9/2021,5:30:20 AM,-2.0155855E+1,1.1107309E+1,3.8336484E+3,0.0000000E+0
11240997,29/9/2021,5:30:20 AM,-2.4098124E+1,1.3678101E+1,3.8327556E+3,0.0000000E+0
11240998,29/9/2021,5:30:20 AM,-2.4949270E+1,1.7057083E+1,3.8354341E+3,0.0000000E+0
11240999,29/9/2021,5:30:20 AM,-2.6332386E+1,1.9649143E+1,3.8345413E+3,0.0000000E+0
11241000,29/9/2021,5:30:20 AM,-2.5108862E+1,2.1286528E+1,3.8363269E+3,0.0000000E+0
11241001,29/9/2021,5:30:20 AM,-2.3220377E+1,2.2952898E+1,3.8363269E+3,0.0000000E+0
11241002,29/9/2021,5:30:20 AM,-2.3007589E+1,2.4001097E+1,3.8363269E+3,0.0000000E+0
11241003,29/9/2021,5:30:20 AM,-2.3725746E+1,2.4995543E+1,3.8381123E+3,0.0000000E+0
11241004,29/9/2021,5:30:20 AM,-2.3672548E+1,2.2845388E+1,3.8363269E+3,0.0000000E+0
11241005,29/9/2021,5:30:20 AM,-2.2768206E+1,2.0775866E+1,3.8345413E+3,0.0000000E+0
11241006,29/9/2021,5:30:21 AM,-2.1411688E+1,1.8503321E+1,3.8354341E+3,0.0000000E+0
11241007,29/9/2021,5:30:21 AM,-1.9929594E+1,1.5618822E+1,3.8363269E+3,0.0000000E+0
11241008,29/9/2021,5:30:21 AM,-1.7974783E+1,1.3026762E+1,3.8363269E+3,0.0000000E+0
11241009,29/9/2021,5:30:21 AM,-1.7382816E+1,8.3796644E+0,3.8327556E+3,0.0000000E+0
11241010,29/9/2021,5:30:21 AM,-1.3460039E+1,3.5264580E+0,3.8345413E+3,0.0000000E+0
11241011,29/9/2021,5:30:21 AM,-9.1820831E+0,-2.0918579E+0,3.8327556E+3,0.0000000E+0
11241012,29/9/2021,5:30:21 AM,-5.9591455E+0,-7.7974482E+0,3.8327556E+3,0.0000000E+0
11241013,29/9/2021,5:30:21 AM,-3.9327824E+0,-1.2340863E+1,3.8327556E+3,0.0000000E+0
11241014,29/9/2021,5:30:21 AM,-1.8253689E+0,-1.7737665E+1,3.8309702E+3,0.0000000E+0
11241015,29/9/2021,5:30:21 AM,-1.2499082E+0,-2.2119713E+1,3.8309702E+3,0.0000000E+0
11241016,29/9/2021,5:30:22 AM,-1.5040060E-2,-2.6366268E+1,3.8327556E+3,0.0000000E+0
11241017,29/9/2021,5:30:22 AM,-4.1083109E-1,-3.1150360E+1,3.8291846E+3,0.0000000E+0
11241018,29/9/2021,5:30:22 AM,-6.3907063E-1,-3.5638805E+1,3.8309702E+3,0.0000000E+0
11241019,29/9/2021,5:30:22 AM,-3.1349757E+0,-3.9482208E+1,3.8291846E+3,0.0000000E+0
11241020,29/9/2021,5:30:22 AM,-4.5055871E+0,-4.4830715E+1,3.8273987E+3,0.0000000E+0
11241021,29/9/2021,5:30:22 AM,-5.4230247E+0,-4.9937332E+1,3.8282915E+3,0.0000000E+0
11241022,29/9/2021,5:30:22 AM,-6.3353739E+0,-5.5285843E+1,3.8247205E+3,0.0000000E+0
11241023,29/9/2021,5:30:22 AM,-7.6061325E+0,-5.9747414E+1,3.8238276E+3,0.0000000E+0
11241024,29/9/2021,5:30:22 AM,-9.5241089E+0,-6.3752075E+1,3.8220420E+3,0.0000000E+0
11241025,29/9/2021,5:30:22 AM,-1.1991959E+1,-6.6601036E+1,3.8220420E+3,0.0000000E+0
11241026,29/9/2021,5:30:23 AM,-1.5191216E+1,-6.7622353E+1,3.8220420E+3,0.0000000E+0
11241027,29/9/2021,5:30:23 AM,-1.8932455E+1,-6.7864243E+1,3.8211492E+3,0.0000000E+0
11241028,29/9/2021,5:30:23 AM,-2.3619352E+1,-6.5955986E+1,3.8202566E+3,0.0000000E+0
11241029,29/9/2021,5:30:23 AM,-3.0375340E+1,-6.1736305E+1,3.8211492E+3,0.0000000E+0
11241030,29/9/2021,5:30:23 AM,-3.7131325E+1,-5.5097706E+1,3.8256133E+3,0.0000000E+0
11241031,29/9/2021,5:30:23 AM,-4.4259686E+1,-4.9722317E+1,3.8220420E+3,0.0000000E+0
11241032,29/9/2021,5:30:23 AM,-4.9925140E+1,-4.5663902E+1,3.8220420E+3,0.0000000E+0
11241033,29/9/2021,5:30:23 AM,-5.4287273E+1,-3.8568390E+1,3.8273987E+3,0.0000000E+0
11241034,29/9/2021,5:30:23 AM,-5.8649403E+1,-3.1902914E+1,3.8256133E+3,0.0000000E+0
11241035,29/9/2021,5:30:23 AM,-6.2293381E+1,-2.5667467E+1,3.8282915E+3,0.0000000E+0
11241036,29/9/2021,5:30:24 AM,-6.4474449E+1,-2.1447788E+1,3.8273987E+3,0.0000000E+0
11241037,29/9/2021,5:30:24 AM,-6.6256538E+1,-1.9284925E+1,3.8256133E+3,0.0000000E+0
11241038,29/9/2021,5:30:24 AM,-6.4660637E+1,-1.6692865E+1,3.8273987E+3,0.0000000E+0
11241039,29/9/2021,5:30:24 AM,-6.3596703E+1,-1.3385663E+1,3.8273987E+3,0.0000000E+0
11241040,29/9/2021,5:30:24 AM,-6.2107193E+1,-1.1099334E+1,3.8273987E+3,0.0000000E+0
11241041,29/9/2021,5:30:24 AM,-6.0059116E+1,-9.3340740E+0,3.8291846E+3,0.0000000E+0
11241042,29/9/2021,5:30:24 AM,-5.7505676E+1,-8.8555393E+0,3.8256133E+3,0.0000000E+0
11241043,29/9/2021,5:30:24 AM,-5.3781906E+1,-7.0743299E+0,3.8265059E+3,0.0000000E+0
11241044,29/9/2021,5:30:24 AM,-4.8595219E+1,-4.6272249E+0,3.8291846E+3,0.0000000E+0
11241045,29/9/2021,5:30:24 AM,-4.3594730E+1,-1.5136248E+0,3.8291846E+3,0.0000000E+0
11241046,29/9/2021,5:30:25 AM,-3.7397308E+1,6.0310364E-1,3.8327556E+3,0.0000000E+0
11241047,29/9/2021,5:30:25 AM,-2.9843370E+1,1.4698244E+0,3.8309702E+3,0.0000000E+0
11241048,29/9/2021,5:30:25 AM,-2.2023451E+1,3.4199834E+0,3.8327556E+3,0.0000000E+0
11241049,29/9/2021,5:30:25 AM,-1.1815683E+1,4.4735179E+0,3.8345413E+3,0.0000000E+0
11241050,29/9/2021,5:30:25 AM,-7.2904712E-1,5.7477269E+0,3.8363269E+3,0.0000000E+0
11241051,29/9/2021,5:30:25 AM,8.0139322E+0,6.2368946E+0,3.8398979E+3,0.0000000E+0
11241052,29/9/2021,5:30:25 AM,1.7566982E+1,5.0659308E+0,3.8381123E+3,0.0000000E+0
11241053,29/9/2021,5:30:25 AM,2.6412182E+1,3.7217939E+0,3.8381123E+3,0.0000000E+0
11241054,29/9/2021,5:30:25 AM,3.3327759E+1,2.2279527E+0,3.8398979E+3,0.0000000E+0
11241055,29/9/2021,5:30:25 AM,4.0934891E+1,-6.7589200E-1,3.8390051E+3,0.0000000E+0
11241056,29/9/2021,5:30:26 AM,4.6440754E+1,-3.5528762E+0,3.8390051E+3,0.0000000E+0
11241057,29/9/2021,5:30:26 AM,4.8914402E+1,-5.5822906E+0,3.8381123E+3,0.0000000E+0
11241058,29/9/2021,5:30:26 AM,5.0563503E+1,-7.4943762E+0,3.8381123E+3,0.0000000E+0
11241059,29/9/2021,5:30:26 AM,4.9526165E+1,-1.0376215E+1,3.8354341E+3,0.0000000E+0
11241060,29/9/2021,5:30:26 AM,4.8542023E+1,-1.2335546E+1,3.8363269E+3,0.0000000E+0
11241061,29/9/2021,5:30:26 AM,4.5403419E+1,-1.3250079E+1,3.8363269E+3,0.0000000E+0
11241062,29/9/2021,5:30:26 AM,4.0748703E+1,-1.2816740E+1,3.8381123E+3,0.0000000E+0
11241063,29/9/2021,5:30:26 AM,3.4604477E+1,-1.4422487E+1,3.8327556E+3,0.0000000E+0
11241064,29/9/2021,5:30:26 AM,2.7343124E+1,-1.6131918E+1,3.8309702E+3,0.0000000E+0
11241065,29/9/2021,5:30:26 AM,2.3592754E+1,-1.6177111E+1,3.8354341E+3,0.0000000E+0
11241066,29/9/2021,5:30:27 AM,2.0906319E+1,-1.6650330E+1,3.8327556E+3,0.0000000E+0
11241067,29/9/2021,5:30:27 AM,1.6490915E+1,-1.7942371E+1,3.8345413E+3,0.0000000E+0
11241068,29/9/2021,5:30:27 AM,1.0255518E+1,-2.0069191E+1,3.8309702E+3,0.0000000E+0
11241069,29/9/2021,5:30:27 AM,3.3805766E+0,-2.1797190E+1,3.8309702E+3,0.0000000E+0
11241070,29/9/2021,5:30:27 AM,-1.6182578E+0,-2.2549744E+1,3.8318628E+3,0.0000000E+0
11241071,29/9/2021,5:30:27 AM,-7.3325119E+0,-2.4162359E+1,3.8309702E+3,0.0000000E+0
11241072,29/9/2021,5:30:27 AM,-1.4654499E+1,-2.5076174E+1,3.8318628E+3,0.0000000E+0
11241073,29/9/2021,5:30:27 AM,-2.4869476E+1,-2.6151251E+1,3.8291846E+3,0.0000000E+0
11241074,29/9/2021,5:30:27 AM,-3.7264317E+1,-2.7468222E+1,3.8256133E+3,0.0000000E+0
11241075,29/9/2021,5:30:27 AM,-4.8116451E+1,-2.8220776E+1,3.8273987E+3,0.0000000E+0
11241076,29/9/2021,5:30:28 AM,-5.6920509E+1,-2.9833393E+1,3.8238276E+3,0.0000000E+0
11241077,29/9/2021,5:30:28 AM,-6.4607445E+1,-3.0478436E+1,3.8265059E+3,0.0000000E+0
11241078,29/9/2021,5:30:28 AM,-7.3491295E+1,-3.1069729E+1,3.8229348E+3,0.0000000E+0
11241079,29/9/2021,5:30:28 AM,-8.1178223E+1,-3.3972439E+1,3.8184709E+3,0.0000000E+0
11241080,29/9/2021,5:30:28 AM,-8.5167976E+1,-3.5853821E+1,3.8202566E+3,0.0000000E+0
11241081,29/9/2021,5:30:28 AM,-8.6817078E+1,-3.6579498E+1,3.8202566E+3,0.0000000E+0
11241082,29/9/2021,5:30:28 AM,-8.6311707E+1,-3.7117039E+1,3.8211492E+3,0.0000000E+0
11241083,29/9/2021,5:30:28 AM,-8.3173103E+1,-3.8460884E+1,3.8202566E+3,0.0000000E+0
11241084,29/9/2021,5:30:28 AM,-8.0539864E+1,-3.7358932E+1,3.8202566E+3,0.0000000E+0
11241085,29/9/2021,5:30:28 AM,-7.5166992E+1,-3.5423794E+1,3.8211492E+3,0.0000000E+0
11241086,29/9/2021,5:30:29 AM,-6.8384407E+1,-3.3058620E+1,3.8238276E+3,0.0000000E+0
11241087,29/9/2021,5:30:29 AM,-6.1415634E+1,-3.0048407E+1,3.8256133E+3,0.0000000E+0
11241088,29/9/2021,5:30:29 AM,-5.3037148E+1,-2.8167023E+1,3.8273987E+3,0.0000000E+0
11241089,29/9/2021,5:30:29 AM,-4.5882187E+1,-2.6420021E+1,3.8291846E+3,0.0000000E+0
11241090,29/9/2021,5:30:29 AM,-4.2504192E+1,-2.3759207E+1,3.8273987E+3,0.0000000E+0
11241091,29/9/2021,5:30:29 AM,-3.8594234E+1,-2.2872267E+1,3.8273987E+3,0.0000000E+0
11241092,29/9/2021,5:30:29 AM,-3.1013699E+1,-2.0937128E+1,3.8309702E+3,0.0000000E+0
11241093,29/9/2021,5:30:29 AM,-2.4071526E+1,-1.8843611E+1,3.8327556E+3,0.0000000E+0
11241094,29/9/2021,5:30:29 AM,-1.9400768E+1,-1.8330515E+1,3.8300774E+3,0.0000000E+0
11241095,29/9/2021,5:30:29 AM,-1.3888887E+1,-1.8152395E+1,3.8309702E+3,0.0000000E+0
11241096,29/9/2021,5:30:30 AM,-8.7558661E+0,-1.6860353E+1,3.8291846E+3,0.0000000E+0
11241097,29/9/2021,5:30:30 AM,-2.6643732E+0,-1.5002046E+1,3.8327556E+3,0.0000000E+0
11241098,29/9/2021,5:30:30 AM,5.4143100E+0,-1.4034343E+1,3.8327556E+3,0.0000000E+0
11241099,29/9/2021,5:30:30 AM,1.3020668E+1,-1.2941690E+1,3.8345413E+3,0.0000000E+0
11241100,29/9/2021,5:30:30 AM,1.8319439E+1,-1.2077670E+1,3.8336484E+3,0.0000000E+0
11241101,29/9/2021,5:30:30 AM,2.2129843E+1,-1.1426332E+1,3.8327556E+3,0.0000000E+0
11241102,29/9/2021,5:30:30 AM,2.6385582E+1,-9.6610727E+0,3.8363269E+3,0.0000000E+0
11241103,29/9/2021,5:30:30 AM,3.0082756E+1,-8.3264942E+0,3.8363269E+3,0.0000000E+0
11241104,29/9/2021,5:30:30 AM,3.3168167E+1,-7.8001060E+0,3.8390051E+3,0.0000000E+0
11241105,29/9/2021,5:30:30 AM,3.4684273E+1,-7.0238175E+0,3.8381123E+3,0.0000000E+0
11241106,29/9/2021,5:30:31 AM,3.2902184E+1,-7.1540852E+0,3.8363269E+3,0.0000000E+0
11241107,29/9/2021,5:30:31 AM,3.0455133E+1,-7.3215718E+0,3.8381123E+3,0.0000000E+0
11241108,29/9/2021,5:30:31 AM,2.8859232E+1,-9.0602465E+0,3.8381123E+3,0.0000000E+0
11241109,29/9/2021,5:30:31 AM,2.5428041E+1,-1.1609770E+1,3.8363269E+3,0.0000000E+0
11241110,29/9/2021,5:30:31 AM,2.1518082E+1,-1.4847851E+1,3.8327556E+3,0.0000000E+0
11241111,29/9/2021,5:30:31 AM,1.7511732E+1,-1.7716396E+1,3.8327556E+3,0.0000000E+0
11241112,29/9/2021,5:30:31 AM,1.1439455E+1,-1.9005781E+1,3.8309702E+3,0.0000000E+0
11241113,29/9/2021,5:30:31 AM,5.8197041E+0,-2.1071512E+1,3.8291846E+3,0.0000000E+0
11241114,29/9/2021,5:30:31 AM,4.6125422E+0,-2.2280973E+1,3.8309702E+3,0.0000000E+0
11241115,29/9/2021,5:30:31 AM,1.2287965E+0,-2.2092836E+1,3.8318628E+3,0.0000000E+0
11241116,29/9/2021,5:30:32 AM,-5.2748723E+0,-2.3194790E+1,3.8282915E+3,0.0000000E+0
11241117,29/9/2021,5:30:32 AM,-1.0797499E+1,-2.3651697E+1,3.8291846E+3,0.0000000E+0
11241118,29/9/2021,5:30:32 AM,-1.6290962E+1,-2.3490437E+1,3.8273987E+3,0.0000000E+0
11241119,29/9/2021,5:30:32 AM,-2.1172302E+1,-2.1824066E+1,3.8291846E+3,0.0000000E+0
11241120,29/9/2021,5:30:32 AM,-2.3725746E+1,-2.0132994E+1,3.8336484E+3,0.0000000E+0
11241121,29/9/2021,5:30:32 AM,-2.9364599E+1,-1.9500265E+1,3.8273987E+3,0.0000000E+0
11241122,29/9/2021,5:30:32 AM,-3.5136448E+1,-1.8963243E+1,3.8291846E+3,0.0000000E+0
11241123,29/9/2021,5:30:32 AM,-4.0402924E+1,-1.7519667E+1,3.8291846E+3,0.0000000E+0
11241124,29/9/2021,5:30:32 AM,-4.5616203E+1,-1.6028234E+1,3.8291846E+3,0.0000000E+0
11241125,29/9/2021,5:30:32 AM,-4.9073994E+1,-1.5560335E+1,3.8291846E+3,0.0000000E+0
11241126,29/9/2021,5:30:33 AM,-5.3010551E+1,-1.5897967E+1,3.8273987E+3,0.0000000E+0
11241127,29/9/2021,5:30:33 AM,-5.7984447E+1,-1.5438043E+1,3.8265059E+3,0.0000000E+0
11241128,29/9/2021,5:30:33 AM,-6.2798752E+1,-1.5810236E+1,3.8247205E+3,0.0000000E+0
11241129,29/9/2021,5:30:33 AM,-6.5804367E+1,-1.5310433E+1,3.8265059E+3,0.0000000E+0
11241130,29/9/2021,5:30:33 AM,-6.7320473E+1,-1.4278928E+1,3.8273987E+3,0.0000000E+0
11241131,29/9/2021,5:30:33 AM,-6.7905640E+1,-1.5360947E+1,3.8256133E+3,0.0000000E+0
11241132,29/9/2021,5:30:33 AM,-6.7160881E+1,-1.6772621E+1,3.8256133E+3,0.0000000E+0
11241133,29/9/2021,5:30:33 AM,-6.5378792E+1,-1.7333569E+1,3.8256133E+3,0.0000000E+0
11241134,29/9/2021,5:30:33 AM,-6.0963467E+1,-1.7197985E+1,3.8282915E+3,0.0000000E+0
11241135,29/9/2021,5:30:33 AM,-5.5351204E+1,-1.8011494E+1,3.8291846E+3,0.0000000E+0
11241136,29/9/2021,5:30:34 AM,-5.0191128E+1,-2.1232775E+1,3.8256133E+3,0.0000000E+0
11241137,29/9/2021,5:30:34 AM,-4.4977844E+1,-2.2442236E+1,3.8273987E+3,0.0000000E+0
11241138,29/9/2021,5:30:34 AM,-3.8567635E+1,-2.3759207E+1,3.8291846E+3,0.0000000E+0
11241139,29/9/2021,5:30:34 AM,-3.2370216E+1,-2.5694344E+1,3.8291846E+3,0.0000000E+0
11241140,29/9/2021,5:30:34 AM,-2.6146198E+1,-2.7360714E+1,3.8273987E+3,0.0000000E+0
11241141,29/9/2021,5:30:34 AM,-2.0081770E+1,-2.8758312E+1,3.8273987E+3,0.0000000E+0
11241142,29/9/2021,5:30:34 AM,-1.4686071E+1,-2.8812067E+1,3.8291846E+3,0.0000000E+0
11241143,29/9/2021,5:30:34 AM,-8.6506271E+0,-2.9188345E+1,3.8282915E+3,0.0000000E+0
11241144,29/9/2021,5:30:34 AM,-2.7602365E+0,-2.9699005E+1,3.8309702E+3,0.0000000E+0
11241145,29/9/2021,5:30:34 AM,4.5856051E+0,-3.0747208E+1,3.8300774E+3,0.0000000E+0
11241146,29/9/2021,5:30:35 AM,1.1505229E+1,-3.2252316E+1,3.8309702E+3,0.0000000E+0
11241147,29/9/2021,5:30:35 AM,1.7648542E+1,-3.3757423E+1,3.8300774E+3,0.0000000E+0
11241148,29/9/2021,5:30:35 AM,2.4310909E+1,-3.3569286E+1,3.8327556E+3,0.0000000E+0
11241149,29/9/2021,5:30:35 AM,3.0694519E+1,-3.3085499E+1,3.8327556E+3,0.0000000E+0
11241150,29/9/2021,5:30:35 AM,3.5801407E+1,-3.3354271E+1,3.8327556E+3,0.0000000E+0
11241151,29/9/2021,5:30:35 AM,4.0775299E+1,-3.3676792E+1,3.8345413E+3,0.0000000E+0
11241152,29/9/2021,5:30:35 AM,4.3275547E+1,-3.3300518E+1,3.8327556E+3,0.0000000E+0
11241153,29/9/2021,5:30:35 AM,4.3807514E+1,-3.2413578E+1,3.8327556E+3,0.0000000E+0
11241154,29/9/2021,5:30:35 AM,4.2477596E+1,-2.9161469E+1,3.8354341E+3,0.0000000E+0
11241155,29/9/2021,5:30:35 AM,3.9259193E+1,-2.6742544E+1,3.8345413E+3,0.0000000E+0
11241156,29/9/2021,5:30:36 AM,3.2636200E+1,-2.4511759E+1,3.8309702E+3,0.0000000E+0
11241157,29/9/2021,5:30:36 AM,2.5880213E+1,-2.2173466E+1,3.8336484E+3,0.0000000E+0
11241158,29/9/2021,5:30:36 AM,1.7511732E+1,-1.8561808E+1,3.8309702E+3,0.0000000E+0
11241159,29/9/2021,5:30:36 AM,9.4899063E+0,-1.3869514E+1,3.8345413E+3,0.0000000E+0
11241160,29/9/2021,5:30:36 AM,2.0994911E+0,-9.7541208E+0,3.8345413E+3,0.0000000E+0
11241161,29/9/2021,5:30:36 AM,-6.4406133E+0,-7.3534746E+0,3.8309702E+3,0.0000000E+0
11241162,29/9/2021,5:30:36 AM,-1.3933615E+1,-4.7561145E+0,3.8327556E+3,0.0000000E+0
11241163,29/9/2021,5:30:36 AM,-1.9979582E+1,-2.3560421E+0,3.8309702E+3,0.0000000E+0
11241164,29/9/2021,5:30:36 AM,-2.5188658E+1,1.1571484E-1,3.8327556E+3,0.0000000E+0
11241165,29/9/2021,5:30:36 AM,-2.9417795E+1,2.0110016E+0,3.8336484E+3,0.0000000E+0
11241166,29/9/2021,5:30:37 AM,-3.5828003E+1,2.7451131E+0,3.8318628E+3,0.0000000E+0
11241167,29/9/2021,5:30:37 AM,-4.0456120E+1,2.5681899E+0,3.8318628E+3,0.0000000E+0
11241168,29/9/2021,5:30:37 AM,-4.6068375E+1,2.9628651E+0,3.8291846E+3,0.0000000E+0
11241169,29/9/2021,5:30:37 AM,-5.1095467E+1,3.9499528E+0,3.8327556E+3,0.0000000E+0
11241170,29/9/2021,5:30:37 AM,-5.5191616E+1,4.4294868E+0,3.8318628E+3,0.0000000E+0
11241171,29/9/2021,5:30:37 AM,-6.0617683E+1,3.3959668E+0,3.8291846E+3,0.0000000E+0
11241172,29/9/2021,5:30:37 AM,-6.5086212E+1,1.5218606E+0,3.8282915E+3,0.0000000E+0
11241173,29/9/2021,5:30:37 AM,-6.8198219E+1,-1.0051727E-1,3.8273987E+3,0.0000000E+0
11241174,29/9/2021,5:30:37 AM,-7.0352684E+1,-8.9212406E-1,3.8282915E+3,0.0000000E+0
11241175,29/9/2021,5:30:37 AM,-6.9528145E+1,-2.5481761E+0,3.8291846E+3,0.0000000E+0
11241176,29/9/2021,5:30:38 AM,-6.8065231E+1,-6.1491637E+0,3.8273987E+3,0.0000000E+0
11241177,29/9/2021,5:30:38 AM,-6.5431992E+1,-9.8019743E+0,3.8256133E+3,0.0000000E+0
11241178,29/9/2021,5:30:38 AM,-6.0724079E+1,-1.3146396E+1,3.8273987E+3,0.0000000E+0
11241179,29/9/2021,5:30:38 AM,-5.3356327E+1,-1.6283453E+1,3.8273987E+3,0.0000000E+0
11241180,29/9/2021,5:30:38 AM,-4.3727722E+1,-1.9019073E+1,3.8291846E+3,0.0000000E+0
11241181,29/9/2021,5:30:38 AM,-3.6785545E+1,-2.2576620E+1,3.8273987E+3,0.0000000E+0
11241182,29/9/2021,5:30:38 AM,-3.0774313E+1,-2.6420021E+1,3.8273987E+3,0.0000000E+0
11241183,29/9/2021,5:30:38 AM,-2.3619352E+1,-3.0182791E+1,3.8273987E+3,0.0000000E+0
11241184,29/9/2021,5:30:38 AM,-1.6230450E+1,-3.3166130E+1,3.8291846E+3,0.0000000E+0
11241185,29/9/2021,5:30:38 AM,-9.6740742E+0,-3.5101269E+1,3.8309702E+3,0.0000000E+0
11241186,29/9/2021,5:30:39 AM,-6.8773541E+0,-3.6902023E+1,3.8291846E+3,0.0000000E+0
11241187,29/9/2021,5:30:39 AM,-4.0896497E+0,-3.9482208E+1,3.8282915E+3,0.0000000E+0
11241188,29/9/2021,5:30:39 AM,1.0449919E+0,-4.1874256E+1,3.8291846E+3,0.0000000E+0
11241189,29/9/2021,5:30:39 AM,4.4461675E+0,-4.3701885E+1,3.8273987E+3,0.0000000E+0
11241190,29/9/2021,5:30:39 AM,8.0455046E+0,-4.6282070E+1,3.8291846E+3,0.0000000E+0
11241191,29/9/2021,5:30:39 AM,1.2173495E+1,-4.7572166E+1,3.8291846E+3,0.0000000E+0
11241192,29/9/2021,5:30:39 AM,1.3991494E+1,-4.8297840E+1,3.8282915E+3,0.0000000E+0
11241193,29/9/2021,5:30:39 AM,1.6798738E+1,-5.0152348E+1,3.8273987E+3,0.0000000E+0
11241194,29/9/2021,5:30:39 AM,2.0613737E+1,-5.2571274E+1,3.8282915E+3,0.0000000E+0
11241195,29/9/2021,5:30:39 AM,2.5082264E+1,-5.3458210E+1,3.8256133E+3,0.0000000E+0
11241196,29/9/2021,5:30:40 AM,2.7289927E+1,-5.1469318E+1,3.8309702E+3,0.0000000E+0
11241197,29/9/2021,5:30:40 AM,2.8460255E+1,-4.9802948E+1,3.8282915E+3,0.0000000E+0
11241198,29/9/2021,5:30:40 AM,2.7742102E+1,-4.7142132E+1,3.8273987E+3,0.0000000E+0
11241199,29/9/2021,5:30:40 AM,2.5507837E+1,-4.3056839E+1,3.8291846E+3,0.0000000E+0
11241200,29/9/2021,5:30:40 AM,2.4709885E+1,-3.8138363E+1,3.8318628E+3,0.0000000E+0
11241201,29/9/2021,5:30:40 AM,2.0169012E+1,-3.2171684E+1,3.8309702E+3,0.0000000E+0
11241202,29/9/2021,5:30:40 AM,1.2949632E+1,-2.5022421E+1,3.8309702E+3,0.0000000E+0
11241203,29/9/2021,5:30:40 AM,6.0301819E+0,-1.7655252E+1,3.8327556E+3,0.0000000E+0
11241204,29/9/2021,5:30:40 AM,-9.2008233E-1,-1.1000968E+1,3.8318628E+3,0.0000000E+0
11241205,29/9/2021,5:30:40 AM,-8.4427805E+0,-4.4158773E+0,3.8354341E+3,0.0000000E+0
11241206,29/9/2021,5:30:41 AM,-1.6827681E+1,7.4761391E-1,3.8327556E+3,0.0000000E+0
11241207,29/9/2021,5:30:41 AM,-2.2528818E+1,5.0459166E+0,3.8345413E+3,0.0000000E+0
11241208,29/9/2021,5:30:41 AM,-2.8486853E+1,1.0580921E+1,3.8345413E+3,0.0000000E+0
11241209,29/9/2021,5:30:41 AM,-3.4631077E+1,1.4260318E+1,3.8345413E+3,0.0000000E+0
11241210,29/9/2021,5:30:41 AM,-3.8381447E+1,1.6429670E+1,3.8345413E+3,0.0000000E+0
11241211,29/9/2021,5:30:41 AM,-4.2450996E+1,1.8822342E+1,3.8345413E+3,0.0000000E+0
11241212,29/9/2021,5:30:41 AM,-4.6387558E+1,2.0398846E+1,3.8345413E+3,0.0000000E+0
11241213,29/9/2021,5:30:41 AM,-4.9100590E+1,2.1044634E+1,3.8354341E+3,0.0000000E+0
11241214,29/9/2021,5:30:41 AM,-5.1866825E+1,2.0343018E+1,3.8345413E+3,0.0000000E+0
11241215,29/9/2021,5:30:41 AM,-5.2983952E+1,1.8184298E+1,3.8345413E+3,0.0000000E+0
11241216,29/9/2021,5:30:42 AM,-5.5271408E+1,1.4903680E+1,3.8318628E+3,0.0000000E+0
11241217,29/9/2021,5:30:42 AM,-5.5191616E+1,9.9375582E+0,3.8291846E+3,0.0000000E+0
11241218,29/9/2021,5:30:42 AM,-5.4712845E+1,7.2205486E+0,3.8327556E+3,0.0000000E+0
11241219,29/9/2021,5:30:42 AM,-5.5324608E+1,3.7930434E+0,3.8291846E+3,0.0000000E+0
11241220,29/9/2021,5:30:42 AM,-5.3941494E+1,-1.2043408E+0,3.8291846E+3,0.0000000E+0
11241221,29/9/2021,5:30:42 AM,-5.0510307E+1,-6.0587740E+0,3.8291846E+3,0.0000000E+0
11241222,29/9/2021,5:30:42 AM,-4.7025921E+1,-1.1612429E+1,3.8273987E+3,0.0000000E+0
11241223,29/9/2021,5:30:42 AM,-4.2583988E+1,-1.6772621E+1,3.8291846E+3,0.0000000E+0
11241224,29/9/2021,5:30:42 AM,-3.8142059E+1,-2.1528419E+1,3.8291846E+3,0.0000000E+0
11241225,29/9/2021,5:30:42 AM,-3.4258701E+1,-2.6957558E+1,3.8273987E+3,0.0000000E+0
11241226,29/9/2021,5:30:43 AM,-2.9231607E+1,-3.2655468E+1,3.8291846E+3,0.0000000E+0
11241227,29/9/2021,5:30:43 AM,-2.2316032E+1,-3.7627701E+1,3.8273987E+3,0.0000000E+0
11241228,29/9/2021,5:30:43 AM,-1.7259159E+1,-4.3513748E+1,3.8256133E+3,0.0000000E+0
11241229,29/9/2021,5:30:43 AM,-1.2112983E+1,-4.7464657E+1,3.8273987E+3,0.0000000E+0
11241230,29/9/2021,5:30:43 AM,-7.7797766E+0,-4.9964211E+1,3.8273987E+3,0.0000000E+0
11241231,29/9/2021,5:30:43 AM,-3.9834871E+0,-5.3780731E+1,3.8256133E+3,0.0000000E+0
11241232,29/9/2021,5:30:43 AM,1.0790591E+0,-5.7973537E+1,3.8273987E+3,0.0000000E+0
11241233,29/9/2021,5:30:43 AM,5.0126338E+0,-6.1843815E+1,3.8229348E+3,0.0000000E+0
11241234,29/9/2021,5:30:43 AM,6.7326508E+0,-6.3859585E+1,3.8238276E+3,0.0000000E+0
11241235,29/9/2021,5:30:43 AM,9.5872526E+0,-6.3725201E+1,3.8256133E+3,0.0000000E+0
11241236,29/9/2021,5:30:44 AM,9.7424793E+0,-6.3295170E+1,3.8238276E+3,0.0000000E+0
11241237,29/9/2021,5:30:44 AM,1.0410903E+1,-6.2328026E+1,3.8247205E+3,0.0000000E+0
11241238,29/9/2021,5:30:44 AM,1.1376483E+1,-5.9774700E+1,3.8256133E+3,0.0000000E+0
11241239,29/9/2021,5:30:44 AM,9.8084021E+0,-5.5770012E+1,3.8238276E+3,0.0000000E+0
11241240,29/9/2021,5:30:44 AM,8.5613031E+0,-4.9964558E+1,3.8256133E+3,0.0000000E+0
11241241,29/9/2021,5:30:44 AM,6.8195753E+0,-4.2653980E+1,3.8300774E+3,0.0000000E+0
11241242,29/9/2021,5:30:44 AM,4.9191489E+0,-3.6579754E+1,3.8273987E+3,0.0000000E+0
11241243,29/9/2021,5:30:44 AM,3.5002091E+0,-3.0613035E+1,3.8291846E+3,0.0000000E+0
11241244,29/9/2021,5:30:44 AM,2.3126099E+0,-2.4055017E+1,3.8309702E+3,0.0000000E+0
11241245,29/9/2021,5:30:44 AM,-1.0715306E+0,-1.7057341E+1,3.8309702E+3,0.0000000E+0
11241246,29/9/2021,5:30:45 AM,-3.5295229E+0,-1.0227492E+1,3.8345413E+3,0.0000000E+0
11241247,29/9/2021,5:30:45 AM,-4.8129854E+0,-3.8274689E+0,3.8354341E+3,0.0000000E+0
11241248,29/9/2021,5:30:45 AM,-7.3641944E+0,1.3585473E+0,3.8354341E+3,0.0000000E+0
11241249,29/9/2021,5:30:45 AM,-1.0752934E+1,5.3213105E+0,3.8345413E+3,0.0000000E+0
11241250,29/9/2021,5:30:45 AM,-1.3644413E+1,9.7197065E+0,3.8354341E+3,0.0000000E+0
11241251,29/9/2021,5:30:45 AM,-1.6549047E+1,1.3742112E+1,3.8363269E+3,0.0000000E+0
11241252,29/9/2021,5:30:45 AM,-2.0959660E+1,1.8466379E+1,3.8381123E+3,0.0000000E+0
11241253,29/9/2021,5:30:45 AM,-2.4204683E+1,2.1232920E+1,3.8372195E+3,0.0000000E+0
11241254,29/9/2021,5:30:45 AM,-2.6172976E+1,2.1958603E+1,3.8354341E+3,0.0000000E+0
11241255,29/9/2021,5:30:45 AM,-2.9311605E+1,2.2496145E+1,3.8345413E+3,0.0000000E+0
11241256,29/9/2021,5:30:46 AM,-3.1412889E+1,2.3006809E+1,3.8354341E+3,0.0000000E+0
11241257,29/9/2021,5:30:46 AM,-3.2982208E+1,2.2281128E+1,3.8363269E+3,0.0000000E+0
11241258,29/9/2021,5:30:46 AM,-3.3062000E+1,1.9808952E+1,3.8354341E+3,0.0000000E+0
11241259,29/9/2021,5:30:46 AM,-3.1572483E+1,1.5759961E+1,3.8336484E+3,0.0000000E+0
11241260,29/9/2021,5:30:46 AM,-3.1625679E+1,1.1968851E+1,3.8291846E+3,0.0000000E+0
11241261,29/9/2021,5:30:46 AM,-3.0854321E+1,9.5096798E+0,3.8345413E+3,0.0000000E+0
11241262,29/9/2021,5:30:46 AM,-2.8221064E+1,6.6384320E+0,3.8345413E+3,0.0000000E+0
11241263,29/9/2021,5:30:46 AM,-2.6891138E+1,2.5569830E+0,3.8318628E+3,0.0000000E+0
11241264,29/9/2021,5:30:46 AM,-2.5880392E+1,-1.6245286E+0,3.8336484E+3,0.0000000E+0
11241265,29/9/2021,5:30:46 AM,-2.5215429E+1,-6.3300385E+0,3.8300774E+3,0.0000000E+0
11241266,29/9/2021,5:30:47 AM,-2.4523867E+1,-1.0684765E+1,3.8309702E+3,0.0000000E+0
11241267,29/9/2021,5:30:47 AM,-2.2209791E+1,-1.3981383E+1,3.8327556E+3,0.0000000E+0
11241268,29/9/2021,5:30:47 AM,-2.2076799E+1,-1.7729958E+1,3.8309702E+3,0.0000000E+0
11241269,29/9/2021,5:30:47 AM,-2.2050200E+1,-2.3033686E+1,3.8309702E+3,0.0000000E+0
11241270,29/9/2021,5:30:47 AM,-2.1677822E+1,-2.7764059E+1,3.8291846E+3,0.0000000E+0
11241271,29/9/2021,5:30:47 AM,-2.1970406E+1,-3.2924465E+1,3.8273987E+3,0.0000000E+0
11241272,29/9/2021,5:30:47 AM,-2.0454287E+1,-3.8353642E+1,3.8273987E+3,0.0000000E+0
11241273,29/9/2021,5:30:47 AM,-1.9324760E+1,-4.2653980E+1,3.8265059E+3,0.0000000E+0
11241274,29/9/2021,5:30:47 AM,-1.8185535E+1,-4.8110035E+1,3.8256133E+3,0.0000000E+0
11241275,29/9/2021,5:30:47 AM,-1.6235956E+1,-5.3700478E+1,3.8220420E+3,0.0000000E+0
11241276,29/9/2021,5:30:48 AM,-1.3489183E+1,-5.8188950E+1,3.8238276E+3,0.0000000E+0
11241277,29/9/2021,5:30:48 AM,-1.0434582E+1,-6.1790489E+1,3.8220420E+3,0.0000000E+0
11241278,29/9/2021,5:30:48 AM,-7.1721311E+0,-6.5042618E+1,3.8220420E+3,0.0000000E+0
11241279,29/9/2021,5:30:48 AM,-3.5556676E+0,-6.6816505E+1,3.8220420E+3,0.0000000E+0
11241280,29/9/2021,5:30:48 AM,-1.5045228E+0,-6.7058403E+1,3.8220420E+3,0.0000000E+0
11241281,29/9/2021,5:30:48 AM,7.8735465E-1,-6.5392021E+1,3.8238276E+3,0.0000000E+0
11241282,29/9/2021,5:30:48 AM,1.8863735E+0,-6.1521713E+1,3.8265059E+3,0.0000000E+0
11241283,29/9/2021,5:30:48 AM,1.6534488E+0,-5.7678284E+1,3.8256133E+3,0.0000000E+0
11241284,29/9/2021,5:30:48 AM,2.7388543E-1,-5.3807983E+1,3.8256133E+3,0.0000000E+0
11241285,29/9/2021,5:30:48 AM,-2.5098829E+0,-4.8405682E+1,3.8273987E+3,0.0000000E+0
11241286,29/9/2021,5:30:49 AM,-4.9191489E+0,-4.2707737E+1,3.8291846E+3,0.0000000E+0
11241287,29/9/2021,5:30:49 AM,-8.6796989E+0,-3.6848526E+1,3.8291846E+3,0.0000000E+0
11241288,29/9/2021,5:30:49 AM,-1.4417929E+1,-3.1419346E+1,3.8291846E+3,0.0000000E+0
11241289,29/9/2021,5:30:49 AM,-1.8764357E+1,-2.6823360E+1,3.8273987E+3,0.0000000E+0
11241290,29/9/2021,5:30:49 AM,-2.1651222E+1,-2.1098534E+1,3.8282915E+3,0.0000000E+0
11241291,29/9/2021,5:30:49 AM,-2.4922844E+1,-1.5196346E+1,3.8309702E+3,0.0000000E+0
11241292,29/9/2021,5:30:49 AM,-2.6811342E+1,-1.0099881E+1,3.8318628E+3,0.0000000E+0
11241293,29/9/2021,5:30:49 AM,-2.9843576E+1,-6.0562067E+0,3.8291846E+3,0.0000000E+0
11241294,29/9/2021,5:30:49 AM,-3.0721329E+1,-1.6491499E+0,3.8309702E+3,0.0000000E+0
11241295,29/9/2021,5:30:49 AM,-3.1412889E+1,2.6946790E+0,3.8309702E+3,0.0000000E+0
11241296,29/9/2021,5:30:50 AM,-3.1891665E+1,6.9707522E+0,3.8327556E+3,0.0000000E+0
11241297,29/9/2021,5:30:50 AM,-3.0987314E+1,1.1009109E+1,3.8345413E+3,0.0000000E+0
11241298,29/9/2021,5:30:50 AM,-3.1811871E+1,1.5892890E+1,3.8363269E+3,0.0000000E+0
11241299,29/9/2021,5:30:50 AM,-3.3088600E+1,1.9404852E+1,3.8345413E+3,0.0000000E+0
11241300,29/9/2021,5:30:50 AM,-3.2583225E+1,2.1528568E+1,3.8363269E+3,0.0000000E+0
11241301,29/9/2021,5:30:50 AM,-3.2077858E+1,2.3490597E+1,3.8381123E+3,0.0000000E+0
11241302,29/9/2021,5:30:50 AM,-2.9630787E+1,2.4646313E+1,3.8381123E+3,0.0000000E+0
11241303,29/9/2021,5:30:50 AM,-2.9231810E+1,2.4323788E+1,3.8390051E+3,0.0000000E+0
11241304,29/9/2021,5:30:50 AM,-2.7556101E+1,2.0157227E+1,3.8354341E+3,0.0000000E+0
11241305,29/9/2021,5:30:50 AM,-2.4896246E+1,1.5318640E+1,3.8354341E+3,0.0000000E+0
11241306,29/9/2021,5:30:51 AM,-2.2821560E+1,1.1221795E+1,3.8345413E+3,0.0000000E+0
11241307,29/9/2021,5:30:51 AM,-2.0374493E+1,5.5112014E+0,3.8345413E+3,0.0000000E+0
11241308,29/9/2021,5:30:51 AM,-1.6585882E+1,-1.3053819E+0,3.8327556E+3,0.0000000E+0
11241309,29/9/2021,5:30:51 AM,-1.4549479E+1,-7.8480783E+0,3.8291846E+3,0.0000000E+0
11241310,29/9/2021,5:30:51 AM,-1.1542237E+1,-1.2912642E+1,3.8309702E+3,0.0000000E+0
11241311,29/9/2021,5:30:51 AM,-8.6823301E+0,-1.8128742E+1,3.8282915E+3,0.0000000E+0
11241312,29/9/2021,5:30:51 AM,-6.0671067E+0,-2.2066111E+1,3.8309702E+3,0.0000000E+0
11241313,29/9/2021,5:30:51 AM,-2.8386712E+0,-2.5533258E+1,3.8309702E+3,0.0000000E+0
11241314,29/9/2021,5:30:51 AM,-1.9513389E+0,-2.8677881E+1,3.8291846E+3,0.0000000E+0
11241315,29/9/2021,5:30:51 AM,-1.1097901E+0,-3.2306290E+1,3.8309702E+3,0.0000000E+0
11241316,29/9/2021,5:30:52 AM,5.9077984E-1,-3.5074635E+1,3.8291846E+3,0.0000000E+0
11241317,29/9/2021,5:30:52 AM,-7.0450298E-2,-3.7681717E+1,3.8300774E+3,0.0000000E+0
11241318,29/9/2021,5:30:52 AM,1.7247523E+0,-4.0369427E+1,3.8300774E+3,0.0000000E+0
11241319,29/9/2021,5:30:52 AM,1.6217583E+0,-4.2519592E+1,3.8291846E+3,0.0000000E+0
11241320,29/9/2021,5:30:52 AM,1.9323246E+0,-4.6148006E+1,3.8265059E+3,0.0000000E+0
11241321,29/9/2021,5:30:52 AM,1.8372533E+0,-4.8325050E+1,3.8273987E+3,0.0000000E+0
11241322,29/9/2021,5:30:52 AM,7.2086221E-1,-5.0367714E+1,3.8273987E+3,0.0000000E+0
11241323,29/9/2021,5:30:52 AM,-7.7310622E-2,-5.2410378E+1,3.8256133E+3,0.0000000E+0
11241324,29/9/2021,5:30:52 AM,5.0397027E-2,-5.4184265E+1,3.8256133E+3,0.0000000E+0
11241325,29/9/2021,5:30:52 AM,-2.4362028E+0,-5.3351070E+1,3.8220420E+3,0.0000000E+0
11241326,29/9/2021,5:30:53 AM,-5.8171611E+0,-5.1012764E+1,3.8247205E+3,0.0000000E+0
11241327,29/9/2021,5:30:53 AM,-9.4216433E+0,-4.6524284E+1,3.8265059E+3,0.0000000E+0
11241328,29/9/2021,5:30:53 AM,-1.3181355E+1,-4.1095108E+1,3.8282915E+3,0.0000000E+0
11241329,29/9/2021,5:30:53 AM,-1.7785622E+1,-3.7117294E+1,3.8256133E+3,0.0000000E+0
11241330,29/9/2021,5:30:53 AM,-2.0933062E+1,-3.1526855E+1,3.8282915E+3,0.0000000E+0
11241331,29/9/2021,5:30:53 AM,-2.4523867E+1,-2.4861332E+1,3.8309702E+3,0.0000000E+0
11241332,29/9/2021,5:30:53 AM,-2.8433853E+1,-1.9726538E+1,3.8291846E+3,0.0000000E+0
11241333,29/9/2021,5:30:53 AM,-3.0668133E+1,-1.5507399E+1,3.8327556E+3,0.0000000E+0
11241334,29/9/2021,5:30:53 AM,-3.3035404E+1,-1.3077472E+1,3.8291846E+3,0.0000000E+0
11241335,29/9/2021,5:30:53 AM,-3.4418530E+1,-1.0256736E+1,3.8318628E+3,0.0000000E+0
11241336,29/9/2021,5:30:54 AM,-3.5349476E+1,-6.3273797E+0,3.8327556E+3,0.0000000E+0
11241337,29/9/2021,5:30:54 AM,-3.7291172E+1,-4.0412178E+0,3.8309702E+3,0.0000000E+0
11241338,29/9/2021,5:30:54 AM,-3.7849743E+1,-2.5737946E+0,3.8327556E+3,0.0000000E+0
11241339,29/9/2021,5:30:54 AM,-3.8594501E+1,-1.4690880E+0,3.8300774E+3,0.0000000E+0
11241340,29/9/2021,5:30:54 AM,-3.9605247E+1,9.1184765E-2,3.8327556E+3,0.0000000E+0
11241341,29/9/2021,5:30:54 AM,-4.0004223E+1,1.1464751E-1,3.8309702E+3,0.0000000E+0
11241342,29/9/2021,5:30:54 AM,-4.0110619E+1,7.2227937E-1,3.8327556E+3,0.0000000E+0
11241343,29/9/2021,5:30:54 AM,-3.9844635E+1,6.5589041E-1,3.8309702E+3,0.0000000E+0
11241344,29/9/2021,5:30:54 AM,-3.9046677E+1,-1.0872850E+0,3.8309702E+3,0.0000000E+0
11241345,29/9/2021,5:30:54 AM,-3.6333622E+1,-3.5744925E+0,3.8291846E+3,0.0000000E+0
11241346,29/9/2021,5:30:55 AM,-3.4498322E+1,-5.4958320E+0,3.8300774E+3,0.0000000E+0
11241347,29/9/2021,5:30:55 AM,-3.1279900E+1,-7.2126818E+0,3.8327556E+3,0.0000000E+0
11241348,29/9/2021,5:30:55 AM,-2.8513647E+1,-9.1454563E+0,3.8300774E+3,0.0000000E+0
11241349,29/9/2021,5:30:55 AM,-2.6704947E+1,-1.2537784E+1,3.8291846E+3,0.0000000E+0
11241350,29/9/2021,5:30:55 AM,-2.1997004E+1,-1.4651341E+1,3.8309702E+3,0.0000000E+0
11241351,29/9/2021,5:30:55 AM,-1.8909061E+1,-1.6597408E+1,3.8309702E+3,0.0000000E+0
11241352,29/9/2021,5:30:55 AM,-1.7159441E+1,-1.9006067E+1,3.8291846E+3,0.0000000E+0
11241353,29/9/2021,5:30:55 AM,-1.4228497E+1,-2.0964149E+1,3.8318628E+3,0.0000000E+0
11241354,29/9/2021,5:30:55 AM,-1.2510448E+1,-2.4350664E+1,3.8291846E+3,0.0000000E+0
11241355,29/9/2021,5:30:55 AM,-1.0695051E+1,-2.6554590E+1,3.8291846E+3,0.0000000E+0
11241356,29/9/2021,5:30:56 AM,-8.5613031E+0,-2.9349808E+1,3.8291846E+3,0.0000000E+0
11241357,29/9/2021,5:30:56 AM,-6.1565614E+0,-3.1069944E+1,3.8291846E+3,0.0000000E+0
11241358,29/9/2021,5:30:56 AM,-5.9618669E+0,-3.2091274E+1,3.8291846E+3,0.0000000E+0
11241359,29/9/2021,5:30:56 AM,-4.1768003E+0,-3.4832741E+1,3.8273987E+3,0.0000000E+0
11241360,29/9/2021,5:30:56 AM,-1.6265119E+0,-3.6176598E+1,3.8273987E+3,0.0000000E+0
11241361,29/9/2021,5:30:56 AM,-4.2243791E-1,-3.7359192E+1,3.8273987E+3,0.0000000E+0
11241362,29/9/2021,5:30:56 AM,1.9148949E+0,-3.7708591E+1,3.8291846E+3,0.0000000E+0
11241363,29/9/2021,5:30:56 AM,4.7472281E+0,-3.7197926E+1,3.8282915E+3,0.0000000E+0
11241364,29/9/2021,5:30:56 AM,4.8422995E+0,-3.6633507E+1,3.8273987E+3,0.0000000E+0
11241365,29/9/2021,5:30:56 AM,7.3641944E+0,-3.4913372E+1,3.8309702E+3,0.0000000E+0
11241366,29/9/2021,5:30:57 AM,8.2113791E+0,-3.4053303E+1,3.8273987E+3,0.0000000E+0
11241367,29/9/2021,5:30:57 AM,8.7875710E+0,-3.1419346E+1,3.8291846E+3,0.0000000E+0
11241368,29/9/2021,5:30:57 AM,9.1322327E+0,-2.7683430E+1,3.8318628E+3,0.0000000E+0
11241369,29/9/2021,5:30:57 AM,7.6194024E+0,-2.3544352E+1,3.8309702E+3,0.0000000E+0
11241370,29/9/2021,5:30:57 AM,5.7698030E+0,-1.8753504E+1,3.8336484E+3,0.0000000E+0
11241371,29/9/2021,5:30:57 AM,3.3599789E+0,-1.5470178E+1,3.8300774E+3,0.0000000E+0
11241372,29/9/2021,5:30:57 AM,1.1170881E+0,-1.0687424E+1,3.8354341E+3,0.0000000E+0
11241373,29/9/2021,5:30:57 AM,-7.3431903E-1,-6.0668411E+0,3.8345413E+3,0.0000000E+0
11241374,29/9/2021,5:30:57 AM,-4.4493380E+0,-3.5560799E+0,3.8345413E+3,0.0000000E+0
11241375,29/9/2021,5:30:57 AM,-4.6759248E+0,-2.1951308E+0,3.8345413E+3,0.0000000E+0
11241376,29/9/2021,5:30:58 AM,-6.3565183E+0,-1.2435256E+0,3.8309702E+3,0.0000000E+0
11241377,29/9/2021,5:30:58 AM,-7.6194024E+0,4.1779685E-1,3.8345413E+3,0.0000000E+0
11241378,29/9/2021,5:30:58 AM,-8.3850260E+0,1.0207118E+0,3.8327556E+3,0.0000000E+0
11241379,29/9/2021,5:30:58 AM,-9.8741770E+0,2.3752561E+0,3.8345413E+3,0.0000000E+0
11241380,29/9/2021,5:30:58 AM,-1.0681897E+1,3.3599427E+0,3.8354341E+3,0.0000000E+0
11241381,29/9/2021,5:30:58 AM,-1.1305446E+1,3.5368659E+0,3.8327556E+3,0.0000000E+0
11241382,29/9/2021,5:30:58 AM,-1.1955305E+1,4.8305683E+0,3.8363269E+3,0.0000000E+0
11241383,29/9/2021,5:30:58 AM,-1.3249762E+1,4.3206124E+0,3.8354341E+3,0.0000000E+0
11241384,29/9/2021,5:30:58 AM,-1.5962333E+1,3.3631451E+0,3.8354341E+3,0.0000000E+0
11241385,29/9/2021,5:30:58 AM,-1.8401278E+1,1.2792920E+0,3.8327556E+3,0.0000000E+0
11241386,29/9/2021,5:30:59 AM,-2.1278843E+1,-1.3285780E+0,3.8327556E+3,0.0000000E+0
11241387,29/9/2021,5:30:59 AM,-2.2768362E+1,-2.7483165E+0,3.8363269E+3,0.0000000E+0
11241388,29/9/2021,5:30:59 AM,-2.7635895E+1,-6.3725753E+0,3.8291846E+3,0.0000000E+0
11241389,29/9/2021,5:30:59 AM,-3.1067110E+1,-1.0636910E+1,3.8327556E+3,0.0000000E+0
11241390,29/9/2021,5:30:59 AM,-3.3833359E+1,-1.4499804E+1,3.8300774E+3,0.0000000E+0
11241391,29/9/2021,5:30:59 AM,-3.7849743E+1,-1.9835539E+1,3.8256133E+3,0.0000000E+0
11241392,29/9/2021,5:30:59 AM,-3.9764835E+1,-2.3678738E+1,3.8291846E+3,0.0000000E+0
11241393,29/9/2021,5:30:59 AM,-4.1839523E+1,-2.8086584E+1,3.8265059E+3,0.0000000E+0
11241394,29/9/2021,5:30:59 AM,-4.5164345E+1,-3.1688118E+1,3.8256133E+3,0.0000000E+0
11241395,29/9/2021,5:30:59 AM,-4.5882504E+1,-3.6042210E+1,3.8247205E+3,0.0000000E+0
11241396,29/9/2021,5:31:00 AM,-4.7478416E+1,-4.0288795E+1,3.8220420E+3,0.0000000E+0
11241397,29/9/2021,5:31:00 AM,-4.7318825E+1,-4.2304577E+1,3.8238276E+3,0.0000000E+0
11241398,29/9/2021,5:31:00 AM,-4.8276375E+1,-4.4616009E+1,3.8238276E+3,0.0000000E+0
11241399,29/9/2021,5:31:00 AM,-4.8356171E+1,-4.6712425E+1,3.8220420E+3,0.0000000E+0
11241400,29/9/2021,5:31:00 AM,-4.7584812E+1,-4.7572491E+1,3.8238276E+3,0.0000000E+0
11241401,29/9/2021,5:31:00 AM,-4.6919849E+1,-4.8540070E+1,3.8220420E+3,0.0000000E+0
11241402,29/9/2021,5:31:00 AM,-4.4632374E+1,-4.7975651E+1,3.8247205E+3,0.0000000E+0
11241403,29/9/2021,5:31:00 AM,-4.0482998E+1,-4.8513191E+1,3.8229348E+3,0.0000000E+0
11241404,29/9/2021,5:31:00 AM,-3.7663551E+1,-4.6497410E+1,3.8256133E+3,0.0000000E+0
11241405,29/9/2021,5:31:00 AM,-3.4657917E+1,-4.4777271E+1,3.8265059E+3,0.0000000E+0
11241406,29/9/2021,5:31:01 AM,-3.2796017E+1,-4.4804150E+1,3.8247205E+3,0.0000000E+0
11241407,29/9/2021,5:31:01 AM,-2.9630787E+1,-4.3110889E+1,3.8291846E+3,0.0000000E+0
11241408,29/9/2021,5:31:01 AM,-2.8061474E+1,-4.2062683E+1,3.8238276E+3,0.0000000E+0
11241409,29/9/2021,5:31:01 AM,-2.7689095E+1,-4.1525143E+1,3.8256133E+3,0.0000000E+0
11241410,29/9/2021,5:31:01 AM,-2.6066582E+1,-3.8944939E+1,3.8273987E+3,0.0000000E+0
11241411,29/9/2021,5:31:01 AM,-2.6119780E+1,-3.6633507E+1,3.8247205E+3,0.0000000E+0
11241412,29/9/2021,5:31:01 AM,-2.5800596E+1,-3.3273869E+1,3.8273987E+3,0.0000000E+0
11241413,29/9/2021,5:31:01 AM,-2.5002640E+1,-3.0102369E+1,3.8256133E+3,0.0000000E+0
11241414,29/9/2021,5:31:01 AM,-2.3672712E+1,-2.6930868E+1,3.8273987E+3,0.0000000E+0
11241415,29/9/2021,5:31:01 AM,-2.0853266E+1,-2.2899302E+1,3.8291846E+3,0.0000000E+0
11241416,29/9/2021,5:31:02 AM,-1.7614607E+1,-1.9668051E+1,3.8291846E+3,0.0000000E+0
11241417,29/9/2021,5:31:02 AM,-1.4244283E+1,-1.5892890E+1,3.8309702E+3,0.0000000E+0
11241418,29/9/2021,5:31:02 AM,-9.8899632E+0,-1.2325099E+1,3.8318628E+3,0.0000000E+0
11241419,29/9/2021,5:31:02 AM,-4.4857817E+0,-9.0816517E+0,3.8327556E+3,0.0000000E+0
11241420,29/9/2021,5:31:02 AM,1.2715789E+0,-5.2404542E+0,3.8345413E+3,0.0000000E+0
11241421,29/9/2021,5:31:02 AM,5.3572693E+0,-2.5161545E+0,3.8345413E+3,0.0000000E+0
11241422,29/9/2021,5:31:02 AM,1.0452999E+1,-1.6850519E-1,3.8363269E+3,0.0000000E+0
11241423,29/9/2021,5:31:02 AM,1.3433933E+1,2.5553818E+0,3.8363269E+3,0.0000000E+0
11241424,29/9/2021,5:31:02 AM,1.4423191E+1,6.0375967E+0,3.8381123E+3,0.0000000E+0
11241425,29/9/2021,5:31:02 AM,1.5415083E+1,7.6965399E+0,3.8381123E+3,0.0000000E+0
11241426,29/9/2021,5:31:03 AM,1.6993687E+1,8.6403294E+0,3.8381123E+3,0.0000000E+0
11241427,29/9/2021,5:31:03 AM,1.6154396E+1,1.0612984E+1,3.8390051E+3,0.0000000E+0
11241428,29/9/2021,5:31:03 AM,1.5020432E+1,1.0634253E+1,3.8363269E+3,0.0000000E+0
11241429,29/9/2021,5:31:03 AM,1.4010123E+1,9.9935379E+0,3.8381123E+3,0.0000000E+0
11241430,29/9/2021,5:31:03 AM,1.3576007E+1,8.3266201E+0,3.8363269E+3,0.0000000E+0
11241431,29/9/2021,5:31:03 AM,1.3654937E+1,5.2260442E+0,3.8345413E+3,0.0000000E+0
11241432,29/9/2021,5:31:03 AM,1.3402360E+1,2.5505784E+0,3.8354341E+3,0.0000000E+0
11241433,29/9/2021,5:31:03 AM,1.4044327E+1,-8.0519885E-1,3.8345413E+3,0.0000000E+0
11241434,29/9/2021,5:31:03 AM,1.5841306E+1,-3.3231170E+0,3.8354341E+3,0.0000000E+0
11241435,29/9/2021,5:31:03 AM,1.6517475E+1,-6.6384320E+0,3.8327556E+3,0.0000000E+0
11241436,29/9/2021,5:31:04 AM,1.7396233E+1,-1.0384348E+1,3.8327556E+3,0.0000000E+0
11241437,29/9/2021,5:31:04 AM,1.8111866E+1,-1.1905046E+1,3.8345413E+3,0.0000000E+0
11241438,29/9/2021,5:31:04 AM,1.8645960E+1,-1.3941504E+1,3.8345413E+3,0.0000000E+0
11241439,29/9/2021,5:31:04 AM,1.6933174E+1,-1.5318640E+1,3.8354341E+3,0.0000000E+0
11241440,29/9/2021,5:31:04 AM,1.4512646E+1,-1.7745909E+1,3.8318628E+3,0.0000000E+0
11241441,29/9/2021,5:31:04 AM,9.5926590E+0,-1.8793383E+1,3.8327556E+3,0.0000000E+0
11241442,29/9/2021,5:31:04 AM,4.8114014E+0,-1.9154947E+1,3.8327556E+3,0.0000000E+0
11241443,29/9/2021,5:31:04 AM,-1.3000323E+0,-1.9327753E+1,3.8327556E+3,0.0000000E+0
11241444,29/9/2021,5:31:04 AM,-9.1927452E+0,-1.8998091E+1,3.8318628E+3,0.0000000E+0
11241445,29/9/2021,5:31:04 AM,-1.8019781E+1,-1.9907320E+1,3.8291846E+3,0.0000000E+0
11241446,29/9/2021,5:31:05 AM,-2.7582699E+1,-2.0776009E+1,3.8291846E+3,0.0000000E+0
11241447,29/9/2021,5:31:05 AM,-3.5349476E+1,-2.1877970E+1,3.8273987E+3,0.0000000E+0
11241448,29/9/2021,5:31:05 AM,-4.2185307E+1,-2.2979933E+1,3.8273987E+3,0.0000000E+0
11241449,29/9/2021,5:31:05 AM,-4.8276375E+1,-2.3571230E+1,3.8273987E+3,0.0000000E+0
11241450,29/9/2021,5:31:05 AM,-5.3303501E+1,-2.5156979E+1,3.8256133E+3,0.0000000E+0
11241451,29/9/2021,5:31:05 AM,-5.8862602E+1,-2.7038376E+1,3.8229348E+3,0.0000000E+0
11241452,29/9/2021,5:31:05 AM,-6.1495853E+1,-2.8704758E+1,3.8247205E+3,0.0000000E+0
11241453,29/9/2021,5:31:05 AM,-6.2559799E+1,-2.9484196E+1,3.8256133E+3,0.0000000E+0
11241454,29/9/2021,5:31:05 AM,-6.4102516E+1,-3.0182999E+1,3.8247205E+3,0.0000000E+0
11241455,29/9/2021,5:31:05 AM,-6.5060059E+1,-3.2037518E+1,3.8238276E+3,0.0000000E+0
11241456,29/9/2021,5:31:06 AM,-6.6124001E+1,-3.2870708E+1,3.8238276E+3,0.0000000E+0
11241457,29/9/2021,5:31:06 AM,-6.7586929E+1,-3.2924465E+1,3.8247205E+3,0.0000000E+0
11241458,29/9/2021,5:31:06 AM,-6.7799713E+1,-3.4080181E+1,3.8238276E+3,0.0000000E+0
11241459,29/9/2021,5:31:06 AM,-6.6788963E+1,-3.4537090E+1,3.8265059E+3,0.0000000E+0
11241460,29/9/2021,5:31:06 AM,-6.7320938E+1,-3.4268322E+1,3.8256133E+3,0.0000000E+0
11241461,29/9/2021,5:31:06 AM,-6.6469788E+1,-3.5558422E+1,3.8247205E+3,0.0000000E+0
11241462,29/9/2021,5:31:06 AM,-6.4740883E+1,-3.6875401E+1,3.8238276E+3,0.0000000E+0
11241463,29/9/2021,5:31:06 AM,-6.1229870E+1,-3.8864307E+1,3.8220420E+3,0.0000000E+0
11241464,29/9/2021,5:31:06 AM,-5.8330631E+1,-3.9482483E+1,3.8238276E+3,0.0000000E+0
11241465,29/9/2021,5:31:06 AM,-5.4739819E+1,-4.0584442E+1,3.8238276E+3,0.0000000E+0
11241466,29/9/2021,5:31:07 AM,-5.0404259E+1,-4.2277699E+1,3.8220420E+3,0.0000000E+0
11241467,29/9/2021,5:31:07 AM,-4.4845161E+1,-4.3191525E+1,3.8220420E+3,0.0000000E+0
11241468,29/9/2021,5:31:07 AM,-3.7025188E+1,-4.2385208E+1,3.8256133E+3,0.0000000E+0
11241469,29/9/2021,5:31:07 AM,-2.8247662E+1,-4.1256371E+1,3.8256133E+3,0.0000000E+0
11241470,29/9/2021,5:31:07 AM,-2.0188301E+1,-4.0987598E+1,3.8247205E+3,0.0000000E+0
11241471,29/9/2021,5:31:07 AM,-1.2465721E+1,-3.8703045E+1,3.8256133E+3,0.0000000E+0
11241472,29/9/2021,5:31:07 AM,-4.4152708E+0,-3.4752110E+1,3.8291846E+3,0.0000000E+0
11241473,29/9/2021,5:31:07 AM,5.2566519E+0,-3.0935560E+1,3.8291846E+3,0.0000000E+0
11241474,29/9/2021,5:31:07 AM,1.3899621E+1,-2.6554590E+1,3.8336484E+3,0.0000000E+0
11241475,29/9/2021,5:31:07 AM,2.1385237E+1,-2.2066111E+1,3.8345413E+3,0.0000000E+0
11241476,29/9/2021,5:31:08 AM,2.6252773E+1,-1.6725021E+1,3.8354341E+3,0.0000000E+0
11241477,29/9/2021,5:31:08 AM,3.0694731E+1,-1.3345986E+1,3.8363269E+3,0.0000000E+0
11241478,29/9/2021,5:31:08 AM,3.5748455E+1,-8.9035273E+0,3.8381123E+3,0.0000000E+0
11241479,29/9/2021,5:31:08 AM,3.8727493E+1,-4.7473102E+0,3.8390051E+3,0.0000000E+0
11241480,29/9/2021,5:31:08 AM,4.0350006E+1,-2.2103412E+0,3.8381123E+3,0.0000000E+0
11241481,29/9/2021,5:31:08 AM,4.1812923E+1,1.0975654E+0,3.8398979E+3,0.0000000E+0
11241482,29/9/2021,5:31:08 AM,4.0057419E+1,3.6985788E+0,3.8363269E+3,0.0000000E+0
11241483,29/9/2021,5:31:08 AM,3.8142326E+1,6.3752341E+0,3.8398979E+3,0.0000000E+0
11241484,29/9/2021,5:31:08 AM,3.7583755E+1,8.3984003E+0,3.8398979E+3,0.0000000E+0
11241485,29/9/2021,5:31:08 AM,3.4977097E+1,8.8051605E+0,3.8372195E+3,0.0000000E+0
11241486,29/9/2021,5:31:09 AM,3.1891665E+1,9.8313665E+0,3.8398979E+3,0.0000000E+0
11241487,29/9/2021,5:31:09 AM,2.7103928E+1,1.0083930E+1,3.8345413E+3,0.0000000E+0
11241488,29/9/2021,5:31:09 AM,2.2316187E+1,1.1088866E+1,3.8398979E+3,0.0000000E+0
11241489,29/9/2021,5:31:09 AM,2.0454287E+1,1.1306869E+1,3.8398979E+3,0.0000000E+0
11241490,29/9/2021,5:31:09 AM,1.8511780E+1,9.4166307E+0,3.8363269E+3,0.0000000E+0
11241491,29/9/2021,5:31:09 AM,1.5488750E+1,8.6881838E+0,3.8372195E+3,0.0000000E+0
11241492,29/9/2021,5:31:09 AM,1.2271027E+1,6.3087702E+0,3.8363269E+3,0.0000000E+0
11241493,29/9/2021,5:31:09 AM,8.8296671E+0,4.7136865E+0,3.8398979E+3,0.0000000E+0
11241494,29/9/2021,5:31:09 AM,3.2078648E+0,2.8804085E+0,3.8363269E+3,0.0000000E+0
11241495,29/9/2021,5:31:09 AM,-1.5934433E+0,-2.7194963E+0,3.8336484E+3,0.0000000E+0
11241496,29/9/2021,5:31:10 AM,-6.6669769E+0,-5.8674488E+0,3.8354341E+3,0.0000000E+0
11241497,29/9/2021,5:31:10 AM,-1.5741327E+1,-9.1720428E+0,3.8309702E+3,0.0000000E+0
11241498,29/9/2021,5:31:10 AM,-2.5002640E+1,-1.2761104E+1,3.8309702E+3,0.0000000E+0
11241499,29/9/2021,5:31:10 AM,-3.4923901E+1,-1.5329275E+1,3.8291846E+3,0.0000000E+0
11241500,29/9/2021,5:31:10 AM,-4.6095291E+1,-1.9697294E+1,3.8256133E+3,0.0000000E+0
11241501,29/9/2021,5:31:10 AM,-5.4261051E+1,-2.2549898E+1,3.8273987E+3,0.0000000E+0
11241502,29/9/2021,5:31:10 AM,-6.3863125E+1,-2.4377542E+1,3.8238276E+3,0.0000000E+0
11241503,29/9/2021,5:31:10 AM,-7.4555748E+1,-2.6715851E+1,3.8238276E+3,0.0000000E+0
11241504,29/9/2021,5:31:10 AM,-8.2269325E+1,-2.9027283E+1,3.8229348E+3,0.0000000E+0
11241505,29/9/2021,5:31:10 AM,-8.8333794E+1,-3.2145031E+1,3.8202566E+3,0.0000000E+0
11241506,29/9/2021,5:31:11 AM,-9.1339432E+1,-3.4617722E+1,3.8220420E+3,0.0000000E+0
11241507,29/9/2021,5:31:11 AM,-9.2110794E+1,-3.7144173E+1,3.8211492E+3,0.0000000E+0
11241508,29/9/2021,5:31:11 AM,-9.1871407E+1,-3.9858761E+1,3.8202566E+3,0.0000000E+0
11241509,29/9/2021,5:31:11 AM,-8.8812569E+1,-4.2600224E+1,3.8211492E+3,0.0000000E+0
11241510,29/9/2021,5:31:11 AM,-8.4929184E+1,-4.5986744E+1,3.8184709E+3,0.0000000E+0
11241511,29/9/2021,5:31:11 AM,-7.7907158E+1,-4.7518738E+1,3.8238276E+3,0.0000000E+0
11241512,29/9/2021,5:31:11 AM,-7.1762901E+1,-4.8110035E+1,3.8220420E+3,0.0000000E+0
11241513,29/9/2021,5:31:11 AM,-6.4501488E+1,-5.0797749E+1,3.8202566E+3,0.0000000E+0
11241514,29/9/2021,5:31:11 AM,-5.9766949E+1,-5.0609604E+1,3.8220420E+3,0.0000000E+0
11241515,29/9/2021,5:31:11 AM,-5.6814510E+1,-5.0609604E+1,3.8211492E+3,0.0000000E+0
11241516,29/9/2021,5:31:12 AM,-5.2691734E+1,-4.8674454E+1,3.8247205E+3,0.0000000E+0
11241517,29/9/2021,5:31:12 AM,-4.7877396E+1,-4.7008076E+1,3.8220420E+3,0.0000000E+0
11241518,29/9/2021,5:31:12 AM,-4.5270737E+1,-4.5180428E+1,3.8238276E+3,0.0000000E+0
11241519,29/9/2021,5:31:12 AM,-3.8887085E+1,-4.2519592E+1,3.8256133E+3,0.0000000E+0
11241520,29/9/2021,5:31:12 AM,-3.1572483E+1,-4.0557568E+1,3.8256133E+3,0.0000000E+0
11241521,29/9/2021,5:31:12 AM,-2.4257879E+1,-3.9267464E+1,3.8256133E+3,0.0000000E+0
11241522,29/9/2021,5:31:12 AM,-1.5012538E+1,-3.7493576E+1,3.8273987E+3,0.0000000E+0
11241523,29/9/2021,5:31:12 AM,-2.6263454E+0,-3.7090420E+1,3.8273987E+3,0.0000000E+0
11241524,29/9/2021,5:31:12 AM,9.0112057E+0,-3.6042210E+1,3.8291846E+3,0.0000000E+0
11241525,29/9/2021,5:31:12 AM,2.2209791E+1,-3.3703899E+1,3.8336484E+3,0.0000000E+0
11241526,29/9/2021,5:31:13 AM,3.3966351E+1,-3.2763203E+1,3.8327556E+3,0.0000000E+0
11241527,29/9/2021,5:31:13 AM,4.4286591E+1,-3.1553734E+1,3.8327556E+3,0.0000000E+0
11241528,29/9/2021,5:31:13 AM,5.3383297E+1,-2.9134794E+1,3.8345413E+3,0.0000000E+0
11241529,29/9/2021,5:31:13 AM,6.0112732E+1,-2.6688974E+1,3.8363269E+3,0.0000000E+0
11241530,29/9/2021,5:31:13 AM,6.4554687E+1,-2.1662954E+1,3.8381123E+3,0.0000000E+0
11241531,29/9/2021,5:31:13 AM,6.5751617E+1,-1.8104815E+1,3.8363269E+3,0.0000000E+0
11241532,29/9/2021,5:31:13 AM,6.3437546E+1,-1.2894031E+1,3.8398979E+3,0.0000000E+0
11241533,29/9/2021,5:31:13 AM,6.0139332E+1,-7.3961225E+0,3.8390051E+3,0.0000000E+0
11241534,29/9/2021,5:31:13 AM,5.3808872E+1,-3.3335245E+0,3.8381123E+3,0.0000000E+0
11241535,29/9/2021,5:31:13 AM,4.7930592E+1,2.1230805E+0,3.8390051E+3,0.0000000E+0
11241536,29/9/2021,5:31:14 AM,4.0163818E+1,6.9574594E+0,3.8381123E+3,0.0000000E+0
11241537,29/9/2021,5:31:14 AM,3.0535137E+1,1.0945304E+1,3.8381123E+3,0.0000000E+0
11241538,29/9/2021,5:31:14 AM,2.2528975E+1,1.4925173E+1,3.8381123E+3,0.0000000E+0
11241539,29/9/2021,5:31:14 AM,1.5301949E+1,1.7198244E+1,3.8345413E+3,0.0000000E+0
11241540,29/9/2021,5:31:14 AM,1.2960350E+1,2.0093420E+1,3.8416836E+3,0.0000000E+0
11241541,29/9/2021,5:31:14 AM,8.6796989E+0,2.2845547E+1,3.8372195E+3,0.0000000E+0
11241542,29/9/2021,5:31:14 AM,9.2456865E-1,2.4270035E+1,3.8363269E+3,0.0000000E+0
11241543,29/9/2021,5:31:14 AM,-2.1066222E+0,2.6124554E+1,3.8416836E+3,0.0000000E+0
11241544,29/9/2021,5:31:14 AM,-7.3720870E+0,2.7065252E+1,3.8390051E+3,0.0000000E+0
11241545,29/9/2021,5:31:14 AM,-1.2707774E+1,2.6097677E+1,3.8390051E+3,0.0000000E+0
11241546,29/9/2021,5:31:15 AM,-1.7622498E+1,2.2953056E+1,3.8363269E+3,0.0000000E+0
11241547,29/9/2021,5:31:15 AM,-2.5694204E+1,2.1421061E+1,3.8363269E+3,0.0000000E+0
11241548,29/9/2021,5:31:15 AM,-3.3567375E+1,2.0311422E+1,3.8381123E+3,0.0000000E+0
11241549,29/9/2021,5:31:15 AM,-4.0961769E+1,1.6666533E+1,3.8354341E+3,0.0000000E+0
11241550,29/9/2021,5:31:15 AM,-4.8834946E+1,1.2271927E+1,3.8318628E+3,0.0000000E+0
11241551,29/9/2021,5:31:15 AM,-5.4899414E+1,6.6464076E+0,3.8309702E+3,0.0000000E+0
11241552,29/9/2021,5:31:15 AM,-6.2187416E+1,2.4344976E+0,3.8282915E+3,0.0000000E+0
11241553,29/9/2021,5:31:15 AM,-6.8145493E+1,-2.5657892E+0,3.8273987E+3,0.0000000E+0
11241554,29/9/2021,5:31:15 AM,-7.1443710E+1,-8.4808168E+0,3.8273987E+3,0.0000000E+0
11241555,29/9/2021,5:31:15 AM,-7.3438606E+1,-1.4409412E+1,3.8273987E+3,0.0000000E+0
11241556,29/9/2021,5:31:16 AM,-7.3970581E+1,-2.1232920E+1,3.8229348E+3,0.0000000E+0
11241557,29/9/2021,5:31:16 AM,-7.2933235E+1,-2.8167215E+1,3.8220420E+3,0.0000000E+0
11241558,29/9/2021,5:31:16 AM,-7.0858543E+1,-3.3354500E+1,3.8220420E+3,0.0000000E+0
11241559,29/9/2021,5:31:16 AM,-6.9581818E+1,-3.7654839E+1,3.8229348E+3,0.0000000E+0
11241560,29/9/2021,5:31:16 AM,-6.6044205E+1,-4.2438965E+1,3.8238276E+3,0.0000000E+0
11241561,29/9/2021,5:31:16 AM,-6.1761845E+1,-4.7223087E+1,3.8220420E+3,0.0000000E+0
11241562,29/9/2021,5:31:16 AM,-5.8277431E+1,-5.1792198E+1,3.8220420E+3,0.0000000E+0
11241563,29/9/2021,5:31:16 AM,-5.2931118E+1,-5.6092541E+1,3.8238276E+3,0.0000000E+0
11241564,29/9/2021,5:31:16 AM,-4.9579704E+1,-5.9317791E+1,3.8238276E+3,0.0000000E+0
11241565,29/9/2021,5:31:16 AM,-4.5855904E+1,-6.3295605E+1,3.8220420E+3,0.0000000E+0
11241566,29/9/2021,5:31:17 AM,-4.0642590E+1,-6.7273415E+1,3.8247205E+3,0.0000000E+0
11241567,29/9/2021,5:31:17 AM,-3.9312664E+1,-7.0659935E+1,3.8184709E+3,0.0000000E+0
11241568,29/9/2021,5:31:17 AM,-3.4205738E+1,-7.5309677E+1,3.8184709E+3,0.0000000E+0
11241569,29/9/2021,5:31:17 AM,-2.8726437E+1,-7.7728615E+1,3.8202566E+3,0.0000000E+0
11241570,29/9/2021,5:31:17 AM,-2.5933592E+1,-7.8615555E+1,3.8193638E+3,0.0000000E+0
11241571,29/9/2021,5:31:17 AM,-2.2103399E+1,-7.9260605E+1,3.8184709E+3,0.0000000E+0
11241572,29/9/2021,5:31:17 AM,-1.7048939E+1,-7.9153099E+1,3.8202566E+3,0.0000000E+0
11241573,29/9/2021,5:31:17 AM,-1.3510231E+1,-7.6922302E+1,3.8184709E+3,0.0000000E+0
11241574,29/9/2021,5:31:17 AM,-7.7483220E+0,-7.3562668E+1,3.8202566E+3,0.0000000E+0
11241575,29/9/2021,5:31:17 AM,-1.1622980E+0,-6.8348503E+1,3.8256133E+3,0.0000000E+0
11241576,29/9/2021,5:31:18 AM,2.4346182E+0,-6.2462414E+1,3.8256133E+3,0.0000000E+0
11241577,29/9/2021,5:31:18 AM,7.4352317E+0,-5.7920181E+1,3.8256133E+3,0.0000000E+0
11241578,29/9/2021,5:31:18 AM,1.1179157E+1,-5.2087849E+1,3.8273987E+3,0.0000000E+0
11241579,29/9/2021,5:31:18 AM,1.4607363E+1,-4.6094250E+1,3.8273987E+3,0.0000000E+0
11241580,29/9/2021,5:31:18 AM,1.8753832E+1,-3.8111748E+1,3.8309702E+3,0.0000000E+0
11241581,29/9/2021,5:31:18 AM,2.1278843E+1,-2.9430441E+1,3.8336484E+3,0.0000000E+0
11241582,29/9/2021,5:31:18 AM,2.1704420E+1,-2.1474815E+1,3.8336484E+3,0.0000000E+0
11241583,29/9/2021,5:31:18 AM,2.3034348E+1,-1.4430681E+1,3.8354341E+3,0.0000000E+0
11241584,29/9/2021,5:31:18 AM,2.2475777E+1,-7.2153406E+0,3.8336484E+3,0.0000000E+0
11241585,29/9/2021,5:31:18 AM,2.1012857E+1,5.6817174E-1,3.8363269E+3,0.0000000E+0
11241586,29/9/2021,5:31:19 AM,1.9466837E+1,9.4299240E+0,3.8381123E+3,0.0000000E+0
11241587,29/9/2021,5:31:19 AM,1.5075682E+1,1.8314840E+1,3.8390051E+3,0.0000000E+0
11241588,29/9/2021,5:31:19 AM,1.0584550E+1,2.5802029E+1,3.8381123E+3,0.0000000E+0
11241589,29/9/2021,5:31:19 AM,6.1065722E+0,3.3273869E+1,3.8390051E+3,0.0000000E+0
11241590,29/9/2021,5:31:19 AM,1.0026634E-1,4.2358334E+1,3.8416836E+3,0.0000000E+0
11241591,29/9/2021,5:31:19 AM,-5.6645622E+0,5.0582726E+1,3.8434690E+3,0.0000000E+0
11241592,29/9/2021,5:31:19 AM,-1.0108336E+1,5.7248257E+1,3.8452546E+3,0.0000000E+0
11241593,29/9/2021,5:31:19 AM,-1.2828800E+1,6.0742279E+1,3.8434690E+3,0.0000000E+0
11241594,29/9/2021,5:31:19 AM,-1.3344479E+1,6.2650555E+1,3.8452546E+3,0.0000000E+0
11241595,29/9/2021,5:31:19 AM,-1.5554525E+1,6.3295605E+1,3.8452546E+3,0.0000000E+0
11241596,29/9/2021,5:31:20 AM,-1.6451700E+1,6.0769157E+1,3.8452546E+3,0.0000000E+0
11241597,29/9/2021,5:31:20 AM,-1.3697033E+1,5.5635628E+1,3.8416836E+3,0.0000000E+0
11241598,29/9/2021,5:31:20 AM,-1.1142323E+1,4.8728207E+1,3.8434690E+3,0.0000000E+0
11241599,29/9/2021,5:31:20 AM,-1.0079395E+1,4.1014477E+1,3.8398979E+3,0.0000000E+0
11241600,29/9/2021,5:31:20 AM,-6.7722168E+0,3.0747419E+1,3.8381123E+3,0.0000000E+0
11241601,29/9/2021,5:31:20 AM,-6.2249675E+0,2.3302458E+1,3.8390051E+3,0.0000000E+0
11241602,29/9/2021,5:31:20 AM,-8.8296671E+0,1.5260152E+1,3.8363269E+3,0.0000000E+0
11241603,29/9/2021,5:31:20 AM,-1.1097596E+1,6.2582574E+0,3.8363269E+3,0.0000000E+0
11241604,29/9/2021,5:31:20 AM,-1.3586532E+1,-1.9317471E+0,3.8336484E+3,0.0000000E+0
11241605,29/9/2021,5:31:20 AM,-1.7440960E+1,-1.0472080E+1,3.8291846E+3,0.0000000E+0
11241606,29/9/2021,5:31:21 AM,-2.3300333E+1,-1.8905043E+1,3.8282915E+3,0.0000000E+0
11241607,29/9/2021,5:31:21 AM,-2.8380657E+1,-2.6151432E+1,3.8291846E+3,0.0000000E+0
11241608,29/9/2021,5:31:21 AM,-3.3194996E+1,-3.3677025E+1,3.8256133E+3,0.0000000E+0
11241609,29/9/2021,5:31:21 AM,-3.8195522E+1,-4.2116440E+1,3.8256133E+3,0.0000000E+0
11241610,29/9/2021,5:31:21 AM,-3.9738239E+1,-5.2141602E+1,3.8220420E+3,0.0000000E+0
11241611,29/9/2021,5:31:21 AM,-4.1360752E+1,-6.1360455E+1,3.8184709E+3,0.0000000E+0
11241612,29/9/2021,5:31:21 AM,-4.0429802E+1,-7.0283653E+1,3.8202566E+3,0.0000000E+0
11241613,29/9/2021,5:31:21 AM,-3.8168926E+1,-7.8266159E+1,3.8184709E+3,0.0000000E+0
11241614,29/9/2021,5:31:21 AM,-3.5535667E+1,-8.6356163E+1,3.8184709E+3,0.0000000E+0
11241615,29/9/2021,5:31:21 AM,-3.1359694E+1,-9.4446175E+1,3.8148999E+3,0.0000000E+0
11241616,29/9/2021,5:31:22 AM,-2.6997532E+1,-1.0116545E+2,3.8157925E+3,0.0000000E+0
11241617,29/9/2021,5:31:22 AM,-2.4337677E+1,-1.0508952E+2,3.8131143E+3,0.0000000E+0
11241618,29/9/2021,5:31:22 AM,-2.3326931E+1,-1.0597646E+2,3.8148999E+3,0.0000000E+0
11241619,29/9/2021,5:31:22 AM,-2.2156595E+1,-1.0476698E+2,3.8166853E+3,0.0000000E+0
11241620,29/9/2021,5:31:22 AM,-2.2821560E+1,-1.0003662E+2,3.8166853E+3,0.0000000E+0
11241621,29/9/2021,5:31:22 AM,-2.5055836E+1,-9.2752922E+1,3.8202566E+3,0.0000000E+0
11241622,29/9/2021,5:31:22 AM,-2.8088072E+1,-8.6732445E+1,3.8157925E+3,0.0000000E+0
11241623,29/9/2021,5:31:22 AM,-3.1865067E+1,-7.7701736E+1,3.8202566E+3,0.0000000E+0
11241624,29/9/2021,5:31:22 AM,-3.4258934E+1,-6.6305840E+1,3.8238276E+3,0.0000000E+0
11241625,29/9/2021,5:31:22 AM,-3.7876339E+1,-5.6603207E+1,3.8220420E+3,0.0000000E+0
11241626,29/9/2021,5:31:23 AM,-4.0642590E+1,-4.8970100E+1,3.8220420E+3,0.0000000E+0
11241627,29/9/2021,5:31:23 AM,-4.1227757E+1,-4.0208160E+1,3.8238276E+3,0.0000000E+0
11241628,29/9/2021,5:31:23 AM,-4.1227757E+1,-3.0424894E+1,3.8256133E+3,0.0000000E+0
11241629,29/9/2021,5:31:23 AM,-4.1174561E+1,-2.0319099E+1,3.8282915E+3,0.0000000E+0
11241630,29/9/2021,5:31:23 AM,-3.9099873E+1,-1.1320162E+1,3.8309702E+3,0.0000000E+0
11241631,29/9/2021,5:31:23 AM,-3.6067638E+1,-3.7826376E+0,3.8291846E+3,0.0000000E+0
11241632,29/9/2021,5:31:23 AM,-3.1120306E+1,4.0820465E+0,3.8327556E+3,0.0000000E+0
11241633,29/9/2021,5:31:23 AM,-2.4869648E+1,1.3316742E+1,3.8354341E+3,0.0000000E+0
11241634,29/9/2021,5:31:23 AM,-2.0081909E+1,2.1555445E+1,3.8381123E+3,0.0000000E+0
11241635,29/9/2021,5:31:23 AM,-1.4304797E+1,2.9403563E+1,3.8398979E+3,0.0000000E+0
11241636,29/9/2021,5:31:24 AM,-8.6323414E+0,3.6848526E+1,3.8425762E+3,0.0000000E+0
11241637,29/9/2021,5:31:24 AM,-4.0040874E+0,4.1095108E+1,3.8416836E+3,0.0000000E+0
11241638,29/9/2021,5:31:24 AM,2.0701780E+0,4.4427872E+1,3.8434690E+3,0.0000000E+0
11241639,29/9/2021,5:31:24 AM,6.2828493E+0,4.7680000E+1,3.8452546E+3,0.0000000E+0
11241640,29/9/2021,5:31:24 AM,9.7189474E+0,4.9400139E+1,3.8452546E+3,0.0000000E+0
11241641,29/9/2021,5:31:24 AM,1.2810383E+1,5.0072063E+1,3.8470403E+3,0.0000000E+0
11241642,29/9/2021,5:31:24 AM,1.4825737E+1,4.7357475E+1,3.8452546E+3,0.0000000E+0
11241643,29/9/2021,5:31:24 AM,1.7535675E+1,4.2331455E+1,3.8434690E+3,0.0000000E+0
11241644,29/9/2021,5:31:24 AM,1.9316870E+1,3.5880947E+1,3.8398979E+3,0.0000000E+0
11241645,29/9/2021,5:31:24 AM,1.8346025E+1,3.0720541E+1,3.8416836E+3,0.0000000E+0
11241646,29/9/2021,5:31:25 AM,1.7759312E+1,2.5398874E+1,3.8416836E+3,0.0000000E+0
11241647,29/9/2021,5:31:25 AM,1.7998734E+1,1.7939983E+1,3.8381123E+3,0.0000000E+0
11241648,29/9/2021,5:31:25 AM,1.6280684E+1,9.8526344E+0,3.8336484E+3,0.0000000E+0
11241649,29/9/2021,5:31:25 AM,1.4883618E+1,2.7507179E+0,3.8336484E+3,0.0000000E+0
11241650,29/9/2021,5:31:25 AM,1.4909928E+1,-2.7979510E+0,3.8381123E+3,0.0000000E+0
11241651,29/9/2021,5:31:25 AM,1.2626213E+1,-9.2517996E+0,3.8336484E+3,0.0000000E+0
11241652,29/9/2021,5:31:25 AM,1.0734517E+1,-1.6270407E+1,3.8345413E+3,0.0000000E+0
11241653,29/9/2021,5:31:25 AM,1.0487203E+1,-2.4081894E+1,3.8309702E+3,0.0000000E+0
11241654,29/9/2021,5:31:25 AM,7.6878080E+0,-3.1930012E+1,3.8273987E+3,0.0000000E+0
11241655,29/9/2021,5:31:25 AM,5.0585866E+0,-3.7144173E+1,3.8300774E+3,0.0000000E+0
11241656,29/9/2021,5:31:26 AM,1.0830208E+0,-4.0503811E+1,3.8300774E+3,0.0000000E+0
11241657,29/9/2021,5:31:26 AM,-5.8118987E+0,-4.5476078E+1,3.8273987E+3,0.0000000E+0
11241658,29/9/2021,5:31:26 AM,-1.0189898E+1,-5.1308414E+1,3.8256133E+3,0.0000000E+0
11241659,29/9/2021,5:31:26 AM,-1.5762376E+1,-5.5958153E+1,3.8220420E+3,0.0000000E+0
11241660,29/9/2021,5:31:26 AM,-2.2741762E+1,-5.8054565E+1,3.8229348E+3,0.0000000E+0
11241661,29/9/2021,5:31:26 AM,-2.9683985E+1,-5.9452179E+1,3.8211492E+3,0.0000000E+0
11241662,29/9/2021,5:31:26 AM,-3.6280426E+1,-5.9962841E+1,3.8229348E+3,0.0000000E+0
11241663,29/9/2021,5:31:26 AM,-4.2557686E+1,-6.0581013E+1,3.8202566E+3,0.0000000E+0
11241664,29/9/2021,5:31:26 AM,-4.7850796E+1,-6.1602345E+1,3.8175781E+3,0.0000000E+0
11241665,29/9/2021,5:31:26 AM,-5.2159763E+1,-6.0715405E+1,3.8193638E+3,0.0000000E+0
11241666,29/9/2021,5:31:27 AM,-5.5351593E+1,-5.7785797E+1,3.8193638E+3,0.0000000E+0
11241667,29/9/2021,5:31:27 AM,-5.9633957E+1,-5.3324196E+1,3.8220420E+3,0.0000000E+0
11241668,29/9/2021,5:31:27 AM,-6.1336266E+1,-4.9668907E+1,3.8229348E+3,0.0000000E+0
11241669,29/9/2021,5:31:27 AM,-6.1362862E+1,-4.7249966E+1,3.8229348E+3,0.0000000E+0
11241670,29/9/2021,5:31:27 AM,-6.0032936E+1,-4.4857903E+1,3.8220420E+3,0.0000000E+0
11241671,29/9/2021,5:31:27 AM,-5.7452873E+1,-4.1175739E+1,3.8273987E+3,0.0000000E+0
11241672,29/9/2021,5:31:27 AM,-5.6176144E+1,-3.7466698E+1,3.8265059E+3,0.0000000E+0
11241673,29/9/2021,5:31:27 AM,-5.5032406E+1,-3.5692806E+1,3.8256133E+3,0.0000000E+0
11241674,29/9/2021,5:31:27 AM,-5.3596081E+1,-3.4752110E+1,3.8247205E+3,0.0000000E+0
11241675,29/9/2021,5:31:27 AM,-4.9393513E+1,-3.3703899E+1,3.8273987E+3,0.0000000E+0
11241676,29/9/2021,5:31:28 AM,-4.6733658E+1,-3.1473099E+1,3.8273987E+3,0.0000000E+0
11241677,29/9/2021,5:31:28 AM,-4.7957191E+1,-2.9564825E+1,3.8256133E+3,0.0000000E+0
11241678,29/9/2021,5:31:28 AM,-4.9047733E+1,-2.7629673E+1,3.8247205E+3,0.0000000E+0
11241679,29/9/2021,5:31:28 AM,-4.8010391E+1,-2.5345119E+1,3.8256133E+3,0.0000000E+0
11241680,29/9/2021,5:31:28 AM,-4.5696316E+1,-2.2092989E+1,3.8265059E+3,0.0000000E+0
11241681,29/9/2021,5:31:28 AM,-4.2823673E+1,-1.8535501E+1,3.8273987E+3,0.0000000E+0
11241682,29/9/2021,5:31:28 AM,-3.8913681E+1,-1.5438276E+1,3.8282915E+3,0.0000000E+0
11241683,29/9/2021,5:31:28 AM,-3.4578117E+1,-1.2035316E+1,3.8273987E+3,0.0000000E+0
11241684,29/9/2021,5:31:28 AM,-2.8460451E+1,-8.9753094E+0,3.8291846E+3,0.0000000E+0
11241685,29/9/2021,5:31:28 AM,-1.8619652E+1,-6.1226707E+0,3.8327556E+3,0.0000000E+0
11241686,29/9/2021,5:31:29 AM,-8.9033346E+0,-3.0941575E+0,3.8327556E+3,0.0000000E+0
11241687,29/9/2021,5:31:29 AM,2.5594303E-1,-8.0653197E-1,3.8363269E+3,0.0000000E+0
11241688,29/9/2021,5:31:29 AM,8.6060305E+0,1.5746980E+0,3.8363269E+3,0.0000000E+0
11241689,29/9/2021,5:31:29 AM,1.5030954E+1,4.0276084E+0,3.8363269E+3,0.0000000E+0
11241690,29/9/2021,5:31:29 AM,2.0933062E+1,6.0854511E+0,3.8398979E+3,0.0000000E+0
11241691,29/9/2021,5:31:29 AM,2.6997532E+1,7.9145422E+0,3.8416836E+3,0.0000000E+0
11241692,29/9/2021,5:31:29 AM,2.9444599E+1,8.8131371E+0,3.8407908E+3,0.0000000E+0
11241693,29/9/2021,5:31:29 AM,3.1253300E+1,9.1587496E+0,3.8398979E+3,0.0000000E+0
11241694,29/9/2021,5:31:29 AM,3.1652277E+1,8.7280626E+0,3.8390051E+3,0.0000000E+0
11241695,29/9/2021,5:31:29 AM,3.1093708E+1,6.5214553E+0,3.8381123E+3,0.0000000E+0
11241696,29/9/2021,5:31:30 AM,3.1652277E+1,4.2381554E+0,3.8381123E+3,0.0000000E+0
11241697,29/9/2021,5:31:30 AM,3.0242554E+1,2.2207484E+0,3.8363269E+3,0.0000000E+0
11241698,29/9/2021,5:31:30 AM,2.7343311E+1,-1.5656050E+0,3.8354341E+3,0.0000000E+0
11241699,29/9/2021,5:31:30 AM,2.6039984E+1,-5.7026176E+0,3.8327556E+3,0.0000000E+0
11241700,29/9/2021,5:31:30 AM,2.4337677E+1,-7.7337604E+0,3.8345413E+3,0.0000000E+0
11241701,29/9/2021,5:31:30 AM,2.1571426E+1,-1.0602349E+1,3.8327556E+3,0.0000000E+0
11241702,29/9/2021,5:31:30 AM,1.8898539E+1,-1.3348645E+1,3.8318628E+3,0.0000000E+0
11241703,29/9/2021,5:31:30 AM,1.7761942E+1,-1.5246860E+1,3.8345413E+3,0.0000000E+0
11241704,29/9/2021,5:31:30 AM,1.5957070E+1,-1.6932388E+1,3.8318628E+3,0.0000000E+0
11241705,29/9/2021,5:31:30 AM,1.3654937E+1,-1.8554111E+1,3.8345413E+3,0.0000000E+0
11241706,29/9/2021,5:31:31 AM,8.9901581E+0,-2.0322056E+1,3.8309702E+3,0.0000000E+0
11241707,29/9/2021,5:31:31 AM,3.1207161E+0,-2.0883518E+1,3.8309702E+3,0.0000000E+0
11241708,29/9/2021,5:31:31 AM,-2.2611129E+0,-2.0141273E+1,3.8345413E+3,0.0000000E+0
11241709,29/9/2021,5:31:31 AM,-9.3374510E+0,-2.0668501E+1,3.8291846E+3,0.0000000E+0
11241710,29/9/2021,5:31:31 AM,-1.6138609E+1,-2.1421061E+1,3.8318628E+3,0.0000000E+0
11241711,29/9/2021,5:31:31 AM,-2.4098289E+1,-2.1528568E+1,3.8291846E+3,0.0000000E+0
11241712,29/9/2021,5:31:31 AM,-3.4232338E+1,-2.1501692E+1,3.8273987E+3,0.0000000E+0
11241713,29/9/2021,5:31:31 AM,-4.2690678E+1,-2.1904848E+1,3.8273987E+3,0.0000000E+0
11241714,29/9/2021,5:31:31 AM,-4.7850796E+1,-2.3006809E+1,3.8265059E+3,0.0000000E+0
11241715,29/9/2021,5:31:31 AM,-5.2904522E+1,-2.3947510E+1,3.8256133E+3,0.0000000E+0
11241716,29/9/2021,5:31:32 AM,-5.7745461E+1,-2.4861332E+1,3.8238276E+3,0.0000000E+0
11241717,29/9/2021,5:31:32 AM,-6.1602249E+1,-2.5237610E+1,3.8247205E+3,0.0000000E+0
11241718,29/9/2021,5:31:32 AM,-6.3144966E+1,-2.5560135E+1,3.8220420E+3,0.0000000E+0
11241719,29/9/2021,5:31:32 AM,-6.3916321E+1,-2.4726946E+1,3.8256133E+3,0.0000000E+0
11241720,29/9/2021,5:31:32 AM,-6.1549049E+1,-2.4753822E+1,3.8256133E+3,0.0000000E+0
11241721,29/9/2021,5:31:32 AM,-5.9687153E+1,-2.4646313E+1,3.8238276E+3,0.0000000E+0
11241722,29/9/2021,5:31:32 AM,-5.7053894E+1,-2.3678738E+1,3.8265059E+3,0.0000000E+0
11241723,29/9/2021,5:31:32 AM,-5.4660027E+1,-2.1743586E+1,3.8282915E+3,0.0000000E+0
11241724,29/9/2021,5:31:32 AM,-5.0430859E+1,-2.0614746E+1,3.8291846E+3,0.0000000E+0
11241725,29/9/2021,5:31:32 AM,-4.6387878E+1,-1.9811611E+1,3.8309702E+3,0.0000000E+0
11241726,29/9/2021,5:31:33 AM,-4.1892723E+1,-2.0453484E+1,3.8309702E+3,0.0000000E+0
11241727,29/9/2021,5:31:33 AM,-3.7823143E+1,-2.1662954E+1,3.8309702E+3,0.0000000E+0
11241728,29/9/2021,5:31:33 AM,-3.4737709E+1,-2.3383089E+1,3.8309702E+3,0.0000000E+0
11241729,29/9/2021,5:31:33 AM,-3.0934118E+1,-2.6366449E+1,3.8291846E+3,0.0000000E+0
11241730,29/9/2021,5:31:33 AM,-2.6172976E+1,-3.0774296E+1,3.8291846E+3,0.0000000E+0
11241731,29/9/2021,5:31:33 AM,-2.3513121E+1,-3.4752110E+1,3.8265059E+3,0.0000000E+0
11241732,29/9/2021,5:31:33 AM,-1.9272142E+1,-3.8514908E+1,3.8273987E+3,0.0000000E+0
11241733,29/9/2021,5:31:33 AM,-1.4812581E+1,-4.2008926E+1,3.8273987E+3,0.0000000E+0
11241734,29/9/2021,5:31:33 AM,-1.3112948E+1,-4.4938534E+1,3.8238276E+3,0.0000000E+0
11241735,29/9/2021,5:31:33 AM,-1.0913425E+1,-4.6685547E+1,3.8256133E+3,0.0000000E+0
11241736,29/9/2021,5:31:34 AM,-8.1955929E+0,-4.6954319E+1,3.8238276E+3,0.0000000E+0
11241737,29/9/2021,5:31:34 AM,-7.7588458E+0,-4.6309269E+1,3.8247205E+3,0.0000000E+0
11241738,29/9/2021,5:31:34 AM,-4.6917696E+0,-4.3970959E+1,3.8291846E+3,0.0000000E+0
11241739,29/9/2021,5:31:34 AM,-3.1381462E+0,-4.1874542E+1,3.8282915E+3,0.0000000E+0
11241740,29/9/2021,5:31:34 AM,-2.7832131E+0,-3.9993149E+1,3.8282915E+3,0.0000000E+0
11241741,29/9/2021,5:31:34 AM,-7.4117935E-1,-3.7386066E+1,3.8291846E+3,0.0000000E+0
11241742,29/9/2021,5:31:34 AM,-2.0475441E-1,-3.4805862E+1,3.8309702E+3,0.0000000E+0
11241743,29/9/2021,5:31:34 AM,1.0267702E+0,-3.1661240E+1,3.8309702E+3,0.0000000E+0
11241744,29/9/2021,5:31:34 AM,6.0634750E-1,-2.8489740E+1,3.8309702E+3,0.0000000E+0
11241745,29/9/2021,5:31:34 AM,8.6017966E-2,-2.6420202E+1,3.8309702E+3,0.0000000E+0
11241746,29/9/2021,5:31:35 AM,7.1769588E-2,-2.3651861E+1,3.8309702E+3,0.0000000E+0
11241747,29/9/2021,5:31:35 AM,-2.9852395E+0,-2.0964149E+1,3.8291846E+3,0.0000000E+0
11241748,29/9/2021,5:31:35 AM,-4.8106093E+0,-1.7389660E+1,3.8318628E+3,0.0000000E+0
11241749,29/9/2021,5:31:35 AM,-8.6665440E+0,-1.2931252E+1,3.8309702E+3,0.0000000E+0
11241750,29/9/2021,5:31:35 AM,-1.3291858E+1,-9.1188717E+0,3.8309702E+3,0.0000000E+0
11241751,29/9/2021,5:31:35 AM,-1.7825087E+1,-4.0043921E+0,3.8318628E+3,0.0000000E+0
11241752,29/9/2021,5:31:35 AM,-2.2076799E+1,-5.7243770E-1,3.8309702E+3,0.0000000E+0
11241753,29/9/2021,5:31:35 AM,-2.3619514E+1,4.4006686E+0,3.8336484E+3,0.0000000E+0
11241754,29/9/2021,5:31:35 AM,-2.6704947E+1,9.8021221E+0,3.8327556E+3,0.0000000E+0
11241755,29/9/2021,5:31:35 AM,-2.8221064E+1,1.3276864E+1,3.8327556E+3,0.0000000E+0
11241756,29/9/2021,5:31:36 AM,-2.6332567E+1,1.6631971E+1,3.8363269E+3,0.0000000E+0
11241757,29/9/2021,5:31:36 AM,-2.4098289E+1,1.7719322E+1,3.8345413E+3,0.0000000E+0
11241758,29/9/2021,5:31:36 AM,-1.9103756E+1,1.8532843E+1,3.8381123E+3,0.0000000E+0
11241759,29/9/2021,5:31:36 AM,-1.3344479E+1,1.8716284E+1,3.8381123E+3,0.0000000E+0
11241760,29/9/2021,5:31:36 AM,-8.8007250E+0,1.6358139E+1,3.8363269E+3,0.0000000E+0
11241761,29/9/2021,5:31:36 AM,-2.9194818E+0,1.3011007E+1,3.8381123E+3,0.0000000E+0
11241762,29/9/2021,5:31:36 AM,1.6035364E+0,9.1693840E+0,3.8345413E+3,0.0000000E+0
11241763,29/9/2021,5:31:36 AM,4.1863074E+0,5.4792986E+0,3.8381123E+3,0.0000000E+0
11241764,29/9/2021,5:31:36 AM,6.2275987E+0,1.4225919E+0,3.8354341E+3,0.0000000E+0
11241765,29/9/2021,5:31:36 AM,7.8746099E+0,-2.6554515E+0,3.8354341E+3,0.0000000E+0
11241766,29/9/2021,5:31:37 AM,5.6724558E+0,-4.6880693E+0,3.8345413E+3,0.0000000E+0
11241767,29/9/2021,5:31:37 AM,2.5954471E+0,-7.7204671E+0,3.8309702E+3,0.0000000E+0
11241768,29/9/2021,5:31:37 AM,1.0568763E+0,-1.0075954E+1,3.8354341E+3,0.0000000E+0
11241769,29/9/2021,5:31:37 AM,-3.4804029E+0,-1.2428782E+1,3.8309702E+3,0.0000000E+0
11241770,29/9/2021,5:31:37 AM,-6.6406674E+0,-1.5560569E+1,3.8336484E+3,0.0000000E+0
11241771,29/9/2021,5:31:37 AM,-8.7875710E+0,-1.9380924E+1,3.8300774E+3,0.0000000E+0
11241772,29/9/2021,5:31:37 AM,-1.1350173E+1,-2.4055017E+1,3.8291846E+3,0.0000000E+0
11241773,29/9/2021,5:31:37 AM,-1.1489617E+1,-2.7710306E+1,3.8327556E+3,0.0000000E+0
11241774,29/9/2021,5:31:37 AM,-1.3065590E+1,-3.3085728E+1,3.8273987E+3,0.0000000E+0
11241775,29/9/2021,5:31:37 AM,-1.4217974E+1,-3.7197926E+1,3.8291846E+3,0.0000000E+0
11241776,29/9/2021,5:31:38 AM,-1.3749653E+1,-4.2277699E+1,3.8256133E+3,0.0000000E+0
11241777,29/9/2021,5:31:38 AM,-1.4609994E+1,-4.7653126E+1,3.8238276E+3,0.0000000E+0
11241778,29/9/2021,5:31:38 AM,-1.4870463E+1,-4.9588276E+1,3.8256133E+3,0.0000000E+0
11241779,29/9/2021,5:31:38 AM,-1.6814777E+1,-5.1442799E+1,3.8238276E+3,0.0000000E+0
11241780,29/9/2021,5:31:38 AM,-1.9556292E+1,-5.2491005E+1,3.8247205E+3,0.0000000E+0
11241781,29/9/2021,5:31:38 AM,-2.2927952E+1,-5.2141602E+1,3.8238276E+3,0.0000000E+0
11241782,29/9/2021,5:31:38 AM,-2.7316713E+1,-5.1953465E+1,3.8220420E+3,0.0000000E+0
11241783,29/9/2021,5:31:38 AM,-3.1359694E+1,-4.9776417E+1,3.8238276E+3,0.0000000E+0
11241784,29/9/2021,5:31:38 AM,-3.5775051E+1,-4.6873688E+1,3.8238276E+3,0.0000000E+0
11241785,29/9/2021,5:31:38 AM,-4.0562794E+1,-4.1901421E+1,3.8256133E+3,0.0000000E+0
11241786,29/9/2021,5:31:39 AM,-4.4818562E+1,-3.8219257E+1,3.8256133E+3,0.0000000E+0
11241787,29/9/2021,5:31:39 AM,-4.8568958E+1,-3.5800316E+1,3.8247205E+3,0.0000000E+0
11241788,29/9/2021,5:31:39 AM,-4.9180725E+1,-3.3381374E+1,3.8238276E+3,0.0000000E+0
11241789,29/9/2021,5:31:39 AM,-4.9499908E+1,-2.8946653E+1,3.8273987E+3,0.0000000E+0
11241790,29/9/2021,5:31:39 AM,-4.8648754E+1,-2.4673191E+1,3.8291846E+3,0.0000000E+0
11241791,29/9/2021,5:31:39 AM,-4.7903992E+1,-2.4028139E+1,3.8256133E+3,0.0000000E+0
11241792,29/9/2021,5:31:39 AM,-4.4339787E+1,-2.3302458E+1,3.8265059E+3,0.0000000E+0
11241793,29/9/2021,5:31:39 AM,-3.9339260E+1,-2.0829763E+1,3.8291846E+3,0.0000000E+0
11241794,29/9/2021,5:31:39 AM,-3.3806763E+1,-1.9636147E+1,3.8291846E+3,0.0000000E+0
11241795,29/9/2021,5:31:39 AM,-3.0322351E+1,-1.7945301E+1,3.8291846E+3,0.0000000E+0
11241796,29/9/2021,5:31:40 AM,-2.8221064E+1,-1.7379026E+1,3.8273987E+3,0.0000000E+0
11241797,29/9/2021,5:31:40 AM,-2.4470669E+1,-1.5563228E+1,3.8291846E+3,0.0000000E+0
11241798,29/9/2021,5:31:40 AM,-2.1890610E+1,-1.2436758E+1,3.8309702E+3,0.0000000E+0
11241799,29/9/2021,5:31:40 AM,-1.9640484E+1,-9.5123386E+0,3.8327556E+3,0.0000000E+0
11241800,29/9/2021,5:31:40 AM,-1.7030523E+1,-6.1253290E+0,3.8345413E+3,0.0000000E+0
11241801,29/9/2021,5:31:40 AM,-1.7317301E+1,-4.4775224E+0,3.8309702E+3,0.0000000E+0
11241802,29/9/2021,5:31:40 AM,-1.4928346E+1,-2.3912673E+0,3.8327556E+3,0.0000000E+0
11241803,29/9/2021,5:31:40 AM,-1.1768503E+1,-1.3360435E+0,3.8327556E+3,0.0000000E+0
11241804,29/9/2021,5:31:40 AM,-7.8219900E+0,-1.4400262E+0,3.8345413E+3,0.0000000E+0
11241805,29/9/2021,5:31:40 AM,-1.4836780E+0,-8.4172606E-1,3.8381123E+3,0.0000000E+0
11241806,29/9/2021,5:31:41 AM,1.9101413E+0,-3.2918952E+0,3.8327556E+3,0.0000000E+0
11241807,29/9/2021,5:31:41 AM,6.0828934E+0,-6.5453825E+0,3.8345413E+3,0.0000000E+0
11241808,29/9/2021,5:31:41 AM,1.2399945E+1,-9.6426077E+0,3.8336484E+3,0.0000000E+0
11241809,29/9/2021,5:31:41 AM,1.5415083E+1,-1.2077852E+1,3.8345413E+3,0.0000000E+0
11241810,29/9/2021,5:31:41 AM,1.7840872E+1,-1.4071774E+1,3.8345413E+3,0.0000000E+0
11241811,29/9/2021,5:31:41 AM,1.9145853E+1,-1.7442833E+1,3.8327556E+3,0.0000000E+0
11241812,29/9/2021,5:31:41 AM,1.8090818E+1,-1.9750465E+1,3.8318628E+3,0.0000000E+0
11241813,29/9/2021,5:31:41 AM,1.6614822E+1,-2.0215714E+1,3.8309702E+3,0.0000000E+0
11241814,29/9/2021,5:31:41 AM,1.3620734E+1,-1.9697294E+1,3.8336484E+3,0.0000000E+0
11241815,29/9/2021,5:31:41 AM,9.1111841E+0,-1.9545755E+1,3.8309702E+3,0.0000000E+0
11241816,29/9/2021,5:31:42 AM,5.2988520E+0,-1.9519171E+1,3.8318628E+3,0.0000000E+0
11241817,29/9/2021,5:31:42 AM,6.7389530E-1,-1.8591331E+1,3.8327556E+3,0.0000000E+0
11241818,29/9/2021,5:31:42 AM,-4.6790938E+0,-1.8349403E+1,3.8291846E+3,0.0000000E+0
11241819,29/9/2021,5:31:42 AM,-7.3431463E+0,-1.8990116E+1,3.8309702E+3,0.0000000E+0
11241820,29/9/2021,5:31:42 AM,-8.4560633E+0,-1.8003788E+1,3.8318628E+3,0.0000000E+0
11241821,29/9/2021,5:31:42 AM,-1.1600119E+1,-1.6597408E+1,3.8327556E+3,0.0000000E+0
11241822,29/9/2021,5:31:42 AM,-1.5609777E+1,-1.7224831E+1,3.8300774E+3,0.0000000E+0
11241823,29/9/2021,5:31:42 AM,-1.9332655E+1,-1.7860228E+1,3.8282915E+3,0.0000000E+0
11241824,29/9/2021,5:31:42 AM,-2.2023602E+1,-1.7634249E+1,3.8291846E+3,0.0000000E+0
11241825,29/9/2021,5:31:42 AM,-2.4763252E+1,-1.5890231E+1,3.8309702E+3,0.0000000E+0
11241826,29/9/2021,5:31:43 AM,-2.7476307E+1,-1.4946442E+1,3.8309702E+3,0.0000000E+0
11241827,29/9/2021,5:31:43 AM,-3.2423637E+1,-1.4324339E+1,3.8291846E+3,0.0000000E+0
11241828,29/9/2021,5:31:43 AM,-3.7796543E+1,-1.3659698E+1,3.8291846E+3,0.0000000E+0
11241829,29/9/2021,5:31:43 AM,-4.2238503E+1,-1.2976447E+1,3.8273987E+3,0.0000000E+0
11241830,29/9/2021,5:31:43 AM,-4.5137745E+1,-1.1899728E+1,3.8291846E+3,0.0000000E+0
11241831,29/9/2021,5:31:43 AM,-4.7398624E+1,-1.0870865E+1,3.8318628E+3,0.0000000E+0
11241832,29/9/2021,5:31:43 AM,-4.9739296E+1,-1.2107096E+1,3.8291846E+3,0.0000000E+0
11241833,29/9/2021,5:31:43 AM,-5.1707584E+1,-1.3524111E+1,3.8291846E+3,0.0000000E+0
11241834,29/9/2021,5:31:43 AM,-5.2399147E+1,-1.5361176E+1,3.8265059E+3,0.0000000E+0
11241835,29/9/2021,5:31:43 AM,-5.0750042E+1,-1.8072912E+1,3.8273987E+3,0.0000000E+0
11241836,29/9/2021,5:31:44 AM,-4.6919849E+1,-2.0802887E+1,3.8273987E+3,0.0000000E+0
11241837,29/9/2021,5:31:44 AM,-4.4366386E+1,-2.2603653E+1,3.8291846E+3,0.0000000E+0
11241838,29/9/2021,5:31:44 AM,-4.1812923E+1,-2.4834454E+1,3.8273987E+3,0.0000000E+0
11241839,29/9/2021,5:31:44 AM,-3.7530560E+1,-2.7952198E+1,3.8273987E+3,0.0000000E+0
11241840,29/9/2021,5:31:44 AM,-3.2716221E+1,-2.9484196E+1,3.8273987E+3,0.0000000E+0
11241841,29/9/2021,5:31:44 AM,-2.8300861E+1,-3.0639912E+1,3.8273987E+3,0.0000000E+0
11241842,29/9/2021,5:31:44 AM,-2.5800596E+1,-3.1714994E+1,3.8282915E+3,0.0000000E+0
11241843,29/9/2021,5:31:44 AM,-2.2715164E+1,-3.3220112E+1,3.8282915E+3,0.0000000E+0
11241844,29/9/2021,5:31:44 AM,-1.8667009E+1,-3.4940247E+1,3.8282915E+3,0.0000000E+0
11241845,29/9/2021,5:31:44 AM,-1.4880987E+1,-3.6606628E+1,3.8291846E+3,0.0000000E+0
11241846,29/9/2021,5:31:45 AM,-1.1287029E+1,-3.8326767E+1,3.8273987E+3,0.0000000E+0
11241847,29/9/2021,5:31:45 AM,-6.5985703E+0,-4.1121983E+1,3.8273987E+3,0.0000000E+0
11241848,29/9/2021,5:31:45 AM,-3.6055801E+0,-4.2304577E+1,3.8265059E+3,0.0000000E+0
11241849,29/9/2021,5:31:45 AM,-7.9025710E-1,-4.2385208E+1,3.8282915E+3,0.0000000E+0
11241850,29/9/2021,5:31:45 AM,2.1525731E+0,-4.2761490E+1,3.8282915E+3,0.0000000E+0
11241851,29/9/2021,5:31:45 AM,5.1520734E+0,-4.2492718E+1,3.8273987E+3,0.0000000E+0
11241852,29/9/2021,5:31:45 AM,7.6036162E+0,-4.1363876E+1,3.8291846E+3,0.0000000E+0
11241853,29/9/2021,5:31:45 AM,8.6270790E+0,-4.0073776E+1,3.8273987E+3,0.0000000E+0
11241854,29/9/2021,5:31:45 AM,9.7215786E+0,-3.7466698E+1,3.8291846E+3,0.0000000E+0
11241855,29/9/2021,5:31:45 AM,1.0329342E+1,-3.3381374E+1,3.8309702E+3,0.0000000E+0
11241856,29/9/2021,5:31:46 AM,9.7899847E+0,-2.9994858E+1,3.8300774E+3,0.0000000E+0
11241857,29/9/2021,5:31:46 AM,9.5347767E+0,-2.6581467E+1,3.8309702E+3,0.0000000E+0
11241858,29/9/2021,5:31:46 AM,8.0166845E+0,-2.2549898E+1,3.8309702E+3,0.0000000E+0
11241859,29/9/2021,5:31:46 AM,5.9302945E+0,-1.8009106E+1,3.8327556E+3,0.0000000E+0
11241860,29/9/2021,5:31:46 AM,4.6989002E+0,-1.3101398E+1,3.8345413E+3,0.0000000E+0
11241861,29/9/2021,5:31:46 AM,9.6338946E-1,-9.1747017E+0,3.8318628E+3,0.0000000E+0
11241862,29/9/2021,5:31:46 AM,-2.0994916E+0,-5.7026176E+0,3.8336484E+3,0.0000000E+0
11241863,29/9/2021,5:31:46 AM,-4.3130689E+0,-1.6651611E+0,3.8336484E+3,0.0000000E+0
11241864,29/9/2021,5:31:46 AM,-7.9482789E+0,1.2584776E+0,3.8345413E+3,0.0000000E+0
11241865,29/9/2021,5:31:46 AM,-1.0579288E+1,4.2013297E+0,3.8345413E+3,0.0000000E+0
11241866,29/9/2021,5:31:47 AM,-1.2786704E+1,6.6251388E+0,3.8345413E+3,0.0000000E+0
11241867,29/9/2021,5:31:47 AM,-1.5970224E+1,9.0417728E+0,3.8354341E+3,0.0000000E+0
11241868,29/9/2021,5:31:47 AM,-1.8393385E+1,1.0349786E+1,3.8345413E+3,0.0000000E+0
11241869,29/9/2021,5:31:47 AM,-2.0640476E+1,1.0753887E+1,3.8345413E+3,0.0000000E+0
11241870,29/9/2021,5:31:47 AM,-2.2395983E+1,1.1867826E+1,3.8345413E+3,0.0000000E+0
11241871,29/9/2021,5:31:47 AM,-2.4098289E+1,1.2657418E+1,3.8354341E+3,0.0000000E+0
11241872,29/9/2021,5:31:47 AM,-2.4789852E+1,1.0979866E+1,3.8336484E+3,0.0000000E+0
11241873,29/9/2021,5:31:47 AM,-2.5242027E+1,9.5336075E+0,3.8345413E+3,0.0000000E+0
11241874,29/9/2021,5:31:47 AM,-2.5694204E+1,6.9813867E+0,3.8327556E+3,0.0000000E+0
11241875,29/9/2021,5:31:47 AM,-2.6252773E+1,5.1371822E+0,3.8345413E+3,0.0000000E+0
11241876,29/9/2021,5:31:48 AM,-2.6039984E+1,2.5345674E+0,3.8336484E+3,0.0000000E+0
11241877,29/9/2021,5:31:48 AM,-2.6784742E+1,-1.6015990E+0,3.8309702E+3,0.0000000E+0
11241878,29/9/2021,5:31:48 AM,-2.5933592E+1,-5.1411853E+0,3.8309702E+3,0.0000000E+0
11241879,29/9/2021,5:31:48 AM,-2.5135633E+1,-8.4090347E+0,3.8327556E+3,0.0000000E+0
11241880,29/9/2021,5:31:48 AM,-2.4364275E+1,-1.2612224E+1,3.8291846E+3,0.0000000E+0
11241881,29/9/2021,5:31:48 AM,-2.2422581E+1,-1.6379406E+1,3.8309702E+3,0.0000000E+0
11241882,29/9/2021,5:31:48 AM,-2.3220537E+1,-1.9944540E+1,3.8273987E+3,0.0000000E+0
11241883,29/9/2021,5:31:48 AM,-2.2156595E+1,-2.2738039E+1,3.8309702E+3,0.0000000E+0
11241884,29/9/2021,5:31:48 AM,-2.0933062E+1,-2.6070801E+1,3.8282915E+3,0.0000000E+0
11241885,29/9/2021,5:31:48 AM,-2.0294697E+1,-2.9107914E+1,3.8282915E+3,0.0000000E+0
11241886,29/9/2021,5:31:49 AM,-2.0081909E+1,-2.9887350E+1,3.8291846E+3,0.0000000E+0
11241887,29/9/2021,5:31:49 AM,-2.0294697E+1,-3.2521309E+1,3.8273987E+3,0.0000000E+0
11241888,29/9/2021,5:31:49 AM,-2.0800070E+1,-3.4107056E+1,3.8291846E+3,0.0000000E+0
11241889,29/9/2021,5:31:49 AM,-1.9030088E+1,-3.6552876E+1,3.8273987E+3,0.0000000E+0
11241890,29/9/2021,5:31:49 AM,-1.8719629E+1,-3.8568661E+1,3.8282915E+3,0.0000000E+0
11241891,29/9/2021,5:31:49 AM,-1.7738262E+1,-4.0853214E+1,3.8291846E+3,0.0000000E+0
11241892,29/9/2021,5:31:49 AM,-1.6980534E+1,-4.3702187E+1,3.8273987E+3,0.0000000E+0
11241893,29/9/2021,5:31:49 AM,-1.6714800E+1,-4.6282391E+1,3.8273987E+3,0.0000000E+0
11241894,29/9/2021,5:31:49 AM,-1.6575357E+1,-4.8701328E+1,3.8247205E+3,0.0000000E+0
11241895,29/9/2021,5:31:49 AM,-1.6259636E+1,-5.0609604E+1,3.8256133E+3,0.0000000E+0
11241896,29/9/2021,5:31:50 AM,-1.7335720E+1,-5.1899712E+1,3.8238276E+3,0.0000000E+0
11241897,29/9/2021,5:31:50 AM,-1.8032936E+1,-5.2114723E+1,3.8238276E+3,0.0000000E+0
11241898,29/9/2021,5:31:50 AM,-2.1039455E+1,-4.9883923E+1,3.8256133E+3,0.0000000E+0
11241899,29/9/2021,5:31:50 AM,-2.3619514E+1,-4.8244419E+1,3.8238276E+3,0.0000000E+0
11241900,29/9/2021,5:31:50 AM,-2.4869648E+1,-4.5261063E+1,3.8273987E+3,0.0000000E+0
11241901,29/9/2021,5:31:50 AM,-2.6811342E+1,-4.1552017E+1,3.8256133E+3,0.0000000E+0
11241902,29/9/2021,5:31:50 AM,-2.9896772E+1,-3.8057995E+1,3.8256133E+3,0.0000000E+0
11241903,29/9/2021,5:31:50 AM,-3.1918264E+1,-3.4617722E+1,3.8282915E+3,0.0000000E+0
11241904,29/9/2021,5:31:50 AM,-3.5189884E+1,-3.1688118E+1,3.8273987E+3,0.0000000E+0
11241905,29/9/2021,5:31:50 AM,-3.6067638E+1,-2.9349808E+1,3.8282915E+3,0.0000000E+0
11241906,29/9/2021,5:31:51 AM,-3.6413422E+1,-2.7172764E+1,3.8291846E+3,0.0000000E+0
11241907,29/9/2021,5:31:51 AM,-3.8142326E+1,-2.6205189E+1,3.8247205E+3,0.0000000E+0
11241908,29/9/2021,5:31:51 AM,-3.8248718E+1,-2.4162525E+1,3.8282915E+3,0.0000000E+0
11241909,29/9/2021,5:31:51 AM,-3.5934647E+1,-2.2442390E+1,3.8273987E+3,0.0000000E+0
11241910,29/9/2021,5:31:51 AM,-3.5482468E+1,-1.9888710E+1,3.8273987E+3,0.0000000E+0
11241911,29/9/2021,5:31:51 AM,-3.3141796E+1,-1.7995813E+1,3.8291846E+3,0.0000000E+0
11241912,29/9/2021,5:31:51 AM,-3.0003170E+1,-1.6177355E+1,3.8273987E+3,0.0000000E+0
11241913,29/9/2021,5:31:51 AM,-2.7742292E+1,-1.2840859E+1,3.8291846E+3,0.0000000E+0
11241914,29/9/2021,5:31:51 AM,-2.5029238E+1,-9.9084644E+0,3.8291846E+3,0.0000000E+0
11241915,29/9/2021,5:31:51 AM,-2.2183193E+1,-6.3778930E+0,3.8318628E+3,0.0000000E+0
11241916,29/9/2021,5:31:52 AM,-1.9282665E+1,-2.0502295E+0,3.8327556E+3,0.0000000E+0
11241917,29/9/2021,5:31:52 AM,-1.7740894E+1,1.4490104E+0,3.8327556E+3,0.0000000E+0
11241918,29/9/2021,5:31:52 AM,-1.5814995E+1,4.6336312E+0,3.8354341E+3,0.0000000E+0
11241919,29/9/2021,5:31:52 AM,-1.2465721E+1,7.1169734E+0,3.8363269E+3,0.0000000E+0
11241920,29/9/2021,5:31:52 AM,-1.0431952E+1,8.8902349E+0,3.8363269E+3,0.0000000E+0
11241921,29/9/2021,5:31:52 AM,-7.2010717E+0,1.0001514E+1,3.8381123E+3,0.0000000E+0
11241922,29/9/2021,5:31:52 AM,-3.1524067E+0,1.0363079E+1,3.8363269E+3,0.0000000E+0
11241923,29/9/2021,5:31:52 AM,-1.0609763E+0,8.5233536E+0,3.8363269E+3,0.0000000E+0
11241924,29/9/2021,5:31:52 AM,3.4780259E+0,5.7956672E+0,3.8363269E+3,0.0000000E+0
11241925,29/9/2021,5:31:52 AM,7.6141400E+0,3.6617532E+0,3.8345413E+3,0.0000000E+0
11241926,29/9/2021,5:31:53 AM,1.0053085E+1,4.0233278E-1,3.8345413E+3,0.0000000E+0
11241927,29/9/2021,5:31:53 AM,1.4149568E+1,-2.5113511E+0,3.8363269E+3,0.0000000E+0
11241928,29/9/2021,5:31:53 AM,1.6067574E+1,-4.5960050E+0,3.8345413E+3,0.0000000E+0
11241929,29/9/2021,5:31:53 AM,1.6601667E+1,-7.8268094E+0,3.8318628E+3,0.0000000E+0
11241930,29/9/2021,5:31:53 AM,1.7575142E+1,-9.6505842E+0,3.8345413E+3,0.0000000E+0
11241931,29/9/2021,5:31:53 AM,1.5680814E+1,-1.1867826E+1,3.8309702E+3,0.0000000E+0
11241932,29/9/2021,5:31:53 AM,1.5036217E+1,-1.2835543E+1,3.8345413E+3,0.0000000E+0
11241933,29/9/2021,5:31:53 AM,1.4260070E+1,-1.3372573E+1,3.8345413E+3,0.0000000E+0
11241934,29/9/2021,5:31:53 AM,1.0939735E+1,-1.5105955E+1,3.8309702E+3,0.0000000E+0
11241935,29/9/2021,5:31:53 AM,9.6137075E+0,-1.6222551E+1,3.8345413E+3,0.0000000E+0
11241936,29/9/2021,5:31:54 AM,7.8219900E+0,-1.7073292E+1,3.8327556E+3,0.0000000E+0
11241937,29/9/2021,5:31:54 AM,5.5514293E+0,-1.8796040E+1,3.8327556E+3,0.0000000E+0
11241938,29/9/2021,5:31:54 AM,4.5531240E+0,-2.0587870E+1,3.8327556E+3,0.0000000E+0
11241939,29/9/2021,5:31:54 AM,3.0945716E+0,-2.3813124E+1,3.8309702E+3,0.0000000E+0
11241940,29/9/2021,5:31:54 AM,9.4041389E-1,-2.6124554E+1,3.8309702E+3,0.0000000E+0
11241941,29/9/2021,5:31:54 AM,-1.8562676E+0,-2.8892899E+1,3.8291846E+3,0.0000000E+0
11241942,29/9/2021,5:31:54 AM,-4.1514478E+0,-3.1661240E+1,3.8291846E+3,0.0000000E+0
11241943,29/9/2021,5:31:54 AM,-6.5933089E+0,-3.3381374E+1,3.8291846E+3,0.0000000E+0
11241944,29/9/2021,5:31:54 AM,-1.1089703E+1,-3.5343407E+1,3.8273987E+3,0.0000000E+0
11241945,29/9/2021,5:31:54 AM,-1.6028109E+1,-3.6794769E+1,3.8273987E+3,0.0000000E+0
11241946,29/9/2021,5:31:55 AM,-2.0241499E+1,-3.7816101E+1,3.8256133E+3,0.0000000E+0
11241947,29/9/2021,5:31:55 AM,-2.5614405E+1,-3.7493576E+1,3.8256133E+3,0.0000000E+0
11241948,29/9/2021,5:31:55 AM,-3.0162760E+1,-3.6848526E+1,3.8256133E+3,0.0000000E+0
11241949,29/9/2021,5:31:55 AM,-3.4418530E+1,-3.6364735E+1,3.8256133E+3,0.0000000E+0
11241950,29/9/2021,5:31:55 AM,-3.8674294E+1,-3.4752110E+1,3.8256133E+3,0.0000000E+0
11241951,29/9/2021,5:31:55 AM,-4.2025715E+1,-3.2816956E+1,3.8256133E+3,0.0000000E+0
11241952,29/9/2021,5:31:55 AM,-4.3568428E+1,-3.1204330E+1,3.8265059E+3,0.0000000E+0
11241953,29/9/2021,5:31:55 AM,-4.5456928E+1,-2.8543493E+1,3.8265059E+3,0.0000000E+0
11241954,29/9/2021,5:31:55 AM,-4.6520870E+1,-2.7092133E+1,3.8273987E+3,0.0000000E+0
11241955,29/9/2021,5:31:55 AM,-4.6733658E+1,-2.6205189E+1,3.8256133E+3,0.0000000E+0
11241956,29/9/2021,5:31:56 AM,-4.6973045E+1,-2.4915085E+1,3.8273987E+3,0.0000000E+0
11241957,29/9/2021,5:31:56 AM,-4.6840054E+1,-2.4270035E+1,3.8273987E+3,0.0000000E+0
11241958,29/9/2021,5:31:56 AM,-4.5802708E+1,-2.2872423E+1,3.8291846E+3,0.0000000E+0
11241959,29/9/2021,5:31:56 AM,-4.5589920E+1,-2.1689831E+1,3.8282915E+3,0.0000000E+0
11241960,29/9/2021,5:31:56 AM,-4.6334679E+1,-2.0133299E+1,3.8273987E+3,0.0000000E+0
11241961,29/9/2021,5:31:56 AM,-4.5935703E+1,-1.8819967E+1,3.8291846E+3,0.0000000E+0
11241962,29/9/2021,5:31:56 AM,-4.6042095E+1,-1.8107473E+1,3.8273987E+3,0.0000000E+0
11241963,29/9/2021,5:31:56 AM,-4.6121891E+1,-1.6384724E+1,3.8291846E+3,0.0000000E+0
11241964,29/9/2021,5:31:56 AM,-4.4978153E+1,-1.4930490E+1,3.8291846E+3,0.0000000E+0
11241965,29/9/2021,5:31:56 AM,-4.4153599E+1,-1.3925554E+1,3.8291846E+3,0.0000000E+0
11241966,29/9/2021,5:31:57 AM,-4.2637482E+1,-1.3404474E+1,3.8291846E+3,0.0000000E+0
11241967,29/9/2021,5:31:57 AM,-4.0323406E+1,-1.3345986E+1,3.8273987E+3,0.0000000E+0
11241968,29/9/2021,5:31:57 AM,-3.7025188E+1,-1.2742493E+1,3.8291846E+3,0.0000000E+0
11241969,29/9/2021,5:31:57 AM,-3.4338734E+1,-1.1189892E+1,3.8300774E+3,0.0000000E+0
11241970,29/9/2021,5:31:57 AM,-3.1067110E+1,-1.0671473E+1,3.8309702E+3,0.0000000E+0
11241971,29/9/2021,5:31:57 AM,-2.7263517E+1,-9.7835121E+0,3.8318628E+3,0.0000000E+0
11241972,29/9/2021,5:31:57 AM,-2.5109035E+1,-9.9190989E+0,3.8291846E+3,0.0000000E+0
11241973,29/9/2021,5:31:57 AM,-2.1199047E+1,-9.4724607E+0,3.8327556E+3,0.0000000E+0
11241974,29/9/2021,5:31:57 AM,-1.6230694E+1,-9.6452665E+0,3.8327556E+3,0.0000000E+0
11241975,29/9/2021,5:31:57 AM,-1.3223452E+1,-1.0660838E+1,3.8318628E+3,0.0000000E+0
11241976,29/9/2021,5:31:58 AM,-9.1480179E+0,-1.2131023E+1,3.8327556E+3,0.0000000E+0
11241977,29/9/2021,5:31:58 AM,-5.1124606E+0,-1.4015945E+1,3.8309702E+3,0.0000000E+0
11241978,29/9/2021,5:31:58 AM,-1.9030111E+0,-1.5693498E+1,3.8327556E+3,0.0000000E+0
11241979,29/9/2021,5:31:58 AM,2.5281050E+0,-1.6740973E+1,3.8345413E+3,0.0000000E+0
11241980,29/9/2021,5:31:58 AM,5.9487114E+0,-1.9186850E+1,3.8327556E+3,0.0000000E+0
11241981,29/9/2021,5:31:58 AM,8.1166630E+0,-2.2764917E+1,3.8309702E+3,0.0000000E+0
11241982,29/9/2021,5:31:58 AM,1.1707991E+1,-2.5963293E+1,3.8327556E+3,0.0000000E+0
11241983,29/9/2021,5:31:58 AM,1.3965396E+1,-2.8489740E+1,3.8309702E+3,0.0000000E+0
11241984,29/9/2021,5:31:58 AM,1.5083575E+1,-3.0586155E+1,3.8318628E+3,0.0000000E+0
11241985,29/9/2021,5:31:58 AM,1.6756897E+1,-3.3005096E+1,3.8309702E+3,0.0000000E+0
11241986,29/9/2021,5:31:59 AM,1.6551680E+1,-3.5209019E+1,3.8291846E+3,0.0000000E+0
11241987,29/9/2021,5:31:59 AM,1.5467702E+1,-3.6687260E+1,3.8291846E+3,0.0000000E+0
11241988,29/9/2021,5:31:59 AM,1.5173030E+1,-3.6902279E+1,3.8291846E+3,0.0000000E+0
11241989,29/9/2021,5:31:59 AM,1.2660416E+1,-3.6418488E+1,3.8282915E+3,0.0000000E+0
11241990,29/9/2021,5:31:59 AM,1.0645062E+1,-3.5047756E+1,3.8309702E+3,0.0000000E+0
11241991,29/9/2021,5:31:59 AM,8.6244478E+0,-3.3193233E+1,3.8300774E+3,0.0000000E+0
11241992,29/9/2021,5:31:59 AM,4.4834051E+0,-3.1311838E+1,3.8291846E+3,0.0000000E+0
11241993,29/9/2021,5:31:59 AM,1.6589946E+0,-3.0344263E+1,3.8300774E+3,0.0000000E+0
11241994,29/9/2021,5:31:59 AM,1.4169216E-1,-2.8758512E+1,3.8291846E+3,0.0000000E+0
11241995,29/9/2021,5:31:59 AM,-2.4163961E+0,-2.6043924E+1,3.8309702E+3,0.0000000E+0
11241996,29/9/2021,5:32:00 AM,-4.4715214E+0,-2.4726946E+1,3.8291846E+3,0.0000000E+0
11241997,29/9/2021,5:32:00 AM,-6.1986570E+0,-2.3141195E+1,3.8318628E+3,0.0000000E+0
11241998,29/9/2021,5:32:00 AM,-8.7323198E+0,-2.1609201E+1,3.8282915E+3,0.0000000E+0
11241999,29/9/2021,5:32:00 AM,-1.1781659E+1,-1.8926311E+1,3.8309702E+3,0.0000000E+0
11242000,29/9/2021,5:32:00 AM,-1.4091684E+1,-1.5712109E+1,3.8309702E+3,0.0000000E+0
11242001,29/9/2021,5:32:00 AM,-1.8246048E+1,-1.3098740E+1,3.8291846E+3,0.0000000E+0
11242002,29/9/2021,5:32:00 AM,-2.3060946E+1,-9.6665354E+0,3.8309702E+3,0.0000000E+0
11242003,29/9/2021,5:32:00 AM,-2.7050728E+1,-6.2423062E+0,3.8291846E+3,0.0000000E+0
11242004,29/9/2021,5:32:00 AM,-3.0827723E+1,-2.6370387E+0,3.8309702E+3,0.0000000E+0
11242005,29/9/2021,5:32:00 AM,-3.5987843E+1,1.8084610E+0,3.8327556E+3,0.0000000E+0
11242006,29/9/2021,5:32:01 AM,-4.0163818E+1,5.1195698E+0,3.8327556E+3,0.0000000E+0
11242007,29/9/2021,5:32:01 AM,-4.3834415E+1,8.3319368E+0,3.8318628E+3,0.0000000E+0
11242008,29/9/2021,5:32:01 AM,-4.6494270E+1,1.1150013E+1,3.8336484E+3,0.0000000E+0
11242009,29/9/2021,5:32:01 AM,-4.7079437E+1,1.1992778E+1,3.8327556E+3,0.0000000E+0
11242010,29/9/2021,5:32:01 AM,-4.5589920E+1,1.1336113E+1,3.8345413E+3,0.0000000E+0
11242011,29/9/2021,5:32:01 AM,-4.5031349E+1,9.3608007E+0,3.8309702E+3,0.0000000E+0
11242012,29/9/2021,5:32:01 AM,-4.1866123E+1,6.5533581E+0,3.8327556E+3,0.0000000E+0
11242013,29/9/2021,5:32:01 AM,-3.7663551E+1,2.7178950E+0,3.8309702E+3,0.0000000E+0
11242014,29/9/2021,5:32:01 AM,-3.3806763E+1,-7.1081460E-1,3.8318628E+3,0.0000000E+0
11242015,29/9/2021,5:32:01 AM,-2.8540247E+1,-5.0347104E+0,3.8327556E+3,0.0000000E+0
11242016,29/9/2021,5:32:02 AM,-2.5694204E+1,-8.7147703E+0,3.8300774E+3,0.0000000E+0
11242017,29/9/2021,5:32:02 AM,-2.4444071E+1,-1.1851874E+1,3.8318628E+3,0.0000000E+0
11242018,29/9/2021,5:32:02 AM,-2.2289587E+1,-1.6100258E+1,3.8291846E+3,0.0000000E+0
11242019,29/9/2021,5:32:02 AM,-2.0241499E+1,-1.8934286E+1,3.8309702E+3,0.0000000E+0
11242020,29/9/2021,5:32:02 AM,-2.0427689E+1,-2.1098534E+1,3.8309702E+3,0.0000000E+0
11242021,29/9/2021,5:32:02 AM,-2.1252245E+1,-2.4834454E+1,3.8291846E+3,0.0000000E+0
11242022,29/9/2021,5:32:02 AM,-2.1358637E+1,-2.7952198E+1,3.8309702E+3,0.0000000E+0
11242023,29/9/2021,5:32:02 AM,-2.2635368E+1,-3.1258085E+1,3.8273987E+3,0.0000000E+0
11242024,29/9/2021,5:32:02 AM,-2.2183193E+1,-3.4940247E+1,3.8300774E+3,0.0000000E+0
11242025,29/9/2021,5:32:02 AM,-2.1305441E+1,-3.8568661E+1,3.8273987E+3,0.0000000E+0
11242026,29/9/2021,5:32:03 AM,-2.0401091E+1,-4.4831028E+1,3.8238276E+3,0.0000000E+0
11242027,29/9/2021,5:32:03 AM,-1.9308975E+1,-4.9588276E+1,3.8256133E+3,0.0000000E+0
11242028,29/9/2021,5:32:03 AM,-1.7756680E+1,-5.3861736E+1,3.8238276E+3,0.0000000E+0
11242029,29/9/2021,5:32:03 AM,-1.5433499E+1,-5.7866428E+1,3.8229348E+3,0.0000000E+0
11242030,29/9/2021,5:32:03 AM,-1.1268612E+1,-6.0043476E+1,3.8238276E+3,0.0000000E+0
11242031,29/9/2021,5:32:03 AM,-8.2666302E+0,-6.2328026E+1,3.8229348E+3,0.0000000E+0
11242032,29/9/2021,5:32:03 AM,-6.4117694E+0,-6.3456863E+1,3.8202566E+3,0.0000000E+0
11242033,29/9/2021,5:32:03 AM,-5.7382307E+0,-6.1387329E+1,3.8238276E+3,0.0000000E+0
11242034,29/9/2021,5:32:03 AM,-5.1053305E+0,-5.7839550E+1,3.8273987E+3,0.0000000E+0
11242035,29/9/2021,5:32:03 AM,-3.1500297E+0,-5.4345528E+1,3.8256133E+3,0.0000000E+0
11242036,29/9/2021,5:32:04 AM,-4.8454685E+0,-4.9991432E+1,3.8256133E+3,0.0000000E+0
11242037,29/9/2021,5:32:04 AM,-7.6272955E+0,-4.4857903E+1,3.8256133E+3,0.0000000E+0
11242038,29/9/2021,5:32:04 AM,-7.7246428E+0,-3.9052444E+1,3.8273987E+3,0.0000000E+0
11242039,29/9/2021,5:32:04 AM,-8.6849613E+0,-3.2601940E+1,3.8300774E+3,0.0000000E+0
11242040,29/9/2021,5:32:04 AM,-8.2745237E+0,-2.6258942E+1,3.8309702E+3,0.0000000E+0
11242041,29/9/2021,5:32:04 AM,-8.8717623E+0,-2.0964149E+1,3.8300774E+3,0.0000000E+0
11242042,29/9/2021,5:32:04 AM,-1.1018666E+1,-1.6456507E+1,3.8291846E+3,0.0000000E+0
11242043,29/9/2021,5:32:04 AM,-1.0823972E+1,-1.1322821E+1,3.8309702E+3,0.0000000E+0
11242044,29/9/2021,5:32:04 AM,-9.9820480E+0,-4.8882089E+0,3.8336484E+3,0.0000000E+0
11242045,29/9/2021,5:32:04 AM,-1.0132016E+1,9.0331578E-1,3.8345413E+3,0.0000000E+0
11242046,29/9/2021,5:32:05 AM,-1.0137279E+1,4.9058208E+0,3.8345413E+3,0.0000000E+0
11242047,29/9/2021,5:32:05 AM,-1.0245150E+1,8.8742838E+0,3.8345413E+3,0.0000000E+0
11242048,29/9/2021,5:32:05 AM,-1.2065808E+1,1.3383206E+1,3.8354341E+3,0.0000000E+0
11242049,29/9/2021,5:32:05 AM,-1.3176093E+1,1.7541199E+1,3.8363269E+3,0.0000000E+0
11242050,29/9/2021,5:32:05 AM,-1.2449935E+1,2.1179167E+1,3.8398979E+3,0.0000000E+0
11242051,29/9/2021,5:32:05 AM,-1.3078746E+1,2.3490597E+1,3.8390051E+3,0.0000000E+0
11242052,29/9/2021,5:32:05 AM,-1.3178724E+1,2.4592560E+1,3.8390051E+3,0.0000000E+0
11242053,29/9/2021,5:32:05 AM,-1.4254807E+1,2.4108772E+1,3.8381123E+3,0.0000000E+0
11242054,29/9/2021,5:32:05 AM,-1.3257655E+1,2.1232920E+1,3.8363269E+3,0.0000000E+0
11242055,29/9/2021,5:32:05 AM,-1.1771134E+1,1.7876177E+1,3.8381123E+3,0.0000000E+0
11242056,29/9/2021,5:32:06 AM,-1.1436996E+1,1.3577281E+1,3.8345413E+3,0.0000000E+0
11242057,29/9/2021,5:32:06 AM,-9.7242098E+0,9.9456844E+0,3.8363269E+3,0.0000000E+0
11242058,29/9/2021,5:32:06 AM,-9.1111841E+0,5.4686642E+0,3.8327556E+3,0.0000000E+0
11242059,29/9/2021,5:32:06 AM,-9.2506275E+0,4.7165453E-1,3.8309702E+3,0.0000000E+0
11242060,29/9/2021,5:32:06 AM,-7.3641944E+0,-2.5513790E+0,3.8345413E+3,0.0000000E+0
11242061,29/9/2021,5:32:06 AM,-6.8985057E+0,-5.6999593E+0,3.8327556E+3,0.0000000E+0
11242062,29/9/2021,5:32:06 AM,-7.6641297E+0,-9.0231638E+0,3.8327556E+3,0.0000000E+0
11242063,29/9/2021,5:32:06 AM,-8.0508881E+0,-1.2806297E+1,3.8318628E+3,0.0000000E+0
11242064,29/9/2021,5:32:06 AM,-9.5979214E+0,-1.6328894E+1,3.8309702E+3,0.0000000E+0
11242065,29/9/2021,5:32:06 AM,-1.0003097E+1,-1.9064556E+1,3.8318628E+3,0.0000000E+0
11242066,29/9/2021,5:32:07 AM,-1.0852912E+1,-2.1662954E+1,3.8327556E+3,0.0000000E+0
11242067,29/9/2021,5:32:07 AM,-1.2868266E+1,-2.5398874E+1,3.8309702E+3,0.0000000E+0
11242068,29/9/2021,5:32:07 AM,-1.4117994E+1,-2.9967981E+1,3.8309702E+3,0.0000000E+0
11242069,29/9/2021,5:32:07 AM,-1.6659550E+1,-3.3246990E+1,3.8291846E+3,0.0000000E+0
11242070,29/9/2021,5:32:07 AM,-1.8340763E+1,-3.7601082E+1,3.8273987E+3,0.0000000E+0
11242071,29/9/2021,5:32:07 AM,-1.9861488E+1,-4.2492718E+1,3.8265059E+3,0.0000000E+0
11242072,29/9/2021,5:32:07 AM,-2.1385237E+1,-4.6470531E+1,3.8256133E+3,0.0000000E+0
11242073,29/9/2021,5:32:07 AM,-2.3858902E+1,-4.9991432E+1,3.8238276E+3,0.0000000E+0
11242074,29/9/2021,5:32:07 AM,-2.8008278E+1,-5.2840405E+1,3.8238276E+3,0.0000000E+0
11242075,29/9/2021,5:32:07 AM,-3.0987314E+1,-5.5635628E+1,3.8220420E+3,0.0000000E+0
11242076,29/9/2021,5:32:08 AM,-3.3567375E+1,-5.7167625E+1,3.8211492E+3,0.0000000E+0
11242077,29/9/2021,5:32:08 AM,-3.7849743E+1,-5.6038784E+1,3.8220420E+3,0.0000000E+0
11242078,29/9/2021,5:32:08 AM,-4.1068169E+1,-5.4963699E+1,3.8220420E+3,0.0000000E+0
11242079,29/9/2021,5:32:08 AM,-4.6015499E+1,-5.2329739E+1,3.8220420E+3,0.0000000E+0
11242080,29/9/2021,5:32:08 AM,-4.9499908E+1,-4.9292625E+1,3.8220420E+3,0.0000000E+0
11242081,29/9/2021,5:32:08 AM,-5.1707584E+1,-4.4427872E+1,3.8256133E+3,0.0000000E+0
11242082,29/9/2021,5:32:08 AM,-5.2877922E+1,-4.0020023E+1,3.8256133E+3,0.0000000E+0
11242083,29/9/2021,5:32:08 AM,-5.3436493E+1,-3.7735470E+1,3.8238276E+3,0.0000000E+0
11242084,29/9/2021,5:32:08 AM,-5.3436493E+1,-3.4913372E+1,3.8256133E+3,0.0000000E+0
11242085,29/9/2021,5:32:08 AM,-5.2798126E+1,-3.2816956E+1,3.8256133E+3,0.0000000E+0
11242086,29/9/2021,5:32:09 AM,-4.9154129E+1,-3.1473099E+1,3.8273987E+3,0.0000000E+0
11242087,29/9/2021,5:32:09 AM,-4.5882504E+1,-3.1661240E+1,3.8256133E+3,0.0000000E+0
11242088,29/9/2021,5:32:09 AM,-4.3728024E+1,-3.1096821E+1,3.8256133E+3,0.0000000E+0
11242089,29/9/2021,5:32:09 AM,-3.9711639E+1,-3.0182999E+1,3.8247205E+3,0.0000000E+0
11242090,29/9/2021,5:32:09 AM,-3.4471725E+1,-2.8489740E+1,3.8273987E+3,0.0000000E+0
11242091,29/9/2021,5:32:09 AM,-3.0960716E+1,-2.6205189E+1,3.8256133E+3,0.0000000E+0
11242092,29/9/2021,5:32:09 AM,-2.5933592E+1,-2.3436844E+1,3.8291846E+3,0.0000000E+0
11242093,29/9/2021,5:32:09 AM,-2.2209791E+1,-2.0098736E+1,3.8273987E+3,0.0000000E+0
11242094,29/9/2021,5:32:09 AM,-1.8498625E+1,-1.6100258E+1,3.8291846E+3,0.0000000E+0
11242095,29/9/2021,5:32:09 AM,-1.2097380E+1,-1.1479675E+1,3.8327556E+3,0.0000000E+0
11242096,29/9/2021,5:32:10 AM,-5.6382523E+0,-7.5636120E+0,3.8318628E+3,0.0000000E+0
11242097,29/9/2021,5:32:10 AM,-4.6175286E-1,-3.8658955E+0,3.8345413E+3,0.0000000E+0
11242098,29/9/2021,5:32:10 AM,6.6880250E+0,-1.4405594E+0,3.8345413E+3,0.0000000E+0
11242099,29/9/2021,5:32:10 AM,1.4386358E+1,4.0686539E-1,3.8381123E+3,0.0000000E+0
11242100,29/9/2021,5:32:10 AM,2.1305441E+1,1.7772392E+0,3.8381123E+3,0.0000000E+0
11242101,29/9/2021,5:32:10 AM,2.8566847E+1,2.7731335E+0,3.8390051E+3,0.0000000E+0
11242102,29/9/2021,5:32:10 AM,3.4445126E+1,4.0820465E+0,3.8398979E+3,0.0000000E+0
11242103,29/9/2021,5:32:10 AM,3.8142326E+1,3.5152514E+0,3.8381123E+3,0.0000000E+0
11242104,29/9/2021,5:32:10 AM,4.2318298E+1,3.2742829E+0,3.8398979E+3,0.0000000E+0
11242105,29/9/2021,5:32:10 AM,4.3541832E+1,4.2765818E+0,3.8390051E+3,0.0000000E+0
11242106,29/9/2021,5:32:11 AM,4.1945919E+1,4.5391650E+0,3.8390051E+3,0.0000000E+0
11242107,29/9/2021,5:32:11 AM,4.0589394E+1,4.9650621E+0,3.8390051E+3,0.0000000E+0
11242108,29/9/2021,5:32:11 AM,3.4072746E+1,5.5909581E+0,3.8363269E+3,0.0000000E+0
11242109,29/9/2021,5:32:11 AM,2.9045620E+1,5.9046683E+0,3.8372195E+3,0.0000000E+0
11242110,29/9/2021,5:32:11 AM,2.4337677E+1,7.4333425E+0,3.8390051E+3,0.0000000E+0
11242111,29/9/2021,5:32:11 AM,1.6493795E+1,6.9574594E+0,3.8309702E+3,0.0000000E+0
11242112,29/9/2021,5:32:11 AM,1.1734301E+1,8.4196692E+0,3.8390051E+3,0.0000000E+0
11242113,29/9/2021,5:32:11 AM,6.3381004E+0,9.7329998E+0,3.8372195E+3,0.0000000E+0
11242114,29/9/2021,5:32:11 AM,1.2058213E+0,8.1883736E+0,3.8354341E+3,0.0000000E+0
11242115,29/9/2021,5:32:11 AM,-3.2165799E+0,7.0053139E+0,3.8363269E+3,0.0000000E+0
11242116,29/9/2021,5:32:12 AM,-9.8347120E+0,4.1693072E+0,3.8327556E+3,0.0000000E+0
11242117,29/9/2021,5:32:12 AM,-1.3610209E+1,1.8484889E+0,3.8363269E+3,0.0000000E+0
11242118,29/9/2021,5:32:12 AM,-1.8172379E+1,-1.5805359E+0,3.8327556E+3,0.0000000E+0
11242119,29/9/2021,5:32:12 AM,-2.3752508E+1,-5.7451549E+0,3.8327556E+3,0.0000000E+0
11242120,29/9/2021,5:32:12 AM,-2.9923372E+1,-9.4166307E+0,3.8318628E+3,0.0000000E+0
11242121,29/9/2021,5:32:12 AM,-3.8833889E+1,-1.4284459E+1,3.8282915E+3,0.0000000E+0
11242122,29/9/2021,5:32:12 AM,-4.7265629E+1,-1.7926691E+1,3.8291846E+3,0.0000000E+0
11242123,29/9/2021,5:32:12 AM,-5.6282539E+1,-2.1098534E+1,3.8273987E+3,0.0000000E+0
11242124,29/9/2021,5:32:12 AM,-6.4049316E+1,-2.5963293E+1,3.8265059E+3,0.0000000E+0
11242125,29/9/2021,5:32:12 AM,-7.2028877E+1,-3.0021738E+1,3.8238276E+3,0.0000000E+0
11242126,29/9/2021,5:32:13 AM,-7.8173149E+1,-3.5289654E+1,3.8220420E+3,0.0000000E+0
11242127,29/9/2021,5:32:13 AM,-8.2242729E+1,-4.0181286E+1,3.8202566E+3,0.0000000E+0
11242128,29/9/2021,5:32:13 AM,-8.4423813E+1,-4.5126675E+1,3.8193638E+3,0.0000000E+0
11242129,29/9/2021,5:32:13 AM,-8.4663193E+1,-4.9373260E+1,3.8193638E+3,0.0000000E+0
11242130,29/9/2021,5:32:13 AM,-8.2349121E+1,-5.4721802E+1,3.8166853E+3,0.0000000E+0
11242131,29/9/2021,5:32:13 AM,-7.9024300E+1,-5.9747826E+1,3.8166853E+3,0.0000000E+0
11242132,29/9/2021,5:32:13 AM,-7.2614052E+1,-6.2838692E+1,3.8184709E+3,0.0000000E+0
11242133,29/9/2021,5:32:13 AM,-6.5166451E+1,-6.5311394E+1,3.8184709E+3,0.0000000E+0
11242134,29/9/2021,5:32:13 AM,-5.4846218E+1,-6.7757210E+1,3.8193638E+3,0.0000000E+0
11242135,29/9/2021,5:32:13 AM,-4.8063587E+1,-6.9208565E+1,3.8166853E+3,0.0000000E+0
11242136,29/9/2021,5:32:14 AM,-4.2424690E+1,-6.8724777E+1,3.8202566E+3,0.0000000E+0
11242137,29/9/2021,5:32:14 AM,-3.4764309E+1,-6.5365143E+1,3.8247205E+3,0.0000000E+0
11242138,29/9/2021,5:32:14 AM,-2.8141270E+1,-6.2865570E+1,3.8256133E+3,0.0000000E+0
11242139,29/9/2021,5:32:14 AM,-2.2422581E+1,-6.1709850E+1,3.8220420E+3,0.0000000E+0
11242140,29/9/2021,5:32:14 AM,-1.7001581E+1,-5.7382641E+1,3.8247205E+3,0.0000000E+0
11242141,29/9/2021,5:32:14 AM,-1.3341847E+1,-5.2034096E+1,3.8273987E+3,0.0000000E+0
11242142,29/9/2021,5:32:14 AM,-8.8980722E+0,-4.7008076E+1,3.8256133E+3,0.0000000E+0
11242143,29/9/2021,5:32:14 AM,-3.9557595E+0,-4.1793915E+1,3.8309702E+3,0.0000000E+0
11242144,29/9/2021,5:32:14 AM,6.9843423E-1,-3.8111748E+1,3.8256133E+3,0.0000000E+0
11242145,29/9/2021,5:32:14 AM,7.1431894E+0,-3.3515759E+1,3.8291846E+3,0.0000000E+0
11242146,29/9/2021,5:32:15 AM,1.2542020E+1,-2.8005955E+1,3.8291846E+3,0.0000000E+0
11242147,29/9/2021,5:32:15 AM,1.7451483E+1,-2.1743586E+1,3.8327556E+3,0.0000000E+0
11242148,29/9/2021,5:32:15 AM,2.3273735E+1,-1.5565886E+1,3.8336484E+3,0.0000000E+0
11242149,29/9/2021,5:32:15 AM,2.7369909E+1,-1.0293956E+1,3.8345413E+3,0.0000000E+0
11242150,29/9/2021,5:32:15 AM,3.2051258E+1,-4.4807243E+0,3.8363269E+3,0.0000000E+0
11242151,29/9/2021,5:32:15 AM,3.4790909E+1,2.0310161E+0,3.8381123E+3,0.0000000E+0
11242152,29/9/2021,5:32:15 AM,3.4737709E+1,9.1295061E+0,3.8398979E+3,0.0000000E+0
11242153,29/9/2021,5:32:15 AM,3.6333622E+1,1.5789207E+1,3.8434690E+3,0.0000000E+0
11242154,29/9/2021,5:32:15 AM,3.5455872E+1,2.0728817E+1,3.8425762E+3,0.0000000E+0
11242155,29/9/2021,5:32:15 AM,3.2290642E+1,2.4968840E+1,3.8434690E+3,0.0000000E+0
11242156,29/9/2021,5:32:16 AM,2.8407255E+1,2.8032831E+1,3.8416836E+3,0.0000000E+0
11242157,29/9/2021,5:32:16 AM,2.3486523E+1,3.0263630E+1,3.8434690E+3,0.0000000E+0
11242158,29/9/2021,5:32:16 AM,1.7127869E+1,3.2091274E+1,3.8434690E+3,0.0000000E+0
11242159,29/9/2021,5:32:16 AM,9.9189043E+0,3.1016190E+1,3.8398979E+3,0.0000000E+0
11242160,29/9/2021,5:32:16 AM,5.3725204E+0,2.9752966E+1,3.8434690E+3,0.0000000E+0
11242161,29/9/2021,5:32:16 AM,1.1052041E+0,2.5103224E+1,3.8354341E+3,0.0000000E+0
11242162,29/9/2021,5:32:16 AM,-4.5959063E+0,1.9564365E+1,3.8327556E+3,0.0000000E+0
11242163,29/9/2021,5:32:16 AM,-8.1903305E+0,1.6993534E+1,3.8363269E+3,0.0000000E+0
11242164,29/9/2021,5:32:16 AM,-1.1976354E+1,1.2681346E+1,3.8345413E+3,0.0000000E+0
11242165,29/9/2021,5:32:16 AM,-1.4162722E+1,7.7497110E+0,3.8327556E+3,0.0000000E+0
11242166,29/9/2021,5:32:17 AM,-1.8632807E+1,3.7522166E+0,3.8327556E+3,0.0000000E+0
11242167,29/9/2021,5:32:17 AM,-2.3406727E+1,-1.1470084E+0,3.8282915E+3,0.0000000E+0
11242168,29/9/2021,5:32:17 AM,-2.5906990E+1,-3.6177227E+0,3.8327556E+3,0.0000000E+0
11242169,29/9/2021,5:32:17 AM,-3.0455343E+1,-6.1333051E+0,3.8291846E+3,0.0000000E+0
11242170,29/9/2021,5:32:17 AM,-3.3647171E+1,-8.1086178E+0,3.8327556E+3,0.0000000E+0
11242171,29/9/2021,5:32:17 AM,-3.7477360E+1,-9.8021221E+0,3.8309702E+3,0.0000000E+0
11242172,29/9/2021,5:32:17 AM,-4.1174561E+1,-1.3758063E+1,3.8282915E+3,0.0000000E+0
11242173,29/9/2021,5:32:17 AM,-4.3541832E+1,-1.5765279E+1,3.8309702E+3,0.0000000E+0
11242174,29/9/2021,5:32:17 AM,-4.7531616E+1,-1.7828323E+1,3.8291846E+3,0.0000000E+0
11242175,29/9/2021,5:32:17 AM,-4.9872288E+1,-2.1528568E+1,3.8291846E+3,0.0000000E+0
11242176,29/9/2021,5:32:18 AM,-5.0324463E+1,-2.6043924E+1,3.8273987E+3,0.0000000E+0
11242177,29/9/2021,5:32:18 AM,-5.2984314E+1,-3.1016190E+1,3.8256133E+3,0.0000000E+0
11242178,29/9/2021,5:32:18 AM,-5.2957718E+1,-3.6418488E+1,3.8247205E+3,0.0000000E+0
11242179,29/9/2021,5:32:18 AM,-5.2000172E+1,-4.2627106E+1,3.8229348E+3,0.0000000E+0
11242180,29/9/2021,5:32:18 AM,-5.1734184E+1,-4.7599369E+1,3.8229348E+3,0.0000000E+0
11242181,29/9/2021,5:32:18 AM,-5.0989426E+1,-5.2034096E+1,3.8220420E+3,0.0000000E+0
11242182,29/9/2021,5:32:18 AM,-4.9340317E+1,-5.7517025E+1,3.8211492E+3,0.0000000E+0
11242183,29/9/2021,5:32:18 AM,-4.8622154E+1,-6.1467960E+1,3.8184709E+3,0.0000000E+0
11242184,29/9/2021,5:32:18 AM,-4.6813454E+1,-6.3994408E+1,3.8202566E+3,0.0000000E+0
11242185,29/9/2021,5:32:18 AM,-4.4712166E+1,-6.5230751E+1,3.8211492E+3,0.0000000E+0
11242186,29/9/2021,5:32:19 AM,-4.2637482E+1,-6.6144577E+1,3.8202566E+3,0.0000000E+0
11242187,29/9/2021,5:32:19 AM,-4.0562794E+1,-6.5633911E+1,3.8220420E+3,0.0000000E+0
11242188,29/9/2021,5:32:19 AM,-3.9232864E+1,-6.5795174E+1,3.8166853E+3,0.0000000E+0
11242189,29/9/2021,5:32:19 AM,-3.7557159E+1,-6.3510620E+1,3.8220420E+3,0.0000000E+0
11242190,29/9/2021,5:32:19 AM,-3.2210846E+1,-5.9828457E+1,3.8273987E+3,0.0000000E+0
11242191,29/9/2021,5:32:19 AM,-2.9231810E+1,-5.8215828E+1,3.8238276E+3,0.0000000E+0
11242192,29/9/2021,5:32:19 AM,-2.6279371E+1,-5.7812675E+1,3.8220420E+3,0.0000000E+0
11242193,29/9/2021,5:32:19 AM,-2.1731018E+1,-5.5151836E+1,3.8238276E+3,0.0000000E+0
11242194,29/9/2021,5:32:19 AM,-1.7038414E+1,-5.2571636E+1,3.8238276E+3,0.0000000E+0
11242195,29/9/2021,5:32:19 AM,-1.0366176E+1,-4.9668907E+1,3.8273987E+3,0.0000000E+0
11242196,29/9/2021,5:32:20 AM,-4.5689692E+0,-4.7088703E+1,3.8273987E+3,0.0000000E+0
11242197,29/9/2021,5:32:20 AM,-2.7087405E+0,-4.3594681E+1,3.8256133E+3,0.0000000E+0
11242198,29/9/2021,5:32:20 AM,1.3983407E+0,-3.9778130E+1,3.8256133E+3,0.0000000E+0
11242199,29/9/2021,5:32:20 AM,5.2899270E+0,-3.3838287E+1,3.8291846E+3,0.0000000E+0
11242200,29/9/2021,5:32:20 AM,9.2558899E+0,-2.6124554E+1,3.8318628E+3,0.0000000E+0
11242201,29/9/2021,5:32:20 AM,1.3202403E+1,-1.8710966E+1,3.8309702E+3,0.0000000E+0
11242202,29/9/2021,5:32:20 AM,1.4004861E+1,-1.1248380E+1,3.8345413E+3,0.0000000E+0
11242203,29/9/2021,5:32:20 AM,1.4994121E+1,-3.6049135E+0,3.8345413E+3,0.0000000E+0
11242204,29/9/2021,5:32:20 AM,1.6185966E+1,4.3214130E+0,3.8354341E+3,0.0000000E+0
11242205,29/9/2021,5:32:20 AM,1.6412235E+1,1.2269269E+1,3.8398979E+3,0.0000000E+0
11242206,29/9/2021,5:32:21 AM,1.9501040E+1,1.9694635E+1,3.8416836E+3,0.0000000E+0
11242207,29/9/2021,5:32:21 AM,1.9111650E+1,2.6447079E+1,3.8416836E+3,0.0000000E+0
11242208,29/9/2021,5:32:21 AM,1.7204168E+1,3.1473099E+1,3.8416836E+3,0.0000000E+0
11242209,29/9/2021,5:32:21 AM,1.7046309E+1,3.6095963E+1,3.8425762E+3,0.0000000E+0
11242210,29/9/2021,5:32:21 AM,1.6859505E+1,4.0208160E+1,3.8443618E+3,0.0000000E+0
11242211,29/9/2021,5:32:21 AM,1.5070419E+1,4.3003384E+1,3.8452546E+3,0.0000000E+0
11242212,29/9/2021,5:32:21 AM,1.3373419E+1,4.2976505E+1,3.8452546E+3,0.0000000E+0
11242213,29/9/2021,5:32:21 AM,9.5400381E+0,4.1767036E+1,3.8434690E+3,0.0000000E+0
11242214,29/9/2021,5:32:21 AM,5.7329688E+0,3.9697498E+1,3.8416836E+3,0.0000000E+0
11242215,29/9/2021,5:32:21 AM,3.9066391E+0,3.6418488E+1,3.8398979E+3,0.0000000E+0
11242216,29/9/2021,5:32:22 AM,-7.1241874E-3,3.2521309E+1,3.8390051E+3,0.0000000E+0
11242217,29/9/2021,5:32:22 AM,-3.8900018E+0,2.9027283E+1,3.8398979E+3,0.0000000E+0
11242218,29/9/2021,5:32:22 AM,-7.6957016E+0,2.3651861E+1,3.8363269E+3,0.0000000E+0
11242219,29/9/2021,5:32:22 AM,-1.1355435E+1,1.6690458E+1,3.8363269E+3,0.0000000E+0
11242220,29/9/2021,5:32:22 AM,-1.5686076E+1,1.0764522E+1,3.8336484E+3,0.0000000E+0
11242221,29/9/2021,5:32:22 AM,-1.8690687E+1,2.5529802E+0,3.8327556E+3,0.0000000E+0
11242222,29/9/2021,5:32:22 AM,-2.0613878E+1,-4.5159488E+0,3.8327556E+3,0.0000000E+0
11242223,29/9/2021,5:32:22 AM,-2.4550465E+1,-1.0934670E+1,3.8327556E+3,0.0000000E+0
11242224,29/9/2021,5:32:22 AM,-2.7875282E+1,-1.8543478E+1,3.8282915E+3,0.0000000E+0
11242225,29/9/2021,5:32:22 AM,-3.0774525E+1,-2.5855783E+1,3.8273987E+3,0.0000000E+0
11242226,29/9/2021,5:32:23 AM,-3.5163288E+1,-3.3246990E+1,3.8238276E+3,0.0000000E+0
11242227,29/9/2021,5:32:23 AM,-3.8408314E+1,-3.8676167E+1,3.8265059E+3,0.0000000E+0
11242228,29/9/2021,5:32:23 AM,-4.2770473E+1,-4.3755939E+1,3.8256133E+3,0.0000000E+0
11242229,29/9/2021,5:32:23 AM,-4.6494270E+1,-4.9480766E+1,3.8220420E+3,0.0000000E+0
11242230,29/9/2021,5:32:23 AM,-5.0005280E+1,-5.4426155E+1,3.8220420E+3,0.0000000E+0
11242231,29/9/2021,5:32:23 AM,-5.2611938E+1,-6.0634773E+1,3.8175781E+3,0.0000000E+0
11242232,29/9/2021,5:32:23 AM,-5.3436493E+1,-6.4773849E+1,3.8193638E+3,0.0000000E+0
11242233,29/9/2021,5:32:23 AM,-5.3675884E+1,-6.7757210E+1,3.8193638E+3,0.0000000E+0
11242234,29/9/2021,5:32:23 AM,-5.4340847E+1,-7.0686813E+1,3.8184709E+3,0.0000000E+0
11242235,29/9/2021,5:32:23 AM,-5.2372551E+1,-7.3025124E+1,3.8184709E+3,0.0000000E+0
11242236,29/9/2021,5:32:24 AM,-5.1228809E+1,-7.4180840E+1,3.8166853E+3,0.0000000E+0
11242237,29/9/2021,5:32:24 AM,-4.8515759E+1,-7.4288345E+1,3.8166853E+3,0.0000000E+0
11242238,29/9/2021,5:32:24 AM,-4.3009861E+1,-7.1439369E+1,3.8211492E+3,0.0000000E+0
11242239,29/9/2021,5:32:24 AM,-3.8833889E+1,-6.8402260E+1,3.8211492E+3,0.0000000E+0
11242240,29/9/2021,5:32:24 AM,-3.5615463E+1,-6.5203880E+1,3.8238276E+3,0.0000000E+0
11242241,29/9/2021,5:32:24 AM,-2.9949970E+1,-6.3322479E+1,3.8220420E+3,0.0000000E+0
11242242,29/9/2021,5:32:24 AM,-2.5641005E+1,-5.9613441E+1,3.8238276E+3,0.0000000E+0
11242243,29/9/2021,5:32:24 AM,-2.1810814E+1,-5.4291771E+1,3.8265059E+3,0.0000000E+0
11242244,29/9/2021,5:32:24 AM,-2.0587280E+1,-5.0072063E+1,3.8238276E+3,0.0000000E+0
11242245,29/9/2021,5:32:24 AM,-1.9298450E+1,-4.4750397E+1,3.8273987E+3,0.0000000E+0
11242246,29/9/2021,5:32:25 AM,-1.6809517E+1,-3.7789223E+1,3.8291846E+3,0.0000000E+0
11242247,29/9/2021,5:32:25 AM,-1.6717432E+1,-3.3005096E+1,3.8256133E+3,0.0000000E+0
11242248,29/9/2021,5:32:25 AM,-1.5757113E+1,-2.7280270E+1,3.8291846E+3,0.0000000E+0
11242249,29/9/2021,5:32:25 AM,-1.4823106E+1,-2.0238466E+1,3.8291846E+3,0.0000000E+0
11242250,29/9/2021,5:32:25 AM,-1.4488967E+1,-1.4018602E+1,3.8300774E+3,0.0000000E+0
11242251,29/9/2021,5:32:25 AM,-1.0742410E+1,-7.3642197E+0,3.8354341E+3,0.0000000E+0
11242252,29/9/2021,5:32:25 AM,-7.2957878E+0,-2.9492564E+0,3.8327556E+3,0.0000000E+0
11242253,29/9/2021,5:32:25 AM,-2.6081233E+0,6.5482396E-1,3.8345413E+3,0.0000000E+0
11242254,29/9/2021,5:32:25 AM,3.8099835E+0,5.0395141E+0,3.8354341E+3,0.0000000E+0
11242255,29/9/2021,5:32:25 AM,7.0195322E+0,9.4804363E+0,3.8363269E+3,0.0000000E+0
11242256,29/9/2021,5:32:26 AM,1.1786921E+1,1.3675649E+1,3.8398979E+3,0.0000000E+0
11242257,29/9/2021,5:32:26 AM,1.5249329E+1,1.5906183E+1,3.8390051E+3,0.0000000E+0
11242258,29/9/2021,5:32:26 AM,1.6901602E+1,1.8282938E+1,3.8398979E+3,0.0000000E+0
11242259,29/9/2021,5:32:26 AM,1.8709106E+1,2.0829763E+1,3.8416836E+3,0.0000000E+0
11242260,29/9/2021,5:32:26 AM,1.6985796E+1,2.2899302E+1,3.8398979E+3,0.0000000E+0
11242261,29/9/2021,5:32:26 AM,1.5091469E+1,2.4941961E+1,3.8434690E+3,0.0000000E+0
11242262,29/9/2021,5:32:26 AM,1.1355435E+1,2.5613888E+1,3.8407908E+3,0.0000000E+0
11242263,29/9/2021,5:32:26 AM,5.2357082E+0,2.3651861E+1,3.8390051E+3,0.0000000E+0
11242264,29/9/2021,5:32:26 AM,6.0529208E-1,2.2173618E+1,3.8390051E+3,0.0000000E+0
11242265,29/9/2021,5:32:26 AM,-4.9801531E+0,1.9909979E+1,3.8363269E+3,0.0000000E+0
11242266,29/9/2021,5:32:27 AM,-9.2585211E+0,1.7737934E+1,3.8390051E+3,0.0000000E+0
11242267,29/9/2021,5:32:27 AM,-1.5230911E+1,1.4388144E+1,3.8336484E+3,0.0000000E+0
11242268,29/9/2021,5:32:27 AM,-1.7714584E+1,7.8081999E+0,3.8309702E+3,0.0000000E+0
11242269,29/9/2021,5:32:27 AM,-1.7272573E+1,2.8395801E+0,3.8354341E+3,0.0000000E+0
11242270,29/9/2021,5:32:27 AM,-1.7664595E+1,-3.3223166E+0,3.8309702E+3,0.0000000E+0
11242271,29/9/2021,5:32:27 AM,-1.7761942E+1,-1.0554495E+1,3.8309702E+3,0.0000000E+0
11242272,29/9/2021,5:32:27 AM,-1.7472530E+1,-1.6863266E+1,3.8291846E+3,0.0000000E+0
11242273,29/9/2021,5:32:27 AM,-1.8043461E+1,-2.2523022E+1,3.8273987E+3,0.0000000E+0
11242274,29/9/2021,5:32:27 AM,-1.7183121E+1,-2.6796484E+1,3.8291846E+3,0.0000000E+0
11242275,29/9/2021,5:32:27 AM,-1.7777727E+1,-3.1043066E+1,3.8282915E+3,0.0000000E+0
11242276,29/9/2021,5:32:28 AM,-2.0188301E+1,-3.3703899E+1,3.8291846E+3,0.0000000E+0
11242277,29/9/2021,5:32:28 AM,-2.4257879E+1,-3.5585300E+1,3.8273987E+3,0.0000000E+0
11242278,29/9/2021,5:32:28 AM,-2.9231810E+1,-3.7466698E+1,3.8256133E+3,0.0000000E+0
11242279,29/9/2021,5:32:28 AM,-3.4046150E+1,-3.8192379E+1,3.8265059E+3,0.0000000E+0
11242280,29/9/2021,5:32:28 AM,-3.6971989E+1,-3.9294342E+1,3.8256133E+3,0.0000000E+0
11242281,29/9/2021,5:32:28 AM,-4.0004223E+1,-4.0396301E+1,3.8273987E+3,0.0000000E+0
11242282,29/9/2021,5:32:28 AM,-4.3249249E+1,-4.3030262E+1,3.8220420E+3,0.0000000E+0
11242283,29/9/2021,5:32:28 AM,-4.3488636E+1,-4.6443653E+1,3.8238276E+3,0.0000000E+0
11242284,29/9/2021,5:32:28 AM,-4.2610882E+1,-4.8728207E+1,3.8211492E+3,0.0000000E+0
11242285,29/9/2021,5:32:28 AM,-4.0004223E+1,-5.0743996E+1,3.8220420E+3,0.0000000E+0
11242286,29/9/2021,5:32:29 AM,-3.5695259E+1,-5.2302864E+1,3.8238276E+3,0.0000000E+0
11242287,29/9/2021,5:32:29 AM,-3.2636425E+1,-5.3189812E+1,3.8211492E+3,0.0000000E+0
11242288,29/9/2021,5:32:29 AM,-2.8088072E+1,-5.2329739E+1,3.8238276E+3,0.0000000E+0
11242289,29/9/2021,5:32:29 AM,-2.4843048E+1,-5.0018311E+1,3.8238276E+3,0.0000000E+0
11242290,29/9/2021,5:32:29 AM,-2.2316187E+1,-4.7196213E+1,3.8256133E+3,0.0000000E+0
11242291,29/9/2021,5:32:29 AM,-1.7927694E+1,-4.3917206E+1,3.8273987E+3,0.0000000E+0
11242292,29/9/2021,5:32:29 AM,-1.6767422E+1,-3.9401852E+1,3.8273987E+3,0.0000000E+0
11242293,29/9/2021,5:32:29 AM,-1.6970009E+1,-3.4348949E+1,3.8300774E+3,0.0000000E+0
11242294,29/9/2021,5:32:29 AM,-1.7046309E+1,-3.0263630E+1,3.8282915E+3,0.0000000E+0
11242295,29/9/2021,5:32:29 AM,-1.7993471E+1,-2.5667645E+1,3.8291846E+3,0.0000000E+0
11242296,29/9/2021,5:32:30 AM,-1.7238371E+1,-2.0668501E+1,3.8318628E+3,0.0000000E+0
11242297,29/9/2021,5:32:30 AM,-1.6780577E+1,-1.7336491E+1,3.8318628E+3,0.0000000E+0
11242298,29/9/2021,5:32:30 AM,-1.5733434E+1,-1.3890992E+1,3.8318628E+3,0.0000000E+0
11242299,29/9/2021,5:32:30 AM,-1.4694186E+1,-1.1902387E+1,3.8309702E+3,0.0000000E+0
11242300,29/9/2021,5:32:30 AM,-1.2339433E+1,-1.1136721E+1,3.8309702E+3,0.0000000E+0
11242301,29/9/2021,5:32:30 AM,-7.4115529E+0,-8.7812338E+0,3.8327556E+3,0.0000000E+0
11242302,29/9/2021,5:32:30 AM,-2.9939544E+0,-7.0239234E+0,3.8327556E+3,0.0000000E+0
11242303,29/9/2021,5:32:30 AM,6.4698178E-1,-5.7637649E+0,3.8345413E+3,0.0000000E+0
11242304,29/9/2021,5:32:30 AM,4.0880671E+0,-5.2796812E+0,3.8336484E+3,0.0000000E+0
11242305,29/9/2021,5:32:30 AM,6.2802191E+0,-4.4967356E+0,3.8327556E+3,0.0000000E+0
11242306,29/9/2021,5:32:31 AM,7.0037460E+0,-1.4696212E+0,3.8363269E+3,0.0000000E+0
11242307,29/9/2021,5:32:31 AM,7.2037029E+0,9.3397725E-1,3.8363269E+3,0.0000000E+0
11242308,29/9/2021,5:32:31 AM,5.9697595E+0,3.1886237E+0,3.8381123E+3,0.0000000E+0
11242309,29/9/2021,5:32:31 AM,2.0456178E+0,5.1740079E+0,3.8363269E+3,0.0000000E+0
11242310,29/9/2021,5:32:31 AM,-1.7361909E+0,5.8089604E+0,3.8363269E+3,0.0000000E+0
11242311,29/9/2021,5:32:31 AM,-6.9853292E+0,5.8461800E+0,3.8363269E+3,0.0000000E+0
11242312,29/9/2021,5:32:31 AM,-1.0034669E+1,4.2293491E+0,3.8354341E+3,0.0000000E+0
11242313,29/9/2021,5:32:31 AM,-1.3036651E+1,2.9364474E+0,3.8363269E+3,0.0000000E+0
11242314,29/9/2021,5:32:31 AM,-1.7530415E+1,3.2021317E-1,3.8318628E+3,0.0000000E+0
11242315,29/9/2021,5:32:31 AM,-2.1651222E+1,-3.1493959E+0,3.8309702E+3,0.0000000E+0
11242316,29/9/2021,5:32:32 AM,-2.2794960E+1,-6.2609162E+0,3.8309702E+3,0.0000000E+0
11242317,29/9/2021,5:32:32 AM,-2.3432657E+1,-9.1986847E+0,3.8291846E+3,0.0000000E+0
11242318,29/9/2021,5:32:32 AM,-2.3964615E+1,-1.1700408E+1,3.8318628E+3,0.0000000E+0
11242319,29/9/2021,5:32:32 AM,-2.4576363E+1,-1.5853109E+1,3.8291846E+3,0.0000000E+0
11242320,29/9/2021,5:32:32 AM,-2.6119036E+1,-1.9410288E+1,3.8273987E+3,0.0000000E+0
11242321,29/9/2021,5:32:32 AM,-2.6544600E+1,-2.1823595E+1,3.8282915E+3,0.0000000E+0
11242322,29/9/2021,5:32:32 AM,-2.6890371E+1,-2.3866198E+1,3.8273987E+3,0.0000000E+0
11242323,29/9/2021,5:32:32 AM,-2.7422327E+1,-2.4995005E+1,3.8309702E+3,0.0000000E+0
11242324,29/9/2021,5:32:32 AM,-2.7209545E+1,-2.6849472E+1,3.8282915E+3,0.0000000E+0
11242325,29/9/2021,5:32:32 AM,-2.8672422E+1,-2.7682640E+1,3.8291846E+3,0.0000000E+0
11242326,29/9/2021,5:32:33 AM,-3.0135302E+1,-2.9322096E+1,3.8273987E+3,0.0000000E+0
11242327,29/9/2021,5:32:33 AM,-2.8672422E+1,-3.1391577E+1,3.8273987E+3,0.0000000E+0
11242328,29/9/2021,5:32:33 AM,-2.7315937E+1,-3.2681641E+1,3.8273987E+3,0.0000000E+0
11242329,29/9/2021,5:32:33 AM,-2.5879654E+1,-3.3487930E+1,3.8282915E+3,0.0000000E+0
11242330,29/9/2021,5:32:33 AM,-2.4576363E+1,-3.5638039E+1,3.8273987E+3,0.0000000E+0
11242331,29/9/2021,5:32:33 AM,-2.1810192E+1,-3.7841900E+1,3.8265059E+3,0.0000000E+0
11242332,29/9/2021,5:32:33 AM,-1.9048624E+1,-3.9884502E+1,3.8256133E+3,0.0000000E+0
11242333,29/9/2021,5:32:33 AM,-1.5407285E+1,-4.1040184E+1,3.8273987E+3,0.0000000E+0
11242334,29/9/2021,5:32:33 AM,-1.1218692E+1,-4.1765846E+1,3.8282915E+3,0.0000000E+0
11242335,29/9/2021,5:32:33 AM,-9.1059790E+0,-4.2303375E+1,3.8256133E+3,0.0000000E+0
11242336,29/9/2021,5:32:34 AM,-7.8720279E+0,-4.1712093E+1,3.8273987E+3,0.0000000E+0
11242337,29/9/2021,5:32:34 AM,-6.2039576E+0,-4.0663918E+1,3.8273987E+3,0.0000000E+0
11242338,29/9/2021,5:32:34 AM,-6.1723852E+0,-3.8782570E+1,3.8282915E+3,0.0000000E+0
11242339,29/9/2021,5:32:34 AM,-6.0645132E+0,-3.5691792E+1,3.8309702E+3,0.0000000E+0
11242340,29/9/2021,5:32:34 AM,-8.1324997E+0,-3.3299797E+1,3.8273987E+3,0.0000000E+0
11242341,29/9/2021,5:32:34 AM,-1.1176596E+1,-2.9940252E+1,3.8291846E+3,0.0000000E+0
11242342,29/9/2021,5:32:34 AM,-1.3707643E+1,-2.6661337E+1,3.8282915E+3,0.0000000E+0
11242343,29/9/2021,5:32:34 AM,-1.5586193E+1,-2.2334246E+1,3.8300774E+3,0.0000000E+0
11242344,29/9/2021,5:32:34 AM,-1.8569777E+1,-1.7477501E+1,3.8318628E+3,0.0000000E+0
11242345,29/9/2021,5:32:34 AM,-2.1118650E+1,-1.4414817E+1,3.8291846E+3,0.0000000E+0
11242346,29/9/2021,5:32:35 AM,-2.3725235E+1,-1.0496072E+1,3.8309702E+3,0.0000000E+0
11242347,29/9/2021,5:32:35 AM,-2.5986048E+1,-7.1755061E+0,3.8300774E+3,0.0000000E+0
11242348,29/9/2021,5:32:35 AM,-2.7475525E+1,-5.1708837E+0,3.8309702E+3,0.0000000E+0
11242349,29/9/2021,5:32:35 AM,-2.6704185E+1,-2.5890446E+0,3.8318628E+3,0.0000000E+0
11242350,29/9/2021,5:32:35 AM,-2.7714903E+1,3.8846624E-1,3.8327556E+3,0.0000000E+0
11242351,29/9/2021,5:32:35 AM,-2.8220261E+1,2.3352637E+0,3.8327556E+3,0.0000000E+0
11242352,29/9/2021,5:32:35 AM,-2.7635111E+1,3.0894010E+0,3.8327556E+3,0.0000000E+0
11242353,29/9/2021,5:32:35 AM,-2.6996761E+1,3.8547463E+0,3.8327556E+3,0.0000000E+0
11242354,29/9/2021,5:32:35 AM,-2.5188110E+1,5.0027642E+0,3.8354341E+3,0.0000000E+0
11242355,29/9/2021,5:32:35 AM,-2.3751831E+1,4.1285410E+0,3.8345413E+3,0.0000000E+0
11242356,29/9/2021,5:32:36 AM,-2.2874104E+1,2.4185231E+0,3.8327556E+3,0.0000000E+0
11242357,29/9/2021,5:32:36 AM,-2.1304834E+1,4.3725781E-2,3.8336484E+3,0.0000000E+0
11242358,29/9/2021,5:32:36 AM,-2.0772879E+1,-2.4601526E+0,3.8309702E+3,0.0000000E+0
11242359,29/9/2021,5:32:36 AM,-1.8540836E+1,-5.2317276E+0,3.8327556E+3,0.0000000E+0
11242360,29/9/2021,5:32:36 AM,-1.6772787E+1,-7.8507848E+0,3.8318628E+3,0.0000000E+0
11242361,29/9/2021,5:32:36 AM,-1.5470428E+1,-1.1610016E+1,3.8318628E+3,0.0000000E+0
11242362,29/9/2021,5:32:36 AM,-1.4141760E+1,-1.4951851E+1,3.8309702E+3,0.0000000E+0
11242363,29/9/2021,5:32:36 AM,-1.1886972E+1,-1.8814766E+1,3.8309702E+3,0.0000000E+0
11242364,29/9/2021,5:32:36 AM,-9.5032635E+0,-2.2199863E+1,3.8309702E+3,0.0000000E+0
11242365,29/9/2021,5:32:36 AM,-6.3197227E+0,-2.5881924E+1,3.8309702E+3,0.0000000E+0
11242366,29/9/2021,5:32:37 AM,-3.3560686E+0,-3.0235893E+1,3.8300774E+3,0.0000000E+0
11242367,29/9/2021,5:32:37 AM,-1.7374548E+0,-3.3837322E+1,3.8291846E+3,0.0000000E+0
11242368,29/9/2021,5:32:37 AM,5.8576319E-2,-3.7304371E+1,3.8291846E+3,0.0000000E+0
11242369,29/9/2021,5:32:37 AM,9.9113363E-1,-4.0744545E+1,3.8282915E+3,0.0000000E+0
11242370,29/9/2021,5:32:37 AM,1.1820714E+0,-4.3539684E+1,3.8273987E+3,0.0000000E+0
11242371,29/9/2021,5:32:37 AM,7.9421043E-2,-4.4292225E+1,3.8291846E+3,0.0000000E+0
11242372,29/9/2021,5:32:37 AM,-3.4337115E+0,-4.4964134E+1,3.8256133E+3,0.0000000E+0
11242373,29/9/2021,5:32:37 AM,-6.4565363E+0,-4.5340401E+1,3.8273987E+3,0.0000000E+0
11242374,29/9/2021,5:32:37 AM,-9.8426657E+0,-4.3862202E+1,3.8256133E+3,0.0000000E+0
11242375,29/9/2021,5:32:37 AM,-1.4520629E+1,-4.0368279E+1,3.8273987E+3,0.0000000E+0
11242376,29/9/2021,5:32:38 AM,-1.8114609E+1,-3.7519382E+1,3.8273987E+3,0.0000000E+0
11242377,29/9/2021,5:32:38 AM,-2.2102770E+1,-3.4562984E+1,3.8273987E+3,0.0000000E+0
11242378,29/9/2021,5:32:38 AM,-2.6385014E+1,-3.1337824E+1,3.8256133E+3,0.0000000E+0
11242379,29/9/2021,5:32:38 AM,-2.8619230E+1,-2.7252619E+1,3.8273987E+3,0.0000000E+0
11242380,29/9/2021,5:32:38 AM,-3.0747053E+1,-2.2629887E+1,3.8291846E+3,0.0000000E+0
11242381,29/9/2021,5:32:38 AM,-3.2316322E+1,-1.9325212E+1,3.8282915E+3,0.0000000E+0
11242382,29/9/2021,5:32:38 AM,-3.2369518E+1,-1.5765377E+1,3.8309702E+3,0.0000000E+0
11242383,29/9/2021,5:32:38 AM,-3.3991985E+1,-1.2702692E+1,3.8282915E+3,0.0000000E+0
11242384,29/9/2021,5:32:38 AM,-3.4683525E+1,-9.7383766E+0,3.8291846E+3,0.0000000E+0
11242385,29/9/2021,5:32:38 AM,-3.3593014E+1,-6.7634263E+0,3.8327556E+3,0.0000000E+0
11242386,29/9/2021,5:32:39 AM,-3.4098373E+1,-4.4439659E+0,3.8309702E+3,0.0000000E+0
11242387,29/9/2021,5:32:39 AM,-3.3726006E+1,-3.3968201E+0,3.8309702E+3,0.0000000E+0
11242388,29/9/2021,5:32:39 AM,-3.2130138E+1,-2.2167795E+0,3.8309702E+3,0.0000000E+0
11242389,29/9/2021,5:32:39 AM,-3.0401281E+1,-1.1347373E+0,3.8309702E+3,0.0000000E+0
11242390,29/9/2021,5:32:39 AM,-2.7768099E+1,-1.5997237E-2,3.8345413E+3,0.0000000E+0
11242391,29/9/2021,5:32:39 AM,-2.5640276E+1,-6.1242759E-1,3.8309702E+3,0.0000000E+0
11242392,29/9/2021,5:32:39 AM,-2.2049572E+1,-1.4874763E+0,3.8327556E+3,0.0000000E+0
11242393,29/9/2021,5:32:39 AM,-1.7633131E+1,-2.6106601E+0,3.8327556E+3,0.0000000E+0
11242394,29/9/2021,5:32:39 AM,-1.3307725E+1,-4.5656528E+0,3.8327556E+3,0.0000000E+0
11242395,29/9/2021,5:32:39 AM,-7.5221014E+0,-6.9787707E+0,3.8345413E+3,0.0000000E+0
11242396,29/9/2021,5:32:40 AM,-1.8951172E+0,-9.7835722E+0,3.8309702E+3,0.0000000E+0
11242397,29/9/2021,5:32:40 AM,1.8935325E+0,-1.1673822E+1,3.8345413E+3,0.0000000E+0
11242398,29/9/2021,5:32:40 AM,5.6724906E+0,-1.4712579E+1,3.8318628E+3,0.0000000E+0
11242399,29/9/2021,5:32:40 AM,1.0250475E+1,-1.7621065E+1,3.8336484E+3,0.0000000E+0
11242400,29/9/2021,5:32:40 AM,1.3815514E+1,-1.9205578E+1,3.8327556E+3,0.0000000E+0
11242401,29/9/2021,5:32:40 AM,1.4496950E+1,-2.1205439E+1,3.8318628E+3,0.0000000E+0
11242402,29/9/2021,5:32:40 AM,1.4536415E+1,-2.3113659E+1,3.8327556E+3,0.0000000E+0
11242403,29/9/2021,5:32:40 AM,1.3157758E+1,-2.5640036E+1,3.8300774E+3,0.0000000E+0
11242404,29/9/2021,5:32:40 AM,1.2468429E+1,-2.7010731E+1,3.8318628E+3,0.0000000E+0
11242405,29/9/2021,5:32:40 AM,1.1113451E+1,-2.6956976E+1,3.8318628E+3,0.0000000E+0
11242406,29/9/2021,5:32:41 AM,7.2800469E+0,-2.7145111E+1,3.8309702E+3,0.0000000E+0
11242407,29/9/2021,5:32:41 AM,4.3796854E+0,-2.6956976E+1,3.8309702E+3,0.0000000E+0
11242408,29/9/2021,5:32:41 AM,2.0163350E+0,-2.6096935E+1,3.8309702E+3,0.0000000E+0
11242409,29/9/2021,5:32:41 AM,-7.9816830E-1,-2.6231318E+1,3.8309702E+3,0.0000000E+0
11242410,29/9/2021,5:32:41 AM,-1.6235138E+0,-2.6150686E+1,3.8309702E+3,0.0000000E+0
11242411,29/9/2021,5:32:41 AM,-4.5714154E+0,-2.6338821E+1,3.8291846E+3,0.0000000E+0
11242412,29/9/2021,5:32:41 AM,-7.8799210E+0,-2.5398149E+1,3.8291846E+3,0.0000000E+0
11242413,29/9/2021,5:32:41 AM,-1.0318881E+1,-2.4860622E+1,3.8309702E+3,0.0000000E+0
11242414,29/9/2021,5:32:41 AM,-1.4215429E+1,-2.4161839E+1,3.8291846E+3,0.0000000E+0
11242415,29/9/2021,5:32:41 AM,-1.8501369E+1,-2.3033031E+1,3.8291846E+3,0.0000000E+0
11242416,29/9/2021,5:32:42 AM,-2.3379463E+1,-2.1286068E+1,3.8309702E+3,0.0000000E+0
11242417,29/9/2021,5:32:42 AM,-3.0747053E+1,-1.9194944E+1,3.8291846E+3,0.0000000E+0
11242418,29/9/2021,5:32:42 AM,-3.8433815E+1,-1.7208984E+1,3.8291846E+3,0.0000000E+0
11242419,29/9/2021,5:32:42 AM,-4.4444916E+1,-1.5552690E+1,3.8291846E+3,0.0000000E+0
11242420,29/9/2021,5:32:42 AM,-5.1067764E+1,-1.4024006E+1,3.8282915E+3,0.0000000E+0
11242421,29/9/2021,5:32:42 AM,-5.6945877E+1,-1.3880443E+1,3.8273987E+3,0.0000000E+0
11242422,29/9/2021,5:32:42 AM,-6.1361115E+1,-1.3338094E+1,3.8282915E+3,0.0000000E+0
11242423,29/9/2021,5:32:42 AM,-6.5270988E+1,-1.3880443E+1,3.8265059E+3,0.0000000E+0
11242424,29/9/2021,5:32:42 AM,-6.6574280E+1,-1.5507494E+1,3.8256133E+3,0.0000000E+0
11242425,29/9/2021,5:32:42 AM,-6.5138000E+1,-1.7001616E+1,3.8273987E+3,0.0000000E+0
11242426,29/9/2021,5:32:43 AM,-6.3302753E+1,-1.9601706E+1,3.8238276E+3,0.0000000E+0
11242427,29/9/2021,5:32:43 AM,-5.9765247E+1,-2.1259193E+1,3.8273987E+3,0.0000000E+0
11242428,29/9/2021,5:32:43 AM,-5.3754143E+1,-2.2844896E+1,3.8273987E+3,0.0000000E+0
11242429,29/9/2021,5:32:43 AM,-4.8009022E+1,-2.4941252E+1,3.8256133E+3,0.0000000E+0
11242430,29/9/2021,5:32:43 AM,-4.1944721E+1,-2.7037607E+1,3.8273987E+3,0.0000000E+0
11242431,29/9/2021,5:32:43 AM,-3.6625164E+1,-2.8193291E+1,3.8273987E+3,0.0000000E+0
11242432,29/9/2021,5:32:43 AM,-3.1997149E+1,-2.8892076E+1,3.8282915E+3,0.0000000E+0
11242433,29/9/2021,5:32:43 AM,-2.7209545E+1,-3.0047758E+1,3.8291846E+3,0.0000000E+0
11242434,29/9/2021,5:32:43 AM,-2.3618843E+1,-3.0585287E+1,3.8282915E+3,0.0000000E+0
11242435,29/9/2021,5:32:43 AM,-2.1464420E+1,-3.1391577E+1,3.8273987E+3,0.0000000E+0
11242436,29/9/2021,5:32:44 AM,-1.7346350E+1,-3.2063484E+1,3.8291846E+3,0.0000000E+0
11242437,29/9/2021,5:32:44 AM,-1.4425912E+1,-3.1122810E+1,3.8291846E+3,0.0000000E+0
11242438,29/9/2021,5:32:44 AM,-1.2397391E+1,-3.0827171E+1,3.8282915E+3,0.0000000E+0
11242439,29/9/2021,5:32:44 AM,-8.6481800E+0,-3.0585287E+1,3.8291846E+3,0.0000000E+0
11242440,29/9/2021,5:32:44 AM,-4.5009031E+0,-3.0316521E+1,3.8282915E+3,0.0000000E+0
11242441,29/9/2021,5:32:44 AM,1.8074223E-1,-3.0343397E+1,3.8291846E+3,0.0000000E+0
11242442,29/9/2021,5:32:44 AM,6.6380773E+0,-3.0128386E+1,3.8309702E+3,0.0000000E+0
11242443,29/9/2021,5:32:44 AM,1.3005158E+1,-2.9698366E+1,3.8291846E+3,0.0000000E+0
11242444,29/9/2021,5:32:44 AM,1.8061989E+1,-2.8757694E+1,3.8309702E+3,0.0000000E+0
11242445,29/9/2021,5:32:44 AM,2.2475138E+1,-2.6795719E+1,3.8318628E+3,0.0000000E+0
11242446,29/9/2021,5:32:45 AM,2.6624393E+1,-2.4887499E+1,3.8327556E+3,0.0000000E+0
11242447,29/9/2021,5:32:45 AM,2.8858608E+1,-2.2361122E+1,3.8327556E+3,0.0000000E+0
11242448,29/9/2021,5:32:45 AM,3.0427879E+1,-1.8859962E+1,3.8363269E+3,0.0000000E+0
11242449,29/9/2021,5:32:45 AM,2.9550152E+1,-1.5090096E+1,3.8354341E+3,0.0000000E+0
11242450,29/9/2021,5:32:45 AM,2.6597795E+1,-1.1769531E+1,3.8345413E+3,0.0000000E+0
11242451,29/9/2021,5:32:45 AM,2.3459255E+1,-8.4516239E+0,3.8363269E+3,0.0000000E+0
11242452,29/9/2021,5:32:45 AM,1.8817093E+1,-5.0467954E+0,3.8345413E+3,0.0000000E+0
11242453,29/9/2021,5:32:45 AM,1.2410546E+1,-1.7220268E+0,3.8354341E+3,0.0000000E+0
11242454,29/9/2021,5:32:45 AM,5.9119139E+0,1.3305479E+0,3.8354341E+3,0.0000000E+0
11242455,29/9/2021,5:32:45 AM,-7.9104412E-1,4.7033510E+0,3.8354341E+3,0.0000000E+0
11242456,29/9/2021,5:32:46 AM,-6.7275314E+0,7.5583410E+0,3.8363269E+3,0.0000000E+0
11242457,29/9/2021,5:32:46 AM,-1.1508104E+1,7.8428097E+0,3.8336484E+3,0.0000000E+0
11242458,29/9/2021,5:32:46 AM,-1.5017893E+1,8.2974262E+0,3.8345413E+3,0.0000000E+0
11242459,29/9/2021,5:32:46 AM,-1.9374870E+1,9.4991045E+0,3.8363269E+3,0.0000000E+0
11242460,29/9/2021,5:32:46 AM,-2.1889986E+1,8.0156174E+0,3.8354341E+3,0.0000000E+0
11242461,29/9/2021,5:32:46 AM,-2.4044407E+1,4.2077980E+0,3.8327556E+3,0.0000000E+0
11242462,29/9/2021,5:32:46 AM,-2.6119036E+1,6.1269414E-1,3.8318628E+3,0.0000000E+0
11242463,29/9/2021,5:32:46 AM,-2.8140467E+1,-2.1671441E+0,3.8327556E+3,0.0000000E+0
11242464,29/9/2021,5:32:46 AM,-3.0215097E+1,-6.5055437E+0,3.8300774E+3,0.0000000E+0
11242465,29/9/2021,5:32:46 AM,-3.2608898E+1,-9.8526955E+0,3.8309702E+3,0.0000000E+0
11242466,29/9/2021,5:32:47 AM,-3.6066612E+1,-1.3019064E+1,3.8291846E+3,0.0000000E+0
11242467,29/9/2021,5:32:47 AM,-4.0295658E+1,-1.6275824E+1,3.8291846E+3,0.0000000E+0
11242468,29/9/2021,5:32:47 AM,-4.4045952E+1,-1.8530298E+1,3.8282915E+3,0.0000000E+0
11242469,29/9/2021,5:32:47 AM,-4.7902630E+1,-2.1662338E+1,3.8256133E+3,0.0000000E+0
11242470,29/9/2021,5:32:47 AM,-5.1626324E+1,-2.3812445E+1,3.8273987E+3,0.0000000E+0
11242471,29/9/2021,5:32:47 AM,-5.3142395E+1,-2.6150686E+1,3.8256133E+3,0.0000000E+0
11242472,29/9/2021,5:32:47 AM,-5.5350010E+1,-2.9375851E+1,3.8238276E+3,0.0000000E+0
11242473,29/9/2021,5:32:47 AM,-5.5243626E+1,-3.2816021E+1,3.8247205E+3,0.0000000E+0
11242474,29/9/2021,5:32:47 AM,-5.3089199E+1,-3.6014309E+1,3.8238276E+3,0.0000000E+0
11242475,29/9/2021,5:32:47 AM,-5.1546528E+1,-3.9239468E+1,3.8220420E+3,0.0000000E+0
11242476,29/9/2021,5:32:48 AM,-4.6732327E+1,-4.1335827E+1,3.8247205E+3,0.0000000E+0
11242477,29/9/2021,5:32:48 AM,-4.0269066E+1,-4.2921528E+1,3.8256133E+3,0.0000000E+0
11242478,29/9/2021,5:32:48 AM,-3.4710121E+1,-4.3862202E+1,3.8247205E+3,0.0000000E+0
11242479,29/9/2021,5:32:48 AM,-2.9124584E+1,-4.5797298E+1,3.8247205E+3,0.0000000E+0
11242480,29/9/2021,5:32:48 AM,-2.5028524E+1,-4.6845474E+1,3.8229348E+3,0.0000000E+0
11242481,29/9/2021,5:32:48 AM,-2.0586695E+1,-4.6092937E+1,3.8247205E+3,0.0000000E+0
11242482,29/9/2021,5:32:48 AM,-1.5504633E+1,-4.4319099E+1,3.8291846E+3,0.0000000E+0
11242483,29/9/2021,5:32:48 AM,-1.0989793E+1,-4.2249619E+1,3.8282915E+3,0.0000000E+0
11242484,29/9/2021,5:32:48 AM,-1.0608294E+1,-4.0556408E+1,3.8265059E+3,0.0000000E+0
11242485,29/9/2021,5:32:48 AM,-8.5008430E+0,-3.8809448E+1,3.8273987E+3,0.0000000E+0
11242486,29/9/2021,5:32:49 AM,-5.7066936E+0,-3.5127388E+1,3.8282915E+3,0.0000000E+0
11242487,29/9/2021,5:32:49 AM,-3.7426980E+0,-3.0531532E+1,3.8309702E+3,0.0000000E+0
11242488,29/9/2021,5:32:49 AM,-5.5568343E-1,-2.6822596E+1,3.8327556E+3,0.0000000E+0
11242489,29/9/2021,5:32:49 AM,3.5454218E+0,-2.5451900E+1,3.8291846E+3,0.0000000E+0
11242490,29/9/2021,5:32:49 AM,4.4066229E+0,-2.3651188E+1,3.8291846E+3,0.0000000E+0
11242491,29/9/2021,5:32:49 AM,8.0851412E+0,-2.0479778E+1,3.8327556E+3,0.0000000E+0
11242492,29/9/2021,5:32:49 AM,1.1818565E+1,-1.7405720E+1,3.8345413E+3,0.0000000E+0
11242493,29/9/2021,5:32:49 AM,1.4512735E+1,-1.5076804E+1,3.8363269E+3,0.0000000E+0
11242494,29/9/2021,5:32:49 AM,1.7430542E+1,-1.4085154E+1,3.8354341E+3,0.0000000E+0
11242495,29/9/2021,5:32:49 AM,1.8630289E+1,-1.3439119E+1,3.8327556E+3,0.0000000E+0
11242496,29/9/2021,5:32:50 AM,1.6664913E+1,-1.2080585E+1,3.8327556E+3,0.0000000E+0
11242497,29/9/2021,5:32:50 AM,1.6286047E+1,-9.2332468E+0,3.8363269E+3,0.0000000E+0
11242498,29/9/2021,5:32:50 AM,1.4962641E+1,-7.0080156E+0,3.8372195E+3,0.0000000E+0
11242499,29/9/2021,5:32:50 AM,1.2005368E+1,-6.4018593E+0,3.8354341E+3,0.0000000E+0
11242500,29/9/2021,5:32:50 AM,7.7720490E+0,-7.1595545E+0,3.8336484E+3,0.0000000E+0
11242501,29/9/2021,5:32:50 AM,2.1122000E+0,-7.1728473E+0,3.8309702E+3,0.0000000E+0
11242502,29/9/2021,5:32:50 AM,-3.2245514E+0,-4.9915562E+0,3.8336484E+3,0.0000000E+0
11242503,29/9/2021,5:32:50 AM,-6.1066098E+0,-2.7715745E+0,3.8354341E+3,0.0000000E+0
11242504,29/9/2021,5:32:50 AM,-1.0121554E+1,-3.0221531E+0,3.8345413E+3,0.0000000E+0
11242505,29/9/2021,5:32:50 AM,-1.4212799E+1,-4.7721996E+0,3.8291846E+3,0.0000000E+0
11242506,29/9/2021,5:32:51 AM,-1.9206484E+1,-4.1973906E+0,3.8291846E+3,0.0000000E+0
11242507,29/9/2021,5:32:51 AM,-2.3033691E+1,-2.9020674E+0,3.8318628E+3,0.0000000E+0
11242508,29/9/2021,5:32:51 AM,-2.5108320E+1,-2.0734773E+0,3.8327556E+3,0.0000000E+0
11242509,29/9/2021,5:32:51 AM,-2.6704185E+1,-2.1143062E+0,3.8327556E+3,0.0000000E+0
11242510,29/9/2021,5:32:51 AM,-2.9762936E+1,-2.9813240E+0,3.8309702E+3,0.0000000E+0
11242511,29/9/2021,5:32:51 AM,-3.4204765E+1,-4.1861825E+0,3.8291846E+3,0.0000000E+0
11242512,29/9/2021,5:32:51 AM,-3.7502892E+1,-4.7890120E+0,3.8309702E+3,0.0000000E+0
11242513,29/9/2021,5:32:51 AM,-3.9258347E+1,-4.8658667E+0,3.8309702E+3,0.0000000E+0
11242514,29/9/2021,5:32:51 AM,-4.0854214E+1,-4.8522568E+0,3.8318628E+3,0.0000000E+0
11242515,29/9/2021,5:32:51 AM,-4.2822453E+1,-5.8408995E+0,3.8309702E+3,0.0000000E+0
11242516,29/9/2021,5:32:52 AM,-4.6173775E+1,-8.0687885E+0,3.8273987E+3,0.0000000E+0
11242517,29/9/2021,5:32:52 AM,-4.7477066E+1,-1.0036138E+1,3.8273987E+3,0.0000000E+0
11242518,29/9/2021,5:32:52 AM,-4.7024902E+1,-1.0044113E+1,3.8309702E+3,0.0000000E+0
11242519,29/9/2021,5:32:52 AM,-4.6785522E+1,-1.1025129E+1,3.8300774E+3,0.0000000E+0
11242520,29/9/2021,5:32:52 AM,-4.4577904E+1,-1.4016031E+1,3.8291846E+3,0.0000000E+0
11242521,29/9/2021,5:32:52 AM,-4.2210701E+1,-1.7942753E+1,3.8273987E+3,0.0000000E+0
11242522,29/9/2021,5:32:52 AM,-4.1120190E+1,-2.0045691E+1,3.8273987E+3,0.0000000E+0
11242523,29/9/2021,5:32:52 AM,-3.6040012E+1,-2.2576134E+1,3.8291846E+3,0.0000000E+0
11242524,29/9/2021,5:32:52 AM,-3.1119421E+1,-2.5451900E+1,3.8291846E+3,0.0000000E+0
11242525,29/9/2021,5:32:52 AM,-2.6730785E+1,-2.9295219E+1,3.8282915E+3,0.0000000E+0
11242526,29/9/2021,5:32:53 AM,-2.2342150E+1,-3.3084785E+1,3.8282915E+3,0.0000000E+0
11242527,29/9/2021,5:32:53 AM,-2.0772879E+1,-3.5234894E+1,3.8273987E+3,0.0000000E+0
11242528,29/9/2021,5:32:53 AM,-1.8672386E+1,-3.8218166E+1,3.8273987E+3,0.0000000E+0
11242529,29/9/2021,5:32:53 AM,-1.5131026E+1,-4.0637039E+1,3.8309702E+3,0.0000000E+0
11242530,29/9/2021,5:32:53 AM,-1.3320881E+1,-4.2410877E+1,3.8273987E+3,0.0000000E+0
11242531,29/9/2021,5:32:53 AM,-1.2505263E+1,-4.4453480E+1,3.8273987E+3,0.0000000E+0
11242532,29/9/2021,5:32:53 AM,-1.2252685E+1,-4.6361702E+1,3.8265059E+3,0.0000000E+0
11242533,29/9/2021,5:32:53 AM,-1.1439698E+1,-4.7248623E+1,3.8273987E+3,0.0000000E+0
11242534,29/9/2021,5:32:53 AM,-1.1323933E+1,-4.8189293E+1,3.8273987E+3,0.0000000E+0
11242535,29/9/2021,5:32:53 AM,-9.3375082E+0,-4.9586864E+1,3.8256133E+3,0.0000000E+0
11242536,29/9/2021,5:32:54 AM,-8.7218494E+0,-5.0769424E+1,3.8238276E+3,0.0000000E+0
11242537,29/9/2021,5:32:54 AM,-8.3298254E+0,-5.1145695E+1,3.8238276E+3,0.0000000E+0
11242538,29/9/2021,5:32:54 AM,-6.9222274E+0,-4.9855625E+1,3.8256133E+3,0.0000000E+0
11242539,29/9/2021,5:32:54 AM,-6.5486217E+0,-4.7571136E+1,3.8265059E+3,0.0000000E+0
11242540,29/9/2021,5:32:54 AM,-6.5459905E+0,-4.5636040E+1,3.8256133E+3,0.0000000E+0
11242541,29/9/2021,5:32:54 AM,-4.5714154E+0,-4.2894653E+1,3.8273987E+3,0.0000000E+0
11242542,29/9/2021,5:32:54 AM,-4.3559175E+0,-3.9293221E+1,3.8273987E+3,0.0000000E+0
11242543,29/9/2021,5:32:54 AM,-6.3776050E+0,-3.4482357E+1,3.8273987E+3,0.0000000E+0
11242544,29/9/2021,5:32:54 AM,-7.5536733E+0,-2.9295219E+1,3.8309702E+3,0.0000000E+0
11242545,29/9/2021,5:32:54 AM,-8.0219965E+0,-2.4484354E+1,3.8291846E+3,0.0000000E+0
11242546,29/9/2021,5:32:55 AM,-1.0318881E+1,-1.9503338E+1,3.8309702E+3,0.0000000E+0
11242547,29/9/2021,5:32:55 AM,-1.1163441E+1,-1.4624846E+1,3.8318628E+3,0.0000000E+0
11242548,29/9/2021,5:32:55 AM,-1.3570827E+1,-1.0264775E+1,3.8309702E+3,0.0000000E+0
11242549,29/9/2021,5:32:55 AM,-1.5325722E+1,-5.8169718E+0,3.8327556E+3,0.0000000E+0
11242550,29/9/2021,5:32:55 AM,-1.6546518E+1,-1.3781619E+0,3.8336484E+3,0.0000000E+0
11242551,29/9/2021,5:32:55 AM,-1.8480322E+1,1.0023141E+0,3.8327556E+3,0.0000000E+0
11242552,29/9/2021,5:32:55 AM,-1.8359293E+1,3.6249826E+0,3.8345413E+3,0.0000000E+0
11242553,29/9/2021,5:32:55 AM,-1.9185436E+1,6.8192558E+0,3.8345413E+3,0.0000000E+0
11242554,29/9/2021,5:32:55 AM,-2.0054739E+1,7.7550764E+0,3.8327556E+3,0.0000000E+0
11242555,29/9/2021,5:32:55 AM,-1.8935488E+1,8.8823137E+0,3.8345413E+3,0.0000000E+0
11242556,29/9/2021,5:32:56 AM,-1.8235638E+1,1.0190335E+1,3.8345413E+3,0.0000000E+0
11242557,29/9/2021,5:32:56 AM,-1.7014841E+1,1.1211229E+1,3.8354341E+3,0.0000000E+0
11242558,29/9/2021,5:32:56 AM,-1.4581141E+1,1.1968925E+1,3.8363269E+3,0.0000000E+0
11242559,29/9/2021,5:32:56 AM,-1.3941803E+1,1.1594065E+1,3.8336484E+3,0.0000000E+0
11242560,29/9/2021,5:32:56 AM,-1.2413177E+1,1.0873590E+1,3.8354341E+3,0.0000000E+0
11242561,29/9/2021,5:32:56 AM,-1.0637236E+1,9.5363245E+0,3.8354341E+3,0.0000000E+0
11242562,29/9/2021,5:32:56 AM,-9.8584518E+0,7.8055892E+0,3.8345413E+3,0.0000000E+0
11242563,29/9/2021,5:32:56 AM,-8.3877087E+0,5.3251348E+0,3.8345413E+3,0.0000000E+0
11242564,29/9/2021,5:32:56 AM,-9.0507269E+0,3.4424527E+0,3.8345413E+3,0.0000000E+0
11242565,29/9/2021,5:32:56 AM,-9.0059996E+0,5.9536386E-1,3.8327556E+3,0.0000000E+0
11242566,29/9/2021,5:32:57 AM,-8.7797318E+0,-1.0627497E+0,3.8327556E+3,0.0000000E+0
11242567,29/9/2021,5:32:57 AM,-8.6692286E+0,-3.6329882E+0,3.8327556E+3,0.0000000E+0
11242568,29/9/2021,5:32:57 AM,-7.5326252E+0,-5.0083685E+0,3.8327556E+3,0.0000000E+0
11242569,29/9/2021,5:32:57 AM,-7.3695021E+0,-6.8298912E+0,3.8345413E+3,0.0000000E+0
11242570,29/9/2021,5:32:57 AM,-6.6670179E+0,-1.0647611E+1,3.8309702E+3,0.0000000E+0
11242571,29/9/2021,5:32:57 AM,-4.3891926E+0,-1.4289864E+1,3.8327556E+3,0.0000000E+0
11242572,29/9/2021,5:32:57 AM,-2.8434680E+0,-1.9032770E+1,3.8291846E+3,0.0000000E+0
11242573,29/9/2021,5:32:57 AM,-1.0551653E+0,-2.1769842E+1,3.8327556E+3,0.0000000E+0
11242574,29/9/2021,5:32:57 AM,1.5964302E+0,-2.4726242E+1,3.8327556E+3,0.0000000E+0
11242575,29/9/2021,5:32:57 AM,1.0695686E+0,-2.9053333E+1,3.8291846E+3,0.0000000E+0
11242576,29/9/2021,5:32:58 AM,1.7485466E+0,-3.2950401E+1,3.8309702E+3,0.0000000E+0
11242577,29/9/2021,5:32:58 AM,9.5944268E-1,-3.5154266E+1,3.8291846E+3,0.0000000E+0
11242578,29/9/2021,5:32:58 AM,-1.4554368E+0,-3.7680641E+1,3.8282915E+3,0.0000000E+0
11242579,29/9/2021,5:32:58 AM,-3.6967461E+0,-4.0207016E+1,3.8282915E+3,0.0000000E+0
11242580,29/9/2021,5:32:58 AM,-6.7143764E+0,-4.1523960E+1,3.8291846E+3,0.0000000E+0
11242581,29/9/2021,5:32:58 AM,-1.1908021E+1,-4.2088364E+1,3.8273987E+3,0.0000000E+0
11242582,29/9/2021,5:32:58 AM,-1.5909810E+1,-4.3969707E+1,3.8256133E+3,0.0000000E+0
11242583,29/9/2021,5:32:58 AM,-1.9911600E+1,-4.5528534E+1,3.8247205E+3,0.0000000E+0
11242584,29/9/2021,5:32:58 AM,-2.2661322E+1,-4.5931679E+1,3.8256133E+3,0.0000000E+0
11242585,29/9/2021,5:32:58 AM,-2.5906252E+1,-4.5851051E+1,3.8256133E+3,0.0000000E+0
11242586,29/9/2021,5:32:59 AM,-2.9230978E+1,-4.5931679E+1,3.8247205E+3,0.0000000E+0
11242587,29/9/2021,5:32:59 AM,-3.2608898E+1,-4.6254196E+1,3.8238276E+3,0.0000000E+0
11242588,29/9/2021,5:32:59 AM,-3.4683525E+1,-4.5179142E+1,3.8256133E+3,0.0000000E+0
11242589,29/9/2021,5:32:59 AM,-3.7423100E+1,-4.2491508E+1,3.8256133E+3,0.0000000E+0
11242590,29/9/2021,5:32:59 AM,-4.0215866E+1,-4.0448906E+1,3.8256133E+3,0.0000000E+0
11242591,29/9/2021,5:32:59 AM,-4.2343693E+1,-3.9427605E+1,3.8256133E+3,0.0000000E+0
11242592,29/9/2021,5:32:59 AM,-4.4657700E+1,-3.7895649E+1,3.8238276E+3,0.0000000E+0
11242593,29/9/2021,5:32:59 AM,-4.8487782E+1,-3.3541683E+1,3.8256133E+3,0.0000000E+0
11242594,29/9/2021,5:32:59 AM,-4.9924065E+1,-2.9671490E+1,3.8273987E+3,0.0000000E+0
11242595,29/9/2021,5:32:59 AM,-5.0748592E+1,-2.6500080E+1,3.8273987E+3,0.0000000E+0
11242596,29/9/2021,5:33:00 AM,-5.2876419E+1,-2.3006153E+1,3.8256133E+3,0.0000000E+0
11242597,29/9/2021,5:33:00 AM,-5.4206310E+1,-1.9939346E+1,3.8273987E+3,0.0000000E+0
11242598,29/9/2021,5:33:00 AM,-5.4020123E+1,-1.7381792E+1,3.8273987E+3,0.0000000E+0
11242599,29/9/2021,5:33:00 AM,-5.2344460E+1,-1.4470648E+1,3.8282915E+3,0.0000000E+0
11242600,29/9/2021,5:33:00 AM,-5.0535812E+1,-1.2269344E+1,3.8291846E+3,0.0000000E+0
11242601,29/9/2021,5:33:00 AM,-4.8195206E+1,-1.1280353E+1,3.8273987E+3,0.0000000E+0
11242602,29/9/2021,5:33:00 AM,-4.4045952E+1,-9.7490110E+0,3.8291846E+3,0.0000000E+0
11242603,29/9/2021,5:33:00 AM,-3.9790302E+1,-7.9890313E+0,3.8291846E+3,0.0000000E+0
11242604,29/9/2021,5:33:00 AM,-3.4470745E+1,-6.8936963E+0,3.8300774E+3,0.0000000E+0
11242605,29/9/2021,5:33:00 AM,-2.9284174E+1,-4.7617922E+0,3.8327556E+3,0.0000000E+0
11242606,29/9/2021,5:33:01 AM,-2.4549767E+1,-2.8532329E+0,3.8318628E+3,0.0000000E+0
11242607,29/9/2021,5:33:01 AM,-2.0187727E+1,-1.1254056E+0,3.8336484E+3,0.0000000E+0
11242608,29/9/2021,5:33:01 AM,-1.4286467E+1,-2.0076533E-1,3.8345413E+3,0.0000000E+0
11242609,29/9/2021,5:33:01 AM,-9.1112404E+0,8.4358758E-1,3.8354341E+3,0.0000000E+0
11242610,29/9/2021,5:33:01 AM,-3.7157607E+0,1.0511489E+0,3.8363269E+3,0.0000000E+0
11242611,29/9/2021,5:33:01 AM,1.7113098E+0,2.0796407E-2,3.8363269E+3,0.0000000E+0
11242612,29/9/2021,5:33:01 AM,5.0665865E+0,-2.0502608E+0,3.8345413E+3,0.0000000E+0
11242613,29/9/2021,5:33:01 AM,8.8718176E+0,-4.6345019E+0,3.8363269E+3,0.0000000E+0
11242614,29/9/2021,5:33:01 AM,1.3236688E+1,-7.1781645E+0,3.8354341E+3,0.0000000E+0
11242615,29/9/2021,5:33:01 AM,1.5780890E+1,-9.1800747E+0,3.8345413E+3,0.0000000E+0
11242616,29/9/2021,5:33:02 AM,1.7085878E+1,-1.1809410E+1,3.8363269E+3,0.0000000E+0
11242617,29/9/2021,5:33:02 AM,1.8882870E+1,-1.5778669E+1,3.8318628E+3,0.0000000E+0
11242618,29/9/2021,5:33:02 AM,1.9972113E+1,-1.8612715E+1,3.8327556E+3,0.0000000E+0
11242619,29/9/2021,5:33:02 AM,1.9856348E+1,-2.0587284E+1,3.8327556E+3,0.0000000E+0
11242620,29/9/2021,5:33:02 AM,2.1065454E+1,-2.3678062E+1,3.8327556E+3,0.0000000E+0
11242621,29/9/2021,5:33:02 AM,1.9961588E+1,-2.6365698E+1,3.8300774E+3,0.0000000E+0
11242622,29/9/2021,5:33:02 AM,1.8588194E+1,-2.9080212E+1,3.8291846E+3,0.0000000E+0
11242623,29/9/2021,5:33:02 AM,1.8435595E+1,-3.0020882E+1,3.8309702E+3,0.0000000E+0
11242624,29/9/2021,5:33:02 AM,1.6004528E+1,-2.9913378E+1,3.8309702E+3,0.0000000E+0
11242625,29/9/2021,5:33:02 AM,1.3444540E+1,-3.0450903E+1,3.8309702E+3,0.0000000E+0
11242626,29/9/2021,5:33:03 AM,1.1000317E+1,-3.0128386E+1,3.8309702E+3,0.0000000E+0
11242627,29/9/2021,5:33:03 AM,7.4484324E+0,-2.9967129E+1,3.8291846E+3,0.0000000E+0
11242628,29/9/2021,5:33:03 AM,5.2448473E+0,-2.9107084E+1,3.8309702E+3,0.0000000E+0
11242629,29/9/2021,5:33:03 AM,2.2421329E+0,-2.7870773E+1,3.8309702E+3,0.0000000E+0
11242630,29/9/2021,5:33:03 AM,-3.9986022E+0,-2.5425028E+1,3.8309702E+3,0.0000000E+0
11242631,29/9/2021,5:33:03 AM,-9.1612301E+0,-2.3973703E+1,3.8309702E+3,0.0000000E+0
11242632,29/9/2021,5:33:03 AM,-1.3515577E+1,-2.3059908E+1,3.8300774E+3,0.0000000E+0
11242633,29/9/2021,5:33:03 AM,-1.9937908E+1,-2.1151688E+1,3.8300774E+3,0.0000000E+0
11242634,29/9/2021,5:33:03 AM,-2.5347700E+1,-2.0345396E+1,3.8291846E+3,0.0000000E+0
11242635,29/9/2021,5:33:03 AM,-3.0906639E+1,-1.8950354E+1,3.8291846E+3,0.0000000E+0
11242636,29/9/2021,5:33:04 AM,-3.8221031E+1,-1.7256840E+1,3.8273987E+3,0.0000000E+0
11242637,29/9/2021,5:33:04 AM,-4.3779972E+1,-1.6392801E+1,3.8273987E+3,0.0000000E+0
11242638,29/9/2021,5:33:04 AM,-4.5907795E+1,-1.6087065E+1,3.8273987E+3,0.0000000E+0
11242639,29/9/2021,5:33:04 AM,-4.9312313E+1,-1.4856142E+1,3.8256133E+3,0.0000000E+0
11242640,29/9/2021,5:33:04 AM,-5.1599724E+1,-1.2567104E+1,3.8282915E+3,0.0000000E+0
11242641,29/9/2021,5:33:04 AM,-5.4525482E+1,-1.0559877E+1,3.8273987E+3,0.0000000E+0
11242642,29/9/2021,5:33:04 AM,-5.5642586E+1,-9.7011566E+0,3.8273987E+3,0.0000000E+0
11242643,29/9/2021,5:33:04 AM,-5.4020123E+1,-8.5499916E+0,3.8291846E+3,0.0000000E+0
11242644,29/9/2021,5:33:04 AM,-5.2025288E+1,-8.3718662E+0,3.8282915E+3,0.0000000E+0
11242645,29/9/2021,5:33:04 AM,-4.9152725E+1,-7.3855338E+0,3.8309702E+3,0.0000000E+0
11242646,29/9/2021,5:33:05 AM,-4.6200371E+1,-6.8644524E+0,3.8309702E+3,0.0000000E+0
11242647,29/9/2021,5:33:05 AM,-4.3779972E+1,-7.6301227E+0,3.8309702E+3,0.0000000E+0
11242648,29/9/2021,5:33:05 AM,-3.9072163E+1,-1.0060065E+1,3.8309702E+3,0.0000000E+0
11242649,29/9/2021,5:33:05 AM,-3.3486626E+1,-1.2891451E+1,3.8309702E+3,0.0000000E+0
11242650,29/9/2021,5:33:05 AM,-2.8911804E+1,-1.4438745E+1,3.8318628E+3,0.0000000E+0
11242651,29/9/2021,5:33:05 AM,-2.5108320E+1,-1.6546999E+1,3.8309702E+3,0.0000000E+0
11242652,29/9/2021,5:33:05 AM,-2.2980495E+1,-1.9495363E+1,3.8282915E+3,0.0000000E+0
11242653,29/9/2021,5:33:05 AM,-2.1012259E+1,-2.2199863E+1,3.8273987E+3,0.0000000E+0
11242654,29/9/2021,5:33:05 AM,-1.7133238E+1,-2.4457478E+1,3.8300774E+3,0.0000000E+0
11242655,29/9/2021,5:33:05 AM,-1.3707643E+1,-2.6285069E+1,3.8291846E+3,0.0000000E+0
11242656,29/9/2021,5:33:06 AM,-1.1076616E+1,-2.7413877E+1,3.8291846E+3,0.0000000E+0
11242657,29/9/2021,5:33:06 AM,-9.4848461E+0,-2.8273918E+1,3.8291846E+3,0.0000000E+0
11242658,29/9/2021,5:33:06 AM,-7.9193864E+0,-3.0504656E+1,3.8273987E+3,0.0000000E+0
11242659,29/9/2021,5:33:06 AM,-3.9550271E+0,-3.2332249E+1,3.8282915E+3,0.0000000E+0
11242660,29/9/2021,5:33:06 AM,5.4539299E-1,-3.2439751E+1,3.8309702E+3,0.0000000E+0
11242661,29/9/2021,5:33:06 AM,4.7314544E+0,-3.4025459E+1,3.8300774E+3,0.0000000E+0
11242662,29/9/2021,5:33:06 AM,8.5218906E+0,-3.5879929E+1,3.8309702E+3,0.0000000E+0
11242663,29/9/2021,5:33:06 AM,1.1142392E+1,-3.7734394E+1,3.8282915E+3,0.0000000E+0
11242664,29/9/2021,5:33:06 AM,1.3297202E+1,-3.8325676E+1,3.8291846E+3,0.0000000E+0
11242665,29/9/2021,5:33:06 AM,1.6117661E+1,-3.7600010E+1,3.8309702E+3,0.0000000E+0
11242666,29/9/2021,5:33:07 AM,1.7017471E+1,-3.6336823E+1,3.8309702E+3,0.0000000E+0
11242667,29/9/2021,5:33:07 AM,1.6370239E+1,-3.4428600E+1,3.8327556E+3,0.0000000E+0
11242668,29/9/2021,5:33:07 AM,1.3355083E+1,-3.3219170E+1,3.8300774E+3,0.0000000E+0
11242669,29/9/2021,5:33:07 AM,1.0097876E+1,-3.1149689E+1,3.8309702E+3,0.0000000E+0
11242670,29/9/2021,5:33:07 AM,6.1565990E+0,-2.8112659E+1,3.8291846E+3,0.0000000E+0
11242671,29/9/2021,5:33:07 AM,1.1725641E+0,-2.4753117E+1,3.8309702E+3,0.0000000E+0
11242672,29/9/2021,5:33:07 AM,-3.5271997E+0,-2.1662338E+1,3.8291846E+3,0.0000000E+0
11242673,29/9/2021,5:33:07 AM,-9.7084827E+0,-1.7876287E+1,3.8309702E+3,0.0000000E+0
11242674,29/9/2021,5:33:07 AM,-1.4781100E+1,-1.4085154E+1,3.8309702E+3,0.0000000E+0
11242675,29/9/2021,5:33:07 AM,-1.8680279E+1,-1.0990568E+1,3.8291846E+3,0.0000000E+0
11242676,29/9/2021,5:33:08 AM,-2.1570812E+1,-8.2150106E+0,3.8327556E+3,0.0000000E+0
11242677,29/9/2021,5:33:08 AM,-2.3485853E+1,-4.7065535E+0,3.8309702E+3,0.0000000E+0
11242678,29/9/2021,5:33:08 AM,-2.6863773E+1,-2.6779079E+0,3.8327556E+3,0.0000000E+0
11242679,29/9/2021,5:33:08 AM,-2.8885206E+1,-1.0339547E+0,3.8327556E+3,0.0000000E+0
11242680,29/9/2021,5:33:08 AM,-2.9895924E+1,5.8016646E-1,3.8327556E+3,0.0000000E+0
11242681,29/9/2021,5:33:08 AM,-3.2555702E+1,2.5089874E+0,3.8327556E+3,0.0000000E+0
11242682,29/9/2021,5:33:08 AM,-3.4311157E+1,3.8307292E+0,3.8354341E+3,0.0000000E+0
11242683,29/9/2021,5:33:08 AM,-3.6678360E+1,3.5505295E+0,3.8345413E+3,0.0000000E+0
11242684,29/9/2021,5:33:08 AM,-4.0694626E+1,3.0085433E+0,3.8309702E+3,0.0000000E+0
11242685,29/9/2021,5:33:08 AM,-4.3726776E+1,1.4858586E+0,3.8327556E+3,0.0000000E+0
11242686,29/9/2021,5:33:09 AM,-4.6519543E+1,-6.8094903E-1,3.8309702E+3,0.0000000E+0
11242687,29/9/2021,5:33:09 AM,-4.8487782E+1,-3.0829966E+0,3.8291846E+3,0.0000000E+0
11242688,29/9/2021,5:33:09 AM,-4.9844269E+1,-5.0996332E+0,3.8309702E+3,0.0000000E+0
11242689,29/9/2021,5:33:09 AM,-5.1147560E+1,-8.4064283E+0,3.8273987E+3,0.0000000E+0
11242690,29/9/2021,5:33:09 AM,-5.0721992E+1,-1.3042991E+1,3.8273987E+3,0.0000000E+0
11242691,29/9/2021,5:33:09 AM,-4.9152725E+1,-1.6905907E+1,3.8265059E+3,0.0000000E+0
11242692,29/9/2021,5:33:09 AM,-4.5030071E+1,-2.0587284E+1,3.8291846E+3,0.0000000E+0
11242693,29/9/2021,5:33:09 AM,-4.1093597E+1,-2.4108086E+1,3.8273987E+3,0.0000000E+0
11242694,29/9/2021,5:33:09 AM,-3.6545372E+1,-2.7978279E+1,3.8265059E+3,0.0000000E+0
11242695,29/9/2021,5:33:09 AM,-3.0986431E+1,-3.1445328E+1,3.8273987E+3,0.0000000E+0
11242696,29/9/2021,5:33:10 AM,-2.5640276E+1,-3.4562984E+1,3.8256133E+3,0.0000000E+0
11242697,29/9/2021,5:33:10 AM,-1.9921749E+1,-3.6901226E+1,3.8291846E+3,0.0000000E+0
11242698,29/9/2021,5:33:10 AM,-1.5304674E+1,-3.9965130E+1,3.8273987E+3,0.0000000E+0
11242699,29/9/2021,5:33:10 AM,-1.0881921E+1,-4.2625889E+1,3.8282915E+3,0.0000000E+0
11242700,29/9/2021,5:33:10 AM,-6.7748899E+0,-4.5851051E+1,3.8273987E+3,0.0000000E+0
11242701,29/9/2021,5:33:10 AM,-3.8567853E+0,-4.8458057E+1,3.8256133E+3,0.0000000E+0
11242702,29/9/2021,5:33:10 AM,-1.2960670E+0,-4.9264347E+1,3.8273987E+3,0.0000000E+0
11242703,29/9/2021,5:33:10 AM,1.0053945E+0,-5.0581287E+1,3.8247205E+3,0.0000000E+0
11242704,29/9/2021,5:33:10 AM,2.8632748E+0,-5.0957554E+1,3.8273987E+3,0.0000000E+0
11242705,29/9/2021,5:33:10 AM,5.0507407E+0,-4.9882504E+1,3.8247205E+3,0.0000000E+0
11242706,29/9/2021,5:33:11 AM,6.2144818E+0,-4.6496086E+1,3.8291846E+3,0.0000000E+0
11242707,29/9/2021,5:33:11 AM,7.3168812E+0,-4.3942829E+1,3.8273987E+3,0.0000000E+0
11242708,29/9/2021,5:33:11 AM,8.6192389E+0,-4.1577713E+1,3.8273987E+3,0.0000000E+0
11242709,29/9/2021,5:33:11 AM,9.7111139E+0,-3.6578709E+1,3.8291846E+3,0.0000000E+0
11242710,29/9/2021,5:33:11 AM,1.0250475E+1,-3.1687216E+1,3.8291846E+3,0.0000000E+0
11242711,29/9/2021,5:33:11 AM,1.0345191E+1,-2.6795719E+1,3.8327556E+3,0.0000000E+0
11242712,29/9/2021,5:33:11 AM,9.8637133E+0,-2.1312944E+1,3.8309702E+3,0.0000000E+0
11242713,29/9/2021,5:33:11 AM,8.8797102E+0,-1.6390142E+1,3.8327556E+3,0.0000000E+0
11242714,29/9/2021,5:33:11 AM,7.1458645E+0,-1.0602415E+1,3.8345413E+3,0.0000000E+0
11242715,29/9/2021,5:33:11 AM,4.5516086E+0,-5.4046507E+0,3.8345413E+3,0.0000000E+0
11242716,29/9/2021,5:33:12 AM,1.7453774E+0,-7.9986185E-4,3.8363269E+3,0.0000000E+0
11242717,29/9/2021,5:33:12 AM,-1.4132197E+0,4.4751883E+0,3.8363269E+3,0.0000000E+0
11242718,29/9/2021,5:33:12 AM,-4.0017715E+0,8.0581541E+0,3.8363269E+3,0.0000000E+0
11242719,29/9/2021,5:33:12 AM,-7.7588935E+0,1.1057032E+1,3.8354341E+3,0.0000000E+0
11242720,29/9/2021,5:33:12 AM,-1.1079247E+1,1.2933990E+1,3.8363269E+3,0.0000000E+0
11242721,29/9/2021,5:33:12 AM,-1.3789203E+1,1.4489258E+1,3.8363269E+3,0.0000000E+0
11242722,29/9/2021,5:33:12 AM,-1.8290888E+1,1.5236319E+1,3.8345413E+3,0.0000000E+0
11242723,29/9/2021,5:33:12 AM,-2.0719683E+1,1.5355954E+1,3.8363269E+3,0.0000000E+0
11242724,29/9/2021,5:33:12 AM,-2.2022976E+1,1.5563324E+1,3.8372195E+3,0.0000000E+0
11242725,29/9/2021,5:33:12 AM,-2.5879654E+1,1.3697001E+1,3.8309702E+3,0.0000000E+0
11242726,29/9/2021,5:33:13 AM,-2.6411612E+1,1.1897143E+1,3.8345413E+3,0.0000000E+0
11242727,29/9/2021,5:33:13 AM,-2.7927687E+1,9.3741512E+0,3.8327556E+3,0.0000000E+0
11242728,29/9/2021,5:33:13 AM,-2.8379848E+1,6.6889858E+0,3.8327556E+3,0.0000000E+0
11242729,29/9/2021,5:33:13 AM,-2.8113871E+1,4.5408349E+0,3.8345413E+3,0.0000000E+0
11242730,29/9/2021,5:33:13 AM,-2.9337368E+1,5.5990326E-1,3.8291846E+3,0.0000000E+0
11242731,29/9/2021,5:33:13 AM,-2.8725620E+1,-3.7947037E+0,3.8309702E+3,0.0000000E+0
11242732,29/9/2021,5:33:13 AM,-2.6145634E+1,-7.1010656E+0,3.8327556E+3,0.0000000E+0
11242733,29/9/2021,5:33:13 AM,-2.4895538E+1,-1.0679513E+1,3.8309702E+3,0.0000000E+0
11242734,29/9/2021,5:33:13 AM,-2.4017809E+1,-1.4422793E+1,3.8318628E+3,0.0000000E+0
11242735,29/9/2021,5:33:13 AM,-2.3698635E+1,-1.9476753E+1,3.8291846E+3,0.0000000E+0
11242736,29/9/2021,5:33:14 AM,-2.2475138E+1,-2.4000580E+1,3.8291846E+3,0.0000000E+0
11242737,29/9/2021,5:33:14 AM,-2.2475138E+1,-2.8005156E+1,3.8291846E+3,0.0000000E+0
11242738,29/9/2021,5:33:14 AM,-2.1251638E+1,-3.2332249E+1,3.8291846E+3,0.0000000E+0
11242739,29/9/2021,5:33:14 AM,-2.2076170E+1,-3.5584286E+1,3.8291846E+3,0.0000000E+0
11242740,29/9/2021,5:33:14 AM,-2.4310387E+1,-4.0180141E+1,3.8247205E+3,0.0000000E+0
11242741,29/9/2021,5:33:14 AM,-2.4922134E+1,-4.3808449E+1,3.8273987E+3,0.0000000E+0
11242742,29/9/2021,5:33:14 AM,-2.6438210E+1,-4.7114239E+1,3.8238276E+3,0.0000000E+0
11242743,29/9/2021,5:33:14 AM,-2.7475525E+1,-5.0339401E+1,3.8229348E+3,0.0000000E+0
11242744,29/9/2021,5:33:14 AM,-2.6358414E+1,-5.2408882E+1,3.8256133E+3,0.0000000E+0
11242745,29/9/2021,5:33:14 AM,-2.8113871E+1,-5.5284649E+1,3.8202566E+3,0.0000000E+0
11242746,29/9/2021,5:33:15 AM,-2.8273458E+1,-5.7192875E+1,3.8220420E+3,0.0000000E+0
11242747,29/9/2021,5:33:15 AM,-2.6943567E+1,-5.7676643E+1,3.8220420E+3,0.0000000E+0
11242748,29/9/2021,5:33:15 AM,-2.6092438E+1,-5.6870350E+1,3.8220420E+3,0.0000000E+0
11242749,29/9/2021,5:33:15 AM,-2.4576363E+1,-5.3053913E+1,3.8273987E+3,0.0000000E+0
11242750,29/9/2021,5:33:15 AM,-2.3007093E+1,-5.0661915E+1,3.8238276E+3,0.0000000E+0
11242751,29/9/2021,5:33:15 AM,-2.3219875E+1,-4.7974285E+1,3.8247205E+3,0.0000000E+0
11242752,29/9/2021,5:33:15 AM,-2.2342150E+1,-4.5743546E+1,3.8238276E+3,0.0000000E+0
11242753,29/9/2021,5:33:15 AM,-2.0453705E+1,-4.0744545E+1,3.8291846E+3,0.0000000E+0
11242754,29/9/2021,5:33:15 AM,-1.9932648E+1,-3.5423027E+1,3.8300774E+3,0.0000000E+0
11242755,29/9/2021,5:33:15 AM,-2.1358030E+1,-3.2386002E+1,3.8273987E+3,0.0000000E+0
11242756,29/9/2021,5:33:16 AM,-2.1570812E+1,-2.9510231E+1,3.8273987E+3,0.0000000E+0
11242757,29/9/2021,5:33:16 AM,-2.1677204E+1,-2.5478777E+1,3.8273987E+3,0.0000000E+0
11242758,29/9/2021,5:33:16 AM,-2.1038857E+1,-2.0291643E+1,3.8309702E+3,0.0000000E+0
11242759,29/9/2021,5:33:16 AM,-2.0347313E+1,-1.3875127E+1,3.8318628E+3,0.0000000E+0
11242760,29/9/2021,5:33:16 AM,-2.2209160E+1,-1.0639635E+1,3.8300774E+3,0.0000000E+0
11242761,29/9/2021,5:33:16 AM,-2.1411226E+1,-7.4599738E+0,3.8309702E+3,0.0000000E+0
11242762,29/9/2021,5:33:16 AM,-1.9238058E+1,-3.9027803E+0,3.8309702E+3,0.0000000E+0
11242763,29/9/2021,5:33:16 AM,-1.7041149E+1,-6.9854602E-2,3.8327556E+3,0.0000000E+0
11242764,29/9/2021,5:33:16 AM,-1.3539257E+1,2.8676431E+0,3.8363269E+3,0.0000000E+0
11242765,29/9/2021,5:33:16 AM,-9.4243326E+0,4.8826785E+0,3.8345413E+3,0.0000000E+0
11242766,29/9/2021,5:33:17 AM,-7.7904654E+0,6.5321298E+0,3.8354341E+3,0.0000000E+0
11242767,29/9/2021,5:33:17 AM,-5.3874569E+0,7.4440227E+0,3.8345413E+3,0.0000000E+0
11242768,29/9/2021,5:33:17 AM,-2.2191570E+0,8.7919216E+0,3.8372195E+3,0.0000000E+0
11242769,29/9/2021,5:33:17 AM,-1.9314353E-1,1.0174383E+1,3.8381123E+3,0.0000000E+0
11242770,29/9/2021,5:33:17 AM,1.1915787E+0,9.6533022E+0,3.8390051E+3,0.0000000E+0
11242771,29/9/2021,5:33:17 AM,1.3460720E+0,8.4463072E+0,3.8363269E+3,0.0000000E+0
11242772,29/9/2021,5:33:17 AM,3.7467737E-2,5.3809648E+0,3.8345413E+3,0.0000000E+0
11242773,29/9/2021,5:33:17 AM,-8.4803730E-1,2.3256569E+0,3.8345413E+3,0.0000000E+0
11242774,29/9/2021,5:33:17 AM,-2.6826365E+0,-1.4213545E+0,3.8336484E+3,0.0000000E+0
11242775,29/9/2021,5:33:17 AM,-3.4471800E+0,-3.9259970E+0,3.8354341E+3,0.0000000E+0
11242776,29/9/2021,5:33:18 AM,-5.3026838E+0,-7.2446289E+0,3.8327556E+3,0.0000000E+0
11242777,29/9/2021,5:33:18 AM,-8.9928446E+0,-1.2686742E+1,3.8282915E+3,0.0000000E+0
11242778,29/9/2021,5:33:18 AM,-1.0929278E+1,-1.6350264E+1,3.8309702E+3,0.0000000E+0
11242779,29/9/2021,5:33:18 AM,-1.1331826E+1,-1.9633610E+1,3.8291846E+3,0.0000000E+0
11242780,29/9/2021,5:33:18 AM,-1.2678911E+1,-2.2495504E+1,3.8309702E+3,0.0000000E+0
11242781,29/9/2021,5:33:18 AM,-1.2894655E+1,-2.6419453E+1,3.8282915E+3,0.0000000E+0
11242782,29/9/2021,5:33:18 AM,-1.5325722E+1,-3.0155264E+1,3.8273987E+3,0.0000000E+0
11242783,29/9/2021,5:33:18 AM,-1.5920334E+1,-3.2896652E+1,3.8256133E+3,0.0000000E+0
11242784,29/9/2021,5:33:18 AM,-1.5486215E+1,-3.3192291E+1,3.8291846E+3,0.0000000E+0
11242785,29/9/2021,5:33:18 AM,-1.7004316E+1,-3.3595436E+1,3.8291846E+3,0.0000000E+0
11242786,29/9/2021,5:33:19 AM,-1.8246161E+1,-3.4724243E+1,3.8273987E+3,0.0000000E+0
11242787,29/9/2021,5:33:19 AM,-2.0011578E+1,-3.6551834E+1,3.8256133E+3,0.0000000E+0
11242788,29/9/2021,5:33:19 AM,-2.2288952E+1,-3.6578709E+1,3.8238276E+3,0.0000000E+0
11242789,29/9/2021,5:33:19 AM,-2.3485853E+1,-3.4267345E+1,3.8282915E+3,0.0000000E+0
11242790,29/9/2021,5:33:19 AM,-2.4815744E+1,-3.2654762E+1,3.8273987E+3,0.0000000E+0
11242791,29/9/2021,5:33:19 AM,-2.5720068E+1,-3.1579712E+1,3.8282915E+3,0.0000000E+0
11242792,29/9/2021,5:33:19 AM,-2.7555317E+1,-3.0020882E+1,3.8256133E+3,0.0000000E+0
11242793,29/9/2021,5:33:19 AM,-2.9629944E+1,-2.7924528E+1,3.8273987E+3,0.0000000E+0
11242794,29/9/2021,5:33:19 AM,-2.9044792E+1,-2.5881924E+1,3.8273987E+3,0.0000000E+0
11242795,29/9/2021,5:33:19 AM,-2.7448927E+1,-2.2818020E+1,3.8291846E+3,0.0000000E+0
11242796,29/9/2021,5:33:20 AM,-2.7049957E+1,-1.9700073E+1,3.8309702E+3,0.0000000E+0
11242797,29/9/2021,5:33:20 AM,-2.6039242E+1,-1.9264067E+1,3.8273987E+3,0.0000000E+0
11242798,29/9/2021,5:33:20 AM,-2.4789146E+1,-1.8049095E+1,3.8291846E+3,0.0000000E+0
11242799,29/9/2021,5:33:20 AM,-2.3060289E+1,-1.6414070E+1,3.8291846E+3,0.0000000E+0
11242800,29/9/2021,5:33:20 AM,-2.1624008E+1,-1.4178205E+1,3.8309702E+3,0.0000000E+0
11242801,29/9/2021,5:33:20 AM,-1.8635551E+1,-1.2160342E+1,3.8327556E+3,0.0000000E+0
11242802,29/9/2021,5:33:20 AM,-1.7867292E+1,-1.1663188E+1,3.8291846E+3,0.0000000E+0
11242803,29/9/2021,5:33:20 AM,-1.7206905E+1,-1.0711417E+1,3.8309702E+3,0.0000000E+0
11242804,29/9/2021,5:33:20 AM,-1.5409916E+1,-9.1641235E+0,3.8327556E+3,0.0000000E+0
11242805,29/9/2021,5:33:20 AM,-1.3920755E+1,-8.3505983E+0,3.8327556E+3,0.0000000E+0
11242806,29/9/2021,5:33:21 AM,-1.1808042E+1,-7.3961682E+0,3.8345413E+3,0.0000000E+0
11242807,29/9/2021,5:33:21 AM,-1.0850348E+1,-8.6988716E+0,3.8318628E+3,0.0000000E+0
11242808,29/9/2021,5:33:21 AM,-1.0287309E+1,-1.0304654E+1,3.8309702E+3,0.0000000E+0
11242809,29/9/2021,5:33:21 AM,-7.7141662E+0,-1.1368086E+1,3.8327556E+3,0.0000000E+0
11242810,29/9/2021,5:33:21 AM,-7.3984427E+0,-1.1615334E+1,3.8327556E+3,0.0000000E+0
11242811,29/9/2021,5:33:21 AM,-6.9590621E+0,-1.3548120E+1,3.8327556E+3,0.0000000E+0
11242812,29/9/2021,5:33:21 AM,-6.0355721E+0,-1.7070740E+1,3.8309702E+3,0.0000000E+0
11242813,29/9/2021,5:33:21 AM,-6.6933284E+0,-1.8801474E+1,3.8309702E+3,0.0000000E+0
11242814,29/9/2021,5:33:21 AM,-7.2484751E+0,-2.0152031E+1,3.8309702E+3,0.0000000E+0
11242815,29/9/2021,5:33:21 AM,-7.8772898E+0,-2.1823595E+1,3.8318628E+3,0.0000000E+0
11242816,29/9/2021,5:33:22 AM,-7.2432127E+0,-2.4027456E+1,3.8309702E+3,0.0000000E+0
11242817,29/9/2021,5:33:22 AM,-8.4192810E+0,-2.6500080E+1,3.8291846E+3,0.0000000E+0
11242818,29/9/2021,5:33:22 AM,-9.9084415E+0,-2.8596437E+1,3.8291846E+3,0.0000000E+0
11242819,29/9/2021,5:33:22 AM,-1.0563566E+1,-3.0370275E+1,3.8291846E+3,0.0000000E+0
11242820,29/9/2021,5:33:22 AM,-1.2278996E+1,-3.1391577E+1,3.8291846E+3,0.0000000E+0
11242821,29/9/2021,5:33:22 AM,-1.4683752E+1,-3.1230318E+1,3.8291846E+3,0.0000000E+0
11242822,29/9/2021,5:33:22 AM,-1.7677858E+1,-3.2547260E+1,3.8282915E+3,0.0000000E+0
11242823,29/9/2021,5:33:22 AM,-2.1225040E+1,-3.3407299E+1,3.8256133E+3,0.0000000E+0
11242824,29/9/2021,5:33:22 AM,-2.2900702E+1,-3.2977280E+1,3.8273987E+3,0.0000000E+0
11242825,29/9/2021,5:33:22 AM,-2.5906252E+1,-3.2063484E+1,3.8265059E+3,0.0000000E+0
11242826,29/9/2021,5:33:23 AM,-2.8832010E+1,-3.0585287E+1,3.8273987E+3,0.0000000E+0
11242827,29/9/2021,5:33:23 AM,-3.0374683E+1,-2.9053333E+1,3.8273987E+3,0.0000000E+0
11242828,29/9/2021,5:33:23 AM,-3.3194050E+1,-2.7279493E+1,3.8273987E+3,0.0000000E+0
11242829,29/9/2021,5:33:23 AM,-3.4949505E+1,-2.5290644E+1,3.8273987E+3,0.0000000E+0
11242830,29/9/2021,5:33:23 AM,-3.5827232E+1,-2.3248043E+1,3.8265059E+3,0.0000000E+0
11242831,29/9/2021,5:33:23 AM,-3.6146404E+1,-2.0426025E+1,3.8291846E+3,0.0000000E+0
11242832,29/9/2021,5:33:23 AM,-3.5002701E+1,-1.7105301E+1,3.8318628E+3,0.0000000E+0
11242833,29/9/2021,5:33:23 AM,-3.5295277E+1,-1.5908940E+1,3.8273987E+3,0.0000000E+0
11242834,29/9/2021,5:33:23 AM,-3.4816517E+1,-1.3907028E+1,3.8291846E+3,0.0000000E+0
11242835,29/9/2021,5:33:23 AM,-3.2821682E+1,-1.1591407E+1,3.8300774E+3,0.0000000E+0
11242836,29/9/2021,5:33:24 AM,-3.1385401E+1,-9.5177145E+0,3.8309702E+3,0.0000000E+0
11242837,29/9/2021,5:33:24 AM,-2.8672422E+1,-9.0843658E+0,3.8309702E+3,0.0000000E+0
11242838,29/9/2021,5:33:24 AM,-2.6890371E+1,-9.4592257E+0,3.8291846E+3,0.0000000E+0
11242839,29/9/2021,5:33:24 AM,-2.6571198E+1,-8.6483583E+0,3.8309702E+3,0.0000000E+0
11242840,29/9/2021,5:33:24 AM,-2.3991213E+1,-8.6510172E+0,3.8309702E+3,0.0000000E+0
11242841,29/9/2021,5:33:24 AM,-2.0879269E+1,-8.3266706E+0,3.8336484E+3,0.0000000E+0
11242842,29/9/2021,5:33:24 AM,-1.8243528E+1,-8.8716803E+0,3.8318628E+3,0.0000000E+0
11242843,29/9/2021,5:33:24 AM,-1.5546729E+1,-1.0309971E+1,3.8318628E+3,0.0000000E+0
11242844,29/9/2021,5:33:24 AM,-1.3568196E+1,-1.1676481E+1,3.8291846E+3,0.0000000E+0
11242845,29/9/2021,5:33:24 AM,-1.1234478E+1,-1.2886134E+1,3.8309702E+3,0.0000000E+0
11242846,29/9/2021,5:33:25 AM,-7.2984638E+0,-1.3651806E+1,3.8336484E+3,0.0000000E+0
11242847,29/9/2021,5:33:25 AM,-3.6690166E+0,-1.4991729E+1,3.8327556E+3,0.0000000E+0
11242848,29/9/2021,5:33:25 AM,-9.1162694E-1,-1.7727407E+1,3.8318628E+3,0.0000000E+0
11242849,29/9/2021,5:33:25 AM,1.9553299E+0,-1.9349140E+1,3.8327556E+3,0.0000000E+0
11242850,29/9/2021,5:33:25 AM,3.5628519E+0,-2.0963552E+1,3.8309702E+3,0.0000000E+0
11242851,29/9/2021,5:33:25 AM,4.5072417E+0,-2.2253618E+1,3.8318628E+3,0.0000000E+0
11242852,29/9/2021,5:33:25 AM,7.1274476E+0,-2.3651188E+1,3.8345413E+3,0.0000000E+0
11242853,29/9/2021,5:33:25 AM,7.4168606E+0,-2.5747543E+1,3.8309702E+3,0.0000000E+0
11242854,29/9/2021,5:33:25 AM,6.1013474E+0,-2.8677065E+1,3.8291846E+3,0.0000000E+0
11242855,29/9/2021,5:33:25 AM,5.1442289E+0,-3.0370275E+1,3.8309702E+3,0.0000000E+0
11242856,29/9/2021,5:33:26 AM,2.8537676E+0,-3.0907803E+1,3.8291846E+3,0.0000000E+0
11242857,29/9/2021,5:33:26 AM,1.3056660E+0,-3.1284069E+1,3.8291846E+3,0.0000000E+0
11242858,29/9/2021,5:33:26 AM,4.2560178E-1,-3.0612160E+1,3.8300774E+3,0.0000000E+0
11242859,29/9/2021,5:33:26 AM,-2.9290335E+0,-3.0074636E+1,3.8273987E+3,0.0000000E+0
11242860,29/9/2021,5:33:26 AM,-6.4249635E+0,-2.8032032E+1,3.8291846E+3,0.0000000E+0
11242861,29/9/2021,5:33:26 AM,-7.2063780E+0,-2.5317520E+1,3.8291846E+3,0.0000000E+0
11242862,29/9/2021,5:33:26 AM,-8.8034105E+0,-2.2871773E+1,3.8309702E+3,0.0000000E+0
11242863,29/9/2021,5:33:26 AM,-9.4006538E+0,-2.1474203E+1,3.8309702E+3,0.0000000E+0
11242864,29/9/2021,5:33:26 AM,-1.0395181E+1,-2.0587284E+1,3.8291846E+3,0.0000000E+0
11242865,29/9/2021,5:33:26 AM,-1.2431595E+1,-1.9420921E+1,3.8291846E+3,0.0000000E+0
11242866,29/9/2021,5:33:27 AM,-1.3455063E+1,-1.7198351E+1,3.8309702E+3,0.0000000E+0
11242867,29/9/2021,5:33:27 AM,-1.3799728E+1,-1.5595228E+1,3.8327556E+3,0.0000000E+0
11242868,29/9/2021,5:33:27 AM,-1.5980848E+1,-1.4523820E+1,3.8309702E+3,0.0000000E+0
11242869,29/9/2021,5:33:27 AM,-1.9672176E+1,-1.2912720E+1,3.8309702E+3,0.0000000E+0
11242870,29/9/2021,5:33:27 AM,-2.3193277E+1,-1.0676855E+1,3.8318628E+3,0.0000000E+0
11242871,29/9/2021,5:33:27 AM,-2.8911804E+1,-7.7843208E+0,3.8309702E+3,0.0000000E+0
11242872,29/9/2021,5:33:27 AM,-3.3752602E+1,-6.3194432E+0,3.8318628E+3,0.0000000E+0
11242873,29/9/2021,5:33:27 AM,-3.7423100E+1,-5.1452661E+0,3.8309702E+3,0.0000000E+0
11242874,29/9/2021,5:33:27 AM,-4.2237301E+1,-4.1805787E+0,3.8300774E+3,0.0000000E+0
11242875,29/9/2021,5:33:27 AM,-4.6359959E+1,-4.3759174E+0,3.8291846E+3,0.0000000E+0
11242876,29/9/2021,5:33:28 AM,-4.8407990E+1,-4.8194337E+0,3.8300774E+3,0.0000000E+0
11242877,29/9/2021,5:33:28 AM,-5.0535812E+1,-6.5427637E+0,3.8282915E+3,0.0000000E+0
11242878,29/9/2021,5:33:28 AM,-5.0323032E+1,-8.6722860E+0,3.8291846E+3,0.0000000E+0
11242879,29/9/2021,5:33:28 AM,-4.7929230E+1,-1.1596724E+1,3.8273987E+3,0.0000000E+0
11242880,29/9/2021,5:33:28 AM,-4.6679131E+1,-1.3774100E+1,3.8273987E+3,0.0000000E+0
11242881,29/9/2021,5:33:28 AM,-4.3886364E+1,-1.5994014E+1,3.8282915E+3,0.0000000E+0
11242882,29/9/2021,5:33:28 AM,-4.0003086E+1,-1.8261782E+1,3.8282915E+3,0.0000000E+0
11242883,29/9/2021,5:33:28 AM,-3.5960220E+1,-1.9359776E+1,3.8291846E+3,0.0000000E+0
11242884,29/9/2021,5:33:28 AM,-3.2316322E+1,-2.1339821E+1,3.8291846E+3,0.0000000E+0
11242885,29/9/2021,5:33:28 AM,-2.8778816E+1,-2.4887499E+1,3.8291846E+3,0.0000000E+0
11242886,29/9/2021,5:33:29 AM,-2.6331820E+1,-2.6661337E+1,3.8273987E+3,0.0000000E+0
11242887,29/9/2021,5:33:29 AM,-2.4576363E+1,-2.7790144E+1,3.8291846E+3,0.0000000E+0
11242888,29/9/2021,5:33:29 AM,-2.1544214E+1,-2.9994005E+1,3.8282915E+3,0.0000000E+0
11242889,29/9/2021,5:33:29 AM,-1.6938541E+1,-3.3138538E+1,3.8282915E+3,0.0000000E+0
11242890,29/9/2021,5:33:29 AM,-1.3255106E+1,-3.5423027E+1,3.8273987E+3,0.0000000E+0
11242891,29/9/2021,5:33:29 AM,-1.0303095E+1,-3.7196869E+1,3.8273987E+3,0.0000000E+0
11242892,29/9/2021,5:33:29 AM,-7.5378871E+0,-3.9239468E+1,3.8265059E+3,0.0000000E+0
11242893,29/9/2021,5:33:29 AM,-2.6018248E+0,-3.9803871E+1,3.8273987E+3,0.0000000E+0
11242894,29/9/2021,5:33:29 AM,2.1827123E+0,-4.0798298E+1,3.8273987E+3,0.0000000E+0
11242895,29/9/2021,5:33:29 AM,7.5247326E+0,-4.1093937E+1,3.8282915E+3,0.0000000E+0
11242896,29/9/2021,5:33:30 AM,1.2400022E+1,-4.0233894E+1,3.8282915E+3,0.0000000E+0
11242897,29/9/2021,5:33:30 AM,1.4949486E+1,-3.8755695E+1,3.8291846E+3,0.0000000E+0
11242898,29/9/2021,5:33:30 AM,1.8814461E+1,-3.6014309E+1,3.8309702E+3,0.0000000E+0
11242899,29/9/2021,5:33:30 AM,2.2235758E+1,-3.3326672E+1,3.8318628E+3,0.0000000E+0
11242900,29/9/2021,5:33:30 AM,2.3299669E+1,-3.0235893E+1,3.8327556E+3,0.0000000E+0
11242901,29/9/2021,5:33:30 AM,2.4789146E+1,-2.6930103E+1,3.8345413E+3,0.0000000E+0
11242902,29/9/2021,5:33:30 AM,2.3060289E+1,-2.4296219E+1,3.8309702E+3,0.0000000E+0
11242903,29/9/2021,5:33:30 AM,2.0586695E+1,-1.8854645E+1,3.8354341E+3,0.0000000E+0
11242904,29/9/2021,5:33:30 AM,1.8306675E+1,-1.4497234E+1,3.8354341E+3,0.0000000E+0
11242905,29/9/2021,5:33:30 AM,1.4844244E+1,-1.2141733E+1,3.8327556E+3,0.0000000E+0
11242906,29/9/2021,5:33:31 AM,1.0003159E+1,-8.9913158E+0,3.8336484E+3,0.0000000E+0
11242907,29/9/2021,5:33:31 AM,4.4470286E+0,-5.4158583E+0,3.8309702E+3,0.0000000E+0
11242908,29/9/2021,5:33:31 AM,-4.9394083E-1,-7.2440821E-1,3.8363269E+3,0.0000000E+0
11242909,29/9/2021,5:33:31 AM,-4.2861972E+0,2.6186657E+0,3.8363269E+3,0.0000000E+0
11242910,29/9/2021,5:33:31 AM,-9.3848667E+0,4.4519715E+0,3.8345413E+3,0.0000000E+0
11242911,29/9/2021,5:33:31 AM,-1.6049255E+1,7.1941156E+0,3.8327556E+3,0.0000000E+0
11242912,29/9/2021,5:33:31 AM,-2.1437824E+1,9.0019503E+0,3.8327556E+3,0.0000000E+0
11242913,29/9/2021,5:33:31 AM,-2.4390179E+1,1.1166034E+1,3.8381123E+3,0.0000000E+0
11242914,29/9/2021,5:33:31 AM,-2.8752218E+1,1.1578114E+1,3.8345413E+3,0.0000000E+0
11242915,29/9/2021,5:33:31 AM,-3.2662094E+1,1.0815101E+1,3.8363269E+3,0.0000000E+0
11242916,29/9/2021,5:33:32 AM,-3.7875259E+1,8.8929482E+0,3.8327556E+3,0.0000000E+0
11242917,29/9/2021,5:33:32 AM,-4.3407600E+1,4.8194337E+0,3.8282915E+3,0.0000000E+0
11242918,29/9/2021,5:33:32 AM,-4.4551308E+1,1.9133631E+0,3.8345413E+3,0.0000000E+0
11242919,29/9/2021,5:33:32 AM,-4.6599339E+1,-1.4904092E-1,3.8309702E+3,0.0000000E+0
11242920,29/9/2021,5:33:32 AM,-5.0748592E+1,-4.7353740E+0,3.8300774E+3,0.0000000E+0
11242921,29/9/2021,5:33:32 AM,-5.3142395E+1,-1.0256800E+1,3.8273987E+3,0.0000000E+0
11242922,29/9/2021,5:33:32 AM,-5.5323414E+1,-1.5733474E+1,3.8256133E+3,0.0000000E+0
11242923,29/9/2021,5:33:32 AM,-5.6041553E+1,-1.9524607E+1,3.8273987E+3,0.0000000E+0
11242924,29/9/2021,5:33:32 AM,-5.5536198E+1,-2.3893074E+1,3.8256133E+3,0.0000000E+0
11242925,29/9/2021,5:33:32 AM,-5.5350010E+1,-2.7870773E+1,3.8256133E+3,0.0000000E+0
11242926,29/9/2021,5:33:33 AM,-5.5669186E+1,-3.1418451E+1,3.8238276E+3,0.0000000E+0
11242927,29/9/2021,5:33:33 AM,-5.5243626E+1,-3.5288647E+1,3.8238276E+3,0.0000000E+0
11242928,29/9/2021,5:33:33 AM,-5.1440136E+1,-3.9212593E+1,3.8238276E+3,0.0000000E+0
11242929,29/9/2021,5:33:33 AM,-4.7689846E+1,-4.1631466E+1,3.8247205E+3,0.0000000E+0
11242930,29/9/2021,5:33:33 AM,-4.3168224E+1,-4.3969707E+1,3.8256133E+3,0.0000000E+0
11242931,29/9/2021,5:33:33 AM,-3.9630714E+1,-4.5555412E+1,3.8256133E+3,0.0000000E+0
11242932,29/9/2021,5:33:33 AM,-3.5960220E+1,-4.8646194E+1,3.8220420E+3,0.0000000E+0
11242933,29/9/2021,5:33:33 AM,-3.2821682E+1,-5.0043762E+1,3.8247205E+3,0.0000000E+0
11242934,29/9/2021,5:33:33 AM,-2.7794699E+1,-5.2086365E+1,3.8238276E+3,0.0000000E+0
11242935,29/9/2021,5:33:33 AM,-2.1783594E+1,-5.3376431E+1,3.8256133E+3,0.0000000E+0
11242936,29/9/2021,5:33:34 AM,-1.8759211E+1,-5.4128967E+1,3.8247205E+3,0.0000000E+0
11242937,29/9/2021,5:33:34 AM,-1.7656811E+1,-5.4962132E+1,3.8220420E+3,0.0000000E+0
11242938,29/9/2021,5:33:34 AM,-1.6707010E+1,-5.4290222E+1,3.8220420E+3,0.0000000E+0
11242939,29/9/2021,5:33:34 AM,-1.2084299E+1,-5.0796299E+1,3.8265059E+3,0.0000000E+0
11242940,29/9/2021,5:33:34 AM,-7.3458228E+0,-4.7436756E+1,3.8273987E+3,0.0000000E+0
11242941,29/9/2021,5:33:34 AM,-5.3209057E+0,-4.5555412E+1,3.8256133E+3,0.0000000E+0
11242942,29/9/2021,5:33:34 AM,-2.4924910E+0,-4.2195866E+1,3.8256133E+3,0.0000000E+0
11242943,29/9/2021,5:33:34 AM,-2.9921415E-1,-3.7922527E+1,3.8265059E+3,0.0000000E+0
11242944,29/9/2021,5:33:34 AM,3.7823117E+0,-3.2977280E+1,3.8291846E+3,0.0000000E+0
11242945,29/9/2021,5:33:34 AM,9.6111355E+0,-2.7279493E+1,3.8327556E+3,0.0000000E+0
11242946,29/9/2021,5:33:35 AM,1.2660493E+1,-2.1957977E+1,3.8327556E+3,0.0000000E+0
11242947,29/9/2021,5:33:35 AM,1.4960010E+1,-1.7137203E+1,3.8327556E+3,0.0000000E+0
11242948,29/9/2021,5:33:35 AM,1.6462326E+1,-1.1918411E+1,3.8327556E+3,0.0000000E+0
11242949,29/9/2021,5:33:35 AM,1.6109768E+1,-6.9388928E+0,3.8336484E+3,0.0000000E+0
11242950,29/9/2021,5:33:35 AM,1.8040941E+1,-1.3035082E+0,3.8381123E+3,0.0000000E+0
11242951,29/9/2021,5:33:35 AM,1.9811621E+1,3.6329882E+0,3.8390051E+3,0.0000000E+0
11242952,29/9/2021,5:33:35 AM,1.8033047E+1,7.8109059E+0,3.8381123E+3,0.0000000E+0
11242953,29/9/2021,5:33:35 AM,1.5233637E+1,1.0929420E+1,3.8363269E+3,0.0000000E+0
11242954,29/9/2021,5:33:35 AM,1.2852558E+1,1.4130350E+1,3.8381123E+3,0.0000000E+0
11242955,29/9/2021,5:33:35 AM,1.0587246E+1,1.6749050E+1,3.8390051E+3,0.0000000E+0
11242956,29/9/2021,5:33:36 AM,9.3111982E+0,1.9112528E+1,3.8390051E+3,0.0000000E+0
11242957,29/9/2021,5:33:36 AM,7.5273628E+0,1.9673489E+1,3.8398979E+3,0.0000000E+0
11242958,29/9/2021,5:33:36 AM,4.3979077E+0,1.8748302E+1,3.8354341E+3,0.0000000E+0
11242959,29/9/2021,5:33:36 AM,2.5360661E+0,1.7746017E+1,3.8372195E+3,0.0000000E+0
11242960,29/9/2021,5:33:36 AM,1.1987091E+0,1.7464209E+1,3.8363269E+3,0.0000000E+0
11242961,29/9/2021,5:33:36 AM,1.8562957E+0,1.5249612E+1,3.8354341E+3,0.0000000E+0
11242962,29/9/2021,5:33:36 AM,3.3354697E+0,1.2210855E+1,3.8363269E+3,0.0000000E+0
11242963,29/9/2021,5:33:36 AM,2.7182889E+0,1.0352509E+1,3.8363269E+3,0.0000000E+0
11242964,29/9/2021,5:33:36 AM,1.8865795E-1,8.9115582E+0,3.8363269E+3,0.0000000E+0
11242965,29/9/2021,5:33:36 AM,-1.6897421E+0,5.4181848E+0,3.8345413E+3,0.0000000E+0
11242966,29/9/2021,5:33:37 AM,-3.5081851E+0,2.5690303E+0,3.8363269E+3,0.0000000E+0
11242967,29/9/2021,5:33:37 AM,-6.2960434E+0,-6.3215744E-1,3.8345413E+3,0.0000000E+0
11242968,29/9/2021,5:33:37 AM,-9.1059790E+0,-4.4007349E+0,3.8345413E+3,0.0000000E+0
11242969,29/9/2021,5:33:37 AM,-1.4965272E+1,-7.6779771E+0,3.8327556E+3,0.0000000E+0
11242970,29/9/2021,5:33:37 AM,-2.2448540E+1,-1.2149708E+1,3.8291846E+3,0.0000000E+0
11242971,29/9/2021,5:33:37 AM,-2.6278624E+1,-1.6714489E+1,3.8327556E+3,0.0000000E+0
11242972,29/9/2021,5:33:37 AM,-3.1731171E+1,-2.0775417E+1,3.8291846E+3,0.0000000E+0
11242973,29/9/2021,5:33:37 AM,-3.6864544E+1,-2.5828171E+1,3.8273987E+3,0.0000000E+0
11242974,29/9/2021,5:33:37 AM,-4.0880814E+1,-3.0504656E+1,3.8273987E+3,0.0000000E+0
11242975,29/9/2021,5:33:37 AM,-4.6679131E+1,-3.5664917E+1,3.8238276E+3,0.0000000E+0
11242976,29/9/2021,5:33:38 AM,-4.9711281E+1,-3.9830750E+1,3.8238276E+3,0.0000000E+0
11242977,29/9/2021,5:33:38 AM,-5.1972095E+1,-4.4534107E+1,3.8229348E+3,0.0000000E+0
11242978,29/9/2021,5:33:38 AM,-5.3062599E+1,-4.9801876E+1,3.8211492E+3,0.0000000E+0
11242979,29/9/2021,5:33:38 AM,-5.4525482E+1,-5.1763847E+1,3.8220420E+3,0.0000000E+0
11242980,29/9/2021,5:33:38 AM,-5.7398045E+1,-5.4747124E+1,3.8202566E+3,0.0000000E+0
11242981,29/9/2021,5:33:38 AM,-5.8648140E+1,-5.6977859E+1,3.8202566E+3,0.0000000E+0
11242982,29/9/2021,5:33:38 AM,-5.9525871E+1,-5.8456062E+1,3.8193638E+3,0.0000000E+0
11242983,29/9/2021,5:33:38 AM,-6.0563179E+1,-5.8079792E+1,3.8202566E+3,0.0000000E+0
11242984,29/9/2021,5:33:38 AM,-6.1547298E+1,-5.5714672E+1,3.8220420E+3,0.0000000E+0
11242985,29/9/2021,5:33:38 AM,-6.3089973E+1,-5.3215176E+1,3.8220420E+3,0.0000000E+0
11242986,29/9/2021,5:33:39 AM,-6.2238842E+1,-5.0043762E+1,3.8220420E+3,0.0000000E+0
11242987,29/9/2021,5:33:39 AM,-6.2105854E+1,-4.6576714E+1,3.8220420E+3,0.0000000E+0
11242988,29/9/2021,5:33:39 AM,-5.9845043E+1,-4.4883503E+1,3.8238276E+3,0.0000000E+0
11242989,29/9/2021,5:33:39 AM,-5.5562798E+1,-4.2115238E+1,3.8256133E+3,0.0000000E+0
11242990,29/9/2021,5:33:39 AM,-5.3328579E+1,-4.0153267E+1,3.8229348E+3,0.0000000E+0
11242991,29/9/2021,5:33:39 AM,-5.1413536E+1,-3.7895649E+1,3.8238276E+3,0.0000000E+0
11242992,29/9/2021,5:33:39 AM,-4.6838718E+1,-3.6793720E+1,3.8238276E+3,0.0000000E+0
11242993,29/9/2021,5:33:39 AM,-3.8779587E+1,-3.4939251E+1,3.8256133E+3,0.0000000E+0
11242994,29/9/2021,5:33:39 AM,-3.1358801E+1,-3.1015306E+1,3.8291846E+3,0.0000000E+0
11242995,29/9/2021,5:33:39 AM,-2.5932852E+1,-2.8462053E+1,3.8273987E+3,0.0000000E+0
11242996,29/9/2021,5:33:40 AM,-2.0240923E+1,-2.5640036E+1,3.8273987E+3,0.0000000E+0
11242997,29/9/2021,5:33:40 AM,-1.2994634E+1,-2.3059908E+1,3.8273987E+3,0.0000000E+0
11242998,29/9/2021,5:33:40 AM,-2.5978634E+0,-2.0426025E+1,3.8318628E+3,0.0000000E+0
11242999,29/9/2021,5:33:40 AM,7.5878768E+0,-1.6456608E+1,3.8345413E+3,0.0000000E+0
11243000,29/9/2021,5:33:40 AM,1.4183858E+1,-1.4576992E+1,3.8327556E+3,0.0000000E+0
11243001,29/9/2021,5:33:40 AM,2.1517618E+1,-1.2795743E+1,3.8363269E+3,0.0000000E+0
11243002,29/9/2021,5:33:40 AM,2.8778816E+1,-1.1559504E+1,3.8345413E+3,0.0000000E+0
11243003,29/9/2021,5:33:40 AM,3.4603733E+1,-1.0692806E+1,3.8363269E+3,0.0000000E+0
11243004,29/9/2021,5:33:40 AM,4.0082878E+1,-7.8906641E+0,3.8390051E+3,0.0000000E+0
11243005,29/9/2021,5:33:40 AM,4.2742657E+1,-6.6331558E+0,3.8381123E+3,0.0000000E+0
11243006,29/9/2021,5:33:41 AM,4.2662865E+1,-5.2253227E+0,3.8381123E+3,0.0000000E+0
11243007,29/9/2021,5:33:41 AM,4.2583069E+1,-3.1654553E+0,3.8372195E+3,0.0000000E+0
11243008,29/9/2021,5:33:41 AM,3.9923294E+1,-1.6202534E+0,3.8363269E+3,0.0000000E+0
11243009,29/9/2021,5:33:41 AM,3.7955055E+1,3.6340389E-1,3.8381123E+3,0.0000000E+0
11243010,29/9/2021,5:33:41 AM,3.5508060E+1,1.9309758E+0,3.8381123E+3,0.0000000E+0
11243011,29/9/2021,5:33:41 AM,3.0640659E+1,3.8291280E+0,3.8363269E+3,0.0000000E+0
11243012,29/9/2021,5:33:41 AM,2.4735949E+1,4.3182769E+0,3.8345413E+3,0.0000000E+0
11243013,29/9/2021,5:33:41 AM,2.0613293E+1,4.4727864E+0,3.8363269E+3,0.0000000E+0
11243014,29/9/2021,5:33:41 AM,1.7496317E+1,7.3031173E+0,3.8381123E+3,0.0000000E+0
11243015,29/9/2021,5:33:41 AM,1.4807410E+1,8.1910830E+0,3.8363269E+3,0.0000000E+0
11243016,29/9/2021,5:33:42 AM,1.1821197E+1,7.5689754E+0,3.8354341E+3,0.0000000E+0
11243017,29/9/2021,5:33:42 AM,8.3350878E+0,8.9168758E+0,3.8354341E+3,0.0000000E+0
11243018,29/9/2021,5:33:42 AM,4.5460629E+0,9.9058666E+0,3.8372195E+3,0.0000000E+0
11243019,29/9/2021,5:33:42 AM,1.6487203E+0,1.0469486E+1,3.8381123E+3,0.0000000E+0
11243020,29/9/2021,5:33:42 AM,-3.4725327E+0,1.0251483E+1,3.8363269E+3,0.0000000E+0
11243021,29/9/2021,5:33:42 AM,-7.8667655E+0,8.2389374E+0,3.8327556E+3,0.0000000E+0
11243022,29/9/2021,5:33:42 AM,-1.3865503E+1,9.1880512E+0,3.8381123E+3,0.0000000E+0
11243023,29/9/2021,5:33:42 AM,-2.3193277E+1,8.8211670E+0,3.8336484E+3,0.0000000E+0
11243024,29/9/2021,5:33:42 AM,-3.0294888E+1,7.0346017E+0,3.8345413E+3,0.0000000E+0
11243025,29/9/2021,5:33:42 AM,-3.8194435E+1,6.4895926E+0,3.8345413E+3,0.0000000E+0
11243026,29/9/2021,5:33:43 AM,-4.5907795E+1,2.2464004E+0,3.8309702E+3,0.0000000E+0
11243027,29/9/2021,5:33:43 AM,-5.1147560E+1,-1.6423830E+0,3.8309702E+3,0.0000000E+0
11243028,29/9/2021,5:33:43 AM,-5.7132065E+1,-5.7144713E+0,3.8291846E+3,0.0000000E+0
11243029,29/9/2021,5:33:43 AM,-6.2611210E+1,-1.1272377E+1,3.8273987E+3,0.0000000E+0
11243030,29/9/2021,5:33:43 AM,-6.4180481E+1,-1.7780579E+1,3.8273987E+3,0.0000000E+0
11243031,29/9/2021,5:33:43 AM,-6.6760468E+1,-2.4457478E+1,3.8238276E+3,0.0000000E+0
11243032,29/9/2021,5:33:43 AM,-6.6893456E+1,-3.0343397E+1,3.8256133E+3,0.0000000E+0
11243033,29/9/2021,5:33:43 AM,-6.5483772E+1,-3.6390579E+1,3.8238276E+3,0.0000000E+0
11243034,29/9/2021,5:33:43 AM,-6.4473061E+1,-4.3136539E+1,3.8202566E+3,0.0000000E+0
11243035,29/9/2021,5:33:43 AM,-6.3488941E+1,-4.8135544E+1,3.8220420E+3,0.0000000E+0
11243036,29/9/2021,5:33:44 AM,-6.1015343E+1,-5.3672070E+1,3.8202566E+3,0.0000000E+0
11243037,29/9/2021,5:33:44 AM,-5.9579060E+1,-5.6950981E+1,3.8202566E+3,0.0000000E+0
11243038,29/9/2021,5:33:44 AM,-5.7823608E+1,-5.9853626E+1,3.8211492E+3,0.0000000E+0
11243039,29/9/2021,5:33:44 AM,-5.6068153E+1,-6.2998161E+1,3.8202566E+3,0.0000000E+0
11243040,29/9/2021,5:33:44 AM,-5.3966930E+1,-6.4933258E+1,3.8202566E+3,0.0000000E+0
11243041,29/9/2021,5:33:44 AM,-5.1945496E+1,-6.6035187E+1,3.8211492E+3,0.0000000E+0
11243042,29/9/2021,5:33:44 AM,-4.8514378E+1,-6.6142700E+1,3.8220420E+3,0.0000000E+0
11243043,29/9/2021,5:33:44 AM,-4.6838718E+1,-6.6975861E+1,3.8184709E+3,0.0000000E+0
11243044,29/9/2021,5:33:44 AM,-4.4817287E+1,-6.7728401E+1,3.8193638E+3,0.0000000E+0
11243045,29/9/2021,5:33:44 AM,-4.0721226E+1,-6.5712677E+1,3.8238276E+3,0.0000000E+0
11243046,29/9/2021,5:33:45 AM,-3.7502892E+1,-6.4100098E+1,3.8220420E+3,0.0000000E+0
11243047,29/9/2021,5:33:45 AM,-3.4656929E+1,-6.2810032E+1,3.8202566E+3,0.0000000E+0
11243048,29/9/2021,5:33:45 AM,-2.8406446E+1,-6.0982433E+1,3.8202566E+3,0.0000000E+0
11243049,29/9/2021,5:33:45 AM,-2.3459255E+1,-5.7515388E+1,3.8220420E+3,0.0000000E+0
11243050,29/9/2021,5:33:45 AM,-1.6664913E+1,-5.2892651E+1,3.8247205E+3,0.0000000E+0
11243051,29/9/2021,5:33:45 AM,-8.5166292E+0,-4.8484936E+1,3.8256133E+3,0.0000000E+0
11243052,29/9/2021,5:33:45 AM,-2.6580760E+0,-4.4292225E+1,3.8256133E+3,0.0000000E+0
11243053,29/9/2021,5:33:45 AM,5.5055056E+0,-3.8352551E+1,3.8282915E+3,0.0000000E+0
11243054,29/9/2021,5:33:45 AM,1.4073354E+1,-3.2224743E+1,3.8309702E+3,0.0000000E+0
11243055,29/9/2021,5:33:45 AM,2.0985661E+1,-2.5640036E+1,3.8327556E+3,0.0000000E+0
11243056,29/9/2021,5:33:46 AM,2.8300056E+1,-1.8269758E+1,3.8345413E+3,0.0000000E+0
11243057,29/9/2021,5:33:46 AM,3.2688690E+1,-1.1442526E+1,3.8363269E+3,0.0000000E+0
11243058,29/9/2021,5:33:46 AM,3.5188885E+1,-4.3046670E+0,3.8372195E+3,0.0000000E+0
11243059,29/9/2021,5:33:46 AM,3.8593403E+1,3.5225098E+0,3.8398979E+3,0.0000000E+0
11243060,29/9/2021,5:33:46 AM,3.8221031E+1,1.1312256E+1,3.8416836E+3,0.0000000E+0
11243061,29/9/2021,5:33:46 AM,3.8088043E+1,1.7889582E+1,3.8416836E+3,0.0000000E+0
11243062,29/9/2021,5:33:46 AM,3.7103924E+1,2.3785568E+1,3.8434690E+3,0.0000000E+0
11243063,29/9/2021,5:33:46 AM,3.3247242E+1,2.9160839E+1,3.8407908E+3,0.0000000E+0
11243064,29/9/2021,5:33:46 AM,2.8699022E+1,3.3729820E+1,3.8434690E+3,0.0000000E+0
11243065,29/9/2021,5:33:46 AM,2.6039242E+1,3.7196869E+1,3.8452546E+3,0.0000000E+0
11243066,29/9/2021,5:33:47 AM,2.2820910E+1,3.9776997E+1,3.8425762E+3,0.0000000E+0
11243067,29/9/2021,5:33:47 AM,1.7530521E+1,3.9588860E+1,3.8425762E+3,0.0000000E+0
11243068,29/9/2021,5:33:47 AM,1.4389077E+1,3.8083786E+1,3.8416836E+3,0.0000000E+0
11243069,29/9/2021,5:33:47 AM,1.3031468E+1,3.6283070E+1,3.8434690E+3,0.0000000E+0
11243070,29/9/2021,5:33:47 AM,1.0155758E+1,3.0961554E+1,3.8363269E+3,0.0000000E+0
11243071,29/9/2021,5:33:47 AM,8.5639877E+0,2.6446325E+1,3.8390051E+3,0.0000000E+0
11243072,29/9/2021,5:33:47 AM,5.7751002E+0,2.2468628E+1,3.8398979E+3,0.0000000E+0
11243073,29/9/2021,5:33:47 AM,1.1567186E+0,1.7163790E+1,3.8345413E+3,0.0000000E+0
11243074,29/9/2021,5:33:47 AM,-2.8910043E+0,1.1580772E+1,3.8381123E+3,0.0000000E+0
11243075,29/9/2021,5:33:47 AM,-9.6348143E+0,6.1891727E+0,3.8327556E+3,0.0000000E+0
11243076,29/9/2021,5:33:48 AM,-1.7480532E+1,1.8261009E+0,3.8327556E+3,0.0000000E+0
11243077,29/9/2021,5:33:48 AM,-2.5666874E+1,-2.2055714E+0,3.8327556E+3,0.0000000E+0
11243078,29/9/2021,5:33:48 AM,-3.6385784E+1,-6.8697691E+0,3.8291846E+3,0.0000000E+0
11243079,29/9/2021,5:33:48 AM,-4.4471516E+1,-1.1184644E+1,3.8309702E+3,0.0000000E+0
11243080,29/9/2021,5:33:48 AM,-5.3089199E+1,-1.5076804E+1,3.8282915E+3,0.0000000E+0
11243081,29/9/2021,5:33:48 AM,-6.1174934E+1,-1.9006186E+1,3.8256133E+3,0.0000000E+0
11243082,29/9/2021,5:33:48 AM,-6.6281708E+1,-2.4296219E+1,3.8238276E+3,0.0000000E+0
11243083,29/9/2021,5:33:48 AM,-7.1042717E+1,-2.9322096E+1,3.8220420E+3,0.0000000E+0
11243084,29/9/2021,5:33:48 AM,-7.4686607E+1,-3.3595436E+1,3.8220420E+3,0.0000000E+0
11243085,29/9/2021,5:33:48 AM,-7.4819603E+1,-3.8863201E+1,3.8238276E+3,0.0000000E+0
11243086,29/9/2021,5:33:49 AM,-7.4660011E+1,-4.4775997E+1,3.8193638E+3,0.0000000E+0
11243087,29/9/2021,5:33:49 AM,-7.2026833E+1,-5.0339401E+1,3.8202566E+3,0.0000000E+0
11243088,29/9/2021,5:33:49 AM,-6.8968086E+1,-5.4854630E+1,3.8184709E+3,0.0000000E+0
11243089,29/9/2021,5:33:49 AM,-6.6175316E+1,-5.8294800E+1,3.8202566E+3,0.0000000E+0
11243090,29/9/2021,5:33:49 AM,-6.0829163E+1,-6.1278076E+1,3.8202566E+3,0.0000000E+0
11243091,29/9/2021,5:33:49 AM,-5.5137230E+1,-6.3535686E+1,3.8202566E+3,0.0000000E+0
11243092,29/9/2021,5:33:49 AM,-5.1120964E+1,-6.3670071E+1,3.8211492E+3,0.0000000E+0
11243093,29/9/2021,5:33:49 AM,-4.6147175E+1,-6.3911957E+1,3.8229348E+3,0.0000000E+0
11243094,29/9/2021,5:33:49 AM,-4.3646984E+1,-6.5094521E+1,3.8202566E+3,0.0000000E+0
11243095,29/9/2021,5:33:49 AM,-4.0614834E+1,-6.5605164E+1,3.8184709E+3,0.0000000E+0
11243096,29/9/2021,5:33:50 AM,-3.3539822E+1,-6.3481937E+1,3.8256133E+3,0.0000000E+0
11243097,29/9/2021,5:33:50 AM,-2.8459642E+1,-6.1197445E+1,3.8238276E+3,0.0000000E+0
11243098,29/9/2021,5:33:50 AM,-2.4709352E+1,-5.9531109E+1,3.8238276E+3,0.0000000E+0
11243099,29/9/2021,5:33:50 AM,-2.0107933E+1,-5.8456062E+1,3.8220420E+3,0.0000000E+0
11243100,29/9/2021,5:33:50 AM,-1.4683752E+1,-5.6655342E+1,3.8247205E+3,0.0000000E+0
11243101,29/9/2021,5:33:50 AM,-5.9434862E+0,-5.3994583E+1,3.8273987E+3,0.0000000E+0
11243102,29/9/2021,5:33:50 AM,1.4197533E+0,-5.1253197E+1,3.8273987E+3,0.0000000E+0
11243103,29/9/2021,5:33:50 AM,6.8012004E+0,-4.8861202E+1,3.8273987E+3,0.0000000E+0
11243104,29/9/2021,5:33:50 AM,1.1342350E+1,-4.6307949E+1,3.8273987E+3,0.0000000E+0
11243105,29/9/2021,5:33:50 AM,1.6741215E+1,-4.2706516E+1,3.8291846E+3,0.0000000E+0
11243106,29/9/2021,5:33:51 AM,2.2608126E+1,-3.7277496E+1,3.8309702E+3,0.0000000E+0
11243107,29/9/2021,5:33:51 AM,2.6464808E+1,-3.2063484E+1,3.8327556E+3,0.0000000E+0
11243108,29/9/2021,5:33:51 AM,2.9097990E+1,-2.5828171E+1,3.8327556E+3,0.0000000E+0
11243109,29/9/2021,5:33:51 AM,2.9284174E+1,-1.8937061E+1,3.8327556E+3,0.0000000E+0
11243110,29/9/2021,5:33:51 AM,2.8433044E+1,-1.2681424E+1,3.8354341E+3,0.0000000E+0
11243111,29/9/2021,5:33:51 AM,2.8406446E+1,-5.3165874E+0,3.8354341E+3,0.0000000E+0
11243112,29/9/2021,5:33:51 AM,2.6677588E+1,2.4905744E+0,3.8381123E+3,0.0000000E+0
11243113,29/9/2021,5:33:51 AM,2.2900702E+1,9.7729378E+0,3.8390051E+3,0.0000000E+0
11243114,29/9/2021,5:33:51 AM,1.7830458E+1,1.6927176E+1,3.8390051E+3,0.0000000E+0
11243115,29/9/2021,5:33:51 AM,1.1639656E+1,2.2898649E+1,3.8390051E+3,0.0000000E+0
11243116,29/9/2021,5:33:52 AM,6.7012210E+0,2.8085785E+1,3.8398979E+3,0.0000000E+0
11243117,29/9/2021,5:33:52 AM,2.6683755E+0,3.3246040E+1,3.8416836E+3,0.0000000E+0
11243118,29/9/2021,5:33:52 AM,-3.1603773E+0,3.6578709E+1,3.8398979E+3,0.0000000E+0
11243119,29/9/2021,5:33:52 AM,-8.0141029E+0,3.9105087E+1,3.8416836E+3,0.0000000E+0
11243120,29/9/2021,5:33:52 AM,-1.2734162E+1,4.1308949E+1,3.8398979E+3,0.0000000E+0
11243121,29/9/2021,5:33:52 AM,-1.5104715E+1,4.0878925E+1,3.8425762E+3,0.0000000E+0
11243122,29/9/2021,5:33:52 AM,-1.6138708E+1,3.8298798E+1,3.8390051E+3,0.0000000E+0
11243123,29/9/2021,5:33:52 AM,-2.0240923E+1,3.4455479E+1,3.8363269E+3,0.0000000E+0
11243124,29/9/2021,5:33:52 AM,-2.3618843E+1,3.1176565E+1,3.8363269E+3,0.0000000E+0
11243125,29/9/2021,5:33:52 AM,-2.4336983E+1,2.7521381E+1,3.8407908E+3,0.0000000E+0
11243126,29/9/2021,5:33:53 AM,-2.6650993E+1,2.1904224E+1,3.8363269E+3,0.0000000E+0
11243127,29/9/2021,5:33:53 AM,-2.8964998E+1,1.3617244E+1,3.8309702E+3,0.0000000E+0
11243128,29/9/2021,5:33:53 AM,-3.1066227E+1,6.2689304E+0,3.8327556E+3,0.0000000E+0
11243129,29/9/2021,5:33:53 AM,-3.3779202E+1,-4.2765948E-1,3.8273987E+3,0.0000000E+0
11243130,29/9/2021,5:33:53 AM,-3.4683525E+1,-4.8098269E+0,3.8327556E+3,0.0000000E+0
11243131,29/9/2021,5:33:53 AM,-3.5933620E+1,-9.9005499E+0,3.8309702E+3,0.0000000E+0
11243132,29/9/2021,5:33:53 AM,-3.7316708E+1,-1.6897932E+1,3.8282915E+3,0.0000000E+0
11243133,29/9/2021,5:33:53 AM,-3.8221031E+1,-2.4027456E+1,3.8247205E+3,0.0000000E+0
11243134,29/9/2021,5:33:53 AM,-3.9524323E+1,-2.9268343E+1,3.8256133E+3,0.0000000E+0
11243135,29/9/2021,5:33:53 AM,-3.9870094E+1,-3.2574135E+1,3.8273987E+3,0.0000000E+0
11243136,29/9/2021,5:33:54 AM,-4.0641430E+1,-3.6148689E+1,3.8273987E+3,0.0000000E+0
11243137,29/9/2021,5:33:54 AM,-4.0668030E+1,-4.1927105E+1,3.8256133E+3,0.0000000E+0
11243138,29/9/2021,5:33:54 AM,-3.9417934E+1,-4.7598015E+1,3.8247205E+3,0.0000000E+0
11243139,29/9/2021,5:33:54 AM,-3.8619999E+1,-5.4236469E+1,3.8202566E+3,0.0000000E+0
11243140,29/9/2021,5:33:54 AM,-3.5827232E+1,-5.9208595E+1,3.8220420E+3,0.0000000E+0
11243141,29/9/2021,5:33:54 AM,-3.0560867E+1,-6.3616318E+1,3.8247205E+3,0.0000000E+0
11243142,29/9/2021,5:33:54 AM,-2.7635111E+1,-6.9152840E+1,3.8211492E+3,0.0000000E+0
11243143,29/9/2021,5:33:54 AM,-2.2900702E+1,-7.4635620E+1,3.8202566E+3,0.0000000E+0
11243144,29/9/2021,5:33:54 AM,-1.9077564E+1,-7.9204597E+1,3.8175781E+3,0.0000000E+0
11243145,29/9/2021,5:33:54 AM,-1.6935909E+1,-8.0440910E+1,3.8193638E+3,0.0000000E+0
11243146,29/9/2021,5:33:55 AM,-1.2910441E+1,-7.8774574E+1,3.8220420E+3,0.0000000E+0
11243147,29/9/2021,5:33:55 AM,-1.1884341E+1,-7.6221321E+1,3.8211492E+3,0.0000000E+0
11243148,29/9/2021,5:33:55 AM,-1.2786783E+1,-7.2082367E+1,3.8220420E+3,0.0000000E+0
11243149,29/9/2021,5:33:55 AM,-1.2002738E+1,-6.8185295E+1,3.8211492E+3,0.0000000E+0
11243150,29/9/2021,5:33:55 AM,-1.1313409E+1,-6.1519958E+1,3.8238276E+3,0.0000000E+0
11243151,29/9/2021,5:33:55 AM,-1.1881710E+1,-5.3080791E+1,3.8273987E+3,0.0000000E+0
11243152,29/9/2021,5:33:55 AM,-1.3128817E+1,-4.6576714E+1,3.8265059E+3,0.0000000E+0
11243153,29/9/2021,5:33:55 AM,-1.3841824E+1,-4.0717667E+1,3.8273987E+3,0.0000000E+0
11243154,29/9/2021,5:33:55 AM,-1.3376132E+1,-3.4616737E+1,3.8273987E+3,0.0000000E+0
11243155,29/9/2021,5:33:55 AM,-1.2823618E+1,-2.8273918E+1,3.8291846E+3,0.0000000E+0
11243156,29/9/2021,5:33:56 AM,-1.3362977E+1,-2.1420450E+1,3.8318628E+3,0.0000000E+0
11243157,29/9/2021,5:33:56 AM,-1.4147022E+1,-1.6041868E+1,3.8309702E+3,0.0000000E+0
11243158,29/9/2021,5:33:56 AM,-1.4112820E+1,-9.9643555E+0,3.8327556E+3,0.0000000E+0
11243159,29/9/2021,5:33:56 AM,-1.4228585E+1,-4.4631801E+0,3.8336484E+3,0.0000000E+0
11243160,29/9/2021,5:33:56 AM,-1.3860241E+1,-1.3245711E+0,3.8318628E+3,0.0000000E+0
11243161,29/9/2021,5:33:56 AM,-1.2513156E+1,3.6674128E+0,3.8354341E+3,0.0000000E+0
11243162,29/9/2021,5:33:56 AM,-1.3455063E+1,8.4702339E+0,3.8354341E+3,0.0000000E+0
11243163,29/9/2021,5:33:56 AM,-1.3918124E+1,1.2575081E+1,3.8363269E+3,0.0000000E+0
11243164,29/9/2021,5:33:56 AM,-1.4441698E+1,1.6360899E+1,3.8363269E+3,0.0000000E+0
11243165,29/9/2021,5:33:56 AM,-1.5452012E+1,1.7629040E+1,3.8345413E+3,0.0000000E+0
11243166,29/9/2021,5:33:57 AM,-1.4381184E+1,2.0316864E+1,3.8390051E+3,0.0000000E+0
11243167,29/9/2021,5:33:57 AM,-1.5846664E+1,2.3167414E+1,3.8372195E+3,0.0000000E+0
11243168,29/9/2021,5:33:57 AM,-1.7180595E+1,2.3597433E+1,3.8381123E+3,0.0000000E+0
11243169,29/9/2021,5:33:57 AM,-1.5751948E+1,2.3785568E+1,3.8390051E+3,0.0000000E+0
11243170,29/9/2021,5:33:57 AM,-1.6151865E+1,2.1608583E+1,3.8363269E+3,0.0000000E+0
11243171,29/9/2021,5:33:57 AM,-1.5383605E+1,1.8652594E+1,3.8363269E+3,0.0000000E+0
11243172,29/9/2021,5:33:57 AM,-1.3652390E+1,1.5023632E+1,3.8354341E+3,0.0000000E+0
11243173,29/9/2021,5:33:57 AM,-1.3055147E+1,9.9510632E+0,3.8327556E+3,0.0000000E+0
11243174,29/9/2021,5:33:57 AM,-1.1939592E+1,7.1170173E+0,3.8363269E+3,0.0000000E+0
11243175,29/9/2021,5:33:57 AM,-1.0258368E+1,2.8884578E+0,3.8327556E+3,0.0000000E+0
11243176,29/9/2021,5:33:58 AM,-8.5850353E+0,-1.7258353E+0,3.8336484E+3,0.0000000E+0
11243177,29/9/2021,5:33:58 AM,-6.6170282E+0,-6.3779321E+0,3.8309702E+3,0.0000000E+0
11243178,29/9/2021,5:33:58 AM,-5.2052341E+0,-1.0208945E+1,3.8309702E+3,0.0000000E+0
11243179,29/9/2021,5:33:58 AM,-3.5501757E+0,-1.2710669E+1,3.8318628E+3,0.0000000E+0
11243180,29/9/2021,5:33:58 AM,-2.8458447E+0,-1.5706887E+1,3.8327556E+3,0.0000000E+0
11243181,29/9/2021,5:33:58 AM,-1.0087265E+0,-1.9301287E+1,3.8327556E+3,0.0000000E+0
11243182,29/9/2021,5:33:58 AM,-1.2942200E+0,-2.2468628E+1,3.8291846E+3,0.0000000E+0
11243183,29/9/2021,5:33:58 AM,-2.0765476E+0,-2.6043182E+1,3.8291846E+3,0.0000000E+0
11243184,29/9/2021,5:33:58 AM,-2.5875638E+0,-2.7171988E+1,3.8309702E+3,0.0000000E+0
11243185,29/9/2021,5:33:58 AM,-4.6387587E+0,-2.8273918E+1,3.8318628E+3,0.0000000E+0
11243186,29/9/2021,5:33:59 AM,-7.2484751E+0,-2.9214592E+1,3.8309702E+3,0.0000000E+0
11243187,29/9/2021,5:33:59 AM,-1.0029468E+1,-3.0988430E+1,3.8291846E+3,0.0000000E+0
11243188,29/9/2021,5:33:59 AM,-1.2926227E+1,-3.3514809E+1,3.8265059E+3,0.0000000E+0
11243189,29/9/2021,5:33:59 AM,-1.6412336E+1,-3.3514809E+1,3.8282915E+3,0.0000000E+0
11243190,29/9/2021,5:33:59 AM,-1.8911810E+1,-3.3622311E+1,3.8282915E+3,0.0000000E+0
11243191,29/9/2021,5:33:59 AM,-2.0347313E+1,-3.4079208E+1,3.8291846E+3,0.0000000E+0
11243192,29/9/2021,5:33:59 AM,-2.1943182E+1,-3.5691792E+1,3.8265059E+3,0.0000000E+0
11243193,29/9/2021,5:33:59 AM,-2.2847506E+1,-3.7949406E+1,3.8265059E+3,0.0000000E+0
11243194,29/9/2021,5:33:59 AM,-2.4097603E+1,-3.8916954E+1,3.8256133E+3,0.0000000E+0
11243195,29/9/2021,5:33:59 AM,-2.5613678E+1,-3.9750118E+1,3.8256133E+3,0.0000000E+0
11243196,29/9/2021,5:34:00 AM,-2.5134918E+1,-4.0126389E+1,3.8282915E+3,0.0000000E+0
11243197,29/9/2021,5:34:00 AM,-2.6385014E+1,-4.0314526E+1,3.8265059E+3,0.0000000E+0
11243198,29/9/2021,5:34:00 AM,-2.7714903E+1,-4.2303375E+1,3.8247205E+3,0.0000000E+0
11243199,29/9/2021,5:34:00 AM,-2.8326651E+1,-4.3055908E+1,3.8256133E+3,0.0000000E+0
11243200,29/9/2021,5:34:00 AM,-2.9629944E+1,-4.2464630E+1,3.8256133E+3,0.0000000E+0
11243201,29/9/2021,5:34:00 AM,-3.1651377E+1,-4.0260769E+1,3.8273987E+3,0.0000000E+0
11243202,29/9/2021,5:34:00 AM,-3.2502506E+1,-3.9212593E+1,3.8273987E+3,0.0000000E+0
11243203,29/9/2021,5:34:00 AM,-3.3726006E+1,-3.8943829E+1,3.8256133E+3,0.0000000E+0
11243204,29/9/2021,5:34:00 AM,-3.5694241E+1,-3.7976280E+1,3.8247205E+3,0.0000000E+0
11243205,29/9/2021,5:34:00 AM,-3.5827232E+1,-3.6229317E+1,3.8273987E+3,0.0000000E+0
11243206,29/9/2021,5:34:01 AM,-3.6625164E+1,-3.2950401E+1,3.8273987E+3,0.0000000E+0
11243207,29/9/2021,5:34:01 AM,-3.8300827E+1,-3.1633463E+1,3.8247205E+3,0.0000000E+0
11243208,29/9/2021,5:34:01 AM,-3.7662479E+1,-3.0773418E+1,3.8273987E+3,0.0000000E+0
11243209,29/9/2021,5:34:01 AM,-3.5561253E+1,-3.0020882E+1,3.8256133E+3,0.0000000E+0
11243210,29/9/2021,5:34:01 AM,-3.4896309E+1,-2.9322096E+1,3.8247205E+3,0.0000000E+0
11243211,29/9/2021,5:34:01 AM,-3.1943953E+1,-2.6876348E+1,3.8273987E+3,0.0000000E+0
11243212,29/9/2021,5:34:01 AM,-2.9683140E+1,-2.3543682E+1,3.8273987E+3,0.0000000E+0
11243213,29/9/2021,5:34:01 AM,-2.7395729E+1,-2.0829170E+1,3.8282915E+3,0.0000000E+0
11243214,29/9/2021,5:34:01 AM,-2.3459255E+1,-1.7812483E+1,3.8291846E+3,0.0000000E+0
11243215,29/9/2021,5:34:01 AM,-2.0347313E+1,-1.5326711E+1,3.8282915E+3,0.0000000E+0
11243216,29/9/2021,5:34:02 AM,-1.8111979E+1,-1.0036138E+1,3.8327556E+3,0.0000000E+0
11243217,29/9/2021,5:34:02 AM,-1.6038731E+1,-5.3910408E+0,3.8327556E+3,0.0000000E+0
11243218,29/9/2021,5:34:02 AM,-1.4639025E+1,-1.6018566E+0,3.8327556E+3,0.0000000E+0
11243219,29/9/2021,5:34:02 AM,-1.3070933E+1,2.9100733E+0,3.8354341E+3,0.0000000E+0
11243220,29/9/2021,5:34:02 AM,-1.2739425E+1,5.6468229E+0,3.8327556E+3,0.0000000E+0
11243221,29/9/2021,5:34:02 AM,-1.1547570E+1,9.1428547E+0,3.8372195E+3,0.0000000E+0
11243222,29/9/2021,5:34:02 AM,-1.0058410E+1,1.2213514E+1,3.8363269E+3,0.0000000E+0
11243223,29/9/2021,5:34:02 AM,-9.5243120E+0,1.3641171E+1,3.8381123E+3,0.0000000E+0
11243224,29/9/2021,5:34:02 AM,-7.0643029E+0,1.3962859E+1,3.8381123E+3,0.0000000E+0
11243225,29/9/2021,5:34:02 AM,-4.5040722E+0,1.2551154E+1,3.8363269E+3,0.0000000E+0
11243226,29/9/2021,5:34:03 AM,-2.2769928E+0,9.6479855E+0,3.8345413E+3,0.0000000E+0
11243227,29/9/2021,5:34:03 AM,1.7826145E+0,6.9575024E+0,3.8354341E+3,0.0000000E+0
11243228,29/9/2021,5:34:03 AM,3.8734229E+0,4.3334870E+0,3.8363269E+3,0.0000000E+0
11243229,29/9/2021,5:34:03 AM,6.1355510E+0,7.7826554E-1,3.8354341E+3,0.0000000E+0
11243230,29/9/2021,5:34:03 AM,9.3375082E+0,-4.4719863E+0,3.8327556E+3,0.0000000E+0
11243231,29/9/2021,5:34:03 AM,1.0097876E+1,-8.8530693E+0,3.8309702E+3,0.0000000E+0
11243232,29/9/2021,5:34:03 AM,1.1305515E+1,-1.1841312E+1,3.8345413E+3,0.0000000E+0
11243233,29/9/2021,5:34:03 AM,1.2610503E+1,-1.4449380E+1,3.8354341E+3,0.0000000E+0
11243234,29/9/2021,5:34:03 AM,1.1863293E+1,-1.7554602E+1,3.8327556E+3,0.0000000E+0
11243235,29/9/2021,5:34:03 AM,1.0237319E+1,-2.0748541E+1,3.8309702E+3,0.0000000E+0
11243236,29/9/2021,5:34:04 AM,8.7402658E+0,-2.2737392E+1,3.8327556E+3,0.0000000E+0
11243237,29/9/2021,5:34:04 AM,6.4118090E+0,-2.3893074E+1,3.8309702E+3,0.0000000E+0
11243238,29/9/2021,5:34:04 AM,2.6588686E+0,-2.5425028E+1,3.8309702E+3,0.0000000E+0
11243239,29/9/2021,5:34:04 AM,5.0898069E-1,-2.7790144E+1,3.8309702E+3,0.0000000E+0
11243240,29/9/2021,5:34:04 AM,-2.9504249E+0,-2.9671490E+1,3.8291846E+3,0.0000000E+0
11243241,29/9/2021,5:34:04 AM,-6.7775211E+0,-3.2144112E+1,3.8282915E+3,0.0000000E+0
11243242,29/9/2021,5:34:04 AM,-9.3348770E+0,-3.4616737E+1,3.8291846E+3,0.0000000E+0
11243243,29/9/2021,5:34:04 AM,-1.1886972E+1,-3.6551834E+1,3.8273987E+3,0.0000000E+0
11243244,29/9/2021,5:34:04 AM,-1.5386236E+1,-3.7277496E+1,3.8273987E+3,0.0000000E+0
11243245,29/9/2021,5:34:04 AM,-1.9019682E+1,-3.8540688E+1,3.8256133E+3,0.0000000E+0
11243246,29/9/2021,5:34:05 AM,-2.2953897E+1,-3.9615738E+1,3.8256133E+3,0.0000000E+0
11243247,29/9/2021,5:34:05 AM,-2.7475525E+1,-3.9427605E+1,3.8238276E+3,0.0000000E+0
11243248,29/9/2021,5:34:05 AM,-3.1864161E+1,-3.7250618E+1,3.8256133E+3,0.0000000E+0
11243249,29/9/2021,5:34:05 AM,-3.6465580E+1,-3.4670490E+1,3.8273987E+3,0.0000000E+0
11243250,29/9/2021,5:34:05 AM,-4.0854214E+1,-3.2278496E+1,3.8256133E+3,0.0000000E+0
11243251,29/9/2021,5:34:05 AM,-4.4205540E+1,-2.9080212E+1,3.8256133E+3,0.0000000E+0
11243252,29/9/2021,5:34:05 AM,-4.7689846E+1,-2.6177563E+1,3.8265059E+3,0.0000000E+0
11243253,29/9/2021,5:34:05 AM,-4.9844269E+1,-2.3301794E+1,3.8291846E+3,0.0000000E+0
11243254,29/9/2021,5:34:05 AM,-4.9977257E+1,-2.1635462E+1,3.8291846E+3,0.0000000E+0
11243255,29/9/2021,5:34:05 AM,-5.0349628E+1,-2.1232315E+1,3.8273987E+3,0.0000000E+0
11243256,29/9/2021,5:34:06 AM,-4.9684681E+1,-2.1393574E+1,3.8291846E+3,0.0000000E+0
11243257,29/9/2021,5:34:06 AM,-4.7663250E+1,-2.2468628E+1,3.8256133E+3,0.0000000E+0
11243258,29/9/2021,5:34:06 AM,-4.5322643E+1,-2.2603008E+1,3.8282915E+3,0.0000000E+0
11243259,29/9/2021,5:34:06 AM,-4.1598949E+1,-2.2925526E+1,3.8291846E+3,0.0000000E+0
11243260,29/9/2021,5:34:06 AM,-3.9737106E+1,-2.4564983E+1,3.8256133E+3,0.0000000E+0
11243261,29/9/2021,5:34:06 AM,-3.5321873E+1,-2.5640036E+1,3.8273987E+3,0.0000000E+0
11243262,29/9/2021,5:34:06 AM,-3.0747053E+1,-2.6338821E+1,3.8273987E+3,0.0000000E+0
11243263,29/9/2021,5:34:06 AM,-2.7395729E+1,-2.5666912E+1,3.8291846E+3,0.0000000E+0
11243264,29/9/2021,5:34:06 AM,-2.4443375E+1,-2.4968128E+1,3.8273987E+3,0.0000000E+0
11243265,29/9/2021,5:34:06 AM,-2.1384626E+1,-2.4511230E+1,3.8273987E+3,0.0000000E+0
11243266,29/9/2021,5:34:07 AM,-1.7283205E+1,-2.3140537E+1,3.8300774E+3,0.0000000E+0
11243267,29/9/2021,5:34:07 AM,-1.1526522E+1,-2.2172989E+1,3.8291846E+3,0.0000000E+0
11243268,29/9/2021,5:34:07 AM,-7.3326678E+0,-1.9894150E+1,3.8309702E+3,0.0000000E+0
11243269,29/9/2021,5:34:07 AM,-3.4154890E+0,-1.8453199E+1,3.8309702E+3,0.0000000E+0
11243270,29/9/2021,5:34:07 AM,3.4406990E-1,-1.7594479E+1,3.8327556E+3,0.0000000E+0
11243271,29/9/2021,5:34:07 AM,5.2202873E+0,-1.6281139E+1,3.8309702E+3,0.0000000E+0
11243272,29/9/2021,5:34:07 AM,9.0928240E+0,-1.4962485E+1,3.8345413E+3,0.0000000E+0
11243273,29/9/2021,5:34:07 AM,1.2055358E+1,-1.2434175E+1,3.8345413E+3,0.0000000E+0
11243274,29/9/2021,5:34:07 AM,1.3218271E+1,-9.7835722E+0,3.8363269E+3,0.0000000E+0
11243275,29/9/2021,5:34:07 AM,1.2015893E+1,-7.7869787E+0,3.8336484E+3,0.0000000E+0
11243276,29/9/2021,5:34:08 AM,1.1300253E+1,-5.4462800E+0,3.8363269E+3,0.0000000E+0
11243277,29/9/2021,5:34:08 AM,9.9505377E+0,-3.4256408E+0,3.8363269E+3,0.0000000E+0
11243278,29/9/2021,5:34:08 AM,6.1986957E+0,-1.9349786E+0,3.8345413E+3,0.0000000E+0
11243279,29/9/2021,5:34:08 AM,2.4639692E+0,-4.1512826E-1,3.8363269E+3,0.0000000E+0
11243280,29/9/2021,5:34:08 AM,-3.4004362E+0,4.6711928E-1,3.8327556E+3,0.0000000E+0
11243281,29/9/2021,5:34:08 AM,-9.0507269E+0,5.3110826E-1,3.8345413E+3,0.0000000E+0
11243282,29/9/2021,5:34:08 AM,-1.3376132E+1,-2.9434913E-1,3.8336484E+3,0.0000000E+0
11243283,29/9/2021,5:34:08 AM,-1.7104296E+1,-1.4117562E+0,3.8327556E+3,0.0000000E+0
11243284,29/9/2021,5:34:08 AM,-2.3379463E+1,-1.9702038E+0,3.8309702E+3,0.0000000E+0
11243285,29/9/2021,5:34:08 AM,-2.7129753E+1,-3.7138460E+0,3.8318628E+3,0.0000000E+0
11243286,29/9/2021,5:34:09 AM,-2.8672422E+1,-6.6331558E+0,3.8309702E+3,0.0000000E+0
11243287,29/9/2021,5:34:09 AM,-3.0986431E+1,-1.0099943E+1,3.8291846E+3,0.0000000E+0
11243288,29/9/2021,5:34:09 AM,-3.3327038E+1,-1.3263653E+1,3.8291846E+3,0.0000000E+0
11243289,29/9/2021,5:34:09 AM,-3.4922905E+1,-1.7243546E+1,3.8291846E+3,0.0000000E+0
11243290,29/9/2021,5:34:09 AM,-3.8327423E+1,-2.0614159E+1,3.8273987E+3,0.0000000E+0
11243291,29/9/2021,5:34:09 AM,-3.8859379E+1,-2.3758692E+1,3.8300774E+3,0.0000000E+0
11243292,29/9/2021,5:34:09 AM,-4.1332973E+1,-2.7171988E+1,3.8256133E+3,0.0000000E+0
11243293,29/9/2021,5:34:09 AM,-4.3620384E+1,-3.0424025E+1,3.8265059E+3,0.0000000E+0
11243294,29/9/2021,5:34:09 AM,-4.6253567E+1,-3.2412876E+1,3.8256133E+3,0.0000000E+0
11243295,29/9/2021,5:34:09 AM,-4.7982426E+1,-3.4562984E+1,3.8238276E+3,0.0000000E+0
11243296,29/9/2021,5:34:10 AM,-4.7955826E+1,-3.6014309E+1,3.8273987E+3,0.0000000E+0
11243297,29/9/2021,5:34:10 AM,-4.3939560E+1,-3.9239468E+1,3.8229348E+3,0.0000000E+0
11243298,29/9/2021,5:34:10 AM,-4.2024517E+1,-4.0959557E+1,3.8238276E+3,0.0000000E+0
11243299,29/9/2021,5:34:10 AM,-3.7210316E+1,-4.3593437E+1,3.8220420E+3,0.0000000E+0
11243300,29/9/2021,5:34:10 AM,-3.1677975E+1,-4.5743546E+1,3.8238276E+3,0.0000000E+0
11243301,29/9/2021,5:34:10 AM,-2.4709352E+1,-4.7087364E+1,3.8238276E+3,0.0000000E+0
11243302,29/9/2021,5:34:10 AM,-1.6304462E+1,-4.8699944E+1,3.8256133E+3,0.0000000E+0
11243303,29/9/2021,5:34:10 AM,-7.2326884E+0,-4.9533112E+1,3.8256133E+3,0.0000000E+0
11243304,29/9/2021,5:34:10 AM,-1.8713490E+0,-4.8511810E+1,3.8238276E+3,0.0000000E+0
11243305,29/9/2021,5:34:10 AM,3.1809764E+0,-4.6227318E+1,3.8273987E+3,0.0000000E+0
11243306,29/9/2021,5:34:11 AM,9.0980854E+0,-4.2115238E+1,3.8291846E+3,0.0000000E+0
11243307,29/9/2021,5:34:11 AM,1.4562725E+1,-3.7895649E+1,3.8309702E+3,0.0000000E+0
11243308,29/9/2021,5:34:11 AM,1.7993582E+1,-3.2654762E+1,3.8327556E+3,0.0000000E+0
11243309,29/9/2021,5:34:11 AM,1.9801096E+1,-2.8435175E+1,3.8309702E+3,0.0000000E+0
11243310,29/9/2021,5:34:11 AM,1.9716904E+1,-2.2710514E+1,3.8327556E+3,0.0000000E+0
11243311,29/9/2021,5:34:11 AM,2.0533499E+1,-1.5744107E+1,3.8363269E+3,0.0000000E+0
11243312,29/9/2021,5:34:11 AM,2.0586695E+1,-1.0948030E+1,3.8363269E+3,0.0000000E+0
11243313,29/9/2021,5:34:11 AM,2.0403601E+1,-7.8481264E+0,3.8381123E+3,0.0000000E+0
11243314,29/9/2021,5:34:11 AM,2.0101034E+1,-5.6920185E+0,3.8345413E+3,0.0000000E+0
11243315,29/9/2021,5:34:11 AM,1.7619976E+1,-2.8924606E+0,3.8345413E+3,0.0000000E+0
11243316,29/9/2021,5:34:12 AM,1.5409916E+1,2.5835538E-1,3.8363269E+3,0.0000000E+0
11243317,29/9/2021,5:34:12 AM,1.4241739E+1,1.8204972E+0,3.8363269E+3,0.0000000E+0
11243318,29/9/2021,5:34:12 AM,9.9636927E+0,3.2703300E+0,3.8345413E+3,0.0000000E+0
11243319,29/9/2021,5:34:12 AM,7.0564098E+0,4.2238092E+0,3.8345413E+3,0.0000000E+0
11243320,29/9/2021,5:34:12 AM,2.6097476E+0,7.0877728E+0,3.8354341E+3,0.0000000E+0
11243321,29/9/2021,5:34:12 AM,-2.6089551E+0,9.8420610E+0,3.8363269E+3,0.0000000E+0
11243322,29/9/2021,5:34:12 AM,-7.5510421E+0,1.2354419E+1,3.8363269E+3,0.0000000E+0
11243323,29/9/2021,5:34:12 AM,-1.3804991E+1,1.4566357E+1,3.8363269E+3,0.0000000E+0
11243324,29/9/2021,5:34:12 AM,-1.7412125E+1,1.5036926E+1,3.8363269E+3,0.0000000E+0
11243325,29/9/2021,5:34:12 AM,-2.0879269E+1,1.4896020E+1,3.8363269E+3,0.0000000E+0
11243326,29/9/2021,5:34:13 AM,-2.6571198E+1,1.3670416E+1,3.8345413E+3,0.0000000E+0
11243327,29/9/2021,5:34:13 AM,-3.1731171E+1,1.0745978E+1,3.8327556E+3,0.0000000E+0
11243328,29/9/2021,5:34:13 AM,-3.5321873E+1,8.0209341E+0,3.8345413E+3,0.0000000E+0
11243329,29/9/2021,5:34:13 AM,-3.8460415E+1,5.7983618E+0,3.8336484E+3,0.0000000E+0
11243330,29/9/2021,5:34:13 AM,-4.1439365E+1,1.1392115E+0,3.8318628E+3,0.0000000E+0
11243331,29/9/2021,5:34:13 AM,-4.3673580E+1,-3.7106438E+0,3.8309702E+3,0.0000000E+0
11243332,29/9/2021,5:34:13 AM,-4.8540977E+1,-7.4493394E+0,3.8273987E+3,0.0000000E+0
11243333,29/9/2021,5:34:13 AM,-5.3142395E+1,-1.1392013E+1,3.8291846E+3,0.0000000E+0
11243334,29/9/2021,5:34:13 AM,-5.3807343E+1,-1.6291775E+1,3.8265059E+3,0.0000000E+0
11243335,29/9/2021,5:34:13 AM,-5.4578678E+1,-2.0269009E+1,3.8282915E+3,0.0000000E+0
11243336,29/9/2021,5:34:14 AM,-5.5828773E+1,-2.4484354E+1,3.8256133E+3,0.0000000E+0
11243337,29/9/2021,5:34:14 AM,-5.5403206E+1,-2.9053333E+1,3.8256133E+3,0.0000000E+0
11243338,29/9/2021,5:34:14 AM,-5.6254341E+1,-3.2547260E+1,3.8256133E+3,0.0000000E+0
11243339,29/9/2021,5:34:14 AM,-5.3700947E+1,-3.5987431E+1,3.8247205E+3,0.0000000E+0
11243340,29/9/2021,5:34:14 AM,-4.9897465E+1,-3.9938255E+1,3.8256133E+3,0.0000000E+0
11243341,29/9/2021,5:34:14 AM,-4.7237686E+1,-4.3835327E+1,3.8229348E+3,0.0000000E+0
11243342,29/9/2021,5:34:14 AM,-4.3008636E+1,-4.8216171E+1,3.8256133E+3,0.0000000E+0
11243343,29/9/2021,5:34:14 AM,-3.9311543E+1,-5.1575710E+1,3.8238276E+3,0.0000000E+0
11243344,29/9/2021,5:34:14 AM,-3.5774036E+1,-5.4639618E+1,3.8256133E+3,0.0000000E+0
11243345,29/9/2021,5:34:14 AM,-3.1571585E+1,-5.8993584E+1,3.8238276E+3,0.0000000E+0
11243346,29/9/2021,5:34:15 AM,-2.7502119E+1,-6.3670071E+1,3.8220420E+3,0.0000000E+0
11243347,29/9/2021,5:34:15 AM,-2.3911419E+1,-6.6411461E+1,3.8220420E+3,0.0000000E+0
11243348,29/9/2021,5:34:15 AM,-2.3379463E+1,-6.7298378E+1,3.8220420E+3,0.0000000E+0
11243349,29/9/2021,5:34:15 AM,-2.2315550E+1,-6.7029617E+1,3.8229348E+3,0.0000000E+0
11243350,29/9/2021,5:34:15 AM,-2.1677204E+1,-6.6895233E+1,3.8202566E+3,0.0000000E+0
11243351,29/9/2021,5:34:15 AM,-2.0506901E+1,-6.5121399E+1,3.8238276E+3,0.0000000E+0
11243352,29/9/2021,5:34:15 AM,-1.8227743E+1,-6.3428185E+1,3.8202566E+3,0.0000000E+0
11243353,29/9/2021,5:34:15 AM,-1.5991371E+1,-5.9826756E+1,3.8202566E+3,0.0000000E+0
11243354,29/9/2021,5:34:15 AM,-1.3068302E+1,-5.3833328E+1,3.8273987E+3,0.0000000E+0
11243355,29/9/2021,5:34:15 AM,-8.5692492E+0,-4.8968708E+1,3.8238276E+3,0.0000000E+0
11243356,29/9/2021,5:34:16 AM,-4.8098898E+0,-4.4130966E+1,3.8273987E+3,0.0000000E+0
11243357,29/9/2021,5:34:16 AM,5.2771457E-3,-3.8782570E+1,3.8273987E+3,0.0000000E+0
11243358,29/9/2021,5:34:16 AM,4.7718606E+0,-3.3246040E+1,3.8291846E+3,0.0000000E+0
11243359,29/9/2021,5:34:16 AM,9.5690393E+0,-2.6607588E+1,3.8309702E+3,0.0000000E+0
11243360,29/9/2021,5:34:16 AM,1.2415808E+1,-1.8820084E+1,3.8336484E+3,0.0000000E+0
11243361,29/9/2021,5:34:16 AM,1.5081037E+1,-1.0900176E+1,3.8363269E+3,0.0000000E+0
11243362,29/9/2021,5:34:16 AM,1.6046623E+1,-4.6312995E+0,3.8345413E+3,0.0000000E+0
11243363,29/9/2021,5:34:16 AM,1.6846455E+1,1.8549216E+0,3.8363269E+3,0.0000000E+0
11243364,29/9/2021,5:34:16 AM,1.6680700E+1,1.0357825E+1,3.8398979E+3,0.0000000E+0
11243365,29/9/2021,5:34:16 AM,1.2639445E+1,1.7876287E+1,3.8381123E+3,0.0000000E+0
11243366,29/9/2021,5:34:17 AM,1.0213640E+1,2.4323097E+1,3.8416836E+3,0.0000000E+0
11243367,29/9/2021,5:34:17 AM,7.6641765E+0,2.9429600E+1,3.8407908E+3,0.0000000E+0
11243368,29/9/2021,5:34:17 AM,3.7506206E+0,3.2466629E+1,3.8381123E+3,0.0000000E+0
11243369,29/9/2021,5:34:17 AM,2.2967994E+0,3.6175568E+1,3.8425762E+3,0.0000000E+0
11243370,29/9/2021,5:34:17 AM,-1.2712644E+0,3.8271919E+1,3.8407908E+3,0.0000000E+0
11243371,29/9/2021,5:34:17 AM,-3.8963988E+0,3.8594437E+1,3.8398979E+3,0.0000000E+0
11243372,29/9/2021,5:34:17 AM,-4.9073391E+0,3.7331249E+1,3.8416836E+3,0.0000000E+0
11243373,29/9/2021,5:34:17 AM,-6.0224166E+0,3.3165413E+1,3.8381123E+3,0.0000000E+0
11243374,29/9/2021,5:34:17 AM,-4.8978324E+0,2.8650187E+1,3.8381123E+3,0.0000000E+0
11243375,29/9/2021,5:34:17 AM,-4.5072417E+0,2.5048758E+1,3.8381123E+3,0.0000000E+0
11243376,29/9/2021,5:34:18 AM,-6.2592092E+0,2.1151688E+1,3.8363269E+3,0.0000000E+0
11243377,29/9/2021,5:34:18 AM,-5.9382238E+0,1.6778296E+1,3.8381123E+3,0.0000000E+0
11243378,29/9/2021,5:34:18 AM,-5.9829516E+0,1.1742945E+1,3.8354341E+3,0.0000000E+0
11243379,29/9/2021,5:34:18 AM,-9.6032419E+0,7.5370727E+0,3.8345413E+3,0.0000000E+0
11243380,29/9/2021,5:34:18 AM,-1.2360557E+1,2.4801669E+0,3.8327556E+3,0.0000000E+0
11243381,29/9/2021,5:34:18 AM,-1.6217640E+1,-1.5634632E+0,3.8345413E+3,0.0000000E+0
11243382,29/9/2021,5:34:18 AM,-2.0320715E+1,-5.9286323E+0,3.8327556E+3,0.0000000E+0
11243383,29/9/2021,5:34:18 AM,-2.2395344E+1,-1.1958291E+1,3.8327556E+3,0.0000000E+0
11243384,29/9/2021,5:34:18 AM,-2.5906252E+1,-1.7320644E+1,3.8300774E+3,0.0000000E+0
11243385,29/9/2021,5:34:18 AM,-2.8858608E+1,-2.4403725E+1,3.8256133E+3,0.0000000E+0
11243386,29/9/2021,5:34:19 AM,-3.0507671E+1,-2.9805870E+1,3.8282915E+3,0.0000000E+0
11243387,29/9/2021,5:34:19 AM,-3.2981266E+1,-3.4939251E+1,3.8256133E+3,0.0000000E+0
11243388,29/9/2021,5:34:19 AM,-3.3194050E+1,-4.1308949E+1,3.8256133E+3,0.0000000E+0
11243389,29/9/2021,5:34:19 AM,-3.2422710E+1,-4.7624889E+1,3.8247205E+3,0.0000000E+0
11243390,29/9/2021,5:34:19 AM,-3.1810963E+1,-5.4048336E+1,3.8211492E+3,0.0000000E+0
11243391,29/9/2021,5:34:19 AM,-3.1544987E+1,-5.8778576E+1,3.8211492E+3,0.0000000E+0
11243392,29/9/2021,5:34:19 AM,-2.9922522E+1,-6.2971287E+1,3.8220420E+3,0.0000000E+0
11243393,29/9/2021,5:34:19 AM,-2.8725620E+1,-6.6438339E+1,3.8202566E+3,0.0000000E+0
11243394,29/9/2021,5:34:19 AM,-2.7502119E+1,-6.7835899E+1,3.8220420E+3,0.0000000E+0
11243395,29/9/2021,5:34:19 AM,-2.6518002E+1,-6.8964714E+1,3.8202566E+3,0.0000000E+0
11243396,29/9/2021,5:34:20 AM,-2.6518002E+1,-6.8830330E+1,3.8220420E+3,0.0000000E+0
11243397,29/9/2021,5:34:20 AM,-2.5507584E+1,-6.7352913E+1,3.8220420E+3,0.0000000E+0
11243398,29/9/2021,5:34:20 AM,-2.4869226E+1,-6.3885822E+1,3.8238276E+3,0.0000000E+0
11243399,29/9/2021,5:34:20 AM,-2.4230873E+1,-5.9182404E+1,3.8256133E+3,0.0000000E+0
11243400,29/9/2021,5:34:20 AM,-2.3486128E+1,-5.5446556E+1,3.8247205E+3,0.0000000E+0
11243401,29/9/2021,5:34:20 AM,-2.4177677E+1,-5.2463242E+1,3.8238276E+3,0.0000000E+0
11243402,29/9/2021,5:34:20 AM,-2.4284069E+1,-4.8270485E+1,3.8256133E+3,0.0000000E+0
11243403,29/9/2021,5:34:20 AM,-2.4177677E+1,-4.2895149E+1,3.8282915E+3,0.0000000E+0
11243404,29/9/2021,5:34:20 AM,-2.3831902E+1,-3.8433624E+1,3.8291846E+3,0.0000000E+0
11243405,29/9/2021,5:34:20 AM,-2.5135210E+1,-3.5262180E+1,3.8273987E+3,0.0000000E+0
11243406,29/9/2021,5:34:21 AM,-2.7236460E+1,-3.1714460E+1,3.8256133E+3,0.0000000E+0
11243407,29/9/2021,5:34:21 AM,-2.8273787E+1,-2.7037920E+1,3.8273987E+3,0.0000000E+0
11243408,29/9/2021,5:34:21 AM,-2.7582233E+1,-2.1528206E+1,3.8291846E+3,0.0000000E+0
11243409,29/9/2021,5:34:21 AM,-2.8513168E+1,-1.5225590E+1,3.8318628E+3,0.0000000E+0
11243410,29/9/2021,5:34:21 AM,-2.8672758E+1,-1.1437138E+1,3.8291846E+3,0.0000000E+0
11243411,29/9/2021,5:34:21 AM,-2.8380177E+1,-6.5347476E+0,3.8318628E+3,0.0000000E+0
11243412,29/9/2021,5:34:21 AM,-2.7369450E+1,-2.0638647E+0,3.8309702E+3,0.0000000E+0
11243413,29/9/2021,5:34:21 AM,-2.5108612E+1,1.4650397E+0,3.8327556E+3,0.0000000E+0
11243414,29/9/2021,5:34:21 AM,-2.0693325E+1,5.4334559E+0,3.8363269E+3,0.0000000E+0
11243415,29/9/2021,5:34:21 AM,-1.8840654E+1,8.3638391E+0,3.8345413E+3,0.0000000E+0
11243416,29/9/2021,5:34:22 AM,-1.7012104E+1,1.0682106E+1,3.8390051E+3,0.0000000E+0
11243417,29/9/2021,5:34:22 AM,-1.3518124E+1,1.0634252E+1,3.8345413E+3,0.0000000E+0
11243418,29/9/2021,5:34:22 AM,-1.1994769E+1,1.1094183E+1,3.8363269E+3,0.0000000E+0
11243419,29/9/2021,5:34:22 AM,-8.7191639E+0,1.1681726E+1,3.8390051E+3,0.0000000E+0
11243420,29/9/2021,5:34:22 AM,-6.4459720E+0,1.0413590E+1,3.8381123E+3,0.0000000E+0
11243421,29/9/2021,5:34:22 AM,-7.0458422E+0,8.1059580E+0,3.8363269E+3,0.0000000E+0
11243422,29/9/2021,5:34:22 AM,-6.6143560E+0,4.8706565E+0,3.8345413E+3,0.0000000E+0
11243423,29/9/2021,5:34:22 AM,-7.7904172E+0,1.4882562E+0,3.8327556E+3,0.0000000E+0
11243424,29/9/2021,5:34:22 AM,-9.1190767E+0,-1.7812642E+0,3.8309702E+3,0.0000000E+0
11243425,29/9/2021,5:34:22 AM,-9.5610867E+0,-4.3903155E+0,3.8327556E+3,0.0000000E+0
11243426,29/9/2021,5:34:23 AM,-1.2105272E+1,-6.7793355E+0,3.8318628E+3,0.0000000E+0
11243427,29/9/2021,5:34:23 AM,-1.3333954E+1,-1.1221794E+1,3.8291846E+3,0.0000000E+0
11243428,29/9/2021,5:34:23 AM,-1.3486552E+1,-1.3723501E+1,3.8291846E+3,0.0000000E+0
11243429,29/9/2021,5:34:23 AM,-1.3028757E+1,-1.5762619E+1,3.8309702E+3,0.0000000E+0
11243430,29/9/2021,5:34:23 AM,-1.0581918E+1,-1.8995432E+1,3.8300774E+3,0.0000000E+0
11243431,29/9/2021,5:34:23 AM,-1.0005727E+1,-2.1017548E+1,3.8309702E+3,0.0000000E+0
11243432,29/9/2021,5:34:23 AM,-7.1773925E+0,-2.4538391E+1,3.8291846E+3,0.0000000E+0
11243433,29/9/2021,5:34:23 AM,-6.0828924E+0,-2.7252935E+1,3.8273987E+3,0.0000000E+0
11243434,29/9/2021,5:34:23 AM,-3.6840596E+0,-2.9134298E+1,3.8318628E+3,0.0000000E+0
11243435,29/9/2021,5:34:23 AM,-3.0613346E+0,-2.9268682E+1,3.8309702E+3,0.0000000E+0
11243436,29/9/2021,5:34:24 AM,-4.2750936E+0,-3.0370628E+1,3.8309702E+3,0.0000000E+0
11243437,29/9/2021,5:34:24 AM,-5.2551327E+0,-3.2198242E+1,3.8282915E+3,0.0000000E+0
11243438,29/9/2021,5:34:24 AM,-9.1822205E+0,-3.1983225E+1,3.8291846E+3,0.0000000E+0
11243439,29/9/2021,5:34:24 AM,-1.3920669E+1,-3.1902596E+1,3.8273987E+3,0.0000000E+0
11243440,29/9/2021,5:34:24 AM,-1.6917387E+1,-3.0101860E+1,3.8309702E+3,0.0000000E+0
11243441,29/9/2021,5:34:24 AM,-2.2342409E+1,-2.9591202E+1,3.8273987E+3,0.0000000E+0
11243442,29/9/2021,5:34:24 AM,-2.5268198E+1,-3.0074982E+1,3.8256133E+3,0.0000000E+0
11243443,29/9/2021,5:34:24 AM,-2.8300385E+1,-2.9806217E+1,3.8265059E+3,0.0000000E+0
11243444,29/9/2021,5:34:24 AM,-3.0880400E+1,-2.9376190E+1,3.8238276E+3,0.0000000E+0
11243445,29/9/2021,5:34:24 AM,-3.0454830E+1,-2.7279812E+1,3.8291846E+3,0.0000000E+0
11243446,29/9/2021,5:34:25 AM,-2.9816475E+1,-2.5505951E+1,3.8273987E+3,0.0000000E+0
11243447,29/9/2021,5:34:25 AM,-2.8140795E+1,-2.4592146E+1,3.8291846E+3,0.0000000E+0
11243448,29/9/2021,5:34:25 AM,-2.4683041E+1,-2.3140804E+1,3.8291846E+3,0.0000000E+0
11243449,29/9/2021,5:34:25 AM,-2.3113752E+1,-2.1904478E+1,3.8273987E+3,0.0000000E+0
11243450,29/9/2021,5:34:25 AM,-2.0533737E+1,-1.9503216E+1,3.8309702E+3,0.0000000E+0
11243451,29/9/2021,5:34:25 AM,-1.8430216E+1,-1.7642223E+1,3.8309702E+3,0.0000000E+0
11243452,29/9/2021,5:34:25 AM,-1.6583248E+1,-1.6841995E+1,3.8309702E+3,0.0000000E+0
11243453,29/9/2021,5:34:25 AM,-1.5909711E+1,-1.5478152E+1,3.8318628E+3,0.0000000E+0
11243454,29/9/2021,5:34:25 AM,-1.5557155E+1,-1.4518412E+1,3.8300774E+3,0.0000000E+0
11243455,29/9/2021,5:34:25 AM,-1.6109667E+1,-1.2731857E+1,3.8327556E+3,0.0000000E+0
11243456,29/9/2021,5:34:26 AM,-1.5838673E+1,-1.0854912E+1,3.8327556E+3,0.0000000E+0
11243457,29/9/2021,5:34:26 AM,-1.7198906E+1,-1.0719325E+1,3.8318628E+3,0.0000000E+0
11243458,29/9/2021,5:34:26 AM,-1.7069986E+1,-1.1508919E+1,3.8309702E+3,0.0000000E+0
11243459,29/9/2021,5:34:26 AM,-1.6425388E+1,-1.2769078E+1,3.8309702E+3,0.0000000E+0
11243460,29/9/2021,5:34:26 AM,-1.5291424E+1,-1.3064178E+1,3.8309702E+3,0.0000000E+0
11243461,29/9/2021,5:34:26 AM,-1.2865633E+1,-1.4101018E+1,3.8318628E+3,0.0000000E+0
11243462,29/9/2021,5:34:26 AM,-1.1421209E+1,-1.5810473E+1,3.8309702E+3,0.0000000E+0
11243463,29/9/2021,5:34:26 AM,-8.0298386E+0,-1.8644501E+1,3.8291846E+3,0.0000000E+0
11243464,29/9/2021,5:34:26 AM,-5.0245819E+0,-1.9532461E+1,3.8300774E+3,0.0000000E+0
11243465,29/9/2021,5:34:26 AM,-3.2530642E+0,-1.9590950E+1,3.8309702E+3,0.0000000E+0
11243466,29/9/2021,5:34:27 AM,-9.6836455E-2,-1.9886051E+1,3.8318628E+3,0.0000000E+0
11243467,29/9/2021,5:34:27 AM,2.3459141E+0,-2.0856289E+1,3.8318628E+3,0.0000000E+0
11243468,29/9/2021,5:34:27 AM,3.1009481E+0,-2.1259438E+1,3.8318628E+3,0.0000000E+0
11243469,29/9/2021,5:34:27 AM,4.4478087E+0,-2.2173244E+1,3.8318628E+3,0.0000000E+0
11243470,29/9/2021,5:34:27 AM,3.7260499E+0,-2.2442011E+1,3.8309702E+3,0.0000000E+0
11243471,29/9/2021,5:34:27 AM,1.9569091E+0,-2.1205687E+1,3.8336484E+3,0.0000000E+0
11243472,29/9/2021,5:34:27 AM,-4.1716191E-1,-2.1447575E+1,3.8309702E+3,0.0000000E+0
11243473,29/9/2021,5:34:27 AM,-3.3481367E+0,-2.1877604E+1,3.8309702E+3,0.0000000E+0
11243474,29/9/2021,5:34:27 AM,-4.5848718E+0,-2.1796972E+1,3.8309702E+3,0.0000000E+0
11243475,29/9/2021,5:34:27 AM,-7.8193588E+0,-2.0506893E+1,3.8309702E+3,0.0000000E+0
11243476,29/9/2021,5:34:28 AM,-1.1650107E+1,-2.0088102E+1,3.8309702E+3,0.0000000E+0
11243477,29/9/2021,5:34:28 AM,-1.4107470E+1,-2.0210394E+1,3.8309702E+3,0.0000000E+0
11243478,29/9/2021,5:34:28 AM,-1.7954004E+1,-2.0829412E+1,3.8291846E+3,0.0000000E+0
11243479,29/9/2021,5:34:28 AM,-1.9845699E+1,-2.0936920E+1,3.8282915E+3,0.0000000E+0
11243480,29/9/2021,5:34:28 AM,-2.2475399E+1,-2.0291880E+1,3.8309702E+3,0.0000000E+0
11243481,29/9/2021,5:34:28 AM,-2.6225731E+1,-1.9341045E+1,3.8291846E+3,0.0000000E+0
11243482,29/9/2021,5:34:28 AM,-2.8247189E+1,-1.8535500E+1,3.8309702E+3,0.0000000E+0
11243483,29/9/2021,5:34:28 AM,-3.2263500E+1,-1.7025436E+1,3.8273987E+3,0.0000000E+0
11243484,29/9/2021,5:34:28 AM,-3.5056301E+1,-1.6254454E+1,3.8273987E+3,0.0000000E+0
11243485,29/9/2021,5:34:28 AM,-3.6971367E+1,-1.3928211E+1,3.8309702E+3,0.0000000E+0
11243486,29/9/2021,5:34:29 AM,-4.0455719E+1,-1.2394220E+1,3.8291846E+3,0.0000000E+0
11243487,29/9/2021,5:34:29 AM,-4.2796352E+1,-1.0605007E+1,3.8318628E+3,0.0000000E+0
11243488,29/9/2021,5:34:29 AM,-4.4658218E+1,-1.1227111E+1,3.8291846E+3,0.0000000E+0
11243489,29/9/2021,5:34:29 AM,-4.6094513E+1,-1.1726921E+1,3.8291846E+3,0.0000000E+0
11243490,29/9/2021,5:34:29 AM,-4.5190178E+1,-1.2495246E+1,3.8300774E+3,0.0000000E+0
11243491,29/9/2021,5:34:29 AM,-4.5190178E+1,-1.3688941E+1,3.8291846E+3,0.0000000E+0
11243492,29/9/2021,5:34:29 AM,-4.3195324E+1,-1.5191028E+1,3.8291846E+3,0.0000000E+0
11243493,29/9/2021,5:34:29 AM,-4.0854691E+1,-1.7830980E+1,3.8282915E+3,0.0000000E+0
11243494,29/9/2021,5:34:29 AM,-3.8647045E+1,-2.0856289E+1,3.8273987E+3,0.0000000E+0
11243495,29/9/2021,5:34:29 AM,-3.4151966E+1,-2.2818285E+1,3.8291846E+3,0.0000000E+0
11243496,29/9/2021,5:34:30 AM,-3.1545353E+1,-2.4995295E+1,3.8273987E+3,0.0000000E+0
11243497,29/9/2021,5:34:30 AM,-2.7263058E+1,-2.6043484E+1,3.8309702E+3,0.0000000E+0
11243498,29/9/2021,5:34:30 AM,-2.5028816E+1,-2.6984167E+1,3.8282915E+3,0.0000000E+0
11243499,29/9/2021,5:34:30 AM,-2.4656443E+1,-2.9026794E+1,3.8273987E+3,0.0000000E+0
11243500,29/9/2021,5:34:30 AM,-2.1757250E+1,-2.9080549E+1,3.8291846E+3,0.0000000E+0
11243501,29/9/2021,5:34:30 AM,-2.0032501E+1,-2.9779341E+1,3.8273987E+3,0.0000000E+0
11243502,29/9/2021,5:34:30 AM,-1.8801189E+1,-3.0128736E+1,3.8300774E+3,0.0000000E+0
11243503,29/9/2021,5:34:30 AM,-1.6157026E+1,-3.1338188E+1,3.8291846E+3,0.0000000E+0
11243504,29/9/2021,5:34:30 AM,-1.5275637E+1,-3.2843277E+1,3.8273987E+3,0.0000000E+0
11243505,29/9/2021,5:34:30 AM,-1.3499706E+1,-3.3730209E+1,3.8273987E+3,0.0000000E+0
11243506,29/9/2021,5:34:31 AM,-9.3321886E+0,-3.4321495E+1,3.8291846E+3,0.0000000E+0
11243507,29/9/2021,5:34:31 AM,-6.7511687E+0,-3.4590263E+1,3.8291846E+3,0.0000000E+0
11243508,29/9/2021,5:34:31 AM,-4.0794024E+0,-3.5235302E+1,3.8282915E+3,0.0000000E+0
11243509,29/9/2021,5:34:31 AM,-8.9817792E-1,-3.5450317E+1,3.8291846E+3,0.0000000E+0
11243510,29/9/2021,5:34:31 AM,2.8021881E-1,-3.4590263E+1,3.8291846E+3,0.0000000E+0
11243511,29/9/2021,5:34:31 AM,2.9504168E+0,-3.4133362E+1,3.8291846E+3,0.0000000E+0
11243512,29/9/2021,5:34:31 AM,5.0134902E+0,-3.2332626E+1,3.8309702E+3,0.0000000E+0
11243513,29/9/2021,5:34:31 AM,4.4446397E+0,-3.0585640E+1,3.8309702E+3,0.0000000E+0
11243514,29/9/2021,5:34:31 AM,4.8700891E+0,-2.9349314E+1,3.8309702E+3,0.0000000E+0
11243515,29/9/2021,5:34:31 AM,3.4297404E+0,-2.7387316E+1,3.8291846E+3,0.0000000E+0
11243516,29/9/2021,5:34:32 AM,9.2854148E-1,-2.4430883E+1,3.8291846E+3,0.0000000E+0
11243517,29/9/2021,5:34:32 AM,-4.0080267E-1,-2.0802536E+1,3.8327556E+3,0.0000000E+0
11243518,29/9/2021,5:34:32 AM,-1.7762713E+0,-1.8033031E+1,3.8309702E+3,0.0000000E+0
11243519,29/9/2021,5:34:32 AM,-5.2202730E+0,-1.4085067E+1,3.8318628E+3,0.0000000E+0
11243520,29/9/2021,5:34:32 AM,-7.9298611E+0,-1.0953279E+1,3.8318628E+3,0.0000000E+0
11243521,29/9/2021,5:34:32 AM,-9.6505404E+0,-7.1701441E+0,3.8318628E+3,0.0000000E+0
11243522,29/9/2021,5:34:32 AM,-1.2349956E+1,-2.9621022E+0,3.8318628E+3,0.0000000E+0
11243523,29/9/2021,5:34:32 AM,-1.2939302E+1,5.1031619E-1,3.8345413E+3,0.0000000E+0
11243524,29/9/2021,5:34:32 AM,-1.3428669E+1,3.3591838E+0,3.8327556E+3,0.0000000E+0
11243525,29/9/2021,5:34:32 AM,-1.4962548E+1,5.0499840E+0,3.8327556E+3,0.0000000E+0
11243526,29/9/2021,5:34:33 AM,-1.4291641E+1,6.8325067E+0,3.8354341E+3,0.0000000E+0
11243527,29/9/2021,5:34:33 AM,-1.3836475E+1,8.3851080E+0,3.8363269E+3,0.0000000E+0
11243528,29/9/2021,5:34:33 AM,-1.3681247E+1,9.0524063E+0,3.8363269E+3,0.0000000E+0
11243529,29/9/2021,5:34:33 AM,-1.3825952E+1,8.0501280E+0,3.8354341E+3,0.0000000E+0
11243530,29/9/2021,5:34:33 AM,-1.4933606E+1,6.0508890E+0,3.8327556E+3,0.0000000E+0
11243531,29/9/2021,5:34:33 AM,-1.4907296E+1,4.8994770E+0,3.8354341E+3,0.0000000E+0
11243532,29/9/2021,5:34:33 AM,-1.5799208E+1,3.4536510E+0,3.8345413E+3,0.0000000E+0
11243533,29/9/2021,5:34:33 AM,-1.7685642E+1,1.7588482E+0,3.8345413E+3,0.0000000E+0
11243534,29/9/2021,5:34:33 AM,-1.8396013E+1,-4.8925298E-1,3.8327556E+3,0.0000000E+0
11243535,29/9/2021,5:34:33 AM,-2.0161364E+1,-3.5297048E+0,3.8318628E+3,0.0000000E+0
11243536,29/9/2021,5:34:34 AM,-2.1571062E+1,-6.7952867E+0,3.8309702E+3,0.0000000E+0
11243537,29/9/2021,5:34:34 AM,-2.2501997E+1,-1.0083929E+1,3.8318628E+3,0.0000000E+0
11243538,29/9/2021,5:34:34 AM,-2.3991489E+1,-1.3548037E+1,3.8291846E+3,0.0000000E+0
11243539,29/9/2021,5:34:34 AM,-2.4390463E+1,-1.8290913E+1,3.8300774E+3,0.0000000E+0
11243540,29/9/2021,5:34:34 AM,-2.4762836E+1,-2.2388258E+1,3.8291846E+3,0.0000000E+0
11243541,29/9/2021,5:34:34 AM,-2.5135210E+1,-2.6634771E+1,3.8273987E+3,0.0000000E+0
11243542,29/9/2021,5:34:34 AM,-2.5002218E+1,-3.0048105E+1,3.8273987E+3,0.0000000E+0
11243543,29/9/2021,5:34:34 AM,-2.4683041E+1,-3.2413254E+1,3.8291846E+3,0.0000000E+0
11243544,29/9/2021,5:34:34 AM,-2.5401190E+1,-3.5638451E+1,3.8247205E+3,0.0000000E+0
11243545,29/9/2021,5:34:34 AM,-2.3885098E+1,-3.8594887E+1,3.8273987E+3,0.0000000E+0
11243546,29/9/2021,5:34:35 AM,-2.3166948E+1,-4.0422497E+1,3.8256133E+3,0.0000000E+0
11243547,29/9/2021,5:34:35 AM,-2.2900969E+1,-4.1846962E+1,3.8256133E+3,0.0000000E+0
11243548,29/9/2021,5:34:35 AM,-2.1305082E+1,-4.2061974E+1,3.8273987E+3,0.0000000E+0
11243549,29/9/2021,5:34:35 AM,-1.9990406E+1,-4.3405807E+1,3.8256133E+3,0.0000000E+0
11243550,29/9/2021,5:34:35 AM,-1.8819607E+1,-4.3916462E+1,3.8247205E+3,0.0000000E+0
11243551,29/9/2021,5:34:35 AM,-1.7206799E+1,-4.3405807E+1,3.8273987E+3,0.0000000E+0
11243552,29/9/2021,5:34:35 AM,-1.6433281E+1,-4.2250111E+1,3.8256133E+3,0.0000000E+0
11243553,29/9/2021,5:34:35 AM,-1.5180922E+1,-3.9428062E+1,3.8291846E+3,0.0000000E+0
11243554,29/9/2021,5:34:35 AM,-1.4738912E+1,-3.7062916E+1,3.8282915E+3,0.0000000E+0
11243555,29/9/2021,5:34:35 AM,-1.1900053E+1,-3.6175983E+1,3.8291846E+3,0.0000000E+0
11243556,29/9/2021,5:34:36 AM,-1.1455413E+1,-3.4375248E+1,3.8282915E+3,0.0000000E+0
11243557,29/9/2021,5:34:36 AM,-1.1444889E+1,-3.3112045E+1,3.8273987E+3,0.0000000E+0
11243558,29/9/2021,5:34:36 AM,-9.1585426E+0,-3.0451258E+1,3.8318628E+3,0.0000000E+0
11243559,29/9/2021,5:34:36 AM,-9.7715664E+0,-2.7924850E+1,3.8291846E+3,0.0000000E+0
11243560,29/9/2021,5:34:36 AM,-9.6926374E+0,-2.6876659E+1,3.8291846E+3,0.0000000E+0
11243561,29/9/2021,5:34:36 AM,-8.6586504E+0,-2.5129677E+1,3.8291846E+3,0.0000000E+0
11243562,29/9/2021,5:34:36 AM,-1.0589810E+1,-2.1716341E+1,3.8291846E+3,0.0000000E+0
11243563,29/9/2021,5:34:36 AM,-1.1250194E+1,-1.8038349E+1,3.8327556E+3,0.0000000E+0
11243564,29/9/2021,5:34:36 AM,-1.2568330E+1,-1.5052783E+1,3.8318628E+3,0.0000000E+0
11243565,29/9/2021,5:34:36 AM,-1.4146935E+1,-1.2630833E+1,3.8327556E+3,0.0000000E+0
11243566,29/9/2021,5:34:37 AM,-1.4994120E+1,-1.1027719E+1,3.8309702E+3,0.0000000E+0
11243567,29/9/2021,5:34:37 AM,-1.4844151E+1,-9.3900442E+0,3.8318628E+3,0.0000000E+0
11243568,29/9/2021,5:34:37 AM,-1.6312256E+1,-6.7155294E+0,3.8327556E+3,0.0000000E+0
11243569,29/9/2021,5:34:37 AM,-1.7009474E+1,-4.3991222E+0,3.8345413E+3,0.0000000E+0
11243570,29/9/2021,5:34:37 AM,-1.7075249E+1,-3.4128222E+0,3.8327556E+3,0.0000000E+0
11243571,29/9/2021,5:34:37 AM,-1.8206581E+1,-3.0821874E+0,3.8318628E+3,0.0000000E+0
11243572,29/9/2021,5:34:37 AM,-1.8317085E+1,-2.4513397E+0,3.8327556E+3,0.0000000E+0
11243573,29/9/2021,5:34:37 AM,-1.9979881E+1,-5.0125104E-1,3.8336484E+3,0.0000000E+0
11243574,29/9/2021,5:34:37 AM,-2.1464670E+1,1.2104679E-1,3.8336484E+3,0.0000000E+0
11243575,29/9/2021,5:34:37 AM,-2.3087154E+1,4.7832146E-1,3.8327556E+3,0.0000000E+0
11243576,29/9/2021,5:34:38 AM,-2.4337267E+1,-7.2068167E-1,3.8309702E+3,0.0000000E+0
11243577,29/9/2021,5:34:38 AM,-2.5268198E+1,-7.8787065E-1,3.8345413E+3,0.0000000E+0
11243578,29/9/2021,5:34:38 AM,-2.6917282E+1,-2.3328557E+0,3.8327556E+3,0.0000000E+0
11243579,29/9/2021,5:34:38 AM,-2.7103468E+1,-4.2173929E+0,3.8327556E+3,0.0000000E+0
11243580,29/9/2021,5:34:38 AM,-2.7715225E+1,-6.1678662E+0,3.8327556E+3,0.0000000E+0
11243581,29/9/2021,5:34:38 AM,-2.9124926E+1,-9.1614075E+0,3.8309702E+3,0.0000000E+0
11243582,29/9/2021,5:34:38 AM,-2.7263058E+1,-1.3082788E+1,3.8291846E+3,0.0000000E+0
11243583,29/9/2021,5:34:38 AM,-2.7795019E+1,-1.6286356E+1,3.8282915E+3,0.0000000E+0
11243584,29/9/2021,5:34:38 AM,-2.7209862E+1,-1.8928968E+1,3.8318628E+3,0.0000000E+0
11243585,29/9/2021,5:34:38 AM,-2.6145935E+1,-2.1904478E+1,3.8309702E+3,0.0000000E+0
11243586,29/9/2021,5:34:39 AM,-2.7608831E+1,-2.6204744E+1,3.8256133E+3,0.0000000E+0
11243587,29/9/2021,5:34:39 AM,-2.6890684E+1,-2.8973042E+1,3.8273987E+3,0.0000000E+0
11243588,29/9/2021,5:34:39 AM,-2.6012947E+1,-3.1606953E+1,3.8265059E+3,0.0000000E+0
11243589,29/9/2021,5:34:39 AM,-2.5879955E+1,-3.2950787E+1,3.8273987E+3,0.0000000E+0
11243590,29/9/2021,5:34:39 AM,-2.5401190E+1,-3.4375248E+1,3.8273987E+3,0.0000000E+0
11243591,29/9/2021,5:34:39 AM,-2.6465115E+1,-3.6068478E+1,3.8265059E+3,0.0000000E+0
11243592,29/9/2021,5:34:39 AM,-2.5640574E+1,-3.7251053E+1,3.8265059E+3,0.0000000E+0
11243593,29/9/2021,5:34:39 AM,-2.3326538E+1,-3.7654202E+1,3.8265059E+3,0.0000000E+0
11243594,29/9/2021,5:34:39 AM,-2.1278482E+1,-3.7734833E+1,3.8273987E+3,0.0000000E+0
11243595,29/9/2021,5:34:39 AM,-1.8335501E+1,-3.7976723E+1,3.8282915E+3,0.0000000E+0
11243596,29/9/2021,5:34:40 AM,-1.7264681E+1,-3.8863651E+1,3.8256133E+3,0.0000000E+0
11243597,29/9/2021,5:34:40 AM,-1.4828366E+1,-3.9320553E+1,3.8265059E+3,0.0000000E+0
11243598,29/9/2021,5:34:40 AM,-1.2702512E+1,-3.8836773E+1,3.8273987E+3,0.0000000E+0
11243599,29/9/2021,5:34:40 AM,-9.5400381E+0,-3.8057350E+1,3.8291846E+3,0.0000000E+0
11243600,29/9/2021,5:34:40 AM,-9.4926805E+0,-3.6767273E+1,3.8273987E+3,0.0000000E+0
11243601,29/9/2021,5:34:40 AM,-8.2245331E+0,-3.6632889E+1,3.8265059E+3,0.0000000E+0
11243602,29/9/2021,5:34:40 AM,-8.4797421E+0,-3.3515198E+1,3.8291846E+3,0.0000000E+0
11243603,29/9/2021,5:34:40 AM,-8.0745659E+0,-3.0585640E+1,3.8282915E+3,0.0000000E+0
11243604,29/9/2021,5:34:40 AM,-7.4799585E+0,-2.7306686E+1,3.8309702E+3,0.0000000E+0
11243605,29/9/2021,5:34:40 AM,-6.2723255E+0,-2.4242748E+1,3.8291846E+3,0.0000000E+0
11243606,29/9/2021,5:34:41 AM,-8.1087694E+0,-2.1555082E+1,3.8291846E+3,0.0000000E+0
11243607,29/9/2021,5:34:41 AM,-7.6878080E+0,-1.7982519E+1,3.8309702E+3,0.0000000E+0
11243608,29/9/2021,5:34:41 AM,-5.8539948E+0,-1.4959733E+1,3.8318628E+3,0.0000000E+0
11243609,29/9/2021,5:34:41 AM,-4.7219343E+0,-1.1936948E+1,3.8327556E+3,0.0000000E+0
11243610,29/9/2021,5:34:41 AM,-4.1744752E+0,-1.0397639E+1,3.8327556E+3,0.0000000E+0
11243611,29/9/2021,5:34:41 AM,-2.3364069E+0,-9.0178452E+0,3.8327556E+3,0.0000000E+0
11243612,29/9/2021,5:34:41 AM,-1.5364541E+0,-7.6805882E+0,3.8327556E+3,0.0000000E+0
11243613,29/9/2021,5:34:41 AM,-6.3933164E-1,-6.2316713E+0,3.8327556E+3,0.0000000E+0
11243614,29/9/2021,5:34:41 AM,4.5674089E-1,-4.8218222E+0,3.8363269E+3,0.0000000E+0
11243615,29/9/2021,5:34:41 AM,1.2303966E+0,-4.0180516E+0,3.8327556E+3,0.0000000E+0
11243616,29/9/2021,5:34:42 AM,4.4539490E-1,-3.5713344E+0,3.8327556E+3,0.0000000E+0
11243617,29/9/2021,5:34:42 AM,-4.7705805E-1,-1.3107181E+0,3.8345413E+3,0.0000000E+0
11243618,29/9/2021,5:34:42 AM,-3.9019341E+0,5.7643872E-1,3.8327556E+3,0.0000000E+0
11243619,29/9/2021,5:34:42 AM,-5.1505527E+0,1.8068824E+0,3.8363269E+3,0.0000000E+0
11243620,29/9/2021,5:34:42 AM,-8.2850475E+0,2.8932533E+0,3.8336484E+3,0.0000000E+0
11243621,29/9/2021,5:34:42 AM,-1.1063393E+1,3.1574409E+0,3.8327556E+3,0.0000000E+0
11243622,29/9/2021,5:34:42 AM,-1.3731235E+1,2.9132676E+0,3.8336484E+3,0.0000000E+0
11243623,29/9/2021,5:34:42 AM,-1.4510015E+1,1.7652528E+0,3.8336484E+3,0.0000000E+0
11243624,29/9/2021,5:34:42 AM,-1.5586097E+1,2.3648784E+0,3.8345413E+3,0.0000000E+0
11243625,29/9/2021,5:34:42 AM,-1.6175442E+1,1.6163471E+0,3.8327556E+3,0.0000000E+0
11243626,29/9/2021,5:34:43 AM,-1.5294055E+1,-5.7990474E-1,3.8345413E+3,0.0000000E+0
11243627,29/9/2021,5:34:43 AM,-1.4036432E+1,-2.8972561E+0,3.8327556E+3,0.0000000E+0
11243628,29/9/2021,5:34:43 AM,-1.4673137E+1,-5.6584158E+0,3.8318628E+3,0.0000000E+0
11243629,29/9/2021,5:34:43 AM,-1.4625778E+1,-7.2685108E+0,3.8345413E+3,0.0000000E+0
11243630,29/9/2021,5:34:43 AM,-1.6599035E+1,-9.3209219E+0,3.8327556E+3,0.0000000E+0
11243631,29/9/2021,5:34:43 AM,-1.8495993E+1,-1.3026958E+1,3.8309702E+3,0.0000000E+0
11243632,29/9/2021,5:34:43 AM,-2.0959307E+1,-1.5153809E+1,3.8309702E+3,0.0000000E+0
11243633,29/9/2021,5:34:43 AM,-2.5746964E+1,-1.7527905E+1,3.8309702E+3,0.0000000E+0
11243634,29/9/2021,5:34:43 AM,-2.9311110E+1,-2.0311420E+1,3.8291846E+3,0.0000000E+0
11243635,29/9/2021,5:34:43 AM,-3.1970922E+1,-2.3194559E+1,3.8291846E+3,0.0000000E+0
11243636,29/9/2021,5:34:44 AM,-3.5694656E+1,-2.6715403E+1,3.8256133E+3,0.0000000E+0
11243637,29/9/2021,5:34:44 AM,-3.7955494E+1,-3.0021233E+1,3.8273987E+3,0.0000000E+0
11243638,29/9/2021,5:34:44 AM,-3.9019421E+1,-3.4267742E+1,3.8256133E+3,0.0000000E+0
11243639,29/9/2021,5:34:44 AM,-4.0881287E+1,-3.7842339E+1,3.8247205E+3,0.0000000E+0
11243640,29/9/2021,5:34:44 AM,-3.9338596E+1,-4.1739456E+1,3.8265059E+3,0.0000000E+0
11243641,29/9/2021,5:34:44 AM,-3.9072617E+1,-4.5340927E+1,3.8220420E+3,0.0000000E+0
11243642,29/9/2021,5:34:44 AM,-3.7290543E+1,-4.8915524E+1,3.8220420E+3,0.0000000E+0
11243643,29/9/2021,5:34:44 AM,-3.4604134E+1,-5.2194473E+1,3.8220420E+3,0.0000000E+0
11243644,29/9/2021,5:34:44 AM,-3.3034843E+1,-5.3726444E+1,3.8220420E+3,0.0000000E+0
11243645,29/9/2021,5:34:44 AM,-3.0348436E+1,-5.3296421E+1,3.8247205E+3,0.0000000E+0
11243646,29/9/2021,5:34:45 AM,-2.8539766E+1,-5.2328857E+1,3.8238276E+3,0.0000000E+0
11243647,29/9/2021,5:34:45 AM,-2.6278927E+1,-5.0555000E+1,3.8256133E+3,0.0000000E+0
11243648,29/9/2021,5:34:45 AM,-2.6305525E+1,-4.8297359E+1,3.8247205E+3,0.0000000E+0
11243649,29/9/2021,5:34:45 AM,-2.6358723E+1,-4.6846020E+1,3.8247205E+3,0.0000000E+0
11243650,29/9/2021,5:34:45 AM,-2.4762836E+1,-4.3298302E+1,3.8282915E+3,0.0000000E+0
11243651,29/9/2021,5:34:45 AM,-2.5959751E+1,-4.0099979E+1,3.8273987E+3,0.0000000E+0
11243652,29/9/2021,5:34:45 AM,-2.5879955E+1,-3.7009163E+1,3.8282915E+3,0.0000000E+0
11243653,29/9/2021,5:34:45 AM,-2.6039545E+1,-3.6095356E+1,3.8238276E+3,0.0000000E+0
11243654,29/9/2021,5:34:45 AM,-2.5028816E+1,-3.3353935E+1,3.8256133E+3,0.0000000E+0
11243655,29/9/2021,5:34:45 AM,-2.1810446E+1,-2.8543015E+1,3.8291846E+3,0.0000000E+0
11243656,29/9/2021,5:34:46 AM,-1.9572075E+1,-2.5102802E+1,3.8282915E+3,0.0000000E+0
11243657,29/9/2021,5:34:46 AM,-1.6083357E+1,-2.0936920E+1,3.8309702E+3,0.0000000E+0
11243658,29/9/2021,5:34:46 AM,-1.4402142E+1,-1.7477394E+1,3.8273987E+3,0.0000000E+0
11243659,29/9/2021,5:34:46 AM,-1.1752716E+1,-1.3449670E+1,3.8309702E+3,0.0000000E+0
11243660,29/9/2021,5:34:46 AM,-7.1116171E+0,-6.6862855E+0,3.8336484E+3,0.0000000E+0
11243661,29/9/2021,5:34:46 AM,-6.1486678E+0,-1.3389801E+0,3.8354341E+3,0.0000000E+0
11243662,29/9/2021,5:34:46 AM,-4.3939342E+0,3.4184260E+0,3.8363269E+3,0.0000000E+0
11243663,29/9/2021,5:34:46 AM,-2.2516339E+0,6.3778920E+0,3.8363269E+3,0.0000000E+0
11243664,29/9/2021,5:34:46 AM,-2.9733925E+0,9.3102875E+0,3.8354341E+3,0.0000000E+0
11243665,29/9/2021,5:34:46 AM,-2.0583196E+0,1.3465621E+1,3.8398979E+3,0.0000000E+0
11243666,29/9/2021,5:34:47 AM,-8.5358560E-1,1.5837059E+1,3.8398979E+3,0.0000000E+0
11243667,29/9/2021,5:34:47 AM,-1.4813075E+0,1.6429918E+1,3.8398979E+3,0.0000000E+0
11243668,29/9/2021,5:34:47 AM,-8.3142138E-1,1.5103295E+1,3.8390051E+3,0.0000000E+0
11243669,29/9/2021,5:34:47 AM,-1.6715502E+0,1.2684003E+1,3.8363269E+3,0.0000000E+0
11243670,29/9/2021,5:34:47 AM,-1.6288049E+0,8.0581036E+0,3.8345413E+3,0.0000000E+0
11243671,29/9/2021,5:34:47 AM,-6.6492602E-2,3.4336369E+0,3.8345413E+3,0.0000000E+0
11243672,29/9/2021,5:34:47 AM,-5.6492329E-1,-1.0238319E-1,3.8345413E+3,0.0000000E+0
11243673,29/9/2021,5:34:47 AM,1.2280198E+0,-5.5615473E+0,3.8318628E+3,0.0000000E+0
11243674,29/9/2021,5:34:47 AM,2.7333345E+0,-1.0533226E+1,3.8309702E+3,0.0000000E+0
11243675,29/9/2021,5:34:47 AM,2.4663391E+0,-1.4305727E+1,3.8291846E+3,0.0000000E+0
11243676,29/9/2021,5:34:48 AM,2.5416050E+0,-1.6339527E+1,3.8309702E+3,0.0000000E+0
11243677,29/9/2021,5:34:48 AM,2.5954795E+0,-1.8139374E+1,3.8318628E+3,0.0000000E+0
11243678,29/9/2021,5:34:48 AM,2.9250641E+0,-1.9582975E+1,3.8336484E+3,0.0000000E+0
11243679,29/9/2021,5:34:48 AM,1.4031117E+0,-2.1931355E+1,3.8291846E+3,0.0000000E+0
11243680,29/9/2021,5:34:48 AM,-9.3142420E-1,-2.3624584E+1,3.8309702E+3,0.0000000E+0
11243681,29/9/2021,5:34:48 AM,-2.2064743E+0,-2.3248312E+1,3.8327556E+3,0.0000000E+0
11243682,29/9/2021,5:34:48 AM,-5.7566471E+0,-2.3624584E+1,3.8309702E+3,0.0000000E+0
11243683,29/9/2021,5:34:48 AM,-8.1666517E+0,-2.4565268E+1,3.8327556E+3,0.0000000E+0
11243684,29/9/2021,5:34:48 AM,-1.0655586E+1,-2.7118551E+1,3.8300774E+3,0.0000000E+0
11243685,29/9/2021,5:34:48 AM,-1.5344044E+1,-2.9940601E+1,3.8273987E+3,0.0000000E+0
11243686,29/9/2021,5:34:49 AM,-1.8995884E+1,-3.0451258E+1,3.8291846E+3,0.0000000E+0
11243687,29/9/2021,5:34:49 AM,-2.4683041E+1,-3.1230680E+1,3.8273987E+3,0.0000000E+0
11243688,29/9/2021,5:34:49 AM,-2.9523897E+1,-3.2574512E+1,3.8273987E+3,0.0000000E+0
11243689,29/9/2021,5:34:49 AM,-3.3487015E+1,-3.3542072E+1,3.8247205E+3,0.0000000E+0
11243690,29/9/2021,5:34:49 AM,-3.9391792E+1,-3.4832153E+1,3.8238276E+3,0.0000000E+0
11243691,29/9/2021,5:34:49 AM,-4.3620892E+1,-3.3918346E+1,3.8238276E+3,0.0000000E+0
11243692,29/9/2021,5:34:49 AM,-4.8488342E+1,-3.2278870E+1,3.8247205E+3,0.0000000E+0
11243693,29/9/2021,5:34:49 AM,-5.3674976E+1,-2.9886847E+1,3.8256133E+3,0.0000000E+0
11243694,29/9/2021,5:34:49 AM,-5.6334785E+1,-2.8032358E+1,3.8256133E+3,0.0000000E+0
11243695,29/9/2021,5:34:49 AM,-5.8994595E+1,-2.7064798E+1,3.8238276E+3,0.0000000E+0
11243696,29/9/2021,5:34:50 AM,-5.9553154E+1,-2.4135242E+1,3.8256133E+3,0.0000000E+0
11243697,29/9/2021,5:34:50 AM,-5.8914803E+1,-2.1635712E+1,3.8273987E+3,0.0000000E+0
11243698,29/9/2021,5:34:50 AM,-5.5802826E+1,-1.9745146E+1,3.8309702E+3,0.0000000E+0
11243699,29/9/2021,5:34:50 AM,-5.2823837E+1,-2.0295469E+1,3.8273987E+3,0.0000000E+0
11243700,29/9/2021,5:34:50 AM,-4.8647934E+1,-2.2737656E+1,3.8256133E+3,0.0000000E+0
11243701,29/9/2021,5:34:50 AM,-4.3115528E+1,-2.3705215E+1,3.8282915E+3,0.0000000E+0
11243702,29/9/2021,5:34:50 AM,-3.7396935E+1,-2.4565268E+1,3.8291846E+3,0.0000000E+0
11243703,29/9/2021,5:34:50 AM,-3.4364750E+1,-2.5774719E+1,3.8282915E+3,0.0000000E+0
11243704,29/9/2021,5:34:50 AM,-3.0348436E+1,-2.8381754E+1,3.8247205E+3,0.0000000E+0
11243705,29/9/2021,5:34:50 AM,-2.6970480E+1,-2.9644957E+1,3.8256133E+3,0.0000000E+0
11243706,29/9/2021,5:34:51 AM,-2.1571062E+1,-2.8973042E+1,3.8265059E+3,0.0000000E+0
11243707,29/9/2021,5:34:51 AM,-1.5901818E+1,-2.7602331E+1,3.8309702E+3,0.0000000E+0
11243708,29/9/2021,5:34:51 AM,-9.6031828E+0,-2.5586580E+1,3.8291846E+3,0.0000000E+0
11243709,29/9/2021,5:34:51 AM,-4.3154998E+0,-2.5237185E+1,3.8291846E+3,0.0000000E+0
11243710,29/9/2021,5:34:51 AM,3.6167164E+0,-2.5720964E+1,3.8291846E+3,0.0000000E+0
11243711,29/9/2021,5:34:51 AM,1.2710403E+1,-2.4592146E+1,3.8318628E+3,0.0000000E+0
11243712,29/9/2021,5:34:51 AM,2.0826315E+1,-2.3194559E+1,3.8345413E+3,0.0000000E+0
11243713,29/9/2021,5:34:51 AM,2.8273787E+1,-2.2280752E+1,3.8363269E+3,0.0000000E+0
11243714,29/9/2021,5:34:51 AM,3.4896713E+1,-2.2952669E+1,3.8345413E+3,0.0000000E+0
11243715,29/9/2021,5:34:51 AM,3.9125813E+1,-2.3866474E+1,3.8345413E+3,0.0000000E+0
11243716,29/9/2021,5:34:52 AM,4.3860275E+1,-2.2791409E+1,3.8345413E+3,0.0000000E+0
11243717,29/9/2021,5:34:52 AM,4.4897602E+1,-1.9864782E+1,3.8363269E+3,0.0000000E+0
11243718,29/9/2021,5:34:52 AM,4.2955936E+1,-1.6810093E+1,3.8381123E+3,0.0000000E+0
11243719,29/9/2021,5:34:52 AM,3.8753441E+1,-1.5281419E+1,3.8354341E+3,0.0000000E+0
11243720,29/9/2021,5:34:52 AM,3.2343296E+1,-1.3351303E+1,3.8327556E+3,0.0000000E+0
11243721,29/9/2021,5:34:52 AM,2.3140350E+1,-9.6824865E+0,3.8336484E+3,0.0000000E+0
11243722,29/9/2021,5:34:52 AM,1.4599467E+1,-5.4150429E+0,3.8345413E+3,0.0000000E+0
11243723,29/9/2021,5:34:52 AM,7.6904392E+0,-3.7193891E-1,3.8390051E+3,0.0000000E+0
11243724,29/9/2021,5:34:52 AM,-1.7264330E+0,2.4473369E+0,3.8318628E+3,0.0000000E+0
11243725,29/9/2021,5:34:52 AM,-9.4558458E+0,3.6457875E+0,3.8327556E+3,0.0000000E+0
11243726,29/9/2021,5:34:53 AM,-1.4562634E+1,5.8435211E+0,3.8345413E+3,0.0000000E+0
11243727,29/9/2021,5:34:53 AM,-1.9982512E+1,8.0262012E+0,3.8327556E+3,0.0000000E+0
11243728,29/9/2021,5:34:53 AM,-2.3246744E+1,9.9961967E+0,3.8381123E+3,0.0000000E+0
11243729,29/9/2021,5:34:53 AM,-2.7662029E+1,9.3528242E+0,3.8345413E+3,0.0000000E+0
11243730,29/9/2021,5:34:53 AM,-3.3167835E+1,6.8564339E+0,3.8309702E+3,0.0000000E+0
11243731,29/9/2021,5:34:53 AM,-3.6333012E+1,5.8036427E+0,3.8327556E+3,0.0000000E+0
11243732,29/9/2021,5:34:53 AM,-4.1572838E+1,5.2781458E+0,3.8318628E+3,0.0000000E+0
11243733,29/9/2021,5:34:53 AM,-4.6147709E+1,4.9539156E+0,3.8327556E+3,0.0000000E+0
11243734,29/9/2021,5:34:53 AM,-5.1839706E+1,3.4528503E+0,3.8327556E+3,0.0000000E+0
11243735,29/9/2021,5:34:53 AM,-5.8409439E+1,-3.6820620E-1,3.8291846E+3,0.0000000E+0
11243736,29/9/2021,5:34:54 AM,-6.3702461E+1,-3.4904771E+0,3.8300774E+3,0.0000000E+0
11243737,29/9/2021,5:34:54 AM,-6.9261467E+1,-6.9601173E+0,3.8273987E+3,0.0000000E+0
11243738,29/9/2021,5:34:54 AM,-7.1947876E+1,-1.1312185E+1,3.8273987E+3,0.0000000E+0
11243739,29/9/2021,5:34:54 AM,-7.2932007E+1,-1.6033792E+1,3.8273987E+3,0.0000000E+0
11243740,29/9/2021,5:34:54 AM,-7.4714081E+1,-2.3167683E+1,3.8238276E+3,0.0000000E+0
11243741,29/9/2021,5:34:54 AM,-7.2160660E+1,-3.0531885E+1,3.8229348E+3,0.0000000E+0
11243742,29/9/2021,5:34:54 AM,-6.7771965E+1,-3.6955406E+1,3.8220420E+3,0.0000000E+0
11243743,29/9/2021,5:34:54 AM,-6.2186371E+1,-4.2357620E+1,3.8202566E+3,0.0000000E+0
11243744,29/9/2021,5:34:54 AM,-5.3568584E+1,-4.8458618E+1,3.8220420E+3,0.0000000E+0
11243745,29/9/2021,5:34:54 AM,-4.5323170E+1,-5.3296421E+1,3.8202566E+3,0.0000000E+0
11243746,29/9/2021,5:34:55 AM,-3.7343739E+1,-5.6521614E+1,3.8220420E+3,0.0000000E+0
11243747,29/9/2021,5:34:55 AM,-3.0029261E+1,-5.9504925E+1,3.8220420E+3,0.0000000E+0
11243748,29/9/2021,5:34:55 AM,-2.3592518E+1,-6.2138840E+1,3.8220420E+3,0.0000000E+0
11243749,29/9/2021,5:34:55 AM,-1.6680597E+1,-6.3052647E+1,3.8238276E+3,0.0000000E+0
11243750,29/9/2021,5:34:55 AM,-8.0903521E+0,-6.3697689E+1,3.8273987E+3,0.0000000E+0
11243751,29/9/2021,5:34:55 AM,-3.2728713E+0,-6.4477112E+1,3.8247205E+3,0.0000000E+0
11243752,29/9/2021,5:34:55 AM,-1.0253582E+0,-6.3724567E+1,3.8247205E+3,0.0000000E+0
11243753,29/9/2021,5:34:55 AM,1.6455467E+0,-6.1278786E+1,3.8273987E+3,0.0000000E+0
11243754,29/9/2021,5:34:55 AM,4.9548621E+0,-5.8510490E+1,3.8273987E+3,0.0000000E+0
11243755,29/9/2021,5:34:55 AM,8.9059649E+0,-5.6199100E+1,3.8282915E+3,0.0000000E+0
11243756,29/9/2021,5:34:56 AM,1.0913424E+1,-5.3511433E+1,3.8273987E+3,0.0000000E+0
11243757,29/9/2021,5:34:56 AM,1.1210729E+1,-5.0313107E+1,3.8273987E+3,0.0000000E+0
11243758,29/9/2021,5:34:56 AM,1.1960567E+1,-4.6657883E+1,3.8256133E+3,0.0000000E+0
11243759,29/9/2021,5:34:56 AM,1.1776396E+1,-4.1739456E+1,3.8273987E+3,0.0000000E+0
11243760,29/9/2021,5:34:56 AM,1.3899621E+1,-3.6525383E+1,3.8309702E+3,0.0000000E+0
11243761,29/9/2021,5:34:56 AM,1.4517907E+1,-3.1042542E+1,3.8291846E+3,0.0000000E+0
11243762,29/9/2021,5:34:56 AM,1.2192095E+1,-2.5425323E+1,3.8282915E+3,0.0000000E+0
11243763,29/9/2021,5:34:56 AM,1.0363544E+1,-1.8788065E+1,3.8291846E+3,0.0000000E+0
11243764,29/9/2021,5:34:56 AM,7.1800232E+0,-9.6479244E+0,3.8327556E+3,0.0000000E+0
11243765,29/9/2021,5:34:56 AM,2.9115953E+0,-1.2051355E+0,3.8345413E+3,0.0000000E+0
11243766,29/9/2021,5:34:57 AM,1.0228218E+0,6.4257464E+0,3.8390051E+3,0.0000000E+0
11243767,29/9/2021,5:34:57 AM,-3.0383587E+0,1.2766419E+1,3.8363269E+3,0.0000000E+0
11243768,29/9/2021,5:34:57 AM,-8.1192932E+0,1.8341425E+1,3.8381123E+3,0.0000000E+0
11243769,29/9/2021,5:34:57 AM,-1.2313122E+1,2.4430883E+1,3.8398979E+3,0.0000000E+0
11243770,29/9/2021,5:34:57 AM,-1.6549046E+1,2.9161177E+1,3.8398979E+3,0.0000000E+0
11243771,29/9/2021,5:34:57 AM,-1.9937784E+1,3.2708897E+1,3.8416836E+3,0.0000000E+0
11243772,29/9/2021,5:34:57 AM,-2.1172092E+1,3.3138924E+1,3.8390051E+3,0.0000000E+0
11243773,29/9/2021,5:34:57 AM,-2.3512724E+1,3.1741337E+1,3.8363269E+3,0.0000000E+0
11243774,29/9/2021,5:34:57 AM,-2.5693768E+1,3.0478134E+1,3.8363269E+3,0.0000000E+0
11243775,29/9/2021,5:34:57 AM,-2.6943882E+1,2.7306686E+1,3.8354341E+3,0.0000000E+0
11243776,29/9/2021,5:34:58 AM,-2.5507584E+1,2.4323378E+1,3.8354341E+3,0.0000000E+0
11243777,29/9/2021,5:34:58 AM,-2.4230873E+1,2.0695030E+1,3.8336484E+3,0.0000000E+0
11243778,29/9/2021,5:34:58 AM,-2.2448801E+1,1.6296989E+1,3.8336484E+3,0.0000000E+0
11243779,29/9/2021,5:34:58 AM,-2.2049829E+1,1.3345985E+1,3.8309702E+3,0.0000000E+0
11243780,29/9/2021,5:34:58 AM,-2.0267756E+1,8.9992352E+0,3.8309702E+3,0.0000000E+0
11243781,29/9/2021,5:34:58 AM,-1.7117344E+1,8.1963491E+0,3.8363269E+3,0.0000000E+0
11243782,29/9/2021,5:34:58 AM,-1.4628409E+1,5.6653976E+0,3.8336484E+3,0.0000000E+0
11243783,29/9/2021,5:34:58 AM,-1.2749868E+1,1.2825102E+0,3.8327556E+3,0.0000000E+0
11243784,29/9/2021,5:34:58 AM,-1.0058347E+1,-1.2347306E+0,3.8354341E+3,0.0000000E+0
11243785,29/9/2021,5:34:58 AM,-8.6428642E+0,-4.7481699E+0,3.8327556E+3,0.0000000E+0
11243786,29/9/2021,5:34:59 AM,-6.0381656E+0,-7.6380515E+0,3.8363269E+3,0.0000000E+0
11243787,29/9/2021,5:34:59 AM,-3.9573932E+0,-1.1790727E+1,3.8363269E+3,0.0000000E+0
11243788,29/9/2021,5:34:59 AM,-3.7696247E+0,-1.7472076E+1,3.8327556E+3,0.0000000E+0
11243789,29/9/2021,5:34:59 AM,-4.0643497E+0,-2.4404009E+1,3.8318628E+3,0.0000000E+0
11243790,29/9/2021,5:34:59 AM,-4.3543210E+0,-3.1741337E+1,3.8309702E+3,0.0000000E+0
11243791,29/9/2021,5:34:59 AM,-4.8582053E+0,-3.8406746E+1,3.8291846E+3,0.0000000E+0
11243792,29/9/2021,5:34:59 AM,-6.5564742E+0,-4.5690323E+1,3.8273987E+3,0.0000000E+0
11243793,29/9/2021,5:34:59 AM,-7.3589320E+0,-5.3618942E+1,3.8256133E+3,0.0000000E+0
11243794,29/9/2021,5:34:59 AM,-9.4637394E+0,-6.0848763E+1,3.8211492E+3,0.0000000E+0
11243795,29/9/2021,5:34:59 AM,-1.2502554E+1,-6.7111023E+1,3.8193638E+3,0.0000000E+0
11243796,29/9/2021,5:35:00 AM,-1.4007492E+1,-7.0578110E+1,3.8202566E+3,0.0000000E+0
11243797,29/9/2021,5:35:00 AM,-1.6191229E+1,-7.3104515E+1,3.8202566E+3,0.0000000E+0
11243798,29/9/2021,5:35:00 AM,-1.8682795E+1,-7.4152710E+1,3.8184709E+3,0.0000000E+0
11243799,29/9/2021,5:35:00 AM,-1.9748352E+1,-7.4152710E+1,3.8184709E+3,0.0000000E+0
11243800,29/9/2021,5:35:00 AM,-2.2954165E+1,-7.1868195E+1,3.8175781E+3,0.0000000E+0
11243801,29/9/2021,5:35:00 AM,-2.3379734E+1,-6.6519730E+1,3.8238276E+3,0.0000000E+0
11243802,29/9/2021,5:35:00 AM,-2.5587378E+1,-6.0176842E+1,3.8238276E+3,0.0000000E+0
11243803,29/9/2021,5:35:00 AM,-2.6677898E+1,-5.4909016E+1,3.8238276E+3,0.0000000E+0
11243804,29/9/2021,5:35:00 AM,-2.7928009E+1,-4.8136101E+1,3.8273987E+3,0.0000000E+0
11243805,29/9/2021,5:35:00 AM,-3.0481428E+1,-4.2008221E+1,3.8273987E+3,0.0000000E+0
11243806,29/9/2021,5:35:01 AM,-3.2103912E+1,-3.4859028E+1,3.8291846E+3,0.0000000E+0
11243807,29/9/2021,5:35:01 AM,-3.3460415E+1,-2.9591202E+1,3.8309702E+3,0.0000000E+0
11243808,29/9/2021,5:35:01 AM,-3.5455273E+1,-2.5640335E+1,3.8273987E+3,0.0000000E+0
11243809,29/9/2021,5:35:01 AM,-3.5348881E+1,-2.1474451E+1,3.8291846E+3,0.0000000E+0
11243810,29/9/2021,5:35:01 AM,-3.8567253E+1,-1.7333830E+1,3.8291846E+3,0.0000000E+0
11243811,29/9/2021,5:35:01 AM,-3.9843960E+1,-1.2096461E+1,3.8291846E+3,0.0000000E+0
11243812,29/9/2021,5:35:01 AM,-3.9817360E+1,-8.1857157E+0,3.8309702E+3,0.0000000E+0
11243813,29/9/2021,5:35:01 AM,-3.9737568E+1,-5.1748729E+0,3.8291846E+3,0.0000000E+0
11243814,29/9/2021,5:35:01 AM,-3.6758579E+1,-2.8340113E+0,3.8309702E+3,0.0000000E+0
11243815,29/9/2021,5:35:01 AM,-3.4816917E+1,3.3274537E-1,3.8309702E+3,0.0000000E+0
11243816,29/9/2021,5:35:02 AM,-3.3699799E+1,4.5023952E+0,3.8327556E+3,0.0000000E+0
11243817,29/9/2021,5:35:02 AM,-3.1385763E+1,7.5582943E+0,3.8345413E+3,0.0000000E+0
11243818,29/9/2021,5:35:02 AM,-2.8459970E+1,9.2597742E+0,3.8354341E+3,0.0000000E+0
11243819,29/9/2021,5:35:02 AM,-2.3565920E+1,9.8659267E+0,3.8345413E+3,0.0000000E+0
11243820,29/9/2021,5:35:02 AM,-2.0985905E+1,1.0304589E+1,3.8363269E+3,0.0000000E+0
11243821,29/9/2021,5:35:02 AM,-1.8106604E+1,1.0235467E+1,3.8363269E+3,0.0000000E+0
11243822,29/9/2021,5:35:02 AM,-1.5446652E+1,9.7941456E+0,3.8390051E+3,0.0000000E+0
11243823,29/9/2021,5:35:02 AM,-1.3702295E+1,7.6593199E+0,3.8363269E+3,0.0000000E+0
11243824,29/9/2021,5:35:02 AM,-1.1684311E+1,4.7281556E+0,3.8363269E+3,0.0000000E+0
11243825,29/9/2021,5:35:02 AM,-1.0229362E+1,-5.0471711E-1,3.8327556E+3,0.0000000E+0
11243826,29/9/2021,5:35:03 AM,-8.8112488E+0,-5.0227647E+0,3.8318628E+3,0.0000000E+0
11243827,29/9/2021,5:35:03 AM,-8.6928530E+0,-7.3376336E+0,3.8345413E+3,0.0000000E+0
11243828,29/9/2021,5:35:03 AM,-1.0802923E+1,-1.0551836E+1,3.8318628E+3,0.0000000E+0
11243829,29/9/2021,5:35:03 AM,-1.1021297E+1,-1.5592471E+1,3.8291846E+3,0.0000000E+0
11243830,29/9/2021,5:35:03 AM,-1.0734516E+1,-1.9747805E+1,3.8291846E+3,0.0000000E+0
11243831,29/9/2021,5:35:03 AM,-1.1347542E+1,-2.2092615E+1,3.8291846E+3,0.0000000E+0
11243832,29/9/2021,5:35:03 AM,-1.1315969E+1,-2.4350256E+1,3.8291846E+3,0.0000000E+0
11243833,29/9/2021,5:35:03 AM,-1.0631907E+1,-2.7414194E+1,3.8282915E+3,0.0000000E+0
11243834,29/9/2021,5:35:03 AM,-9.2506275E+0,-3.0424381E+1,3.8256133E+3,0.0000000E+0
11243835,29/9/2021,5:35:03 AM,-5.3533745E+0,-3.1795092E+1,3.8291846E+3,0.0000000E+0
11243836,29/9/2021,5:35:04 AM,-2.5447741E+0,-3.2682022E+1,3.8291846E+3,0.0000000E+0
11243837,29/9/2021,5:35:04 AM,-1.2058380E-1,-3.4885906E+1,3.8282915E+3,0.0000000E+0
11243838,29/9/2021,5:35:04 AM,2.4378173E+0,-3.5611576E+1,3.8291846E+3,0.0000000E+0
11243839,29/9/2021,5:35:04 AM,3.1548226E+0,-3.5396564E+1,3.8291846E+3,0.0000000E+0
11243840,29/9/2021,5:35:04 AM,3.3505137E+0,-3.3434566E+1,3.8309702E+3,0.0000000E+0
11243841,29/9/2021,5:35:04 AM,1.9093728E+0,-3.0746901E+1,3.8309702E+3,0.0000000E+0
11243842,29/9/2021,5:35:04 AM,-8.8867891E-1,-2.9053671E+1,3.8300774E+3,0.0000000E+0
11243843,29/9/2021,5:35:04 AM,-3.8734121E+0,-2.6554140E+1,3.8309702E+3,0.0000000E+0
11243844,29/9/2021,5:35:04 AM,-9.0743494E+0,-2.3033298E+1,3.8309702E+3,0.0000000E+0
11243845,29/9/2021,5:35:04 AM,-1.3889096E+1,-2.1125055E+1,3.8300774E+3,0.0000000E+0
11243846,29/9/2021,5:35:05 AM,-1.6204384E+1,-2.0016319E+1,3.8309702E+3,0.0000000E+0
11243847,29/9/2021,5:35:05 AM,-1.9414215E+1,-1.8822624E+1,3.8291846E+3,0.0000000E+0
11243848,29/9/2021,5:35:05 AM,-2.1757250E+1,-1.8865162E+1,3.8291846E+3,0.0000000E+0
11243849,29/9/2021,5:35:05 AM,-2.2076427E+1,-1.9266605E+1,3.8291846E+3,0.0000000E+0
11243850,29/9/2021,5:35:05 AM,-2.2475399E+1,-1.9237362E+1,3.8282915E+3,0.0000000E+0
11243851,29/9/2021,5:35:05 AM,-2.1890242E+1,-1.8960871E+1,3.8291846E+3,0.0000000E+0
11243852,29/9/2021,5:35:05 AM,-1.9982512E+1,-1.8181911E+1,3.8309702E+3,0.0000000E+0
11243853,29/9/2021,5:35:05 AM,-1.9532610E+1,-1.7636906E+1,3.8291846E+3,0.0000000E+0
11243854,29/9/2021,5:35:05 AM,-1.8188166E+1,-1.6921753E+1,3.8309702E+3,0.0000000E+0
11243855,29/9/2021,5:35:05 AM,-1.8390751E+1,-1.4428020E+1,3.8318628E+3,0.0000000E+0
11243856,29/9/2021,5:35:06 AM,-1.9556290E+1,-1.2649443E+1,3.8309702E+3,0.0000000E+0
11243857,29/9/2021,5:35:06 AM,-1.9750984E+1,-1.0764521E+1,3.8327556E+3,0.0000000E+0
11243858,29/9/2021,5:35:06 AM,-2.1650858E+1,-9.7436333E+0,3.8327556E+3,0.0000000E+0
11243859,29/9/2021,5:35:06 AM,-2.4417059E+1,-9.4166298E+0,3.8309702E+3,0.0000000E+0
11243860,29/9/2021,5:35:06 AM,-2.6518312E+1,-9.6293154E+0,3.8327556E+3,0.0000000E+0
11243861,29/9/2021,5:35:06 AM,-2.8406775E+1,-1.0565128E+1,3.8318628E+3,0.0000000E+0
11243862,29/9/2021,5:35:06 AM,-3.0135654E+1,-1.2154949E+1,3.8309702E+3,0.0000000E+0
11243863,29/9/2021,5:35:06 AM,-3.0614420E+1,-1.5512714E+1,3.8291846E+3,0.0000000E+0
11243864,29/9/2021,5:35:06 AM,-3.0986794E+1,-1.8556768E+1,3.8273987E+3,0.0000000E+0
11243865,29/9/2021,5:35:06 AM,-3.0667614E+1,-2.0936920E+1,3.8273987E+3,0.0000000E+0
11243866,29/9/2021,5:35:07 AM,-2.9284512E+1,-2.3060175E+1,3.8273987E+3,0.0000000E+0
11243867,29/9/2021,5:35:07 AM,-2.6438517E+1,-2.5425323E+1,3.8273987E+3,0.0000000E+0
11243868,29/9/2021,5:35:07 AM,-2.3725508E+1,-2.7064798E+1,3.8282915E+3,0.0000000E+0
11243869,29/9/2021,5:35:07 AM,-1.9774664E+1,-2.8112988E+1,3.8273987E+3,0.0000000E+0
11243870,29/9/2021,5:35:07 AM,-1.7319931E+1,-2.7790466E+1,3.8291846E+3,0.0000000E+0
11243871,29/9/2021,5:35:07 AM,-1.4310058E+1,-2.8381754E+1,3.8273987E+3,0.0000000E+0
11243872,29/9/2021,5:35:07 AM,-1.1276504E+1,-2.7494823E+1,3.8309702E+3,0.0000000E+0
11243873,29/9/2021,5:35:07 AM,-9.2637825E+0,-2.5828472E+1,3.8309702E+3,0.0000000E+0
11243874,29/9/2021,5:35:07 AM,-7.4720654E+0,-2.5828472E+1,3.8291846E+3,0.0000000E+0
11243875,29/9/2021,5:35:07 AM,-5.2804852E+0,-2.4699652E+1,3.8318628E+3,0.0000000E+0
11243876,29/9/2021,5:35:08 AM,-4.8835573E+0,-2.3194559E+1,3.8291846E+3,0.0000000E+0
11243877,29/9/2021,5:35:08 AM,-4.0136442E+0,-2.1205687E+1,3.8336484E+3,0.0000000E+0
11243878,29/9/2021,5:35:08 AM,-3.2768326E+0,-2.0284836E+1,3.8309702E+3,0.0000000E+0
11243879,29/9/2021,5:35:08 AM,-4.0778179E+0,-1.9404850E+1,3.8309702E+3,0.0000000E+0
11243880,29/9/2021,5:35:08 AM,-4.8336449E+0,-1.7838957E+1,3.8309702E+3,0.0000000E+0
11243881,29/9/2021,5:35:08 AM,-4.4224563E+0,-1.6161404E+1,3.8309702E+3,0.0000000E+0
11243882,29/9/2021,5:35:08 AM,-4.7979922E+0,-1.5401055E+1,3.8309702E+3,0.0000000E+0
11243883,29/9/2021,5:35:08 AM,-3.8139918E+0,-1.4082408E+1,3.8327556E+3,0.0000000E+0
11243884,29/9/2021,5:35:08 AM,-3.2942622E+0,-1.3912260E+1,3.8318628E+3,0.0000000E+0
11243885,29/9/2021,5:35:08 AM,-3.2182043E+0,-1.2819590E+1,3.8309702E+3,0.0000000E+0
11243886,29/9/2021,5:35:09 AM,-2.9599240E+0,-1.1918337E+1,3.8327556E+3,0.0000000E+0
11243887,29/9/2021,5:35:09 AM,-3.2269194E+0,-1.1033036E+1,3.8327556E+3,0.0000000E+0
11243888,29/9/2021,5:35:09 AM,-4.1570454E+0,-1.0320541E+1,3.8327556E+3,0.0000000E+0
11243889,29/9/2021,5:35:09 AM,-3.7846780E+0,-1.0126466E+1,3.8336484E+3,0.0000000E+0
11243890,29/9/2021,5:35:09 AM,-4.7504563E+0,-9.5788021E+0,3.8327556E+3,0.0000000E+0
11243891,29/9/2021,5:35:09 AM,-7.3826113E+0,-8.8742828E+0,3.8327556E+3,0.0000000E+0
11243892,29/9/2021,5:35:09 AM,-1.0516143E+1,-9.1374807E+0,3.8327556E+3,0.0000000E+0
11243893,29/9/2021,5:35:09 AM,-1.2173678E+1,-9.2517986E+0,3.8336484E+3,0.0000000E+0
11243894,29/9/2021,5:35:09 AM,-1.5928127E+1,-9.4963865E+0,3.8336484E+3,0.0000000E+0
11243895,29/9/2021,5:35:09 AM,-1.9401060E+1,-1.1086207E+1,3.8309702E+3,0.0000000E+0
11243896,29/9/2021,5:35:10 AM,-2.1783848E+1,-1.3072154E+1,3.8327556E+3,0.0000000E+0
11243897,29/9/2021,5:35:10 AM,-2.6518312E+1,-1.4534363E+1,3.8291846E+3,0.0000000E+0
11243898,29/9/2021,5:35:10 AM,-2.8912138E+1,-1.7283318E+1,3.8318628E+3,0.0000000E+0
11243899,29/9/2021,5:35:10 AM,-3.0906998E+1,-2.0533768E+1,3.8291846E+3,0.0000000E+0
11243900,29/9/2021,5:35:10 AM,-3.4471142E+1,-2.4162119E+1,3.8273987E+3,0.0000000E+0
11243901,29/9/2021,5:35:10 AM,-3.6412807E+1,-2.7037920E+1,3.8282915E+3,0.0000000E+0
11243902,29/9/2021,5:35:10 AM,-3.9365192E+1,-3.0182489E+1,3.8247205E+3,0.0000000E+0
11243903,29/9/2021,5:35:10 AM,-4.2370781E+1,-3.1714460E+1,3.8256133E+3,0.0000000E+0
11243904,29/9/2021,5:35:10 AM,-4.4312443E+1,-3.3219555E+1,3.8265059E+3,0.0000000E+0
11243905,29/9/2021,5:35:10 AM,-4.6599876E+1,-3.4939659E+1,3.8238276E+3,0.0000000E+0
11243906,29/9/2021,5:35:11 AM,-4.9419277E+1,-3.5665329E+1,3.8238276E+3,0.0000000E+0
11243907,29/9/2021,5:35:11 AM,-5.0775780E+1,-3.6794151E+1,3.8229348E+3,0.0000000E+0
11243908,29/9/2021,5:35:11 AM,-5.1015167E+1,-3.6283493E+1,3.8256133E+3,0.0000000E+0
11243909,29/9/2021,5:35:11 AM,-5.1254551E+1,-3.5799713E+1,3.8238276E+3,0.0000000E+0
11243910,29/9/2021,5:35:11 AM,-4.8967110E+1,-3.5772835E+1,3.8256133E+3,0.0000000E+0
11243911,29/9/2021,5:35:11 AM,-4.6546680E+1,-3.5369686E+1,3.8256133E+3,0.0000000E+0
11243912,29/9/2021,5:35:11 AM,-4.3674088E+1,-3.5853466E+1,3.8238276E+3,0.0000000E+0
11243913,29/9/2021,5:35:11 AM,-3.8274673E+1,-3.4267742E+1,3.8291846E+3,0.0000000E+0
11243914,29/9/2021,5:35:11 AM,-3.3407219E+1,-3.4402126E+1,3.8273987E+3,0.0000000E+0
11243915,29/9/2021,5:35:11 AM,-3.0375034E+1,-3.5181549E+1,3.8247205E+3,0.0000000E+0
11243916,29/9/2021,5:35:12 AM,-2.5720366E+1,-3.4966537E+1,3.8273987E+3,0.0000000E+0
11243917,29/9/2021,5:35:12 AM,-2.0959307E+1,-3.3649582E+1,3.8256133E+3,0.0000000E+0
11243918,29/9/2021,5:35:12 AM,-1.6801622E+1,-3.0263121E+1,3.8291846E+3,0.0000000E+0
11243919,29/9/2021,5:35:12 AM,-1.3946978E+1,-2.7656086E+1,3.8291846E+3,0.0000000E+0
11243920,29/9/2021,5:35:12 AM,-1.1381744E+1,-2.4457762E+1,3.8291846E+3,0.0000000E+0
11243921,29/9/2021,5:35:12 AM,-9.8504972E+0,-2.1501328E+1,3.8282915E+3,0.0000000E+0
11243922,29/9/2021,5:35:12 AM,-5.0039830E+0,-1.7660833E+1,3.8327556E+3,0.0000000E+0
11243923,29/9/2021,5:35:12 AM,5.0661031E-2,-1.3098740E+1,3.8345413E+3,0.0000000E+0
11243924,29/9/2021,5:35:12 AM,3.6499918E+0,-1.1405234E+1,3.8327556E+3,0.0000000E+0
11243925,29/9/2021,5:35:12 AM,1.0032037E+1,-9.7064133E+0,3.8354341E+3,0.0000000E+0
11243926,29/9/2021,5:35:13 AM,1.5509798E+1,-8.9832840E+0,3.8327556E+3,0.0000000E+0
11243927,29/9/2021,5:35:13 AM,1.9979881E+1,-8.4223270E+0,3.8363269E+3,0.0000000E+0
11243928,29/9/2021,5:35:13 AM,2.6225731E+1,-6.3167453E+0,3.8381123E+3,0.0000000E+0
11243929,29/9/2021,5:35:13 AM,2.9736679E+1,-5.8009844E+0,3.8363269E+3,0.0000000E+0
11243930,29/9/2021,5:35:13 AM,3.0800604E+1,-5.2293115E+0,3.8363269E+3,0.0000000E+0
11243931,29/9/2021,5:35:13 AM,3.1412363E+1,-4.9411068E+0,3.8354341E+3,0.0000000E+0
11243932,29/9/2021,5:35:13 AM,2.9257915E+1,-2.9669056E+0,3.8363269E+3,0.0000000E+0
11243933,29/9/2021,5:35:13 AM,2.5693768E+1,-6.5615892E-1,3.8381123E+3,0.0000000E+0
11243934,29/9/2021,5:35:13 AM,2.0799717E+1,3.1994748E-1,3.8372195E+3,0.0000000E+0
11243935,29/9/2021,5:35:13 AM,1.3741759E+1,2.0366454E+0,3.8363269E+3,0.0000000E+0
11243936,29/9/2021,5:35:14 AM,6.7353826E+0,2.7843759E+0,3.8354341E+3,0.0000000E+0
11243937,29/9/2021,5:35:14 AM,9.8400044E-1,3.1878624E+0,3.8363269E+3,0.0000000E+0
11243938,29/9/2021,5:35:14 AM,-5.6282921E+0,3.1558397E+0,3.8318628E+3,0.0000000E+0
11243939,29/9/2021,5:35:14 AM,-1.0108335E+1,2.8220026E+0,3.8345413E+3,0.0000000E+0
11243940,29/9/2021,5:35:14 AM,-1.3757545E+1,2.5065789E+0,3.8354341E+3,0.0000000E+0
11243941,29/9/2021,5:35:14 AM,-1.7583033E+1,-2.0903234E-1,3.8309702E+3,0.0000000E+0
11243942,29/9/2021,5:35:14 AM,-2.1305082E+1,-2.4593453E+0,3.8327556E+3,0.0000000E+0
11243943,29/9/2021,5:35:14 AM,-2.3539322E+1,-5.2517271E+0,3.8300774E+3,0.0000000E+0
11243944,29/9/2021,5:35:14 AM,-2.5534182E+1,-7.8427606E+0,3.8318628E+3,0.0000000E+0
11243945,29/9/2021,5:35:14 AM,-2.8725954E+1,-9.8871956E+0,3.8309702E+3,0.0000000E+0
11243946,29/9/2021,5:35:15 AM,-3.0694212E+1,-1.3532085E+1,3.8309702E+3,0.0000000E+0
11243947,29/9/2021,5:35:15 AM,-3.4763721E+1,-1.5759961E+1,3.8291846E+3,0.0000000E+0
11243948,29/9/2021,5:35:15 AM,-3.9923756E+1,-1.8995432E+1,3.8256133E+3,0.0000000E+0
11243949,29/9/2021,5:35:15 AM,-4.2610165E+1,-2.0856289E+1,3.8291846E+3,0.0000000E+0
11243950,29/9/2021,5:35:15 AM,-4.6573280E+1,-2.2791409E+1,3.8273987E+3,0.0000000E+0
11243951,29/9/2021,5:35:15 AM,-5.0270420E+1,-2.5264061E+1,3.8256133E+3,0.0000000E+0
11243952,29/9/2021,5:35:15 AM,-5.1919502E+1,-2.8059235E+1,3.8273987E+3,0.0000000E+0
11243953,29/9/2021,5:35:15 AM,-5.4233532E+1,-3.1929472E+1,3.8220420E+3,0.0000000E+0
11243954,29/9/2021,5:35:15 AM,-5.2557854E+1,-3.5557819E+1,3.8256133E+3,0.0000000E+0
11243955,29/9/2021,5:35:15 AM,-5.0988567E+1,-3.8352993E+1,3.8238276E+3,0.0000000E+0
11243956,29/9/2021,5:35:16 AM,-4.8248962E+1,-4.1658825E+1,3.8238276E+3,0.0000000E+0
11243957,29/9/2021,5:35:16 AM,-4.3195324E+1,-4.4023972E+1,3.8238276E+3,0.0000000E+0
11243958,29/9/2021,5:35:16 AM,-3.9551380E+1,-4.6012844E+1,3.8220420E+3,0.0000000E+0
11243959,29/9/2021,5:35:16 AM,-3.2662472E+1,-4.6899773E+1,3.8238276E+3,0.0000000E+0
11243960,29/9/2021,5:35:16 AM,-2.6119337E+1,-4.6738514E+1,3.8256133E+3,0.0000000E+0
11243961,29/9/2021,5:35:16 AM,-2.2528595E+1,-4.6523502E+1,3.8247205E+3,0.0000000E+0
11243962,29/9/2021,5:35:16 AM,-1.7527781E+1,-4.5179668E+1,3.8273987E+3,0.0000000E+0
11243963,29/9/2021,5:35:16 AM,-1.4886248E+1,-4.3325180E+1,3.8273987E+3,0.0000000E+0
11243964,29/9/2021,5:35:16 AM,-1.2065807E+1,-4.0906277E+1,3.8291846E+3,0.0000000E+0
11243965,29/9/2021,5:35:16 AM,-9.6373854E+0,-3.8729271E+1,3.8300774E+3,0.0000000E+0
11243966,29/9/2021,5:35:17 AM,-9.2690439E+0,-3.8030476E+1,3.8256133E+3,0.0000000E+0
11243967,29/9/2021,5:35:17 AM,-7.9719572E+0,-3.3998978E+1,3.8309702E+3,0.0000000E+0
11243968,29/9/2021,5:35:17 AM,-7.3010492E+0,-3.0289997E+1,3.8309702E+3,0.0000000E+0
11243969,29/9/2021,5:35:17 AM,-7.2273812E+0,-2.7978603E+1,3.8291846E+3,0.0000000E+0
11243970,29/9/2021,5:35:17 AM,-4.6308231E+0,-2.5264061E+1,3.8318628E+3,0.0000000E+0
11243971,29/9/2021,5:35:17 AM,-3.8100305E+0,-2.3543955E+1,3.8273987E+3,0.0000000E+0
11243972,29/9/2021,5:35:17 AM,-2.9068418E+0,-1.9636145E+1,3.8327556E+3,0.0000000E+0
11243973,29/9/2021,5:35:17 AM,-9.4989431E-1,-1.6073671E+1,3.8327556E+3,0.0000000E+0
11243974,29/9/2021,5:35:17 AM,-7.0265800E-1,-1.3914917E+1,3.8318628E+3,0.0000000E+0
11243975,29/9/2021,5:35:17 AM,1.4443098E+0,-1.1434479E+1,3.8327556E+3,0.0000000E+0
11243976,29/9/2021,5:35:18 AM,1.5576046E+0,-8.5951338E+0,3.8327556E+3,0.0000000E+0
11243977,29/9/2021,5:35:18 AM,4.1162089E-2,-4.7241530E+0,3.8354341E+3,0.0000000E+0
11243978,29/9/2021,5:35:18 AM,8.9712245E-3,-5.0178427E-1,3.8363269E+3,0.0000000E+0
11243979,29/9/2021,5:35:18 AM,-2.3276918E+0,2.5570147E+0,3.8381123E+3,0.0000000E+0
11243980,29/9/2021,5:35:18 AM,-4.4454317E+0,3.5265028E+0,3.8354341E+3,0.0000000E+0
11243981,29/9/2021,5:35:18 AM,-5.5902634E+0,3.5713344E+0,3.8354341E+3,0.0000000E+0
11243982,29/9/2021,5:35:18 AM,-8.8086176E+0,3.9932339E+0,3.8363269E+3,0.0000000E+0
11243983,29/9/2021,5:35:18 AM,-1.2515709E+1,3.3815999E+0,3.8354341E+3,0.0000000E+0
11243984,29/9/2021,5:35:18 AM,-1.5096729E+1,7.3347956E-1,3.8345413E+3,0.0000000E+0
11243985,29/9/2021,5:35:18 AM,-1.7511995E+1,-2.0310414E+0,3.8309702E+3,0.0000000E+0
11243986,29/9/2021,5:35:19 AM,-1.7754049E+1,-4.7994061E+0,3.8327556E+3,0.0000000E+0
11243987,29/9/2021,5:35:19 AM,-1.9272141E+1,-7.5662699E+0,3.8291846E+3,0.0000000E+0
11243988,29/9/2021,5:35:19 AM,-2.0932709E+1,-9.7968044E+0,3.8291846E+3,0.0000000E+0
11243989,29/9/2021,5:35:19 AM,-2.1757250E+1,-1.0820351E+1,3.8327556E+3,0.0000000E+0
11243990,29/9/2021,5:35:19 AM,-2.2129622E+1,-1.3226351E+1,3.8282915E+3,0.0000000E+0
11243991,29/9/2021,5:35:19 AM,-2.1411474E+1,-1.5103295E+1,3.8309702E+3,0.0000000E+0
11243992,29/9/2021,5:35:19 AM,-2.2209417E+1,-1.6546896E+1,3.8291846E+3,0.0000000E+0
11243993,29/9/2021,5:35:19 AM,-2.1704052E+1,-1.8317497E+1,3.8309702E+3,0.0000000E+0
11243994,29/9/2021,5:35:19 AM,-2.3007360E+1,-1.7934666E+1,3.8300774E+3,0.0000000E+0
11243995,29/9/2021,5:35:19 AM,-2.3752108E+1,-2.0258249E+1,3.8291846E+3,0.0000000E+0
11243996,29/9/2021,5:35:20 AM,-2.1943436E+1,-2.1474451E+1,3.8318628E+3,0.0000000E+0
11243997,29/9/2021,5:35:20 AM,-2.2555193E+1,-2.3597708E+1,3.8282915E+3,0.0000000E+0
11243998,29/9/2021,5:35:20 AM,-2.3432930E+1,-2.5237185E+1,3.8291846E+3,0.0000000E+0
11243999,29/9/2021,5:35:20 AM,-2.3033958E+1,-2.6500387E+1,3.8291846E+3,0.0000000E+0
11244000,29/9/2021,5:35:20 AM,-2.4683041E+1,-2.8381754E+1,3.8273987E+3,0.0000000E+0
11244001,29/9/2021,5:35:20 AM,-2.3246744E+1,-2.9806217E+1,3.8291846E+3,0.0000000E+0
11244002,29/9/2021,5:35:20 AM,-2.3060556E+1,-3.1821968E+1,3.8273987E+3,0.0000000E+0
11244003,29/9/2021,5:35:20 AM,-2.4470257E+1,-3.4348373E+1,3.8256133E+3,0.0000000E+0
11244004,29/9/2021,5:35:20 AM,-2.4177677E+1,-3.4590263E+1,3.8273987E+3,0.0000000E+0
11244005,29/9/2021,5:35:20 AM,-2.4762836E+1,-3.4563389E+1,3.8273987E+3,0.0000000E+0
11244006,29/9/2021,5:35:21 AM,-2.5188406E+1,-3.4375248E+1,3.8256133E+3,0.0000000E+0
11244007,29/9/2021,5:35:21 AM,-2.3406332E+1,-3.4240864E+1,3.8273987E+3,0.0000000E+0
11244008,29/9/2021,5:35:21 AM,-2.3938295E+1,-3.2897034E+1,3.8256133E+3,0.0000000E+0
11244009,29/9/2021,5:35:21 AM,-2.4709639E+1,-3.0021233E+1,3.8282915E+3,0.0000000E+0
11244010,29/9/2021,5:35:21 AM,-2.4443657E+1,-2.7763590E+1,3.8291846E+3,0.0000000E+0
11244011,29/9/2021,5:35:21 AM,-2.4177677E+1,-2.5882225E+1,3.8291846E+3,0.0000000E+0
11244012,29/9/2021,5:35:21 AM,-2.3725508E+1,-2.5022171E+1,3.8291846E+3,0.0000000E+0
11244013,29/9/2021,5:35:21 AM,-2.1943436E+1,-2.4565268E+1,3.8291846E+3,0.0000000E+0
11244014,29/9/2021,5:35:21 AM,-2.2049829E+1,-2.3409573E+1,3.8291846E+3,0.0000000E+0
11244015,29/9/2021,5:35:21 AM,-2.0879513E+1,-2.3409573E+1,3.8309702E+3,0.0000000E+0
11244016,29/9/2021,5:35:22 AM,-2.0085121E+1,-2.3328941E+1,3.8291846E+3,0.0000000E+0
11244017,29/9/2021,5:35:22 AM,-2.0560335E+1,-2.3033298E+1,3.8291846E+3,0.0000000E+0
11244018,29/9/2021,5:35:22 AM,-2.0064074E+1,-2.2737656E+1,3.8291846E+3,0.0000000E+0
11244019,29/9/2021,5:35:22 AM,-1.8877489E+1,-2.1850725E+1,3.8291846E+3,0.0000000E+0
11244020,29/9/2021,5:35:22 AM,-2.0108166E+1,-1.9771732E+1,3.8291846E+3,0.0000000E+0
11244021,29/9/2021,5:35:22 AM,-2.0507139E+1,-1.8926310E+1,3.8291846E+3,0.0000000E+0
11244022,29/9/2021,5:35:22 AM,-1.9727304E+1,-1.7503977E+1,3.8291846E+3,0.0000000E+0
11244023,29/9/2021,5:35:22 AM,-1.8561768E+1,-1.6759581E+1,3.8282915E+3,0.0000000E+0
11244024,29/9/2021,5:35:22 AM,-1.7222584E+1,-1.4914537E+1,3.8309702E+3,0.0000000E+0
11244025,29/9/2021,5:35:22 AM,-1.4189031E+1,-1.3008348E+1,3.8309702E+3,0.0000000E+0
11244026,29/9/2021,5:35:23 AM,-1.2389421E+1,-1.2330415E+1,3.8309702E+3,0.0000000E+0
11244027,29/9/2021,5:35:23 AM,-8.9322748E+0,-1.1019743E+1,3.8327556E+3,0.0000000E+0
11244028,29/9/2021,5:35:23 AM,-5.0586495E+0,-9.9855623E+0,3.8327556E+3,0.0000000E+0
11244029,29/9/2021,5:35:23 AM,-3.1873057E+0,-9.2863607E+0,3.8327556E+3,0.0000000E+0
11244030,29/9/2021,5:35:23 AM,3.4697530E-1,-7.7071738E+0,3.8354341E+3,0.0000000E+0
11244031,29/9/2021,5:35:23 AM,1.8681747E+0,-6.4815764E+0,3.8336484E+3,0.0000000E+0
11244032,29/9/2021,5:35:23 AM,1.9466095E+0,-5.5159149E+0,3.8345413E+3,0.0000000E+0
11244033,29/9/2021,5:35:23 AM,3.8464751E+0,-5.3958292E+0,3.8354341E+3,0.0000000E+0
11244034,29/9/2021,5:35:23 AM,4.3487749E+0,-5.6600804E+0,3.8327556E+3,0.0000000E+0
11244035,29/9/2021,5:35:23 AM,4.8922725E+0,-5.4118409E+0,3.8363269E+3,0.0000000E+0
11244036,29/9/2021,5:35:24 AM,4.4763303E+0,-6.7341399E+0,3.8345413E+3,0.0000000E+0
11244037,29/9/2021,5:35:24 AM,2.2793632E+0,-8.6004505E+0,3.8318628E+3,0.0000000E+0
11244038,29/9/2021,5:35:24 AM,2.0741651E+0,-1.0214198E+1,3.8336484E+3,0.0000000E+0
11244039,29/9/2021,5:35:24 AM,2.4961114E-1,-1.0977206E+1,3.8327556E+3,0.0000000E+0
11244040,29/9/2021,5:35:24 AM,-8.0371612E-1,-1.2851493E+1,3.8327556E+3,0.0000000E+0
11244041,29/9/2021,5:35:24 AM,-2.6240010E+0,-1.4340288E+1,3.8309702E+3,0.0000000E+0
11244042,29/9/2021,5:35:24 AM,-4.9429779E+0,-1.5693498E+1,3.8309702E+3,0.0000000E+0
11244043,29/9/2021,5:35:24 AM,-5.4975677E+0,-1.6613359E+1,3.8327556E+3,0.0000000E+0
11244044,29/9/2021,5:35:24 AM,-7.8482995E+0,-1.8216473E+1,3.8309702E+3,0.0000000E+0
11244045,29/9/2021,5:35:24 AM,-1.0418796E+1,-1.9537779E+1,3.8318628E+3,0.0000000E+0
11244046,29/9/2021,5:35:25 AM,-1.2620949E+1,-2.0802536E+1,3.8291846E+3,0.0000000E+0
11244047,29/9/2021,5:35:25 AM,-1.6438543E+1,-2.1985109E+1,3.8291846E+3,0.0000000E+0
11244048,29/9/2021,5:35:25 AM,-1.7546198E+1,-2.3436449E+1,3.8309702E+3,0.0000000E+0
11244049,29/9/2021,5:35:25 AM,-2.0400745E+1,-2.5102802E+1,3.8291846E+3,0.0000000E+0
11244050,29/9/2021,5:35:25 AM,-2.3752108E+1,-2.6500387E+1,3.8300774E+3,0.0000000E+0
11244051,29/9/2021,5:35:25 AM,-2.5587378E+1,-2.8112988E+1,3.8282915E+3,0.0000000E+0
11244052,29/9/2021,5:35:25 AM,-2.8619560E+1,-3.0370628E+1,3.8273987E+3,0.0000000E+0
11244053,29/9/2021,5:35:25 AM,-3.1199575E+1,-3.1660707E+1,3.8273987E+3,0.0000000E+0
11244054,29/9/2021,5:35:25 AM,-3.2609276E+1,-3.3112045E+1,3.8265059E+3,0.0000000E+0
11244055,29/9/2021,5:35:25 AM,-3.5588264E+1,-3.4025852E+1,3.8256133E+3,0.0000000E+0
11244056,29/9/2021,5:35:26 AM,-3.7450134E+1,-3.4267742E+1,3.8265059E+3,0.0000000E+0
11244057,29/9/2021,5:35:26 AM,-4.0375923E+1,-3.4590263E+1,3.8238276E+3,0.0000000E+0
11244058,29/9/2021,5:35:26 AM,-4.1466446E+1,-3.4052731E+1,3.8247205E+3,0.0000000E+0
11244059,29/9/2021,5:35:26 AM,-4.1732426E+1,-3.2063858E+1,3.8256133E+3,0.0000000E+0
11244060,29/9/2021,5:35:26 AM,-4.3567696E+1,-2.9913725E+1,3.8256133E+3,0.0000000E+0
11244061,29/9/2021,5:35:26 AM,-4.3115528E+1,-2.7037920E+1,3.8273987E+3,0.0000000E+0
11244062,29/9/2021,5:35:26 AM,-4.2370781E+1,-2.3973980E+1,3.8282915E+3,0.0000000E+0
11244063,29/9/2021,5:35:26 AM,-4.1360054E+1,-2.1313192E+1,3.8291846E+3,0.0000000E+0
11244064,29/9/2021,5:35:26 AM,-3.9046017E+1,-2.0775658E+1,3.8273987E+3,0.0000000E+0
11244065,29/9/2021,5:35:26 AM,-3.6545795E+1,-1.9742489E+1,3.8291846E+3,0.0000000E+0
11244066,29/9/2021,5:35:27 AM,-3.3274231E+1,-1.8150009E+1,3.8309702E+3,0.0000000E+0
11244067,29/9/2021,5:35:27 AM,-2.9843073E+1,-1.8067595E+1,3.8309702E+3,0.0000000E+0
11244068,29/9/2021,5:35:27 AM,-2.7156664E+1,-1.8264328E+1,3.8309702E+3,0.0000000E+0
11244069,29/9/2021,5:35:27 AM,-2.4523453E+1,-1.8631208E+1,3.8291846E+3,0.0000000E+0
11244070,29/9/2021,5:35:27 AM,-2.2209417E+1,-1.9043285E+1,3.8291846E+3,0.0000000E+0
11244071,29/9/2021,5:35:27 AM,-2.0533737E+1,-1.8370670E+1,3.8291846E+3,0.0000000E+0
11244072,29/9/2021,5:35:27 AM,-1.8777510E+1,-1.7445490E+1,3.8309702E+3,0.0000000E+0
11244073,29/9/2021,5:35:27 AM,-1.7625128E+1,-1.6653238E+1,3.8309702E+3,0.0000000E+0
11244074,29/9/2021,5:35:27 AM,-1.7093664E+1,-1.5829082E+1,3.8309702E+3,0.0000000E+0
11244075,29/9/2021,5:35:27 AM,-1.7119976E+1,-1.4941124E+1,3.8291846E+3,0.0000000E+0
11244076,29/9/2021,5:35:28 AM,-1.5178290E+1,-1.4140896E+1,3.8309702E+3,0.0000000E+0
11244077,29/9/2021,5:35:28 AM,-1.2473613E+1,-1.2521832E+1,3.8327556E+3,0.0000000E+0
11244078,29/9/2021,5:35:28 AM,-1.0226732E+1,-1.2120388E+1,3.8327556E+3,0.0000000E+0
11244079,29/9/2021,5:35:28 AM,-6.0302725E+0,-1.3146593E+1,3.8327556E+3,0.0000000E+0
11244080,29/9/2021,5:35:28 AM,-2.8054311E+0,-1.4582217E+1,3.8318628E+3,0.0000000E+0
11244081,29/9/2021,5:35:28 AM,7.1532321E-1,-1.6251795E+1,3.8327556E+3,0.0000000E+0
11244082,29/9/2021,5:35:28 AM,5.6856103E+0,-1.7227488E+1,3.8345413E+3,0.0000000E+0
11244083,29/9/2021,5:35:28 AM,9.6321230E+0,-1.9125702E+1,3.8327556E+3,0.0000000E+0
11244084,29/9/2021,5:35:28 AM,1.2221036E+1,-2.0802536E+1,3.8345413E+3,0.0000000E+0
11244085,29/9/2021,5:35:28 AM,1.3710187E+1,-2.2818285E+1,3.8309702E+3,0.0000000E+0
11244086,29/9/2021,5:35:29 AM,1.3339214E+1,-2.2818285E+1,3.8327556E+3,0.0000000E+0
11244087,29/9/2021,5:35:29 AM,1.1142323E+1,-2.2818285E+1,3.8309702E+3,0.0000000E+0
11244088,29/9/2021,5:35:29 AM,8.1903305E+0,-2.2442011E+1,3.8327556E+3,0.0000000E+0
11244089,29/9/2021,5:35:29 AM,3.4804461E+0,-2.1743219E+1,3.8309702E+3,0.0000000E+0
11244090,29/9/2021,5:35:29 AM,-2.2904551E+0,-2.0721907E+1,3.8291846E+3,0.0000000E+0
11244091,29/9/2021,5:35:29 AM,-6.5748911E+0,-1.8631208E+1,3.8318628E+3,0.0000000E+0
11244092,29/9/2021,5:35:29 AM,-1.0931842E+1,-1.7206219E+1,3.8291846E+3,0.0000000E+0
11244093,29/9/2021,5:35:29 AM,-1.5478225E+1,-1.6217234E+1,3.8309702E+3,0.0000000E+0
11244094,29/9/2021,5:35:29 AM,-1.6714800E+1,-1.5337250E+1,3.8318628E+3,0.0000000E+0
11244095,29/9/2021,5:35:29 AM,-1.8703842E+1,-1.5770595E+1,3.8291846E+3,0.0000000E+0
11244096,29/9/2021,5:35:30 AM,-1.9074814E+1,-1.5390420E+1,3.8309702E+3,0.0000000E+0
11244097,29/9/2021,5:35:30 AM,-1.8611757E+1,-1.5119247E+1,3.8318628E+3,0.0000000E+0
11244098,29/9/2021,5:35:30 AM,-1.9466835E+1,-1.5390420E+1,3.8309702E+3,0.0000000E+0
11244099,29/9/2021,5:35:30 AM,-1.8745939E+1,-1.6169380E+1,3.8309702E+3,0.0000000E+0
11244100,29/9/2021,5:35:30 AM,-1.9648375E+1,-1.6677166E+1,3.8291846E+3,0.0000000E+0
11244101,29/9/2021,5:35:30 AM,-2.1305082E+1,-1.6405991E+1,3.8309702E+3,0.0000000E+0
11244102,29/9/2021,5:35:30 AM,-2.2395603E+1,-1.6929728E+1,3.8309702E+3,0.0000000E+0
11244103,29/9/2021,5:35:30 AM,-2.5108612E+1,-1.7349781E+1,3.8300774E+3,0.0000000E+0
11244104,29/9/2021,5:35:30 AM,-2.8193991E+1,-1.6592091E+1,3.8309702E+3,0.0000000E+0
11244105,29/9/2021,5:35:30 AM,-3.1332567E+1,-1.7519930E+1,3.8291846E+3,0.0000000E+0
11244106,29/9/2021,5:35:31 AM,-3.2635876E+1,-1.8235083E+1,3.8291846E+3,0.0000000E+0
11244107,29/9/2021,5:35:31 AM,-3.4843517E+1,-1.8365353E+1,3.8282915E+3,0.0000000E+0
11244108,29/9/2021,5:35:31 AM,-3.6040432E+1,-1.8543476E+1,3.8291846E+3,0.0000000E+0
11244109,29/9/2021,5:35:31 AM,-3.6067032E+1,-1.9652098E+1,3.8273987E+3,0.0000000E+0
11244110,29/9/2021,5:35:31 AM,-3.5003105E+1,-2.1393822E+1,3.8265059E+3,0.0000000E+0
11244111,29/9/2021,5:35:31 AM,-3.3194435E+1,-2.2334505E+1,3.8291846E+3,0.0000000E+0
11244112,29/9/2021,5:35:31 AM,-2.9151524E+1,-2.3705215E+1,3.8273987E+3,0.0000000E+0
11244113,29/9/2021,5:35:31 AM,-2.6544910E+1,-2.4215872E+1,3.8291846E+3,0.0000000E+0
11244114,29/9/2021,5:35:31 AM,-2.3193548E+1,-2.4753405E+1,3.8291846E+3,0.0000000E+0
11244115,29/9/2021,5:35:31 AM,-1.9690472E+1,-2.5237185E+1,3.8291846E+3,0.0000000E+0
11244116,29/9/2021,5:35:32 AM,-1.8538088E+1,-2.4672773E+1,3.8309702E+3,0.0000000E+0
11244117,29/9/2021,5:35:32 AM,-1.7001579E+1,-2.5075926E+1,3.8282915E+3,0.0000000E+0
11244118,29/9/2021,5:35:32 AM,-1.4662613E+1,-2.4162119E+1,3.8327556E+3,0.0000000E+0
11244119,29/9/2021,5:35:32 AM,-1.5002013E+1,-2.3275188E+1,3.8291846E+3,0.0000000E+0
11244120,29/9/2021,5:35:32 AM,-1.6080727E+1,-2.2710779E+1,3.8309702E+3,0.0000000E+0
11244121,29/9/2021,5:35:32 AM,-1.6372768E+1,-2.2280752E+1,3.8309702E+3,0.0000000E+0
11244122,29/9/2021,5:35:32 AM,-1.6643763E+1,-2.2146368E+1,3.8291846E+3,0.0000000E+0
11244123,29/9/2021,5:35:32 AM,-1.6617453E+1,-2.1528206E+1,3.8309702E+3,0.0000000E+0
11244124,29/9/2021,5:35:32 AM,-1.6959484E+1,-2.1205687E+1,3.8282915E+3,0.0000000E+0
11244125,29/9/2021,5:35:32 AM,-1.7977684E+1,-2.1151932E+1,3.8291846E+3,0.0000000E+0
11244126,29/9/2021,5:35:33 AM,-1.7019997E+1,-2.0910042E+1,3.8291846E+3,0.0000000E+0
11244127,29/9/2021,5:35:33 AM,-1.6364874E+1,-2.1125055E+1,3.8291846E+3,0.0000000E+0
11244128,29/9/2021,5:35:33 AM,-1.4338998E+1,-2.0399385E+1,3.8309702E+3,0.0000000E+0
11244129,29/9/2021,5:35:33 AM,-1.3102424E+1,-2.0533768E+1,3.8291846E+3,0.0000000E+0
11244130,29/9/2021,5:35:33 AM,-1.1976353E+1,-2.0614399E+1,3.8291846E+3,0.0000000E+0
11244131,29/9/2021,5:35:33 AM,-1.0434581E+1,-1.9154945E+1,3.8309702E+3,0.0000000E+0
11244132,29/9/2021,5:35:33 AM,-9.6452789E+0,-1.8827942E+1,3.8309702E+3,0.0000000E+0
11244133,29/9/2021,5:35:33 AM,-6.7748480E+0,-1.8173937E+1,3.8327556E+3,0.0000000E+0
11244134,29/9/2021,5:35:33 AM,-5.3993258E+0,-1.8179255E+1,3.8309702E+3,0.0000000E+0
11244135,29/9/2021,5:35:33 AM,-4.4295864E+0,-1.7812370E+1,3.8318628E+3,0.0000000E+0
11244136,29/9/2021,5:35:34 AM,-2.6327162E+0,-1.6770216E+1,3.8336484E+3,0.0000000E+0
11244137,29/9/2021,5:35:34 AM,-2.3292763E+0,-1.7240780E+1,3.8309702E+3,0.0000000E+0
11244138,29/9/2021,5:35:34 AM,-1.8269765E+0,-1.7025436E+1,3.8336484E+3,0.0000000E+0
11244139,29/9/2021,5:35:34 AM,-1.4786688E+0,-1.8192545E+1,3.8309702E+3,0.0000000E+0
11244140,29/9/2021,5:35:34 AM,-2.7048128E+0,-1.7706028E+1,3.8327556E+3,0.0000000E+0
11244141,29/9/2021,5:35:34 AM,-4.6205235E+0,-1.7655516E+1,3.8309702E+3,0.0000000E+0
11244142,29/9/2021,5:35:34 AM,-6.4065061E+0,-1.8407888E+1,3.8291846E+3,0.0000000E+0
11244143,29/9/2021,5:35:34 AM,-8.0272083E+0,-1.7059999E+1,3.8318628E+3,0.0000000E+0
11244144,29/9/2021,5:35:34 AM,-1.0187266E+1,-1.7089243E+1,3.8291846E+3,0.0000000E+0
11244145,29/9/2021,5:35:34 AM,-1.0597704E+1,-1.5688180E+1,3.8318628E+3,0.0000000E+0
11244146,29/9/2021,5:35:35 AM,-1.2065807E+1,-1.4358898E+1,3.8318628E+3,0.0000000E+0
11244147,29/9/2021,5:35:35 AM,-1.3191878E+1,-1.4034554E+1,3.8291846E+3,0.0000000E+0
11244148,29/9/2021,5:35:35 AM,-1.3326060E+1,-1.2404854E+1,3.8336484E+3,0.0000000E+0
11244149,29/9/2021,5:35:35 AM,-1.4517907E+1,-1.3026958E+1,3.8291846E+3,0.0000000E+0
11244150,29/9/2021,5:35:35 AM,-1.3973288E+1,-1.2489928E+1,3.8345413E+3,0.0000000E+0
11244151,29/9/2021,5:35:35 AM,-1.4207447E+1,-1.3364594E+1,3.8318628E+3,0.0000000E+0
11244152,29/9/2021,5:35:35 AM,-1.5662396E+1,-1.4398776E+1,3.8309702E+3,0.0000000E+0
11244153,29/9/2021,5:35:35 AM,-1.5680814E+1,-1.4505119E+1,3.8345413E+3,0.0000000E+0
11244154,29/9/2021,5:35:35 AM,-1.7835609E+1,-1.6296989E+1,3.8273987E+3,0.0000000E+0
11244155,29/9/2021,5:35:35 AM,-1.9422108E+1,-1.6251795E+1,3.8327556E+3,0.0000000E+0
11244156,29/9/2021,5:35:36 AM,-2.1943436E+1,-1.6903143E+1,3.8291846E+3,0.0000000E+0
11244157,29/9/2021,5:35:36 AM,-2.5959751E+1,-1.7477394E+1,3.8291846E+3,0.0000000E+0
11244158,29/9/2021,5:35:36 AM,-2.8725954E+1,-1.6315599E+1,3.8327556E+3,0.0000000E+0
11244159,29/9/2021,5:35:36 AM,-3.3008247E+1,-1.7581078E+1,3.8256133E+3,0.0000000E+0
11244160,29/9/2021,5:35:36 AM,-3.6891571E+1,-1.6698433E+1,3.8318628E+3,0.0000000E+0
11244161,29/9/2021,5:35:36 AM,-3.9737568E+1,-1.7448149E+1,3.8265059E+3,0.0000000E+0
11244162,29/9/2021,5:35:36 AM,-4.3700687E+1,-1.7727297E+1,3.8291846E+3,0.0000000E+0
11244163,29/9/2021,5:35:36 AM,-4.4472031E+1,-1.8017080E+1,3.8291846E+3,0.0000000E+0
11244164,29/9/2021,5:35:36 AM,-4.4152855E+1,-2.0146589E+1,3.8273987E+3,0.0000000E+0
11244165,29/9/2021,5:35:36 AM,-4.4285843E+1,-2.1313192E+1,3.8282915E+3,0.0000000E+0
11244166,29/9/2021,5:35:37 AM,-4.0801491E+1,-2.3597708E+1,3.8273987E+3,0.0000000E+0
11244167,29/9/2021,5:35:37 AM,-3.8514053E+1,-2.5129677E+1,3.8282915E+3,0.0000000E+0
11244168,29/9/2021,5:35:37 AM,-3.4072174E+1,-2.6822908E+1,3.8282915E+3,0.0000000E+0
11244169,29/9/2021,5:35:37 AM,-2.9257915E+1,-2.9214930E+1,3.8282915E+3,0.0000000E+0
11244170,29/9/2021,5:35:37 AM,-2.6225731E+1,-3.0585640E+1,3.8291846E+3,0.0000000E+0
11244171,29/9/2021,5:35:37 AM,-2.3619118E+1,-3.2171364E+1,3.8282915E+3,0.0000000E+0
11244172,29/9/2021,5:35:37 AM,-2.1464670E+1,-3.3972099E+1,3.8273987E+3,0.0000000E+0
11244173,29/9/2021,5:35:37 AM,-2.1039101E+1,-3.3864594E+1,3.8273987E+3,0.0000000E+0
11244174,29/9/2021,5:35:37 AM,-1.9835176E+1,-3.3622704E+1,3.8291846E+3,0.0000000E+0
11244175,29/9/2021,5:35:37 AM,-1.9921999E+1,-3.3730209E+1,3.8282915E+3,0.0000000E+0
11244176,29/9/2021,5:35:38 AM,-2.0773119E+1,-3.4025852E+1,3.8256133E+3,0.0000000E+0
11244177,29/9/2021,5:35:38 AM,-2.1650858E+1,-3.3461441E+1,3.8273987E+3,0.0000000E+0
11244178,29/9/2021,5:35:38 AM,-2.2315811E+1,-3.2493881E+1,3.8273987E+3,0.0000000E+0
11244179,29/9/2021,5:35:38 AM,-1.9993036E+1,-3.1956348E+1,3.8291846E+3,0.0000000E+0
11244180,29/9/2021,5:35:38 AM,-1.6775312E+1,-3.1203804E+1,3.8282915E+3,0.0000000E+0
11244181,29/9/2021,5:35:38 AM,-1.4199555E+1,-3.1741337E+1,3.8273987E+3,0.0000000E+0
11244182,29/9/2021,5:35:38 AM,-9.7215776E+0,-3.2386375E+1,3.8265059E+3,0.0000000E+0
11244183,29/9/2021,5:35:38 AM,-4.6141853E+0,-3.1768213E+1,3.8291846E+3,0.0000000E+0
11244184,29/9/2021,5:35:38 AM,1.4696624E+0,-2.9591202E+1,3.8309702E+3,0.0000000E+0
11244185,29/9/2021,5:35:38 AM,5.7566471E+0,-2.8112988E+1,3.8309702E+3,0.0000000E+0
11244186,29/9/2021,5:35:39 AM,1.0424057E+1,-2.6984167E+1,3.8309702E+3,0.0000000E+0
11244187,29/9/2021,5:35:39 AM,1.3115580E+1,-2.3678339E+1,3.8309702E+3,0.0000000E+0
11244188,29/9/2021,5:35:39 AM,1.3360263E+1,-2.0372509E+1,3.8327556E+3,0.0000000E+0
11244189,29/9/2021,5:35:39 AM,1.4488965E+1,-1.6007206E+1,3.8345413E+3,0.0000000E+0
11244190,29/9/2021,5:35:39 AM,1.2278918E+1,-1.1011767E+1,3.8345413E+3,0.0000000E+0
11244191,29/9/2021,5:35:39 AM,9.5926590E+0,-7.7257838E+0,3.8345413E+3,0.0000000E+0
11244192,29/9/2021,5:35:39 AM,6.9221845E+0,-3.4136226E+0,3.8363269E+3,0.0000000E+0
11244193,29/9/2021,5:35:39 AM,2.1201167E+0,-5.3324580E-1,3.8327556E+3,0.0000000E+0
11244194,29/9/2021,5:35:39 AM,-1.2881624E+0,2.3040349E+0,3.8354341E+3,0.0000000E+0
11244195,29/9/2021,5:35:39 AM,-4.2426105E+0,5.3533993E+0,3.8363269E+3,0.0000000E+0
11244196,29/9/2021,5:35:40 AM,-8.3166189E+0,5.8727655E+0,3.8327556E+3,0.0000000E+0
11244197,29/9/2021,5:35:40 AM,-1.0255672E+1,5.9046679E+0,3.8345413E+3,0.0000000E+0
11244198,29/9/2021,5:35:40 AM,-1.1576440E+1,4.7009363E+0,3.8318628E+3,0.0000000E+0
11244199,29/9/2021,5:35:40 AM,-1.2628842E+1,5.2533283E+0,3.8345413E+3,0.0000000E+0
11244200,29/9/2021,5:35:40 AM,-1.2523602E+1,4.9603205E+0,3.8354341E+3,0.0000000E+0
11244201,29/9/2021,5:35:40 AM,-1.3383942E+1,2.3977015E+0,3.8309702E+3,0.0000000E+0
11244202,29/9/2021,5:35:40 AM,-1.3397098E+1,9.2065340E-1,3.8345413E+3,0.0000000E+0
11244203,29/9/2021,5:35:40 AM,-1.3631257E+1,-5.6790674E-1,3.8327556E+3,0.0000000E+0
11244204,29/9/2021,5:35:40 AM,-1.5267745E+1,-1.9493835E+0,3.8345413E+3,0.0000000E+0
11244205,29/9/2021,5:35:40 AM,-1.7030521E+1,-3.3295631E+0,3.8336484E+3,0.0000000E+0
11244206,29/9/2021,5:35:41 AM,-2.1145493E+1,-5.6712251E+0,3.8318628E+3,0.0000000E+0
11244207,29/9/2021,5:35:41 AM,-2.5161808E+1,-7.7071738E+0,3.8309702E+3,0.0000000E+0
11244208,29/9/2021,5:35:41 AM,-2.8380177E+1,-1.0349785E+1,3.8309702E+3,0.0000000E+0
11244209,29/9/2021,5:35:41 AM,-3.2077312E+1,-1.2375610E+1,3.8309702E+3,0.0000000E+0
11244210,29/9/2021,5:35:41 AM,-3.4471142E+1,-1.4648682E+1,3.8300774E+3,0.0000000E+0
11244211,29/9/2021,5:35:41 AM,-3.8194878E+1,-1.8336109E+1,3.8273987E+3,0.0000000E+0
11244212,29/9/2021,5:35:41 AM,-3.9471588E+1,-2.2065739E+1,3.8273987E+3,0.0000000E+0
11244213,29/9/2021,5:35:41 AM,-3.8966225E+1,-2.5344692E+1,3.8256133E+3,0.0000000E+0
11244214,29/9/2021,5:35:41 AM,-3.8806637E+1,-2.8247370E+1,3.8273987E+3,0.0000000E+0
11244215,29/9/2021,5:35:41 AM,-3.7237347E+1,-3.1365065E+1,3.8256133E+3,0.0000000E+0
11244216,29/9/2021,5:35:42 AM,-3.3859386E+1,-3.5208424E+1,3.8256133E+3,0.0000000E+0
11244217,29/9/2021,5:35:42 AM,-3.1598547E+1,-3.8003597E+1,3.8238276E+3,0.0000000E+0
11244218,29/9/2021,5:35:42 AM,-2.9018532E+1,-3.9723705E+1,3.8256133E+3,0.0000000E+0
11244219,29/9/2021,5:35:42 AM,-2.5161808E+1,-4.0986908E+1,3.8273987E+3,0.0000000E+0
11244220,29/9/2021,5:35:42 AM,-2.1810446E+1,-4.1175045E+1,3.8273987E+3,0.0000000E+0
11244221,29/9/2021,5:35:42 AM,-1.9832544E+1,-4.1282551E+1,3.8273987E+3,0.0000000E+0
11244222,29/9/2021,5:35:42 AM,-1.6643763E+1,-4.1390060E+1,3.8282915E+3,0.0000000E+0
11244223,29/9/2021,5:35:42 AM,-1.4759960E+1,-4.0852524E+1,3.8282915E+3,0.0000000E+0
11244224,29/9/2021,5:35:42 AM,-1.2236822E+1,-4.0745018E+1,3.8273987E+3,0.0000000E+0
11244225,29/9/2021,5:35:42 AM,-1.0058347E+1,-4.0153728E+1,3.8309702E+3,0.0000000E+0
11244226,29/9/2021,5:35:43 AM,-9.6084442E+0,-4.0422497E+1,3.8256133E+3,0.0000000E+0
11244227,29/9/2021,5:35:43 AM,-8.1245556E+0,-4.0422497E+1,3.8282915E+3,0.0000000E+0
11244228,29/9/2021,5:35:43 AM,-7.2273812E+0,-3.9858089E+1,3.8273987E+3,0.0000000E+0
11244229,29/9/2021,5:35:43 AM,-7.1984406E+0,-3.8541130E+1,3.8273987E+3,0.0000000E+0
11244230,29/9/2021,5:35:43 AM,-6.2854805E+0,-3.6552258E+1,3.8291846E+3,0.0000000E+0
11244231,29/9/2021,5:35:43 AM,-6.2565389E+0,-3.4859028E+1,3.8273987E+3,0.0000000E+0
11244232,29/9/2021,5:35:43 AM,-6.8564091E+0,-3.2574512E+1,3.8291846E+3,0.0000000E+0
11244233,29/9/2021,5:35:43 AM,-7.3536696E+0,-3.0639393E+1,3.8273987E+3,0.0000000E+0
11244234,29/9/2021,5:35:43 AM,-8.7375803E+0,-2.7252935E+1,3.8291846E+3,0.0000000E+0
11244235,29/9/2021,5:35:43 AM,-1.0129384E+1,-2.3597708E+1,3.8309702E+3,0.0000000E+0
11244236,29/9/2021,5:35:44 AM,-1.1018665E+1,-2.0082785E+1,3.8327556E+3,0.0000000E+0
11244237,29/9/2021,5:35:44 AM,-1.2389421E+1,-1.6507017E+1,3.8309702E+3,0.0000000E+0
11244238,29/9/2021,5:35:44 AM,-1.5641349E+1,-1.3383206E+1,3.8309702E+3,0.0000000E+0
11244239,29/9/2021,5:35:44 AM,-1.8019779E+1,-1.0142418E+1,3.8309702E+3,0.0000000E+0
11244240,29/9/2021,5:35:44 AM,-2.0959307E+1,-5.7717404E+0,3.8327556E+3,0.0000000E+0
11244241,29/9/2021,5:35:44 AM,-2.3645716E+1,-2.2936277E+0,3.8327556E+3,0.0000000E+0
11244242,29/9/2021,5:35:44 AM,-2.5427788E+1,6.4069480E-1,3.8345413E+3,0.0000000E+0
11244243,29/9/2021,5:35:44 AM,-2.9417503E+1,2.2255795E+0,3.8309702E+3,0.0000000E+0
11244244,29/9/2021,5:35:44 AM,-3.1864531E+1,4.2670283E+0,3.8327556E+3,0.0000000E+0
11244245,29/9/2021,5:35:44 AM,-3.4258362E+1,6.7793355E+0,3.8336484E+3,0.0000000E+0
11244246,29/9/2021,5:35:45 AM,-3.7343739E+1,7.8613701E+0,3.8327556E+3,0.0000000E+0
11244247,29/9/2021,5:35:45 AM,-3.8726841E+1,8.7519884E+0,3.8354341E+3,0.0000000E+0
11244248,29/9/2021,5:35:45 AM,-4.0801491E+1,8.1644468E+0,3.8318628E+3,0.0000000E+0
11244249,29/9/2021,5:35:45 AM,-4.1519642E+1,5.8780823E+0,3.8318628E+3,0.0000000E+0
11244250,29/9/2021,5:35:45 AM,-3.9764164E+1,3.0821874E+0,3.8309702E+3,0.0000000E+0
11244251,29/9/2021,5:35:45 AM,-3.8753441E+1,2.4236022E-1,3.8291846E+3,0.0000000E+0
11244252,29/9/2021,5:35:45 AM,-3.5668056E+1,-1.2221993E+0,3.8345413E+3,0.0000000E+0
11244253,29/9/2021,5:35:45 AM,-3.2210304E+1,-4.4471560E+0,3.8309702E+3,0.0000000E+0
11244254,29/9/2021,5:35:45 AM,-2.8779150E+1,-9.1959686E+0,3.8282915E+3,0.0000000E+0
11244255,29/9/2021,5:35:45 AM,-2.4337267E+1,-1.2354342E+1,3.8309702E+3,0.0000000E+0
11244256,29/9/2021,5:35:46 AM,-1.9803604E+1,-1.4994294E+1,3.8309702E+3,0.0000000E+0
11244257,29/9/2021,5:35:46 AM,-1.4980965E+1,-1.7304585E+1,3.8318628E+3,0.0000000E+0
11244258,29/9/2021,5:35:46 AM,-1.1281767E+1,-2.0048223E+1,3.8309702E+3,0.0000000E+0
11244259,29/9/2021,5:35:46 AM,-7.7877865E+0,-2.4162119E+1,3.8309702E+3,0.0000000E+0
11244260,29/9/2021,5:35:46 AM,-3.3806198E+0,-2.8354877E+1,3.8291846E+3,0.0000000E+0
11244261,29/9/2021,5:35:46 AM,-4.1346791E-1,-3.2090733E+1,3.8309702E+3,0.0000000E+0
11244262,29/9/2021,5:35:46 AM,3.4265716E+0,-3.5074043E+1,3.8318628E+3,0.0000000E+0
11244263,29/9/2021,5:35:46 AM,5.6803479E+0,-3.9750580E+1,3.8291846E+3,0.0000000E+0
11244264,29/9/2021,5:35:46 AM,7.8719788E+0,-4.4131477E+1,3.8291846E+3,0.0000000E+0
11244265,29/9/2021,5:35:46 AM,9.3348188E+0,-4.7679195E+1,3.8273987E+3,0.0000000E+0
11244266,29/9/2021,5:35:47 AM,1.0687158E+1,-5.1200039E+1,3.8273987E+3,0.0000000E+0
11244267,29/9/2021,5:35:47 AM,1.2171047E+1,-5.2947021E+1,3.8273987E+3,0.0000000E+0
11244268,29/9/2021,5:35:47 AM,1.0958152E+1,-5.3807072E+1,3.8247205E+3,0.0000000E+0
11244269,29/9/2021,5:35:47 AM,9.8952246E+0,-5.3860828E+1,3.8265059E+3,0.0000000E+0
11244270,29/9/2021,5:35:47 AM,9.0533018E+0,-5.2436367E+1,3.8256133E+3,0.0000000E+0
11244271,29/9/2021,5:35:47 AM,6.3144212E+0,-4.9130535E+1,3.8273987E+3,0.0000000E+0
11244272,29/9/2021,5:35:47 AM,4.3392677E+0,-4.4857147E+1,3.8282915E+3,0.0000000E+0
11244273,29/9/2021,5:35:47 AM,1.0069762E+0,-4.1981342E+1,3.8256133E+3,0.0000000E+0
11244274,29/9/2021,5:35:47 AM,-1.6293328E+0,-3.6794151E+1,3.8300774E+3,0.0000000E+0
11244275,29/9/2021,5:35:47 AM,-5.5427270E+0,-3.2198242E+1,3.8273987E+3,0.0000000E+0
11244276,29/9/2021,5:35:48 AM,-8.0508871E+0,-2.7951727E+1,3.8291846E+3,0.0000000E+0
11244277,29/9/2021,5:35:48 AM,-1.0842387E+1,-2.2280752E+1,3.8309702E+3,0.0000000E+0
11244278,29/9/2021,5:35:48 AM,-1.4020646E+1,-1.7735273E+1,3.8291846E+3,0.0000000E+0
11244279,29/9/2021,5:35:48 AM,-1.5759743E+1,-1.2154949E+1,3.8327556E+3,0.0000000E+0
11244280,29/9/2021,5:35:48 AM,-1.9311605E+1,-7.4944892E+0,3.8300774E+3,0.0000000E+0
11244281,29/9/2021,5:35:48 AM,-2.2874371E+1,-3.6601977E+0,3.8318628E+3,0.0000000E+0
11244282,29/9/2021,5:35:48 AM,-2.5188406E+1,2.2447929E+0,3.8345413E+3,0.0000000E+0
11244283,29/9/2021,5:35:48 AM,-2.9523897E+1,6.2688913E+0,3.8318628E+3,0.0000000E+0
11244284,29/9/2021,5:35:48 AM,-3.0906998E+1,1.0570446E+1,3.8363269E+3,0.0000000E+0
11244285,29/9/2021,5:35:48 AM,-3.5082901E+1,1.3811234E+1,3.8327556E+3,0.0000000E+0
11244286,29/9/2021,5:35:49 AM,-3.9152412E+1,1.6554871E+1,3.8327556E+3,0.0000000E+0
11244287,29/9/2021,5:35:49 AM,-4.0774895E+1,2.0457642E+1,3.8381123E+3,0.0000000E+0
11244288,29/9/2021,5:35:49 AM,-4.2716557E+1,2.1044426E+1,3.8327556E+3,0.0000000E+0
11244289,29/9/2021,5:35:49 AM,-4.1785622E+1,2.1447575E+1,3.8381123E+3,0.0000000E+0
11244290,29/9/2021,5:35:49 AM,-4.0136539E+1,1.8716282E+1,3.8327556E+3,0.0000000E+0
11244291,29/9/2021,5:35:49 AM,-3.8726841E+1,1.4311044E+1,3.8318628E+3,0.0000000E+0
11244292,29/9/2021,5:35:49 AM,-3.3939182E+1,1.1599310E+1,3.8336484E+3,0.0000000E+0
11244293,29/9/2021,5:35:49 AM,-2.9736679E+1,8.7918673E+0,3.8345413E+3,0.0000000E+0
11244294,29/9/2021,5:35:49 AM,-2.4975620E+1,4.4519596E+0,3.8336484E+3,0.0000000E+0
11244295,29/9/2021,5:35:49 AM,-1.9795712E+1,-9.9050403E-1,3.8327556E+3,0.0000000E+0
11244296,29/9/2021,5:35:50 AM,-1.5570311E+1,-5.6135840E+0,3.8327556E+3,0.0000000E+0
11244297,29/9/2021,5:35:50 AM,-1.4023277E+1,-8.3425703E+0,3.8327556E+3,0.0000000E+0
11244298,29/9/2021,5:35:50 AM,-1.2015818E+1,-1.2553734E+1,3.8345413E+3,0.0000000E+0
11244299,29/9/2021,5:35:50 AM,-1.1721145E+1,-1.6695774E+1,3.8327556E+3,0.0000000E+0
11244300,29/9/2021,5:35:50 AM,-1.1947411E+1,-2.1850725E+1,3.8309702E+3,0.0000000E+0
11244301,29/9/2021,5:35:50 AM,-1.2718297E+1,-2.6742279E+1,3.8300774E+3,0.0000000E+0
11244302,29/9/2021,5:35:50 AM,-1.5401927E+1,-3.0316874E+1,3.8291846E+3,0.0000000E+0
11244303,29/9/2021,5:35:50 AM,-1.6541153E+1,-3.3918346E+1,3.8291846E+3,0.0000000E+0
11244304,29/9/2021,5:35:50 AM,-1.7356766E+1,-3.7492943E+1,3.8291846E+3,0.0000000E+0
11244305,29/9/2021,5:35:50 AM,-1.7822454E+1,-4.3808956E+1,3.8256133E+3,0.0000000E+0
11244306,29/9/2021,5:35:51 AM,-1.5683445E+1,-5.0259354E+1,3.8247205E+3,0.0000000E+0
11244307,29/9/2021,5:35:51 AM,-1.5254589E+1,-5.4640247E+1,3.8229348E+3,0.0000000E+0
11244308,29/9/2021,5:35:51 AM,-1.3744390E+1,-5.8752380E+1,3.8238276E+3,0.0000000E+0
11244309,29/9/2021,5:35:51 AM,-1.0531928E+1,-6.1950699E+1,3.8238276E+3,0.0000000E+0
11244310,29/9/2021,5:35:51 AM,-8.6639118E+0,-6.4960892E+1,3.8211492E+3,0.0000000E+0
11244311,29/9/2021,5:35:51 AM,-6.2275982E+0,-6.6654114E+1,3.8202566E+3,0.0000000E+0
11244312,29/9/2021,5:35:51 AM,-4.0928712E+0,-6.4665253E+1,3.8238276E+3,0.0000000E+0
11244313,29/9/2021,5:35:51 AM,-4.6846976E+0,-5.9854324E+1,3.8256133E+3,0.0000000E+0
11244314,29/9/2021,5:35:51 AM,-5.6487761E+0,-5.3941456E+1,3.8291846E+3,0.0000000E+0
11244315,29/9/2021,5:35:51 AM,-6.7985268E+0,-4.9587440E+1,3.8256133E+3,0.0000000E+0
11244316,29/9/2021,5:35:52 AM,-9.7136850E+0,-4.4642136E+1,3.8256133E+3,0.0000000E+0
11244317,29/9/2021,5:35:52 AM,-1.3618101E+1,-3.8514256E+1,3.8291846E+3,0.0000000E+0
11244318,29/9/2021,5:35:52 AM,-1.6238586E+1,-3.1741337E+1,3.8291846E+3,0.0000000E+0
11244319,29/9/2021,5:35:52 AM,-2.1092297E+1,-2.5264061E+1,3.8327556E+3,0.0000000E+0
11244320,29/9/2021,5:35:52 AM,-2.5055414E+1,-2.1232561E+1,3.8291846E+3,0.0000000E+0
11244321,29/9/2021,5:35:52 AM,-2.6172533E+1,-1.8216473E+1,3.8291846E+3,0.0000000E+0
11244322,29/9/2021,5:35:52 AM,-2.7289656E+1,-1.4449289E+1,3.8282915E+3,0.0000000E+0
11244323,29/9/2021,5:35:52 AM,-2.8380177E+1,-9.7329988E+0,3.8318628E+3,0.0000000E+0
11244324,29/9/2021,5:35:52 AM,-2.7981205E+1,-5.6095676E+0,3.8327556E+3,0.0000000E+0
11244325,29/9/2021,5:35:52 AM,-2.7901413E+1,-3.0165408E+0,3.8309702E+3,0.0000000E+0
11244326,29/9/2021,5:35:53 AM,-2.6810890E+1,-1.7684550E+0,3.8318628E+3,0.0000000E+0
11244327,29/9/2021,5:35:53 AM,-2.4629845E+1,-2.5115874E-1,3.8318628E+3,0.0000000E+0
11244328,29/9/2021,5:35:53 AM,-2.2528595E+1,1.6787914E+0,3.8336484E+3,0.0000000E+0
11244329,29/9/2021,5:35:53 AM,-2.1890242E+1,3.7170379E+0,3.8327556E+3,0.0000000E+0
11244330,29/9/2021,5:35:53 AM,-2.0347549E+1,5.3429918E+0,3.8363269E+3,0.0000000E+0
11244331,29/9/2021,5:35:53 AM,-2.0187962E+1,4.9282975E+0,3.8327556E+3,0.0000000E+0
11244332,29/9/2021,5:35:53 AM,-1.9174793E+1,4.4519596E+0,3.8345413E+3,0.0000000E+0
11244333,29/9/2021,5:35:53 AM,-1.8766987E+1,5.2645364E+0,3.8345413E+3,0.0000000E+0
11244334,29/9/2021,5:35:53 AM,-2.0082491E+1,4.9963460E+0,3.8345413E+3,0.0000000E+0
11244335,29/9/2021,5:35:53 AM,-2.1172092E+1,4.2622247E+0,3.8363269E+3,0.0000000E+0
11244336,29/9/2021,5:35:54 AM,-2.3087154E+1,1.9533863E+0,3.8327556E+3,0.0000000E+0
11244337,29/9/2021,5:35:54 AM,-2.5028816E+1,-1.8116857E+0,3.8309702E+3,0.0000000E+0
11244338,29/9/2021,5:35:54 AM,-2.4922424E+1,-5.1324425E+0,3.8300774E+3,0.0000000E+0
11244339,29/9/2021,5:35:54 AM,-2.6172533E+1,-6.6224804E+0,3.8309702E+3,0.0000000E+0
11244340,29/9/2021,5:35:54 AM,-2.6890684E+1,-7.7816138E+0,3.8318628E+3,0.0000000E+0
11244341,29/9/2021,5:35:54 AM,-2.6864086E+1,-1.0860229E+1,3.8291846E+3,0.0000000E+0
11244342,29/9/2021,5:35:54 AM,-2.7263058E+1,-1.3452329E+1,3.8273987E+3,0.0000000E+0
11244343,29/9/2021,5:35:54 AM,-2.4789434E+1,-1.5512714E+1,3.8291846E+3,0.0000000E+0
11244344,29/9/2021,5:35:54 AM,-2.2448801E+1,-1.7099876E+1,3.8309702E+3,0.0000000E+0
11244345,29/9/2021,5:35:54 AM,-1.9714149E+1,-1.8859846E+1,3.8309702E+3,0.0000000E+0
11244346,29/9/2021,5:35:55 AM,-1.8827499E+1,-2.1447575E+1,3.8291846E+3,0.0000000E+0
11244347,29/9/2021,5:35:55 AM,-1.6704275E+1,-2.4834036E+1,3.8291846E+3,0.0000000E+0
11244348,29/9/2021,5:35:55 AM,-1.2952456E+1,-2.7360439E+1,3.8291846E+3,0.0000000E+0
11244349,29/9/2021,5:35:55 AM,-1.1042345E+1,-2.9806217E+1,3.8291846E+3,0.0000000E+0
11244350,29/9/2021,5:35:55 AM,-8.5139446E+0,-3.1768213E+1,3.8291846E+3,0.0000000E+0
11244351,29/9/2021,5:35:55 AM,-6.8511477E+0,-3.3434566E+1,3.8282915E+3,0.0000000E+0
11244352,29/9/2021,5:35:55 AM,-6.5880466E+0,-3.5369686E+1,3.8273987E+3,0.0000000E+0
11244353,29/9/2021,5:35:55 AM,-5.0586495E+0,-3.6068478E+1,3.8291846E+3,0.0000000E+0
11244354,29/9/2021,5:35:55 AM,-3.2063203E+0,-3.7842339E+1,3.8273987E+3,0.0000000E+0
11244355,29/9/2021,5:35:55 AM,-1.5652149E+0,-3.8541130E+1,3.8273987E+3,0.0000000E+0
11244356,29/9/2021,5:35:56 AM,2.1135150E-1,-3.8433624E+1,3.8282915E+3,0.0000000E+0
11244357,29/9/2021,5:35:56 AM,9.7845453E-1,-3.8514256E+1,3.8273987E+3,0.0000000E+0
11244358,29/9/2021,5:35:56 AM,3.5668037E+0,-3.8057350E+1,3.8291846E+3,0.0000000E+0
11244359,29/9/2021,5:35:56 AM,6.2512770E+0,-3.6955406E+1,3.8291846E+3,0.0000000E+0
11244360,29/9/2021,5:35:56 AM,7.3510389E+0,-3.5692204E+1,3.8309702E+3,0.0000000E+0
11244361,29/9/2021,5:35:56 AM,9.5137281E+0,-3.4052731E+1,3.8291846E+3,0.0000000E+0
11244362,29/9/2021,5:35:56 AM,1.0363544E+1,-3.3138924E+1,3.8291846E+3,0.0000000E+0
11244363,29/9/2021,5:35:56 AM,1.0547714E+1,-3.0048105E+1,3.8318628E+3,0.0000000E+0
11244364,29/9/2021,5:35:56 AM,1.1629060E+1,-2.7709839E+1,3.8309702E+3,0.0000000E+0
11244365,29/9/2021,5:35:56 AM,1.0518774E+1,-2.5586580E+1,3.8309702E+3,0.0000000E+0
11244366,29/9/2021,5:35:57 AM,8.7902002E+0,-2.2657024E+1,3.8309702E+3,0.0000000E+0
11244367,29/9/2021,5:35:57 AM,5.0943017E+0,-1.8498280E+1,3.8309702E+3,0.0000000E+0
11244368,29/9/2021,5:35:57 AM,-7.6255411E-2,-1.3513475E+1,3.8327556E+3,0.0000000E+0
11244369,29/9/2021,5:35:57 AM,-3.8013158E+0,-9.1215296E+0,3.8327556E+3,0.0000000E+0
11244370,29/9/2021,5:35:57 AM,-9.1980066E+0,-4.9290981E+0,3.8327556E+3,0.0000000E+0
11244371,29/9/2021,5:35:57 AM,-1.4770485E+1,-6.0949993E-1,3.8327556E+3,0.0000000E+0
11244372,29/9/2021,5:35:57 AM,-1.9816759E+1,3.6577959E+0,3.8345413E+3,0.0000000E+0
11244373,29/9/2021,5:35:57 AM,-2.5720366E+1,7.2525597E+0,3.8309702E+3,0.0000000E+0
11244374,29/9/2021,5:35:57 AM,-2.9523897E+1,1.0929352E+1,3.8363269E+3,0.0000000E+0
11244375,29/9/2021,5:35:57 AM,-3.3034843E+1,1.3577281E+1,3.8363269E+3,0.0000000E+0
11244376,29/9/2021,5:35:58 AM,-3.6918171E+1,1.3510817E+1,3.8345413E+3,0.0000000E+0
11244377,29/9/2021,5:35:58 AM,-3.9232204E+1,1.3104056E+1,3.8363269E+3,0.0000000E+0
11244378,29/9/2021,5:35:58 AM,-4.2397381E+1,1.1740214E+1,3.8327556E+3,0.0000000E+0
11244379,29/9/2021,5:35:58 AM,-4.3700687E+1,8.4489126E+0,3.8327556E+3,0.0000000E+0
11244380,29/9/2021,5:35:58 AM,-4.2902740E+1,4.4103303E+0,3.8309702E+3,0.0000000E+0
11244381,29/9/2021,5:35:58 AM,-4.4232651E+1,9.3186128E-1,3.8318628E+3,0.0000000E+0
11244382,29/9/2021,5:35:58 AM,-4.4179451E+1,-3.4640584E+0,3.8309702E+3,0.0000000E+0
11244383,29/9/2021,5:35:58 AM,-4.4578423E+1,-7.5715876E+0,3.8273987E+3,0.0000000E+0
11244384,29/9/2021,5:35:58 AM,-4.4418835E+1,-1.1139379E+1,3.8282915E+3,0.0000000E+0
11244385,29/9/2021,5:35:58 AM,-4.2237789E+1,-1.4499803E+1,3.8291846E+3,0.0000000E+0
11244386,29/9/2021,5:35:59 AM,-4.0987679E+1,-1.7886810E+1,3.8273987E+3,0.0000000E+0
11244387,29/9/2021,5:35:59 AM,-3.9897156E+1,-2.1662590E+1,3.8273987E+3,0.0000000E+0
11244388,29/9/2021,5:35:59 AM,-3.7024559E+1,-2.5398445E+1,3.8273987E+3,0.0000000E+0
11244389,29/9/2021,5:35:59 AM,-3.4417946E+1,-2.9483698E+1,3.8273987E+3,0.0000000E+0
11244390,29/9/2021,5:35:59 AM,-3.0002663E+1,-3.2897034E+1,3.8291846E+3,0.0000000E+0
11244391,29/9/2021,5:35:59 AM,-2.5454386E+1,-3.7224174E+1,3.8282915E+3,0.0000000E+0
11244392,29/9/2021,5:35:59 AM,-2.1783848E+1,-4.1363182E+1,3.8273987E+3,0.0000000E+0
11244393,29/9/2021,5:35:59 AM,-1.7756678E+1,-4.4534626E+1,3.8273987E+3,0.0000000E+0
11244394,29/9/2021,5:35:59 AM,-1.4007492E+1,-4.9157413E+1,3.8256133E+3,0.0000000E+0
11244395,29/9/2021,5:35:59 AM,-1.0484571E+1,-5.2570751E+1,3.8256133E+3,0.0000000E+0
11244396,29/9/2021,5:36:00 AM,-7.4641719E+0,-5.5043400E+1,3.8265059E+3,0.0000000E+0
11244397,29/9/2021,5:36:00 AM,-6.5959392E+0,-5.6978523E+1,3.8238276E+3,0.0000000E+0
11244398,29/9/2021,5:36:00 AM,-5.5173745E+0,-5.7112907E+1,3.8265059E+3,0.0000000E+0
11244399,29/9/2021,5:36:00 AM,-5.9908071E+0,-5.6736629E+1,3.8238276E+3,0.0000000E+0
11244400,29/9/2021,5:36:00 AM,-6.1644535E+0,-5.4452118E+1,3.8265059E+3,0.0000000E+0
11244401,29/9/2021,5:36:00 AM,-7.7535834E+0,-5.1630066E+1,3.8256133E+3,0.0000000E+0
11244402,29/9/2021,5:36:00 AM,-1.0997618E+1,-4.8351116E+1,3.8265059E+3,0.0000000E+0
11244403,29/9/2021,5:36:00 AM,-1.1565915E+1,-4.4023972E+1,3.8291846E+3,0.0000000E+0
11244404,29/9/2021,5:36:00 AM,-1.3697033E+1,-4.1363182E+1,3.8256133E+3,0.0000000E+0
11244405,29/9/2021,5:36:00 AM,-1.5394033E+1,-3.8084229E+1,3.8273987E+3,0.0000000E+0
11244406,29/9/2021,5:36:01 AM,-1.6543783E+1,-3.4617142E+1,3.8265059E+3,0.0000000E+0
11244407,29/9/2021,5:36:01 AM,-1.7685642E+1,-3.1499445E+1,3.8282915E+3,0.0000000E+0
11244408,29/9/2021,5:36:01 AM,-1.6717430E+1,-2.6876659E+1,3.8318628E+3,0.0000000E+0
11244409,29/9/2021,5:36:01 AM,-1.8995884E+1,-2.3651463E+1,3.8273987E+3,0.0000000E+0
11244410,29/9/2021,5:36:01 AM,-2.0693325E+1,-2.0053539E+1,3.8291846E+3,0.0000000E+0
11244411,29/9/2021,5:36:01 AM,-2.2182819E+1,-1.4770976E+1,3.8309702E+3,0.0000000E+0
11244412,29/9/2021,5:36:01 AM,-2.5587378E+1,-1.1136721E+1,3.8291846E+3,0.0000000E+0
11244413,29/9/2021,5:36:01 AM,-2.6943882E+1,-5.8408628E+0,3.8345413E+3,0.0000000E+0
11244414,29/9/2021,5:36:01 AM,-2.9018532E+1,-2.4681518E+0,3.8318628E+3,0.0000000E+0
11244415,29/9/2021,5:36:01 AM,-3.2449688E+1,5.8843672E-1,3.8327556E+3,0.0000000E+0
11244416,29/9/2021,5:36:02 AM,-3.3008247E+1,2.7883787E+0,3.8327556E+3,0.0000000E+0
11244417,29/9/2021,5:36:02 AM,-3.3859386E+1,4.3951192E+0,3.8309702E+3,0.0000000E+0
11244418,29/9/2021,5:36:02 AM,-3.4284954E+1,6.3991609E+0,3.8345413E+3,0.0000000E+0
11244419,29/9/2021,5:36:02 AM,-3.2768864E+1,6.1545730E+0,3.8327556E+3,0.0000000E+0
11244420,29/9/2021,5:36:02 AM,-3.0055859E+1,5.4021997E+0,3.8327556E+3,0.0000000E+0
11244421,29/9/2021,5:36:02 AM,-2.6252329E+1,4.6905289E+0,3.8327556E+3,0.0000000E+0
11244422,29/9/2021,5:36:02 AM,-2.2156221E+1,2.8364129E+0,3.8318628E+3,0.0000000E+0
11244423,29/9/2021,5:36:02 AM,-1.6399078E+1,4.8205420E-1,3.8327556E+3,0.0000000E+0
11244424,29/9/2021,5:36:02 AM,-1.1221252E+1,-4.7458872E-1,3.8327556E+3,0.0000000E+0
11244425,29/9/2021,5:36:02 AM,-7.5220542E+0,-2.5938408E+0,3.8327556E+3,0.0000000E+0
11244426,29/9/2021,5:36:03 AM,-2.6493537E+0,-4.4655690E+0,3.8327556E+3,0.0000000E+0
11244427,29/9/2021,5:36:03 AM,1.5053146E+0,-5.7611055E+0,3.8327556E+3,0.0000000E+0
11244428,29/9/2021,5:36:03 AM,4.2481561E+0,-6.2768669E+0,3.8327556E+3,0.0000000E+0
11244429,29/9/2021,5:36:03 AM,7.9351230E+0,-6.7926278E+0,3.8327556E+3,0.0000000E+0
11244430,29/9/2021,5:36:03 AM,8.9638472E+0,-5.9658151E+0,3.8354341E+3,0.0000000E+0
11244431,29/9/2021,5:36:03 AM,9.6663265E+0,-6.3592825E+0,3.8345413E+3,0.0000000E+0
11244432,29/9/2021,5:36:03 AM,1.1955304E+1,-7.5981727E+0,3.8345413E+3,0.0000000E+0
11244433,29/9/2021,5:36:03 AM,1.2460458E+1,-8.2495203E+0,3.8354341E+3,0.0000000E+0
11244434,29/9/2021,5:36:03 AM,1.3110317E+1,-1.0232809E+1,3.8336484E+3,0.0000000E+0
11244435,29/9/2021,5:36:03 AM,1.3523386E+1,-1.3053544E+1,3.8327556E+3,0.0000000E+0
11244436,29/9/2021,5:36:04 AM,1.3020864E+1,-1.4497144E+1,3.8327556E+3,0.0000000E+0
11244437,29/9/2021,5:36:04 AM,1.3565482E+1,-1.6560188E+1,3.8327556E+3,0.0000000E+0
11244438,29/9/2021,5:36:04 AM,1.4404773E+1,-1.8144691E+1,3.8327556E+3,0.0000000E+0
11244439,29/9/2021,5:36:04 AM,1.3360263E+1,-1.9186850E+1,3.8327556E+3,0.0000000E+0
11244440,29/9/2021,5:36:04 AM,1.0705576E+1,-2.0426262E+1,3.8291846E+3,0.0000000E+0
11244441,29/9/2021,5:36:04 AM,1.0118860E+1,-2.0856289E+1,3.8336484E+3,0.0000000E+0
11244442,29/9/2021,5:36:04 AM,7.7351656E+0,-2.0345633E+1,3.8309702E+3,0.0000000E+0
11244443,29/9/2021,5:36:04 AM,5.2701859E+0,-2.0936920E+1,3.8327556E+3,0.0000000E+0
11244444,29/9/2021,5:36:04 AM,3.4669774E+0,-2.1420700E+1,3.8327556E+3,0.0000000E+0
11244445,29/9/2021,5:36:04 AM,-1.8729284E+0,-2.1420700E+1,3.8309702E+3,0.0000000E+0
11244446,29/9/2021,5:36:05 AM,-5.6119418E+0,-2.1474451E+1,3.8327556E+3,0.0000000E+0
11244447,29/9/2021,5:36:05 AM,-9.3637609E+0,-2.1850725E+1,3.8309702E+3,0.0000000E+0
11244448,29/9/2021,5:36:05 AM,-1.5304579E+1,-2.2845161E+1,3.8291846E+3,0.0000000E+0
11244449,29/9/2021,5:36:05 AM,-1.9719412E+1,-2.3973980E+1,3.8300774E+3,0.0000000E+0
11244450,29/9/2021,5:36:05 AM,-2.5082014E+1,-2.4968418E+1,3.8291846E+3,0.0000000E+0
11244451,29/9/2021,5:36:05 AM,-3.0933596E+1,-2.6285376E+1,3.8282915E+3,0.0000000E+0
11244452,29/9/2021,5:36:05 AM,-3.4737122E+1,-2.8381754E+1,3.8273987E+3,0.0000000E+0
11244453,29/9/2021,5:36:05 AM,-3.8035290E+1,-3.0585640E+1,3.8273987E+3,0.0000000E+0
11244454,29/9/2021,5:36:05 AM,-4.0402519E+1,-3.3434566E+1,3.8238276E+3,0.0000000E+0
11244455,29/9/2021,5:36:05 AM,-4.2796352E+1,-3.4751522E+1,3.8256133E+3,0.0000000E+0
11244456,29/9/2021,5:36:06 AM,-4.5163582E+1,-3.5611576E+1,3.8256133E+3,0.0000000E+0
11244457,29/9/2021,5:36:06 AM,-4.7291431E+1,-3.6202862E+1,3.8238276E+3,0.0000000E+0
11244458,29/9/2021,5:36:06 AM,-4.7823395E+1,-3.6955406E+1,3.8256133E+3,0.0000000E+0
11244459,29/9/2021,5:36:06 AM,-4.8355354E+1,-3.6955406E+1,3.8238276E+3,0.0000000E+0
11244460,29/9/2021,5:36:06 AM,-4.9206493E+1,-3.5880344E+1,3.8256133E+3,0.0000000E+0
11244461,29/9/2021,5:36:06 AM,-5.1041763E+1,-3.4213989E+1,3.8256133E+3,0.0000000E+0
11244462,29/9/2021,5:36:06 AM,-5.1094959E+1,-3.2923908E+1,3.8256133E+3,0.0000000E+0
11244463,29/9/2021,5:36:06 AM,-5.1680119E+1,-2.9806217E+1,3.8273987E+3,0.0000000E+0
11244464,29/9/2021,5:36:06 AM,-5.1626919E+1,-2.8731150E+1,3.8273987E+3,0.0000000E+0
11244465,29/9/2021,5:36:06 AM,-4.9898045E+1,-2.7494823E+1,3.8291846E+3,0.0000000E+0
11244466,29/9/2021,5:36:07 AM,-4.8860718E+1,-2.7360439E+1,3.8265059E+3,0.0000000E+0
11244467,29/9/2021,5:36:07 AM,-4.9472473E+1,-2.7064798E+1,3.8256133E+3,0.0000000E+0
11244468,29/9/2021,5:36:07 AM,-4.6706272E+1,-2.6876659E+1,3.8273987E+3,0.0000000E+0
11244469,29/9/2021,5:36:07 AM,-4.4073059E+1,-2.6527264E+1,3.8282915E+3,0.0000000E+0
11244470,29/9/2021,5:36:07 AM,-4.3381508E+1,-2.6796032E+1,3.8256133E+3,0.0000000E+0
11244471,29/9/2021,5:36:07 AM,-4.2423977E+1,-2.7118551E+1,3.8247205E+3,0.0000000E+0
11244472,29/9/2021,5:36:07 AM,-4.1173866E+1,-2.5640335E+1,3.8256133E+3,0.0000000E+0
11244473,29/9/2021,5:36:07 AM,-3.9737568E+1,-2.2764532E+1,3.8256133E+3,0.0000000E+0
11244474,29/9/2021,5:36:07 AM,-3.6785179E+1,-2.0042906E+1,3.8291846E+3,0.0000000E+0
11244475,29/9/2021,5:36:07 AM,-3.4151966E+1,-1.7270025E+1,3.8291846E+3,0.0000000E+0
11244476,29/9/2021,5:36:08 AM,-3.1305969E+1,-1.5767936E+1,3.8282915E+3,0.0000000E+0
11244477,29/9/2021,5:36:08 AM,-2.6624949E+1,-1.3077786E+1,3.8309702E+3,0.0000000E+0
11244478,29/9/2021,5:36:08 AM,-2.1198887E+1,-1.0783391E+1,3.8309702E+3,0.0000000E+0
11244479,29/9/2021,5:36:08 AM,-1.5665403E+1,-8.4943132E+0,3.8318628E+3,0.0000000E+0
11244480,29/9/2021,5:36:08 AM,-8.8298788E+0,-6.7874746E+0,3.8354341E+3,0.0000000E+0
11244481,29/9/2021,5:36:08 AM,-9.2984784E-1,-6.0590110E+0,3.8345413E+3,0.0000000E+0
11244482,29/9/2021,5:36:08 AM,5.1315513E+0,-5.5431480E+0,3.8363269E+3,0.0000000E+0
11244483,29/9/2021,5:36:08 AM,1.1284669E+1,-6.2796769E+0,3.8354341E+3,0.0000000E+0
11244484,29/9/2021,5:36:08 AM,1.7599243E+1,-6.9177470E+0,3.8363269E+3,0.0000000E+0
11244485,29/9/2021,5:36:08 AM,2.1837248E+1,-8.6219273E+0,3.8363269E+3,0.0000000E+0
11244486,29/9/2021,5:36:09 AM,2.6651548E+1,-1.0352694E+1,3.8363269E+3,0.0000000E+0
11244487,29/9/2021,5:36:09 AM,2.9577368E+1,-1.1945210E+1,3.8354341E+3,0.0000000E+0
11244488,29/9/2021,5:36:09 AM,2.8247450E+1,-1.4197068E+1,3.8327556E+3,0.0000000E+0
11244489,29/9/2021,5:36:09 AM,2.8513433E+1,-1.5167467E+1,3.8354341E+3,0.0000000E+0
11244490,29/9/2021,5:36:09 AM,2.7422901E+1,-1.5949103E+1,3.8336484E+3,0.0000000E+0
11244491,29/9/2021,5:36:09 AM,2.3672533E+1,-1.6794546E+1,3.8327556E+3,0.0000000E+0
11244492,29/9/2021,5:36:09 AM,2.0720116E+1,-1.8219570E+1,3.8318628E+3,0.0000000E+0
11244493,29/9/2021,5:36:09 AM,1.7394018E+1,-1.8647608E+1,3.8309702E+3,0.0000000E+0
11244494,29/9/2021,5:36:09 AM,1.3344799E+1,-1.7328930E+1,3.8327556E+3,0.0000000E+0
11244495,29/9/2021,5:36:09 AM,1.2521273E+1,-1.7033823E+1,3.8345413E+3,0.0000000E+0
11244496,29/9/2021,5:36:10 AM,9.7586470E+0,-1.8498726E+1,3.8309702E+3,0.0000000E+0
11244497,29/9/2021,5:36:10 AM,8.6509657E+0,-2.0096561E+1,3.8309702E+3,0.0000000E+0
11244498,29/9/2021,5:36:10 AM,8.5851889E+0,-2.0614590E+1,3.8327556E+3,0.0000000E+0
11244499,29/9/2021,5:36:10 AM,7.2801766E+0,-2.0614590E+1,3.8327556E+3,0.0000000E+0
11244500,29/9/2021,5:36:10 AM,3.9708717E+0,-2.0560837E+1,3.8327556E+3,0.0000000E+0
11244501,29/9/2021,5:36:10 AM,-4.1690111E-1,-2.0856483E+1,3.8309702E+3,0.0000000E+0
11244502,29/9/2021,5:36:10 AM,-5.0507393E+0,-2.1367146E+1,3.8291846E+3,0.0000000E+0
11244503,29/9/2021,5:36:10 AM,-1.1066290E+1,-1.9867918E+1,3.8309702E+3,0.0000000E+0
11244504,29/9/2021,5:36:10 AM,-1.8278059E+1,-1.7525667E+1,3.8318628E+3,0.0000000E+0
11244505,29/9/2021,5:36:10 AM,-2.6119581E+1,-1.6140524E+1,3.8291846E+3,0.0000000E+0
11244506,29/9/2021,5:36:11 AM,-3.4471466E+1,-1.4890969E+1,3.8300774E+3,0.0000000E+0
11244507,29/9/2021,5:36:11 AM,-4.2663757E+1,-1.3439360E+1,3.8273987E+3,0.0000000E+0
11244508,29/9/2021,5:36:11 AM,-4.8701584E+1,-1.2460984E+1,3.8273987E+3,0.0000000E+0
11244509,29/9/2021,5:36:11 AM,-5.3914860E+1,-1.1017349E+1,3.8273987E+3,0.0000000E+0
11244510,29/9/2021,5:36:11 AM,-5.8808956E+1,-9.3025360E+0,3.8282915E+3,0.0000000E+0
11244511,29/9/2021,5:36:11 AM,-6.1920963E+1,-9.2839251E+0,3.8273987E+3,0.0000000E+0
11244512,29/9/2021,5:36:11 AM,-6.2718914E+1,-9.4567356E+0,3.8273987E+3,0.0000000E+0
11244513,29/9/2021,5:36:11 AM,-6.2585926E+1,-1.0626533E+1,3.8256133E+3,0.0000000E+0
11244514,29/9/2021,5:36:11 AM,-5.9553707E+1,-1.1873427E+1,3.8273987E+3,0.0000000E+0
11244515,29/9/2021,5:36:11 AM,-5.6228916E+1,-1.2524792E+1,3.8282915E+3,0.0000000E+0
11244516,29/9/2021,5:36:12 AM,-5.3781872E+1,-1.3987037E+1,3.8273987E+3,0.0000000E+0
11244517,29/9/2021,5:36:12 AM,-4.8648388E+1,-1.5784268E+1,3.8291846E+3,0.0000000E+0
11244518,29/9/2021,5:36:12 AM,-4.3701092E+1,-1.7746334E+1,3.8282915E+3,0.0000000E+0
11244519,29/9/2021,5:36:12 AM,-3.8434620E+1,-1.9445198E+1,3.8309702E+3,0.0000000E+0
11244520,29/9/2021,5:36:12 AM,-3.3593719E+1,-2.0910236E+1,3.8291846E+3,0.0000000E+0
11244521,29/9/2021,5:36:12 AM,-3.1226467E+1,-2.3866697E+1,3.8291846E+3,0.0000000E+0
11244522,29/9/2021,5:36:12 AM,-2.7715481E+1,-2.6420004E+1,3.8291846E+3,0.0000000E+0
11244523,29/9/2021,5:36:12 AM,-2.5454622E+1,-2.9268957E+1,3.8282915E+3,0.0000000E+0
11244524,29/9/2021,5:36:12 AM,-2.3566139E+1,-3.2789833E+1,3.8265059E+3,0.0000000E+0
11244525,29/9/2021,5:36:12 AM,-1.9788296E+1,-3.5154999E+1,3.8282915E+3,0.0000000E+0
11244526,29/9/2021,5:36:13 AM,-1.7030931E+1,-3.7143890E+1,3.8273987E+3,0.0000000E+0
11244527,29/9/2021,5:36:13 AM,-1.5115510E+1,-3.8326477E+1,3.8273987E+3,0.0000000E+0
11244528,29/9/2021,5:36:13 AM,-1.3068536E+1,-3.9939091E+1,3.8256133E+3,0.0000000E+0
11244529,29/9/2021,5:36:13 AM,-8.9982672E+0,-4.1874229E+1,3.8256133E+3,0.0000000E+0
11244530,29/9/2021,5:36:13 AM,-3.6476243E+0,-4.2062366E+1,3.8256133E+3,0.0000000E+0
11244531,29/9/2021,5:36:13 AM,1.5187871E+0,-4.1793598E+1,3.8282915E+3,0.0000000E+0
11244532,29/9/2021,5:36:13 AM,6.5776806E+0,-4.0879780E+1,3.8291846E+3,0.0000000E+0
11244533,29/9/2021,5:36:13 AM,9.9928122E+0,-4.0369122E+1,3.8282915E+3,0.0000000E+0
11244534,29/9/2021,5:36:13 AM,1.3502663E+1,-3.9965965E+1,3.8291846E+3,0.0000000E+0
11244535,29/9/2021,5:36:13 AM,1.8783226E+1,-3.7735184E+1,3.8309702E+3,0.0000000E+0
11244536,29/9/2021,5:36:14 AM,2.0533928E+1,-3.4106800E+1,3.8327556E+3,0.0000000E+0
11244537,29/9/2021,5:36:14 AM,2.1757452E+1,-3.1257847E+1,3.8327556E+3,0.0000000E+0
11244538,29/9/2021,5:36:14 AM,2.1890444E+1,-2.7360697E+1,3.8318628E+3,0.0000000E+0
11244539,29/9/2021,5:36:14 AM,1.8683245E+1,-2.2280958E+1,3.8327556E+3,0.0000000E+0
11244540,29/9/2021,5:36:14 AM,1.5912724E+1,-1.7772921E+1,3.8327556E+3,0.0000000E+0
11244541,29/9/2021,5:36:14 AM,1.4597189E+1,-1.3556338E+1,3.8345413E+3,0.0000000E+0
11244542,29/9/2021,5:36:14 AM,9.4297628E+0,-9.1323833E+0,3.8345413E+3,0.0000000E+0
11244543,29/9/2021,5:36:14 AM,3.7189288E+0,-4.2582326E+0,3.8327556E+3,0.0000000E+0
11244544,29/9/2021,5:36:14 AM,-2.2080646E+0,4.0793601E-2,3.8336484E+3,0.0000000E+0
11244545,29/9/2021,5:36:14 AM,-6.5276899E+0,3.2687280E+0,3.8327556E+3,0.0000000E+0
11244546,29/9/2021,5:36:15 AM,-8.2457809E+0,6.5242701E+0,3.8372195E+3,0.0000000E+0
11244547,29/9/2021,5:36:15 AM,-1.1937175E+1,9.5577641E+0,3.8345413E+3,0.0000000E+0
11244548,29/9/2021,5:36:15 AM,-1.5891677E+1,1.0879102E+1,3.8354341E+3,0.0000000E+0
11244549,29/9/2021,5:36:15 AM,-1.9359428E+1,1.2569988E+1,3.8363269E+3,0.0000000E+0
11244550,29/9/2021,5:36:15 AM,-2.2741592E+1,1.3178814E+1,3.8345413E+3,0.0000000E+0
11244551,29/9/2021,5:36:15 AM,-2.1996838E+1,1.2918268E+1,3.8381123E+3,0.0000000E+0
11244552,29/9/2021,5:36:15 AM,-2.3699133E+1,1.1245992E+1,3.8363269E+3,0.0000000E+0
11244553,29/9/2021,5:36:15 AM,-2.5747206E+1,7.4016175E+0,3.8336484E+3,0.0000000E+0
11244554,29/9/2021,5:36:15 AM,-2.9869947E+1,5.1052361E+0,3.8327556E+3,0.0000000E+0
11244555,29/9/2021,5:36:15 AM,-3.3806507E+1,2.0766790E+0,3.8327556E+3,0.0000000E+0
11244556,29/9/2021,5:36:16 AM,-3.4072487E+1,-1.4651035E+0,3.8336484E+3,0.0000000E+0
11244557,29/9/2021,5:36:16 AM,-3.5588596E+1,-6.5189533E+0,3.8291846E+3,0.0000000E+0
11244558,29/9/2021,5:36:16 AM,-3.7982449E+1,-1.1163574E+1,3.8309702E+3,0.0000000E+0
11244559,29/9/2021,5:36:16 AM,-4.1972202E+1,-1.4343292E+1,3.8273987E+3,0.0000000E+0
11244560,29/9/2021,5:36:16 AM,-4.5270397E+1,-1.9014500E+1,3.8265059E+3,0.0000000E+0
11244561,29/9/2021,5:36:16 AM,-4.5616173E+1,-2.2899130E+1,3.8273987E+3,0.0000000E+0
11244562,29/9/2021,5:36:16 AM,-4.5722569E+1,-2.6312496E+1,3.8256133E+3,0.0000000E+0
11244563,29/9/2021,5:36:16 AM,-4.6467323E+1,-2.9242081E+1,3.8256133E+3,0.0000000E+0
11244564,29/9/2021,5:36:16 AM,-4.6946091E+1,-3.2091030E+1,3.8256133E+3,0.0000000E+0
11244565,29/9/2021,5:36:16 AM,-4.7265270E+1,-3.4509953E+1,3.8247205E+3,0.0000000E+0
11244566,29/9/2021,5:36:17 AM,-4.5882156E+1,-3.5826923E+1,3.8256133E+3,0.0000000E+0
11244567,29/9/2021,5:36:17 AM,-4.2583961E+1,-3.7788937E+1,3.8273987E+3,0.0000000E+0
11244568,29/9/2021,5:36:17 AM,-3.9126175E+1,-4.0234737E+1,3.8256133E+3,0.0000000E+0
11244569,29/9/2021,5:36:17 AM,-3.6386543E+1,-4.2519276E+1,3.8256133E+3,0.0000000E+0
11244570,29/9/2021,5:36:17 AM,-3.2609581E+1,-4.5072578E+1,3.8256133E+3,0.0000000E+0
11244571,29/9/2021,5:36:17 AM,-2.9577368E+1,-4.7195858E+1,3.8238276E+3,0.0000000E+0
11244572,29/9/2021,5:36:17 AM,-2.5188639E+1,-4.9668533E+1,3.8265059E+3,0.0000000E+0
11244573,29/9/2021,5:36:17 AM,-1.9459410E+1,-5.2840008E+1,3.8256133E+3,0.0000000E+0
11244574,29/9/2021,5:36:17 AM,-1.6394211E+1,-5.5420189E+1,3.8220420E+3,0.0000000E+0
11244575,29/9/2021,5:36:17 AM,-1.4949753E+1,-5.6602776E+1,3.8256133E+3,0.0000000E+0
11244576,29/9/2021,5:36:18 AM,-1.2637041E+1,-5.6629654E+1,3.8229348E+3,0.0000000E+0
11244577,29/9/2021,5:36:18 AM,-1.3168517E+1,-5.4425747E+1,3.8247205E+3,0.0000000E+0
11244578,29/9/2021,5:36:18 AM,-1.1968748E+1,-5.2409977E+1,3.8238276E+3,0.0000000E+0
11244579,29/9/2021,5:36:18 AM,-9.0403643E+0,-4.9668533E+1,3.8256133E+3,0.0000000E+0
11244580,29/9/2021,5:36:18 AM,-9.0140533E+0,-4.5314472E+1,3.8247205E+3,0.0000000E+0
11244581,29/9/2021,5:36:18 AM,-9.2640057E+0,-4.0691643E+1,3.8256133E+3,0.0000000E+0
11244582,29/9/2021,5:36:18 AM,-7.7485075E+0,-3.4375568E+1,3.8291846E+3,0.0000000E+0
11244583,29/9/2021,5:36:18 AM,-7.0775843E+0,-2.9242081E+1,3.8291846E+3,0.0000000E+0
11244584,29/9/2021,5:36:18 AM,-4.1229882E+0,-2.4054836E+1,3.8327556E+3,0.0000000E+0
11244585,29/9/2021,5:36:18 AM,-5.1347440E-1,-1.9179335E+1,3.8309702E+3,0.0000000E+0
11244586,29/9/2021,5:36:19 AM,5.7363486E-1,-1.4478882E+1,3.8318628E+3,0.0000000E+0
11244587,29/9/2021,5:36:19 AM,2.9345787E+0,-9.4886398E+0,3.8336484E+3,0.0000000E+0
11244588,29/9/2021,5:36:19 AM,5.2179093E+0,-5.4638915E+0,3.8354341E+3,0.0000000E+0
11244589,29/9/2021,5:36:19 AM,7.5695949E+0,-1.6437422E+0,3.8363269E+3,0.0000000E+0
11244590,29/9/2021,5:36:19 AM,9.6060448E+0,2.1223116E+0,3.8363269E+3,0.0000000E+0
11244591,29/9/2021,5:36:19 AM,8.6193933E+0,4.6889396E+0,3.8345413E+3,0.0000000E+0
11244592,29/9/2021,5:36:19 AM,7.9853039E+0,8.6245861E+0,3.8363269E+3,0.0000000E+0
11244593,29/9/2021,5:36:19 AM,5.2884555E+0,1.2330711E+1,3.8381123E+3,0.0000000E+0
11244594,29/9/2021,5:36:19 AM,2.5598335E+0,1.5289762E+1,3.8363269E+3,0.0000000E+0
11244595,29/9/2021,5:36:19 AM,1.4063816E-1,1.8501385E+1,3.8390051E+3,0.0000000E+0
11244596,29/9/2021,5:36:20 AM,-4.6934247E+0,2.0775852E+1,3.8363269E+3,0.0000000E+0
11244597,29/9/2021,5:36:20 AM,-1.0108580E+1,2.4242973E+1,3.8381123E+3,0.0000000E+0
11244598,29/9/2021,5:36:20 AM,-1.4573509E+1,2.4995527E+1,3.8381123E+3,0.0000000E+0
11244599,29/9/2021,5:36:20 AM,-1.6675735E+1,2.4162344E+1,3.8372195E+3,0.0000000E+0
11244600,29/9/2021,5:36:20 AM,-1.7515047E+1,2.3436666E+1,3.8390051E+3,0.0000000E+0
11244601,29/9/2021,5:36:20 AM,-1.8351728E+1,1.9014500E+1,3.8327556E+3,0.0000000E+0
11244602,29/9/2021,5:36:20 AM,-1.8388563E+1,1.4991997E+1,3.8363269E+3,0.0000000E+0
11244603,29/9/2021,5:36:20 AM,-1.7191425E+1,1.0344717E+1,3.8345413E+3,0.0000000E+0
11244604,29/9/2021,5:36:20 AM,-1.4023615E+1,5.1732845E+0,3.8354341E+3,0.0000000E+0
11244605,29/9/2021,5:36:20 AM,-1.2010844E+1,-6.9322459E-2,3.8345413E+3,0.0000000E+0
11244606,29/9/2021,5:36:21 AM,-1.0955785E+1,-7.2261481E+0,3.8309702E+3,0.0000000E+0
11244607,29/9/2021,5:36:21 AM,-1.0019123E+1,-1.2179170E+1,3.8309702E+3,0.0000000E+0
11244608,29/9/2021,5:36:21 AM,-1.0908425E+1,-1.6071400E+1,3.8309702E+3,0.0000000E+0
11244609,29/9/2021,5:36:21 AM,-1.2000320E+1,-2.0141758E+1,3.8309702E+3,0.0000000E+0
11244610,29/9/2021,5:36:21 AM,-1.3344799E+1,-2.2818497E+1,3.8309702E+3,0.0000000E+0
11244611,29/9/2021,5:36:21 AM,-1.6552076E+1,-2.6715649E+1,3.8291846E+3,0.0000000E+0
11244612,29/9/2021,5:36:21 AM,-1.9656742E+1,-2.9188328E+1,3.8273987E+3,0.0000000E+0
11244613,29/9/2021,5:36:21 AM,-2.1890444E+1,-3.1822264E+1,3.8273987E+3,0.0000000E+0
11244614,29/9/2021,5:36:21 AM,-2.4683270E+1,-3.4429321E+1,3.8273987E+3,0.0000000E+0
11244615,29/9/2021,5:36:21 AM,-2.6545155E+1,-3.6525723E+1,3.8273987E+3,0.0000000E+0
11244616,29/9/2021,5:36:22 AM,-2.6199377E+1,-4.1148548E+1,3.8256133E+3,0.0000000E+0
11244617,29/9/2021,5:36:22 AM,-2.5986591E+1,-4.4669426E+1,3.8247205E+3,0.0000000E+0
11244618,29/9/2021,5:36:22 AM,-2.4151304E+1,-4.8512825E+1,3.8238276E+3,0.0000000E+0
11244619,29/9/2021,5:36:22 AM,-2.1358477E+1,-5.1549911E+1,3.8247205E+3,0.0000000E+0
11244620,29/9/2021,5:36:22 AM,-2.0267944E+1,-5.3780697E+1,3.8238276E+3,0.0000000E+0
11244621,29/9/2021,5:36:22 AM,-1.7562407E+1,-5.5500820E+1,3.8238276E+3,0.0000000E+0
11244622,29/9/2021,5:36:22 AM,-1.5944298E+1,-5.6172749E+1,3.8256133E+3,0.0000000E+0
11244623,29/9/2021,5:36:22 AM,-1.6759930E+1,-5.5877094E+1,3.8220420E+3,0.0000000E+0
11244624,29/9/2021,5:36:22 AM,-1.7278252E+1,-5.3915081E+1,3.8256133E+3,0.0000000E+0
11244625,29/9/2021,5:36:22 AM,-1.9685682E+1,-5.0098564E+1,3.8265059E+3,0.0000000E+0
11244626,29/9/2021,5:36:23 AM,-2.3034172E+1,-4.6765823E+1,3.8265059E+3,0.0000000E+0
11244627,29/9/2021,5:36:23 AM,-2.5374826E+1,-4.2573029E+1,3.8309702E+3,0.0000000E+0
11244628,29/9/2021,5:36:23 AM,-2.9364580E+1,-4.0019718E+1,3.8256133E+3,0.0000000E+0
11244629,29/9/2021,5:36:23 AM,-3.1545647E+1,-3.7950195E+1,3.8273987E+3,0.0000000E+0
11244630,29/9/2021,5:36:23 AM,-3.3088348E+1,-3.4913109E+1,3.8282915E+3,0.0000000E+0
11244631,29/9/2021,5:36:23 AM,-3.5269413E+1,-3.2521065E+1,3.8273987E+3,0.0000000E+0
11244632,29/9/2021,5:36:23 AM,-3.6838718E+1,-3.1472864E+1,3.8256133E+3,0.0000000E+0
11244633,29/9/2021,5:36:23 AM,-3.6945110E+1,-3.0774063E+1,3.8273987E+3,0.0000000E+0
11244634,29/9/2021,5:36:23 AM,-3.7370686E+1,-3.0397787E+1,3.8256133E+3,0.0000000E+0
11244635,29/9/2021,5:36:23 AM,-3.7157898E+1,-2.8812048E+1,3.8256133E+3,0.0000000E+0
11244636,29/9/2021,5:36:24 AM,-3.6599335E+1,-2.7038174E+1,3.8256133E+3,0.0000000E+0
11244637,29/9/2021,5:36:24 AM,-3.6359947E+1,-2.3517298E+1,3.8273987E+3,0.0000000E+0
11244638,29/9/2021,5:36:24 AM,-3.6359947E+1,-2.0210882E+1,3.8273987E+3,0.0000000E+0
11244639,29/9/2021,5:36:24 AM,-3.4045891E+1,-1.6879622E+1,3.8291846E+3,0.0000000E+0
11244640,29/9/2021,5:36:24 AM,-3.3380932E+1,-1.3468604E+1,3.8273987E+3,0.0000000E+0
11244641,29/9/2021,5:36:24 AM,-3.1864826E+1,-8.5926819E+0,3.8309702E+3,0.0000000E+0
11244642,29/9/2021,5:36:24 AM,-3.0401917E+1,-2.6434827E+0,3.8345413E+3,0.0000000E+0
11244643,29/9/2021,5:36:24 AM,-2.9816751E+1,1.1976531E+0,3.8318628E+3,0.0000000E+0
11244644,29/9/2021,5:36:24 AM,-2.7768679E+1,4.1661673E+0,3.8354341E+3,0.0000000E+0
11244645,29/9/2021,5:36:24 AM,-2.4390690E+1,6.5295877E+0,3.8318628E+3,0.0000000E+0
11244646,29/9/2021,5:36:25 AM,-2.2714993E+1,8.7787857E+0,3.8363269E+3,0.0000000E+0
11244647,29/9/2021,5:36:25 AM,-1.9001604E+1,1.0376620E+1,3.8363269E+3,0.0000000E+0
11244648,29/9/2021,5:36:25 AM,-1.5354939E+1,1.1272578E+1,3.8363269E+3,0.0000000E+0
11244649,29/9/2021,5:36:25 AM,-1.2316049E+1,1.1378923E+1,3.8363269E+3,0.0000000E+0
11244650,29/9/2021,5:36:25 AM,-7.4038372E+0,1.0007071E+1,3.8354341E+3,0.0000000E+0
11244651,29/9/2021,5:36:25 AM,-3.4036043E+0,9.3822947E+0,3.8363269E+3,0.0000000E+0
11244652,29/9/2021,5:36:25 AM,-8.3776021E-1,8.6910515E+0,3.8354341E+3,0.0000000E+0
11244653,29/9/2021,5:36:25 AM,3.1667149E+0,7.4255447E+0,3.8363269E+3,0.0000000E+0
11244654,29/9/2021,5:36:25 AM,5.4173779E+0,6.1547213E+0,3.8354341E+3,0.0000000E+0
11244655,29/9/2021,5:36:25 AM,8.0431881E+0,3.4744744E+0,3.8345413E+3,0.0000000E+0
11244656,29/9/2021,5:36:26 AM,1.1668805E+1,1.2464877E+0,3.8363269E+3,0.0000000E+0
11244657,29/9/2021,5:36:26 AM,1.3999935E+1,-8.3400244E-1,3.8345413E+3,0.0000000E+0
11244658,29/9/2021,5:36:26 AM,1.4899762E+1,-3.4784772E+0,3.8363269E+3,0.0000000E+0
11244659,29/9/2021,5:36:26 AM,1.7328241E+1,-7.2793207E+0,3.8354341E+3,0.0000000E+0
11244660,29/9/2021,5:36:26 AM,1.8291214E+1,-1.1450706E+1,3.8345413E+3,0.0000000E+0
11244661,29/9/2021,5:36:26 AM,2.0193480E+1,-1.5925176E+1,3.8345413E+3,0.0000000E+0
11244662,29/9/2021,5:36:26 AM,2.1597862E+1,-2.0614590E+1,3.8327556E+3,0.0000000E+0
11244663,29/9/2021,5:36:26 AM,2.0986101E+1,-2.5076159E+1,3.8327556E+3,0.0000000E+0
11244664,29/9/2021,5:36:26 AM,1.8570108E+1,-2.8355143E+1,3.8336484E+3,0.0000000E+0
11244665,29/9/2021,5:36:26 AM,1.7007250E+1,-3.3300491E+1,3.8309702E+3,0.0000000E+0
11244666,29/9/2021,5:36:27 AM,1.3631585E+1,-3.7090137E+1,3.8291846E+3,0.0000000E+0
11244667,29/9/2021,5:36:27 AM,9.0166845E+0,-3.9616566E+1,3.8291846E+3,0.0000000E+0
11244668,29/9/2021,5:36:27 AM,4.5365543E+0,-4.1363567E+1,3.8291846E+3,0.0000000E+0
11244669,29/9/2021,5:36:27 AM,-1.8169502E+0,-4.4535042E+1,3.8256133E+3,0.0000000E+0
11244670,29/9/2021,5:36:27 AM,-7.6432652E+0,-4.6765823E+1,3.8256133E+3,0.0000000E+0
11244671,29/9/2021,5:36:27 AM,-1.1497786E+1,-4.8109673E+1,3.8265059E+3,0.0000000E+0
11244672,29/9/2021,5:36:27 AM,-1.6812551E+1,-4.9399765E+1,3.8220420E+3,0.0000000E+0
11244673,29/9/2021,5:36:27 AM,-2.1172289E+1,-4.8835346E+1,3.8256133E+3,0.0000000E+0
11244674,29/9/2021,5:36:27 AM,-2.5348228E+1,-4.7679638E+1,3.8238276E+3,0.0000000E+0
11244675,29/9/2021,5:36:27 AM,-2.9204992E+1,-4.6900211E+1,3.8220420E+3,0.0000000E+0
11244676,29/9/2021,5:36:28 AM,-3.1731834E+1,-4.4024380E+1,3.8273987E+3,0.0000000E+0
11244677,29/9/2021,5:36:28 AM,-3.5322609E+1,-4.0422874E+1,3.8247205E+3,0.0000000E+0
11244678,29/9/2021,5:36:28 AM,-3.8727203E+1,-3.6633228E+1,3.8256133E+3,0.0000000E+0
11244679,29/9/2021,5:36:28 AM,-4.3435108E+1,-3.2171661E+1,3.8256133E+3,0.0000000E+0
11244680,29/9/2021,5:36:28 AM,-4.8169617E+1,-2.7414450E+1,3.8273987E+3,0.0000000E+0
11244681,29/9/2021,5:36:28 AM,-5.1733795E+1,-2.1904682E+1,3.8282915E+3,0.0000000E+0
11244682,29/9/2021,5:36:28 AM,-5.6734283E+1,-1.7169413E+1,3.8273987E+3,0.0000000E+0
11244683,29/9/2021,5:36:28 AM,-6.1043217E+1,-1.2272222E+1,3.8291846E+3,0.0000000E+0
11244684,29/9/2021,5:36:28 AM,-6.4447807E+1,-7.8269978E+0,3.8282915E+3,0.0000000E+0
11244685,29/9/2021,5:36:28 AM,-6.7426826E+1,-3.9307997E+0,3.8291846E+3,0.0000000E+0
11244686,29/9/2021,5:36:29 AM,-6.7958786E+1,-8.4893352E-1,3.8309702E+3,0.0000000E+0
11244687,29/9/2021,5:36:29 AM,-6.8543953E+1,-1.1731493E-2,3.8282915E+3,0.0000000E+0
11244688,29/9/2021,5:36:29 AM,-6.6868256E+1,5.7244354E-1,3.8291846E+3,0.0000000E+0
11244689,29/9/2021,5:36:29 AM,-6.3330677E+1,8.6759716E-1,3.8309702E+3,0.0000000E+0
11244690,29/9/2021,5:36:29 AM,-5.7851418E+1,-5.5191344E-1,3.8309702E+3,0.0000000E+0
11244691,29/9/2021,5:36:29 AM,-5.2478550E+1,-3.0789928E+0,3.8291846E+3,0.0000000E+0
11244692,29/9/2021,5:36:29 AM,-4.7850437E+1,-6.0031796E+0,3.8282915E+3,0.0000000E+0
11244693,29/9/2021,5:36:29 AM,-4.1440231E+1,-9.0074282E+0,3.8291846E+3,0.0000000E+0
11244694,29/9/2021,5:36:29 AM,-3.3646915E+1,-1.0982788E+1,3.8291846E+3,0.0000000E+0
11244695,29/9/2021,5:36:29 AM,-2.7582491E+1,-1.1751131E+1,3.8309702E+3,0.0000000E+0
11244696,29/9/2021,5:36:30 AM,-2.2103231E+1,-1.3689269E+1,3.8291846E+3,0.0000000E+0
11244697,29/9/2021,5:36:30 AM,-1.7988640E+1,-1.4917555E+1,3.8291846E+3,0.0000000E+0
11244698,29/9/2021,5:36:30 AM,-1.3510556E+1,-1.5188735E+1,3.8309702E+3,0.0000000E+0
11244699,29/9/2021,5:36:30 AM,-8.2431498E+0,-1.4851089E+1,3.8327556E+3,0.0000000E+0
11244700,29/9/2021,5:36:30 AM,-2.8775351E+0,-1.4670304E+1,3.8354341E+3,0.0000000E+0
11244701,29/9/2021,5:36:30 AM,2.2033107E+0,-1.6818474E+1,3.8336484E+3,0.0000000E+0
11244702,29/9/2021,5:36:30 AM,7.2564974E+0,-1.9652571E+1,3.8327556E+3,0.0000000E+0
11244703,29/9/2021,5:36:30 AM,1.3115894E+1,-2.3060390E+1,3.8327556E+3,0.0000000E+0
11244704,29/9/2021,5:36:30 AM,1.9435730E+1,-2.6876909E+1,3.8336484E+3,0.0000000E+0
11244705,29/9/2021,5:36:30 AM,2.5959991E+1,-2.9914001E+1,3.8336484E+3,0.0000000E+0
11244706,29/9/2021,5:36:31 AM,3.0455114E+1,-3.4214306E+1,3.8327556E+3,0.0000000E+0
11244707,29/9/2021,5:36:31 AM,3.3912899E+1,-3.8595245E+1,3.8318628E+3,0.0000000E+0
11244708,29/9/2021,5:36:31 AM,3.7184498E+1,-4.2814919E+1,3.8291846E+3,0.0000000E+0
11244709,29/9/2021,5:36:31 AM,3.8354824E+1,-4.4884441E+1,3.8291846E+3,0.0000000E+0
11244710,29/9/2021,5:36:31 AM,3.9259167E+1,-4.4212517E+1,3.8318628E+3,0.0000000E+0
11244711,29/9/2021,5:36:31 AM,3.7078102E+1,-4.3648106E+1,3.8291846E+3,0.0000000E+0
11244712,29/9/2021,5:36:31 AM,3.2928761E+1,-4.2062366E+1,3.8291846E+3,0.0000000E+0
11244713,29/9/2021,5:36:31 AM,2.8327246E+1,-3.9079029E+1,3.8291846E+3,0.0000000E+0
11244714,29/9/2021,5:36:31 AM,2.1305281E+1,-3.5343140E+1,3.8291846E+3,0.0000000E+0
11244715,29/9/2021,5:36:31 AM,1.5560162E+1,-3.0129017E+1,3.8309702E+3,0.0000000E+0
11244716,29/9/2021,5:36:32 AM,1.0697940E+1,-2.3920450E+1,3.8327556E+3,0.0000000E+0
11244717,29/9/2021,5:36:32 AM,4.9120917E+0,-1.9867918E+1,3.8309702E+3,0.0000000E+0
11244718,29/9/2021,5:36:32 AM,3.4328377E-1,-1.5736413E+1,3.8327556E+3,0.0000000E+0
11244719,29/9/2021,5:36:32 AM,-4.4755492E+0,-1.1118378E+1,3.8309702E+3,0.0000000E+0
11244720,29/9/2021,5:36:32 AM,-7.5169735E+0,-6.7449360E+0,3.8345413E+3,0.0000000E+0
11244721,29/9/2021,5:36:32 AM,-9.7928514E+0,-2.9741182E+0,3.8354341E+3,0.0000000E+0
11244722,29/9/2021,5:36:32 AM,-1.4768209E+1,-1.0835633E+0,3.8327556E+3,0.0000000E+0
11244723,29/9/2021,5:36:32 AM,-1.8967400E+1,8.4040147E-1,3.8336484E+3,0.0000000E+0
11244724,29/9/2021,5:36:32 AM,-2.4018312E+1,2.6482861E+0,3.8327556E+3,0.0000000E+0
11244725,29/9/2021,5:36:32 AM,-3.0348721E+1,4.9595323E+0,3.8336484E+3,0.0000000E+0
11244726,29/9/2021,5:36:33 AM,-3.5694988E+1,7.9519529E+0,3.8327556E+3,0.0000000E+0
11244727,29/9/2021,5:36:33 AM,-4.2158390E+1,9.9007263E+0,3.8345413E+3,0.0000000E+0
11244728,29/9/2021,5:36:33 AM,-4.7956829E+1,9.9937792E+0,3.8309702E+3,0.0000000E+0
11244729,29/9/2021,5:36:33 AM,-5.2531746E+1,9.6720848E+0,3.8318628E+3,0.0000000E+0
11244730,29/9/2021,5:36:33 AM,-5.6228916E+1,8.8399343E+0,3.8309702E+3,0.0000000E+0
11244731,29/9/2021,5:36:33 AM,-5.8915352E+1,7.9944916E+0,3.8309702E+3,0.0000000E+0
11244732,29/9/2021,5:36:33 AM,-5.8862152E+1,4.0965176E+0,3.8309702E+3,0.0000000E+0
11244733,29/9/2021,5:36:33 AM,-5.9660103E+1,1.2112627E+0,3.8291846E+3,0.0000000E+0
11244734,29/9/2021,5:36:33 AM,-5.7931213E+1,-3.5257111E+0,3.8291846E+3,0.0000000E+0
11244735,29/9/2021,5:36:33 AM,-5.4420227E+1,-8.6485128E+0,3.8265059E+3,0.0000000E+0
11244736,29/9/2021,5:36:34 AM,-5.1680599E+1,-1.2051557E+1,3.8291846E+3,0.0000000E+0
11244737,29/9/2021,5:36:34 AM,-4.7105682E+1,-1.6393093E+1,3.8282915E+3,0.0000000E+0
11244738,29/9/2021,5:36:34 AM,-4.3169128E+1,-1.9995533E+1,3.8291846E+3,0.0000000E+0
11244739,29/9/2021,5:36:34 AM,-4.1280643E+1,-2.3947329E+1,3.8273987E+3,0.0000000E+0
11244740,29/9/2021,5:36:34 AM,-3.6865318E+1,-2.7736971E+1,3.8282915E+3,0.0000000E+0
11244741,29/9/2021,5:36:34 AM,-3.4923637E+1,-2.9914001E+1,3.8291846E+3,0.0000000E+0
11244742,29/9/2021,5:36:34 AM,-3.3513924E+1,-3.3085476E+1,3.8282915E+3,0.0000000E+0
11244743,29/9/2021,5:36:34 AM,-3.2928761E+1,-3.5262508E+1,3.8291846E+3,0.0000000E+0
11244744,29/9/2021,5:36:34 AM,-3.4019291E+1,-3.8729630E+1,3.8256133E+3,0.0000000E+0
11244745,29/9/2021,5:36:34 AM,-3.2343597E+1,-4.1981735E+1,3.8256133E+3,0.0000000E+0
11244746,29/9/2021,5:36:35 AM,-3.0933882E+1,-4.4346901E+1,3.8256133E+3,0.0000000E+0
11244747,29/9/2021,5:36:35 AM,-2.9497572E+1,-4.6255165E+1,3.8256133E+3,0.0000000E+0
11244748,29/9/2021,5:36:35 AM,-2.5348228E+1,-4.7383995E+1,3.8273987E+3,0.0000000E+0
11244749,29/9/2021,5:36:35 AM,-2.2874582E+1,-5.0877991E+1,3.8220420E+3,0.0000000E+0
11244750,29/9/2021,5:36:35 AM,-1.8254379E+1,-5.4345116E+1,3.8238276E+3,0.0000000E+0
11244751,29/9/2021,5:36:35 AM,-1.1831932E+1,-5.6710285E+1,3.8220420E+3,0.0000000E+0
11244752,29/9/2021,5:36:35 AM,-6.6539822E+0,-5.8054127E+1,3.8238276E+3,0.0000000E+0
11244753,29/9/2021,5:36:35 AM,-7.5912946E-1,-5.7328453E+1,3.8256133E+3,0.0000000E+0
11244754,29/9/2021,5:36:35 AM,1.8206431E+0,-5.5823341E+1,3.8256133E+3,0.0000000E+0
11244755,29/9/2021,5:36:35 AM,4.5729990E+0,-5.3861328E+1,3.8256133E+3,0.0000000E+0
11244756,29/9/2021,5:36:36 AM,9.1587620E+0,-5.1361774E+1,3.8265059E+3,0.0000000E+0
11244757,29/9/2021,5:36:36 AM,9.2876854E+0,-4.7518379E+1,3.8282915E+3,0.0000000E+0
11244758,29/9/2021,5:36:36 AM,9.8060064E+0,-4.1309814E+1,3.8309702E+3,0.0000000E+0
11244759,29/9/2021,5:36:36 AM,8.2484121E+0,-3.6041939E+1,3.8291846E+3,-1.6227905E+1
11244760,29/9/2021,5:36:36 AM,5.6068149E+0,-3.0559050E+1,3.8327556E+3,-1.6227905E+1
11244761,29/9/2021,5:36:36 AM,4.8019662E+0,-2.5801834E+1,3.8309702E+3,-1.6227905E+1
11244762,29/9/2021,5:36:36 AM,3.2641642E+0,-2.1716543E+1,3.8309702E+3,-1.6227905E+1
11244763,29/9/2021,5:36:36 AM,2.2460935E+0,-1.6308018E+1,3.8327556E+3,-1.6227905E+1
11244764,29/9/2021,5:36:36 AM,-5.2745908E-1,-1.1495903E+1,3.8309702E+3,-1.6227905E+1
11244765,29/9/2021,5:36:36 AM,-3.5303679E+0,-7.4601068E+0,3.8336484E+3,-1.5388341E+1
11244766,29/9/2021,5:36:37 AM,-4.2125149E+0,-3.9147880E+0,3.8318628E+3,-6.5066280E+0
11244767,29/9/2021,5:36:37 AM,-4.5745835E+0,-1.0654328E+0,3.8327556E+3,5.8548546E-1
11244768,29/9/2021,5:36:37 AM,-4.7734442E+0,3.1278279E+0,3.8336484E+3,5.6339073E-1
11244769,29/9/2021,5:36:37 AM,-5.6005769E+0,7.9014392E+0,3.8354341E+3,-4.7501659E-1
11244770,29/9/2021,5:36:37 AM,-8.6588583E+0,1.2936879E+1,3.8354341E+3,-2.3198509E-1
11244771,29/9/2021,5:36:37 AM,-9.3245201E+0,1.6892916E+1,3.8363269E+3,1.1047363E-2
11244772,29/9/2021,5:36:37 AM,-1.1058396E+1,2.0404963E+1,3.8363269E+3,-5.5234909E-2
11244773,29/9/2021,5:36:37 AM,-1.2187127E+1,2.3678558E+1,3.8390051E+3,-7.7327728E-2
11244774,29/9/2021,5:36:37 AM,-1.2581787E+1,2.6312496E+1,3.8398979E+3,-5.5234909E-2
11244775,29/9/2021,5:36:37 AM,-1.5981133E+1,2.7333818E+1,3.8398979E+3,-5.5234909E-2
11244776,29/9/2021,5:36:38 AM,-1.7988640E+1,2.5882467E+1,3.8381123E+3,-5.5234909E-2
11244777,29/9/2021,5:36:38 AM,-1.8951614E+1,2.3006636E+1,3.8381123E+3,-3.3140182E-2
11244778,29/9/2021,5:36:38 AM,-1.8575371E+1,1.8977280E+1,3.8354341E+3,-3.3140182E-2
11244779,29/9/2021,5:36:38 AM,-1.8917410E+1,1.5943786E+1,3.8363269E+3,-3.3140182E-2
11244780,29/9/2021,5:36:38 AM,-1.9935635E+1,1.1065206E+1,3.8345413E+3,-3.3140182E-2
11244781,29/9/2021,5:36:38 AM,-1.9077906E+1,5.1100392E+0,3.8327556E+3,-3.3140182E-2
11244782,29/9/2021,5:36:38 AM,-1.9662003E+1,-1.0451693E-1,3.8309702E+3,-3.3140182E-2
11244783,29/9/2021,5:36:38 AM,-1.9077906E+1,-5.4710965E+0,3.8309702E+3,-3.3140182E-2
11244784,29/9/2021,5:36:38 AM,-1.9564653E+1,-9.4115391E+0,3.8291846E+3,-3.3140182E-2
11244785,29/9/2021,5:36:38 AM,-2.0188148E+1,-1.3761052E+1,3.8309702E+3,-3.3140182E-2
11244786,29/9/2021,5:36:39 AM,-2.1305281E+1,-1.6943430E+1,3.8309702E+3,-3.3140182E-2
11244787,29/9/2021,5:36:39 AM,-2.0321140E+1,-2.1797176E+1,3.8273987E+3,-3.3140182E-2
11244788,29/9/2021,5:36:39 AM,-2.0613724E+1,-2.3974205E+1,3.8309702E+3,-3.3140182E-2
11244789,29/9/2021,5:36:39 AM,-1.9380478E+1,-2.7817602E+1,3.8273987E+3,-1.1047363E-2
11244790,29/9/2021,5:36:39 AM,-1.8170185E+1,-3.1123463E+1,3.8309702E+3,-3.3140182E-2
11244791,29/9/2021,5:36:39 AM,-1.7549252E+1,-3.4751846E+1,3.8291846E+3,-3.3140182E-2
11244792,29/9/2021,5:36:39 AM,-1.7041454E+1,-3.8864014E+1,3.8273987E+3,-1.1047363E-2
11244793,29/9/2021,5:36:39 AM,-1.4755054E+1,-4.2599907E+1,3.8300774E+3,-1.1047363E-2
11244794,29/9/2021,5:36:39 AM,-1.4826092E+1,-4.6953964E+1,3.8238276E+3,-3.3140182E-2
11244795,29/9/2021,5:36:39 AM,-1.2823846E+1,-5.0904869E+1,3.8291846E+3,-1.1047363E-2
11244796,29/9/2021,5:36:40 AM,-1.2931721E+1,-5.4802021E+1,3.8238276E+3,-1.1047363E-2
11244797,29/9/2021,5:36:40 AM,-1.4928703E+1,-5.7812233E+1,3.8229348E+3,-1.1047363E-2
11244798,29/9/2021,5:36:40 AM,-1.5723289E+1,-5.8887314E+1,3.8256133E+3,-1.1047363E-2
11244799,29/9/2021,5:36:40 AM,-1.8896360E+1,-6.0311787E+1,3.8220420E+3,-1.1047363E-2
11244800,29/9/2021,5:36:40 AM,-2.1597862E+1,-6.0123650E+1,3.8238276E+3,-1.1047363E-2
11244801,29/9/2021,5:36:40 AM,-2.4603476E+1,-5.8941067E+1,3.8220420E+3,-1.1047363E-2
11244802,29/9/2021,5:36:40 AM,-3.0056139E+1,-5.5850220E+1,3.8229348E+3,-1.1047363E-2
11244803,29/9/2021,5:36:40 AM,-3.2343597E+1,-5.1711174E+1,3.8256133E+3,-1.1047363E-2
11244804,29/9/2021,5:36:40 AM,-3.5109825E+1,-4.8190304E+1,3.8247205E+3,-1.1047363E-2
11244805,29/9/2021,5:36:40 AM,-3.5694988E+1,-4.4508163E+1,3.8256133E+3,-1.1047363E-2
11244806,29/9/2021,5:36:41 AM,-3.6599335E+1,-4.1686089E+1,3.8238276E+3,-1.1047363E-2
11244807,29/9/2021,5:36:41 AM,-3.5907776E+1,-3.9025272E+1,3.8256133E+3,-1.1047363E-2
11244808,29/9/2021,5:36:41 AM,-3.2130810E+1,-3.4778725E+1,3.8300774E+3,-1.1047363E-2
11244809,29/9/2021,5:36:41 AM,-3.0109335E+1,-3.3542385E+1,3.8256133E+3,-1.1047363E-2
11244810,29/9/2021,5:36:41 AM,-2.7609089E+1,-3.1230970E+1,3.8273987E+3,-1.1047363E-2
11244811,29/9/2021,5:36:41 AM,-2.4470484E+1,-2.8355143E+1,3.8265059E+3,-1.1047363E-2
11244812,29/9/2021,5:36:41 AM,-2.2714993E+1,-2.4753635E+1,3.8273987E+3,-1.1047363E-2
11244813,29/9/2021,5:36:41 AM,-1.9535711E+1,-1.9038427E+1,3.8327556E+3,-1.1047363E-2
11244814,29/9/2021,5:36:41 AM,-2.0161551E+1,-1.4356586E+1,3.8282915E+3,-1.1047363E-2
11244815,29/9/2021,5:36:41 AM,-1.9540974E+1,-9.3636837E+0,3.8309702E+3,-1.1047363E-2
11244816,29/9/2021,5:36:42 AM,-1.8228069E+1,-3.5225089E+0,3.8318628E+3,-1.1047363E-2
11244817,29/9/2021,5:36:42 AM,-1.9430468E+1,2.5274000E+0,3.8327556E+3,-1.1047363E-2
11244818,29/9/2021,5:36:42 AM,-1.8101778E+1,9.1642876E+0,3.8363269E+3,-1.1047363E-2
11244819,29/9/2021,5:36:42 AM,-1.7428223E+1,1.4635742E+1,3.8381123E+3,-1.1047363E-2
11244820,29/9/2021,5:36:42 AM,-1.7307192E+1,1.8785858E+1,3.8363269E+3,-1.1047363E-2
11244821,29/9/2021,5:36:42 AM,-1.4039402E+1,2.1286514E+1,3.8381123E+3,-1.1047363E-2
11244822,29/9/2021,5:36:42 AM,-1.2034524E+1,2.3033514E+1,3.8390051E+3,-1.1047363E-2
11244823,29/9/2021,5:36:42 AM,-9.1955976E+0,2.4108589E+1,3.8407908E+3,-1.1047363E-2
11244824,29/9/2021,5:36:42 AM,-5.4334073E+0,2.3167898E+1,3.8398979E+3,-1.1047363E-2
11244825,29/9/2021,5:36:42 AM,-3.4867928E+0,2.0351789E+1,3.8381123E+3,-1.1047363E-2
11244826,29/9/2021,5:36:43 AM,-1.4631119E+0,1.5773633E+1,3.8363269E+3,-1.1047363E-2
11244827,29/9/2021,5:36:43 AM,2.2480999E-1,1.0783391E+1,3.8354341E+3,-1.1047363E-2
11244828,29/9/2021,5:36:43 AM,5.4329079E-1,7.6462107E+0,3.8381123E+3,-1.1047363E-2
11244829,29/9/2021,5:36:43 AM,-1.3575673E+0,4.5936718E+0,3.8354341E+3,-1.1047363E-2
11244830,29/9/2021,5:36:43 AM,-2.1050689E+0,-7.2175342E-1,3.8345413E+3,-1.1047363E-2
11244831,29/9/2021,5:36:43 AM,-3.6428707E+0,-4.8298397E+0,3.8318628E+3,-1.1047363E-2
11244832,29/9/2021,5:36:43 AM,-7.2538662E+0,-8.4943132E+0,3.8309702E+3,-1.1047363E-2
11244833,29/9/2021,5:36:43 AM,-8.4089069E+0,-1.1466658E+1,3.8327556E+3,-1.1047363E-2
11244834,29/9/2021,5:36:43 AM,-9.2376947E+0,-1.4401781E+1,3.8327556E+3,-1.1047363E-2
11244835,29/9/2021,5:36:43 AM,-1.1703010E+1,-1.8230206E+1,3.8309702E+3,-1.1047363E-2
11244836,29/9/2021,5:36:44 AM,-1.1797728E+1,-2.3167898E+1,3.8300774E+3,-1.1047363E-2
11244837,29/9/2021,5:36:44 AM,-1.2195021E+1,-2.8193880E+1,3.8282915E+3,-1.1047363E-2
11244838,29/9/2021,5:36:44 AM,-1.1966117E+1,-3.2762955E+1,3.8291846E+3,-1.1047363E-2
11244839,29/9/2021,5:36:44 AM,-1.0529552E+1,-3.6471970E+1,3.8291846E+3,-1.1047363E-2
11244840,29/9/2021,5:36:44 AM,-9.9191427E+0,-4.0879780E+1,3.8273987E+3,-1.1047363E-2
11244841,29/9/2021,5:36:44 AM,-1.1447795E+1,-4.5233841E+1,3.8256133E+3,-1.1047363E-2
11244842,29/9/2021,5:36:44 AM,-1.2279215E+1,-4.9480392E+1,3.8238276E+3,-1.1047363E-2
11244843,29/9/2021,5:36:44 AM,-1.2629148E+1,-5.1684296E+1,3.8256133E+3,-1.1047363E-2
11244844,29/9/2021,5:36:44 AM,-1.5399666E+1,-5.2463730E+1,3.8247205E+3,-1.1047363E-2
11244845,29/9/2021,5:36:44 AM,-1.6728357E+1,-5.4103226E+1,3.8247205E+3,-1.1047363E-2
11244846,29/9/2021,5:36:45 AM,-1.8749022E+1,-5.4667637E+1,3.8238276E+3,-1.1047363E-2
11244847,29/9/2021,5:36:45 AM,-2.2395813E+1,-5.4560131E+1,3.8220420E+3,-1.1047363E-2
11244848,29/9/2021,5:36:45 AM,-2.4018312E+1,-5.2544361E+1,3.8238276E+3,-1.1047363E-2
11244849,29/9/2021,5:36:45 AM,-2.4949255E+1,-4.9184750E+1,3.8256133E+3,-1.1047363E-2
11244850,29/9/2021,5:36:45 AM,-2.6651548E+1,-4.4723183E+1,3.8273987E+3,-1.1047363E-2
11244851,29/9/2021,5:36:45 AM,-2.6305771E+1,-4.2008614E+1,3.8256133E+3,-1.1047363E-2
11244852,29/9/2021,5:36:45 AM,-2.6305771E+1,-3.9616566E+1,3.8247205E+3,-1.1047363E-2
11244853,29/9/2021,5:36:45 AM,-2.6491959E+1,-3.4886230E+1,3.8273987E+3,-1.1047363E-2
11244854,29/9/2021,5:36:45 AM,-2.5055647E+1,-3.0881571E+1,3.8300774E+3,-1.1047363E-2
11244855,29/9/2021,5:36:45 AM,-2.5348228E+1,-2.7414450E+1,3.8282915E+3,-1.1047363E-2
11244856,29/9/2021,5:36:46 AM,-2.6092983E+1,-2.3947329E+1,3.8291846E+3,-1.1047363E-2
11244857,29/9/2021,5:36:46 AM,-2.5029049E+1,-2.1609035E+1,3.8291846E+3,-1.1047363E-2
11244858,29/9/2021,5:36:46 AM,-2.6970730E+1,-1.7719749E+1,3.8291846E+3,-1.1047363E-2
11244859,29/9/2021,5:36:46 AM,-2.8726219E+1,-1.3378211E+1,3.8291846E+3,-1.1047363E-2
11244860,29/9/2021,5:36:46 AM,-2.9284786E+1,-8.1832542E+0,3.8318628E+3,-1.1047363E-2
11244861,29/9/2021,5:36:46 AM,-3.1093475E+1,-3.8483410E+0,3.8327556E+3,-1.1047363E-2
11244862,29/9/2021,5:36:46 AM,-3.1519047E+1,-1.4107120E+0,3.8318628E+3,-1.1047363E-2
11244863,29/9/2021,5:36:46 AM,-3.1891424E+1,1.6035421E+0,3.8327556E+3,-1.1047363E-2
11244864,29/9/2021,5:36:46 AM,-3.1439253E+1,4.6000762E+0,3.8327556E+3,-1.1047363E-2
11244865,29/9/2021,5:36:46 AM,-3.0029541E+1,7.7286282E+0,3.8354341E+3,-1.1047363E-2
11244866,29/9/2021,5:36:47 AM,-2.8300648E+1,8.7149792E+0,3.8345413E+3,-1.1047363E-2
11244867,29/9/2021,5:36:47 AM,-2.4922657E+1,8.0529804E+0,3.8327556E+3,-1.1047363E-2
11244868,29/9/2021,5:36:47 AM,-2.1491468E+1,7.4787173E+0,3.8345413E+3,-1.1047363E-2
11244869,29/9/2021,5:36:47 AM,-1.8843740E+1,6.2876530E+0,3.8336484E+3,-1.1047363E-2
11244870,29/9/2021,5:36:47 AM,-1.4286721E+1,5.0828199E+0,3.8363269E+3,-1.1047363E-2
11244871,29/9/2021,5:36:47 AM,-1.0629532E+1,3.0277565E+0,3.8345413E+3,-1.1047363E-2
11244872,29/9/2021,5:36:47 AM,-8.4404793E+0,6.8549246E-1,3.8345413E+3,-1.1047363E-2
11244873,29/9/2021,5:36:47 AM,-6.1988063E+0,-2.2520039E+0,3.8327556E+3,-1.1047363E-2
11244874,29/9/2021,5:36:47 AM,-4.9683433E+0,-4.2334151E+0,3.8327556E+3,-1.1047363E-2
11244875,29/9/2021,5:36:47 AM,-5.5261030E+0,-5.5151281E+0,3.8354341E+3,-1.1047363E-2
11244876,29/9/2021,5:36:48 AM,-5.3407116E+0,-8.5421677E+0,3.8327556E+3,-1.1047363E-2
11244877,29/9/2021,5:36:48 AM,-6.1040878E+0,-1.1065206E+1,3.8327556E+3,-1.1047363E-2
11244878,29/9/2021,5:36:48 AM,-7.5985365E+0,-1.3428724E+1,3.8309702E+3,-1.1047363E-2
11244879,29/9/2021,5:36:48 AM,-7.7274594E+0,-1.5616776E+1,3.8318628E+3,-1.1047363E-2
11244880,29/9/2021,5:36:48 AM,-7.5380220E+0,-1.7512377E+1,3.8327556E+3,-1.1047363E-2
11244881,29/9/2021,5:36:48 AM,-8.5851889E+0,-2.0372698E+1,3.8318628E+3,-1.1047363E-2
11244882,29/9/2021,5:36:48 AM,-6.2172236E+0,-2.3947329E+1,3.8309702E+3,-1.1047363E-2
11244883,29/9/2021,5:36:48 AM,-4.0865436E+0,-2.8220758E+1,3.8291846E+3,-1.1047363E-2
11244884,29/9/2021,5:36:48 AM,-2.6160851E+0,-3.2386677E+1,3.8291846E+3,6.2415028E+0
11244885,29/9/2021,5:36:48 AM,7.0266312E-1,-3.6418213E+1,3.8300774E+3,4.1171825E+1
11244886,29/9/2021,5:36:49 AM,2.1866732E+0,-4.0503506E+1,3.8273987E+3,6.9518188E+1
11244887,29/9/2021,5:36:49 AM,3.5517592E+0,-4.3325581E+1,3.8291846E+3,6.9407715E+1
11244888,29/9/2021,5:36:49 AM,3.7759724E+0,-4.4776936E+1,3.8291846E+3,6.3420296E+1
11244889,29/9/2021,5:36:49 AM,1.2993275E+0,-4.6604565E+1,3.8256133E+3,6.4083107E+1
11244890,29/9/2021,5:36:49 AM,-4.4645363E-1,-4.5771381E+1,3.8291846E+3,6.5342453E+1
11244891,29/9/2021,5:36:49 AM,-5.1275897E+0,-4.3594353E+1,3.8273987E+3,6.5055237E+1
11244892,29/9/2021,5:36:49 AM,-1.1195212E+1,-4.1417320E+1,3.8273987E+3,6.4878487E+1
11244893,29/9/2021,5:36:49 AM,-1.6002180E+1,-3.8810261E+1,3.8291846E+3,6.4966866E+1
11244894,29/9/2021,5:36:49 AM,-2.1039297E+1,-3.6686981E+1,3.8273987E+3,6.5011047E+1
11244895,29/9/2021,5:36:49 AM,-2.4949255E+1,-3.4053047E+1,3.8291846E+3,6.5011047E+1
11244896,29/9/2021,5:36:50 AM,-2.7103722E+1,-3.2440430E+1,3.8291846E+3,6.5011047E+1
11244897,29/9/2021,5:36:50 AM,-2.9790154E+1,-3.1365355E+1,3.8273987E+3,6.5011047E+1
11244898,29/9/2021,5:36:50 AM,-3.0960482E+1,-3.0344034E+1,3.8273987E+3,6.5033142E+1
11244899,29/9/2021,5:36:50 AM,-3.2130810E+1,-2.9591480E+1,3.8273987E+3,6.5033142E+1
11244900,29/9/2021,5:36:50 AM,-3.2051014E+1,-2.9053940E+1,3.8256133E+3,6.5033142E+1
11244901,29/9/2021,5:36:50 AM,-3.1465851E+1,-2.7118805E+1,3.8282915E+3,6.5033142E+1
11244902,29/9/2021,5:36:50 AM,-3.2104210E+1,-2.3759190E+1,3.8282915E+3,6.5033142E+1
11244903,29/9/2021,5:36:50 AM,-3.2875565E+1,-2.0178978E+1,3.8291846E+3,6.5055237E+1
11244904,29/9/2021,5:36:50 AM,-3.4817242E+1,-1.6935453E+1,3.8282915E+3,6.5055237E+1
11244905,29/9/2021,5:36:50 AM,-3.6067364E+1,-1.3274525E+1,3.8291846E+3,6.5055237E+1
11244906,29/9/2021,5:36:51 AM,-3.8514412E+1,-8.3108673E+0,3.8300774E+3,6.5055237E+1
11244907,29/9/2021,5:36:51 AM,-3.9126175E+1,-4.5832644E+0,3.8327556E+3,6.5055237E+1
11244908,29/9/2021,5:36:51 AM,-4.0429497E+1,-3.2101631E-1,3.8309702E+3,6.5055237E+1
11244909,29/9/2021,5:36:51 AM,-4.1945602E+1,2.5506165E+0,3.8309702E+3,6.5055237E+1
11244910,29/9/2021,5:36:51 AM,-3.9471954E+1,4.5352302E+0,3.8345413E+3,6.5055237E+1
11244911,29/9/2021,5:36:51 AM,-3.6200356E+1,6.3275323E+0,3.8327556E+3,6.5055237E+1
11244912,29/9/2021,5:36:51 AM,-3.2795769E+1,6.7582297E+0,3.8345413E+3,6.5055237E+1
11244913,29/9/2021,5:36:51 AM,-2.7396303E+1,6.2956285E+0,3.8345413E+3,6.5055237E+1
11244914,29/9/2021,5:36:51 AM,-2.2582001E+1,4.2005920E+0,3.8327556E+3,6.5055237E+1
11244915,29/9/2021,5:36:51 AM,-1.6625746E+1,1.7868726E+0,3.8345413E+3,6.5077324E+1
11244916,29/9/2021,5:36:52 AM,-9.7191811E+0,-6.3803327E-1,3.8327556E+3,6.5077324E+1
11244917,29/9/2021,5:36:52 AM,-4.6775789E+0,-3.9764321E+0,3.8345413E+3,6.5055237E+1
11244918,29/9/2021,5:36:52 AM,-1.5435895E-1,-6.1494040E+0,3.8327556E+3,6.5077324E+1
11244919,29/9/2021,5:36:52 AM,3.1223474E+0,-7.7711668E+0,3.8354341E+3,6.5077324E+1
11244920,29/9/2021,5:36:52 AM,3.9146202E+0,-9.5870085E+0,3.8336484E+3,6.5077324E+1
11244921,29/9/2021,5:36:52 AM,6.6513510E+0,-1.3003345E+1,3.8345413E+3,6.5077324E+1
11244922,29/9/2021,5:36:52 AM,7.5774884E+0,-1.5021242E+1,3.8345413E+3,6.5077324E+1
11244923,29/9/2021,5:36:52 AM,6.7118654E+0,-1.7243855E+1,3.8327556E+3,6.5077324E+1
11244924,29/9/2021,5:36:52 AM,5.4094844E+0,-1.9968946E+1,3.8327556E+3,6.5077324E+1
11244925,29/9/2021,5:36:52 AM,3.0526276E+0,-2.2926006E+1,3.8309702E+3,6.5077324E+1
11244926,29/9/2021,5:36:53 AM,4.2085533E+0,-2.5613695E+1,3.8336484E+3,6.5077324E+1
11244927,29/9/2021,5:36:53 AM,2.9044724E+0,-2.7898233E+1,3.8318628E+3,6.5077324E+1
11244928,29/9/2021,5:36:53 AM,1.2589215E+0,-3.2655449E+1,3.8273987E+3,6.5077324E+1
11244929,29/9/2021,5:36:53 AM,4.4487047E-1,-3.5208755E+1,3.8291846E+3,6.5077324E+1
11244930,29/9/2021,5:36:53 AM,-1.7572613E+0,-3.7600800E+1,3.8273987E+3,6.5077324E+1
11244931,29/9/2021,5:36:53 AM,-2.3609731E+0,-3.9535938E+1,3.8282915E+3,6.5077324E+1
11244932,29/9/2021,5:36:53 AM,-3.7189288E+0,-4.0637890E+1,3.8282915E+3,6.5077324E+1
11244933,29/9/2021,5:36:53 AM,-6.8065844E+0,-4.1632336E+1,3.8256133E+3,6.5077324E+1
11244934,29/9/2021,5:36:53 AM,-8.3589163E+0,-4.1578583E+1,3.8273987E+3,6.5099426E+1
11244935,29/9/2021,5:36:53 AM,-1.1881922E+1,-4.0234737E+1,3.8265059E+3,6.5077324E+1
11244936,29/9/2021,5:36:54 AM,-1.5962716E+1,-3.7896442E+1,3.8273987E+3,6.5099426E+1
11244937,29/9/2021,5:36:54 AM,-1.9048964E+1,-3.4348690E+1,3.8300774E+3,6.5077324E+1
11244938,29/9/2021,5:36:54 AM,-2.4098106E+1,-3.1822264E+1,3.8273987E+3,6.5099426E+1
11244939,29/9/2021,5:36:54 AM,-2.8593227E+1,-2.9215204E+1,3.8291846E+3,6.5099426E+1
11244940,29/9/2021,5:36:54 AM,-3.2370197E+1,-2.6903788E+1,3.8273987E+3,6.5099426E+1
11244941,29/9/2021,5:36:54 AM,-3.6492939E+1,-2.3194775E+1,3.8291846E+3,6.5077324E+1
11244942,29/9/2021,5:36:54 AM,-3.9844334E+1,-2.0345821E+1,3.8291846E+3,6.5099426E+1
11244943,29/9/2021,5:36:54 AM,-4.1440231E+1,-1.9806770E+1,3.8273987E+3,6.5099426E+1
11244944,29/9/2021,5:36:54 AM,-4.2716953E+1,-1.8341867E+1,3.8282915E+3,6.5099426E+1
11244945,29/9/2021,5:36:54 AM,-4.3541504E+1,-1.7156118E+1,3.8273987E+3,6.5077324E+1
11244946,29/9/2021,5:36:55 AM,-4.2025398E+1,-1.5486501E+1,3.8300774E+3,6.5077324E+1
11244947,29/9/2021,5:36:55 AM,-3.9950726E+1,-1.3747760E+1,3.8309702E+3,6.5099426E+1
11244948,29/9/2021,5:36:55 AM,-3.9471954E+1,-1.3513802E+1,3.8291846E+3,6.5099426E+1
11244949,29/9/2021,5:36:55 AM,-3.7184498E+1,-1.3553679E+1,3.8273987E+3,6.5077324E+1
11244950,29/9/2021,5:36:55 AM,-3.4923637E+1,-1.2896999E+1,3.8291846E+3,6.5077324E+1
11244951,29/9/2021,5:36:55 AM,-3.2715973E+1,-1.1264603E+1,3.8309702E+3,6.5077324E+1
11244952,29/9/2021,5:36:55 AM,-2.8806015E+1,-1.0150638E+1,3.8327556E+3,6.5077324E+1
11244953,29/9/2021,5:36:55 AM,-2.7422901E+1,-1.0012389E+1,3.8291846E+3,6.5099426E+1
11244954,29/9/2021,5:36:55 AM,-2.5002451E+1,-9.2068253E+0,3.8309702E+3,6.5099426E+1
11244955,29/9/2021,5:36:55 AM,-2.2369215E+1,-8.3587227E+0,3.8309702E+3,6.5099426E+1
11244956,29/9/2021,5:36:56 AM,-1.8399088E+1,-7.9306836E+0,3.8327556E+3,6.5077324E+1
11244957,29/9/2021,5:36:56 AM,-1.5186549E+1,-6.8512816E+0,3.8345413E+3,6.5077324E+1
11244958,29/9/2021,5:36:56 AM,-1.1797728E+1,-8.5421677E+0,3.8327556E+3,6.5099426E+1
11244959,29/9/2021,5:36:56 AM,-7.5406532E+0,-9.9087029E+0,3.8327556E+3,6.5099426E+1
11244960,29/9/2021,5:36:56 AM,-4.0017700E+0,-1.0865808E+1,3.8318628E+3,6.5099426E+1
11244961,29/9/2021,5:36:56 AM,-2.5911197E-1,-1.2500864E+1,3.8345413E+3,6.5099426E+1
11244962,29/9/2021,5:36:56 AM,4.8510866E+0,-1.3899302E+1,3.8327556E+3,6.5099426E+1
11244963,29/9/2021,5:36:56 AM,7.2933326E+0,-1.5906565E+1,3.8327556E+3,6.5099426E+1
11244964,29/9/2021,5:36:56 AM,9.0877237E+0,-1.7001919E+1,3.8327556E+3,6.5099426E+1
11244965,29/9/2021,5:36:56 AM,1.0605852E+1,-1.7578842E+1,3.8336484E+3,6.5099426E+1
11244966,29/9/2021,5:36:57 AM,9.7139187E+0,-1.7834068E+1,3.8327556E+3,6.5099426E+1
11244967,29/9/2021,5:36:57 AM,9.3113642E+0,-1.8256792E+1,3.8327556E+3,6.5099426E+1
11244968,29/9/2021,5:36:57 AM,7.3143806E+0,-1.8227547E+1,3.8327556E+3,6.5099426E+1
11244969,29/9/2021,5:36:57 AM,3.4218264E+0,-1.8275400E+1,3.8309702E+3,6.5099426E+1
11244970,29/9/2021,5:36:57 AM,1.9584986E+0,-1.8655584E+1,3.8327556E+3,6.5099426E+1
11244971,29/9/2021,5:36:57 AM,-5.3194475E-1,-1.8525312E+1,3.8327556E+3,6.5099426E+1
11244972,29/9/2021,5:36:57 AM,-2.7539406E+0,-1.8812443E+1,3.8318628E+3,6.5099426E+1
11244973,29/9/2021,5:36:57 AM,-5.3668566E+0,-2.0069975E+1,3.8309702E+3,6.5099426E+1
11244974,29/9/2021,5:36:57 AM,-5.4880743E+0,-2.1179005E+1,3.8318628E+3,6.5099426E+1
11244975,29/9/2021,5:36:57 AM,-7.1538854E+0,-2.2254082E+1,3.8318628E+3,6.5099426E+1
11244976,29/9/2021,5:36:58 AM,-9.6349869E+0,-2.3974205E+1,3.8309702E+3,6.5099426E+1
11244977,29/9/2021,5:36:58 AM,-1.1242572E+1,-2.6016851E+1,3.8300774E+3,5.5113022E+1
11244978,29/9/2021,5:36:58 AM,-1.3855226E+1,-2.7790726E+1,3.8291846E+3,2.8092285E+1
11244979,29/9/2021,5:36:58 AM,-1.7199320E+1,-2.8623911E+1,3.8291846E+3,1.7398876E+1
11244980,29/9/2021,5:36:58 AM,-1.9498877E+1,-2.9833370E+1,3.8309702E+3,2.1309486E+1
11244981,29/9/2021,5:36:58 AM,-2.5029049E+1,-3.0317158E+1,3.8273987E+3,2.3121178E+1
11244982,29/9/2021,5:36:58 AM,-2.8619825E+1,-3.0774063E+1,3.8291846E+3,2.2016487E+1
11244983,29/9/2021,5:36:58 AM,-3.5003429E+1,-3.0370911E+1,3.8247205E+3,2.1729267E+1
11244984,29/9/2021,5:36:58 AM,-4.0828468E+1,-2.9806494E+1,3.8256133E+3,2.1972301E+1
11244985,29/9/2021,5:36:58 AM,-4.4765026E+1,-2.8193880E+1,3.8273987E+3,2.1994392E+1
11244986,29/9/2021,5:36:59 AM,-4.8781380E+1,-2.6930664E+1,3.8256133E+3,2.1950207E+1
11244987,29/9/2021,5:36:59 AM,-5.2079575E+1,-2.5237419E+1,3.8265059E+3,2.1928112E+1
11244988,29/9/2021,5:36:59 AM,-5.3515888E+1,-2.4538620E+1,3.8247205E+3,2.1928112E+1
11244989,29/9/2021,5:36:59 AM,-5.3914860E+1,-2.2630360E+1,3.8256133E+3,2.1928112E+1
11244990,29/9/2021,5:36:59 AM,-5.0590065E+1,-2.0176319E+1,3.8291846E+3,2.1928112E+1
11244991,29/9/2021,5:36:59 AM,-4.7398266E+1,-1.9144773E+1,3.8282915E+3,2.1906017E+1
11244992,29/9/2021,5:36:59 AM,-4.2690353E+1,-1.9554201E+1,3.8273987E+3,2.1906017E+1
11244993,29/9/2021,5:36:59 AM,-3.8514412E+1,-1.8395041E+1,3.8291846E+3,2.1883923E+1
11244994,29/9/2021,5:36:59 AM,-3.3141544E+1,-1.7927122E+1,3.8291846E+3,2.1883923E+1
11244995,29/9/2021,5:36:59 AM,-2.6997328E+1,-1.7060410E+1,3.8327556E+3,2.1861832E+1
11244996,29/9/2021,5:37:00 AM,-2.4044910E+1,-1.6919502E+1,3.8291846E+3,2.1861832E+1
11244997,29/9/2021,5:37:00 AM,-2.2954378E+1,-1.6230919E+1,3.8291846E+3,2.1839737E+1
11244998,29/9/2021,5:37:00 AM,-2.0560526E+1,-1.5188735E+1,3.8309702E+3,2.1839737E+1
11244999,29/9/2021,5:37:00 AM,-1.8367516E+1,-1.3590900E+1,3.8318628E+3,2.1817642E+1
11245000,29/9/2021,5:37:00 AM,-1.5739074E+1,-1.2192463E+1,3.8327556E+3,2.1817642E+1
11245001,29/9/2021,5:37:00 AM,-1.3902586E+1,-1.1953186E+1,3.8327556E+3,2.1795547E+1
11245002,29/9/2021,5:37:00 AM,-1.1845087E+1,-1.2623160E+1,3.8309702E+3,2.1795547E+1
11245003,29/9/2021,5:37:00 AM,-1.0098055E+1,-1.2543402E+1,3.8309702E+3,2.1773457E+1
11245004,29/9/2021,5:37:00 AM,-6.3987679E+0,-1.4247581E+1,3.8327556E+3,2.1773457E+1
11245005,29/9/2021,5:37:00 AM,-2.1346393E-1,-1.6350555E+1,3.8327556E+3,2.1795547E+1
11245006,29/9/2021,5:37:01 AM,4.6609411E+0,-1.8073345E+1,3.8345413E+3,2.1839737E+1
11245007,29/9/2021,5:37:01 AM,8.3036642E+0,-2.0990868E+1,3.8318628E+3,2.1839737E+1
11245008,29/9/2021,5:37:01 AM,1.2447602E+1,-2.4135466E+1,3.8318628E+3,2.1861832E+1
11245009,29/9/2021,5:37:01 AM,1.5936404E+1,-2.6204988E+1,3.8309702E+3,2.1861832E+1
11245010,29/9/2021,5:37:01 AM,1.8493807E+1,-2.6957541E+1,3.8336484E+3,2.1883923E+1
11245011,29/9/2021,5:37:01 AM,2.0322403E+1,-2.7871355E+1,3.8327556E+3,2.1906017E+1
11245012,29/9/2021,5:37:01 AM,1.8312263E+1,-2.8220758E+1,3.8318628E+3,2.1906017E+1
11245013,29/9/2021,5:37:01 AM,1.4520887E+1,-2.9000187E+1,3.8309702E+3,2.1906017E+1
11245014,29/9/2021,5:37:01 AM,1.0313804E+1,-2.8086374E+1,3.8309702E+3,2.1928112E+1
11245015,29/9/2021,5:37:01 AM,3.8052864E+0,-2.6070604E+1,3.8309702E+3,2.1928112E+1
11245016,29/9/2021,5:37:02 AM,-2.3570118E+0,-2.3705435E+1,3.8327556E+3,2.1950207E+1
11245017,29/9/2021,5:37:02 AM,-7.8011289E+0,-2.2334713E+1,3.8309702E+3,2.1950207E+1
11245018,29/9/2021,5:37:02 AM,-1.6465250E+1,-2.1205883E+1,3.8265059E+3,2.1950207E+1
11245019,29/9/2021,5:37:02 AM,-2.1305281E+1,-1.9189968E+1,3.8291846E+3,2.1950207E+1
11245020,29/9/2021,5:37:02 AM,-2.4204500E+1,-1.6281431E+1,3.8291846E+3,2.1950207E+1
11245021,29/9/2021,5:37:02 AM,-2.7635687E+1,-1.4433686E+1,3.8291846E+3,2.1972301E+1
11245022,29/9/2021,5:37:02 AM,-2.9125196E+1,-1.2737482E+1,3.8309702E+3,2.1972301E+1
11245023,29/9/2021,5:37:02 AM,-3.0162533E+1,-1.2474277E+1,3.8273987E+3,2.2016487E+1
11245024,29/9/2021,5:37:02 AM,-3.1146671E+1,-1.0953543E+1,3.8291846E+3,2.2016487E+1
11245025,29/9/2021,5:37:02 AM,-3.0242327E+1,-9.0154047E+0,3.8309702E+3,2.2060677E+1
11245026,29/9/2021,5:37:03 AM,-2.9072001E+1,-7.1517062E+0,3.8327556E+3,2.2104862E+1
11245027,29/9/2021,5:37:03 AM,-3.0135935E+1,-6.6891055E+0,3.8309702E+3,2.2082767E+1
11245028,29/9/2021,5:37:03 AM,-3.1253065E+1,-6.0457177E+0,3.8318628E+3,2.2060677E+1
11245029,29/9/2021,5:37:03 AM,-3.2449989E+1,-4.5888686E+0,3.8327556E+3,2.2060677E+1
11245030,29/9/2021,5:37:03 AM,-3.3912899E+1,-4.0404778E+0,3.8309702E+3,2.2060677E+1
11245031,29/9/2021,5:37:03 AM,-3.3912899E+1,-3.2038820E+0,3.8345413E+3,2.2060677E+1
11245032,29/9/2021,5:37:03 AM,-3.4764046E+1,-3.9316001E+0,3.8309702E+3,2.2060677E+1
11245033,29/9/2021,5:37:03 AM,-3.6200356E+1,-6.5136361E+0,3.8291846E+3,2.2016487E+1
11245034,29/9/2021,5:37:03 AM,-3.4976833E+1,-7.2447586E+0,3.8309702E+3,2.1994392E+1
11245035,29/9/2021,5:37:03 AM,-3.4604458E+1,-8.0769091E+0,3.8309702E+3,2.2016487E+1
11245036,29/9/2021,5:37:04 AM,-3.1253065E+1,-1.0453721E+1,3.8300774E+3,2.1994392E+1
11245037,29/9/2021,5:37:04 AM,-2.6332369E+1,-1.3585585E+1,3.8309702E+3,2.1994392E+1
11245038,29/9/2021,5:37:04 AM,-2.1730854E+1,-1.6605785E+1,3.8291846E+3,2.1994392E+1
11245039,29/9/2021,5:37:04 AM,-1.6617853E+1,-1.8674196E+1,3.8309702E+3,2.1994392E+1
11245040,29/9/2021,5:37:04 AM,-1.0182249E+1,-2.1877806E+1,3.8291846E+3,2.1972301E+1
11245041,29/9/2021,5:37:04 AM,-4.3432398E+0,-2.3436666E+1,3.8327556E+3,2.1950207E+1
11245042,29/9/2021,5:37:04 AM,8.7074287E-2,-2.6070604E+1,3.8309702E+3,2.1950207E+1
11245043,29/9/2021,5:37:04 AM,4.6498494E+0,-2.9618357E+1,3.8309702E+3,2.1928112E+1
11245044,29/9/2021,5:37:04 AM,7.9826727E+0,-3.0800940E+1,3.8309702E+3,2.1928112E+1
11245045,29/9/2021,5:37:04 AM,8.5720329E+0,-3.2521065E+1,3.8309702E+3,2.1950207E+1
11245046,29/9/2021,5:37:05 AM,8.9298592E+0,-3.3031723E+1,3.8327556E+3,2.1950207E+1
11245047,29/9/2021,5:37:05 AM,7.8958483E+0,-3.5101246E+1,3.8291846E+3,2.1950207E+1
11245048,29/9/2021,5:37:05 AM,6.5303211E+0,-3.7090137E+1,3.8291846E+3,2.1950207E+1
11245049,29/9/2021,5:37:05 AM,5.8567667E+0,-3.7170769E+1,3.8291846E+3,2.1950207E+1
11245050,29/9/2021,5:37:05 AM,3.1492846E+0,-3.6794491E+1,3.8282915E+3,2.1950207E+1
11245051,29/9/2021,5:37:05 AM,2.2243524E-1,-3.5719414E+1,3.8291846E+3,2.1928112E+1
11245052,29/9/2021,5:37:05 AM,-9.1480774E-1,-3.5611908E+1,3.8273987E+3,2.1928112E+1
11245053,29/9/2021,5:37:05 AM,-2.2825382E+0,-3.4160553E+1,3.8291846E+3,2.1906017E+1
11245054,29/9/2021,5:37:05 AM,-2.9353709E+0,-3.2279171E+1,3.8291846E+3,2.1883923E+1
11245055,29/9/2021,5:37:05 AM,-2.8799119E+0,-3.1150339E+1,3.8291846E+3,2.1861832E+1
11245056,29/9/2021,5:37:06 AM,-4.2663894E+0,-2.8973309E+1,3.8318628E+3,2.1817642E+1
11245057,29/9/2021,5:37:06 AM,-5.6778541E+0,-2.7710094E+1,3.8300774E+3,2.1795547E+1
11245058,29/9/2021,5:37:06 AM,-6.9276128E+0,-2.6016851E+1,3.8309702E+3,2.1751362E+1
11245059,29/9/2021,5:37:06 AM,-9.7454910E+0,-2.2603481E+1,3.8309702E+3,2.1707172E+1
11245060,29/9/2021,5:37:06 AM,-1.4528781E+1,-1.9123503E+1,3.8327556E+3,2.1685081E+1
11245061,29/9/2021,5:37:06 AM,-2.1012699E+1,-1.5943786E+1,3.8300774E+3,2.1662987E+1
11245062,29/9/2021,5:37:06 AM,-2.7768679E+1,-1.2920927E+1,3.8318628E+3,2.1662987E+1
11245063,29/9/2021,5:37:06 AM,-3.5109825E+1,-8.2364254E+0,3.8309702E+3,2.1618797E+1
11245064,29/9/2021,5:37:06 AM,-4.2663757E+1,-5.0620050E+0,3.8327556E+3,2.1596706E+1
11245065,29/9/2021,5:37:06 AM,-4.8887772E+1,-3.2335031E+0,3.8300774E+3,2.1596706E+1
11245066,29/9/2021,5:37:07 AM,-5.4420227E+1,-1.4176443E+0,3.8309702E+3,2.1574612E+1
11245067,29/9/2021,5:37:07 AM,-5.9500511E+1,-1.1296895E+0,3.8291846E+3,2.1552517E+1
11245068,29/9/2021,5:37:07 AM,-6.1229404E+1,-1.8253001E+0,3.8291846E+3,2.1552517E+1
11245069,29/9/2021,5:37:07 AM,-6.2319942E+1,-2.8412237E+0,3.8291846E+3,2.1552517E+1
11245070,29/9/2021,5:37:07 AM,-6.1442192E+1,-6.1121831E+0,3.8291846E+3,2.1574612E+1
11245071,29/9/2021,5:37:07 AM,-5.9739895E+1,-9.1137733E+0,3.8282915E+3,2.1596706E+1
11245072,29/9/2021,5:37:07 AM,-5.7585430E+1,-1.3540387E+1,3.8256133E+3,2.1596706E+1
11245073,29/9/2021,5:37:07 AM,-5.4074451E+1,-1.6454243E+1,3.8273987E+3,2.1618797E+1
11245074,29/9/2021,5:37:07 AM,-4.9845314E+1,-1.7371468E+1,3.8291846E+3,2.1618797E+1
11245075,29/9/2021,5:37:07 AM,-4.7238674E+1,-1.8480116E+1,3.8291846E+3,2.1640892E+1
11245076,29/9/2021,5:37:08 AM,-4.3381912E+1,-2.0641468E+1,3.8291846E+3,2.1729267E+1
11245077,29/9/2021,5:37:08 AM,-4.2051994E+1,-2.3490421E+1,3.8256133E+3,2.1729267E+1
11245078,29/9/2021,5:37:08 AM,-4.0323101E+1,-2.5103035E+1,3.8273987E+3,2.1773457E+1
11245079,29/9/2021,5:37:08 AM,-3.6492939E+1,-2.5909344E+1,3.8318628E+3,2.1795547E+1
11245080,29/9/2021,5:37:08 AM,-3.3673515E+1,-2.8785172E+1,3.8273987E+3,2.1839737E+1
11245081,29/9/2021,5:37:08 AM,-3.0667900E+1,-3.1929771E+1,3.8273987E+3,2.1906017E+1
11245082,29/9/2021,5:37:08 AM,-2.5614214E+1,-3.5154999E+1,3.8256133E+3,2.1906017E+1
11245083,29/9/2021,5:37:08 AM,-2.2103231E+1,-3.8165215E+1,3.8247205E+3,2.1906017E+1
11245084,29/9/2021,5:37:08 AM,-1.4994480E+1,-4.0100349E+1,3.8291846E+3,2.1928112E+1
11245085,29/9/2021,5:37:08 AM,-7.6853619E+0,-4.2008614E+1,3.8256133E+3,2.1950207E+1
11245086,29/9/2021,5:37:09 AM,-1.2251089E+0,-4.4266273E+1,3.8273987E+3,2.1972301E+1
11245087,29/9/2021,5:37:09 AM,6.7855353E+0,-4.6497055E+1,3.8247205E+3,2.1994392E+1
11245088,29/9/2021,5:37:09 AM,1.2718603E+1,-4.6013271E+1,3.8273987E+3,2.1950207E+1
11245089,29/9/2021,5:37:09 AM,1.8885836E+1,-4.3755611E+1,3.8309702E+3,2.1950207E+1
11245090,29/9/2021,5:37:09 AM,2.4763065E+1,-4.1847351E+1,3.8291846E+3,2.1950207E+1
11245091,29/9/2021,5:37:09 AM,2.8752817E+1,-4.0154102E+1,3.8318628E+3,2.1928112E+1
11245092,29/9/2021,5:37:09 AM,3.2636177E+1,-3.6283829E+1,3.8318628E+3,2.1928112E+1
11245093,29/9/2021,5:37:09 AM,3.3035152E+1,-3.3112354E+1,3.8309702E+3,2.1950207E+1
11245094,29/9/2021,5:37:09 AM,3.2662777E+1,-2.7925110E+1,3.8336484E+3,2.1972301E+1
11245095,29/9/2021,5:37:09 AM,3.1066877E+1,-2.1474651E+1,3.8345413E+3,2.1950207E+1
11245096,29/9/2021,5:37:10 AM,2.8034664E+1,-1.6278772E+1,3.8363269E+3,2.1950207E+1
11245097,29/9/2021,5:37:10 AM,2.5986591E+1,-1.1299165E+1,3.8363269E+3,2.1972301E+1
11245098,29/9/2021,5:37:10 AM,2.0693518E+1,-6.7263260E+0,3.8309702E+3,2.1972301E+1
11245099,29/9/2021,5:37:10 AM,1.6678368E+1,-2.0926905E+0,3.8363269E+3,2.1972301E+1
11245100,29/9/2021,5:37:10 AM,1.2992235E+1,3.0261552E+0,3.8327556E+3,2.1972301E+1
11245101,29/9/2021,5:37:10 AM,8.3852272E+0,6.9549680E+0,3.8363269E+3,2.1994392E+1
11245102,29/9/2021,5:37:10 AM,5.3410769E+0,1.1179526E+1,3.8381123E+3,2.1994392E+1
11245103,29/9/2021,5:37:10 AM,9.2775154E-1,1.3247937E+1,3.8345413E+3,2.2016487E+1
11245104,29/9/2021,5:37:10 AM,-1.5726143E+0,1.6233576E+1,3.8390051E+3,2.2038582E+1
11245105,29/9/2021,5:37:10 AM,-4.8835697E+0,1.9695108E+1,3.8372195E+3,2.2038582E+1
11245106,29/9/2021,5:37:11 AM,-9.4876471E+0,2.1125252E+1,3.8363269E+3,2.2038582E+1
11245107,29/9/2021,5:37:11 AM,-1.2076622E+1,2.3221651E+1,3.8398979E+3,2.2038582E+1
11245108,29/9/2021,5:37:11 AM,-1.5791697E+1,2.3302282E+1,3.8381123E+3,2.2060677E+1
11245109,29/9/2021,5:37:11 AM,-1.8359621E+1,2.1797176E+1,3.8381123E+3,2.2060677E+1
11245110,29/9/2021,5:37:11 AM,-2.2635199E+1,1.9386707E+1,3.8345413E+3,2.2060677E+1
11245111,29/9/2021,5:37:11 AM,-2.6864336E+1,1.6087353E+1,3.8363269E+3,2.2060677E+1
11245112,29/9/2021,5:37:11 AM,-3.0375319E+1,1.3351624E+1,3.8363269E+3,2.2060677E+1
11245113,29/9/2021,5:37:11 AM,-3.3673515E+1,7.2580514E+0,3.8309702E+3,2.2060677E+1
11245114,29/9/2021,5:37:11 AM,-3.5375809E+1,1.7588527E+0,3.8345413E+3,2.2060677E+1
11245115,29/9/2021,5:37:11 AM,-3.8727203E+1,-4.0444808E+0,3.8273987E+3,2.2060677E+1
11245116,29/9/2021,5:37:12 AM,-4.0855072E+1,-1.0482966E+1,3.8291846E+3,2.2060677E+1
11245117,29/9/2021,5:37:12 AM,-4.2583961E+1,-1.5143539E+1,3.8273987E+3,2.2060677E+1
11245118,29/9/2021,5:37:12 AM,-4.3142529E+1,-2.1125252E+1,3.8256133E+3,2.2038582E+1
11245119,29/9/2021,5:37:12 AM,-4.2796749E+1,-2.6097481E+1,3.8282915E+3,2.2038582E+1
11245120,29/9/2021,5:37:12 AM,-4.3169128E+1,-3.1177216E+1,3.8256133E+3,2.2016487E+1
11245121,29/9/2021,5:37:12 AM,-4.2264782E+1,-3.5101246E+1,3.8256133E+3,2.1994392E+1
11245122,29/9/2021,5:37:12 AM,-4.1972202E+1,-3.8998398E+1,3.8247205E+3,2.1972301E+1
11245123,29/9/2021,5:37:12 AM,-4.0748676E+1,-4.2492397E+1,3.8247205E+3,2.1972301E+1
11245124,29/9/2021,5:37:12 AM,-3.7610073E+1,-4.5502609E+1,3.8265059E+3,2.1928112E+1
11245125,29/9/2021,5:37:12 AM,-3.6758923E+1,-4.9050365E+1,3.8238276E+3,2.1928112E+1
11245126,29/9/2021,5:37:13 AM,-3.2875565E+1,-5.2571239E+1,3.8247205E+3,2.1906017E+1
11245127,29/9/2021,5:37:13 AM,-3.0082737E+1,-5.5017036E+1,3.8247205E+3,2.1883923E+1
11245128,29/9/2021,5:37:13 AM,-2.6412163E+1,-5.8296017E+1,3.8220420E+3,2.1883923E+1
11245129,29/9/2021,5:37:13 AM,-2.1677658E+1,-6.0311787E+1,3.8256133E+3,2.1861832E+1
11245130,29/9/2021,5:37:13 AM,-1.8704292E+1,-6.2139416E+1,3.8220420E+3,2.1861832E+1
11245131,29/9/2021,5:37:13 AM,-1.5147083E+1,-6.2327557E+1,3.8256133E+3,2.1817642E+1
11245132,29/9/2021,5:37:13 AM,-1.3276391E+1,-6.1144974E+1,3.8220420E+3,2.1817642E+1
11245133,29/9/2021,5:37:13 AM,-1.1721427E+1,-5.8322895E+1,3.8256133E+3,2.1817642E+1
11245134,29/9/2021,5:37:13 AM,-1.1429378E+1,-5.4076347E+1,3.8265059E+3,2.1795547E+1
11245135,29/9/2021,5:37:13 AM,-1.1105756E+1,-5.1227390E+1,3.8256133E+3,2.1773457E+1
11245136,29/9/2021,5:37:14 AM,-1.0450619E+1,-4.6738949E+1,3.8273987E+3,2.1729267E+1
11245137,29/9/2021,5:37:14 AM,-1.1282038E+1,-4.0826027E+1,3.8291846E+3,2.1729267E+1
11245138,29/9/2021,5:37:14 AM,-1.3805237E+1,-3.5934433E+1,3.8273987E+3,2.1729267E+1
11245139,29/9/2021,5:37:14 AM,-1.5186549E+1,-3.1499741E+1,3.8282915E+3,2.1707172E+1
11245140,29/9/2021,5:37:14 AM,-1.6181095E+1,-2.5963097E+1,3.8318628E+3,2.1707172E+1
11245141,29/9/2021,5:37:14 AM,-1.6046909E+1,-2.1125252E+1,3.8309702E+3,2.1707172E+1
11245142,29/9/2021,5:37:14 AM,-1.7017775E+1,-1.7445910E+1,3.8318628E+3,2.1685081E+1
11245143,29/9/2021,5:37:14 AM,-1.8554321E+1,-1.3987037E+1,3.8309702E+3,2.1685081E+1
11245144,29/9/2021,5:37:14 AM,-2.0032984E+1,-1.1272578E+1,3.8309702E+3,2.1685081E+1
11245145,29/9/2021,5:37:14 AM,-2.1119093E+1,-8.2816229E+0,3.8318628E+3,2.1685081E+1
11245146,29/9/2021,5:37:15 AM,-2.1996838E+1,-5.7612448E+0,3.8327556E+3,2.1662987E+1
11245147,29/9/2021,5:37:15 AM,-2.3326756E+1,-3.0261552E+0,3.8345413E+3,2.1662987E+1
11245148,29/9/2021,5:37:15 AM,-2.5268435E+1,-1.1360884E+0,3.8318628E+3,2.1662987E+1
11245149,29/9/2021,5:37:15 AM,-2.7954868E+1,1.6155506E+0,3.8345413E+3,2.1685081E+1
11245150,29/9/2021,5:37:15 AM,-3.0933882E+1,3.3183632E+0,3.8318628E+3,2.1662987E+1
11245151,29/9/2021,5:37:15 AM,-3.1013678E+1,4.0236659E+0,3.8345413E+3,2.1662987E+1
11245152,29/9/2021,5:37:15 AM,-3.3168144E+1,5.8144169E+0,3.8336484E+3,2.1662987E+1
11245153,29/9/2021,5:37:15 AM,-3.4285275E+1,5.7904892E+0,3.8327556E+3,2.1685081E+1
11245154,29/9/2021,5:37:15 AM,-3.5109825E+1,6.0536933E+0,3.8345413E+3,2.1707172E+1
11245155,29/9/2021,5:37:15 AM,-3.5934376E+1,4.7737999E+0,3.8309702E+3,2.1707172E+1
11245156,29/9/2021,5:37:16 AM,-3.4152283E+1,3.2935457E+0,3.8327556E+3,2.1751362E+1
11245157,29/9/2021,5:37:16 AM,-3.3008553E+1,1.4017984E+0,3.8309702E+3,2.1751362E+1
11245158,29/9/2021,5:37:16 AM,-3.0774292E+1,-2.0358500E+0,3.8309702E+3,2.1751362E+1
11245159,29/9/2021,5:37:16 AM,-2.7130320E+1,-4.6713266E+0,3.8309702E+3,2.1751362E+1
11245160,29/9/2021,5:37:16 AM,-2.4523682E+1,-8.0742502E+0,3.8309702E+3,2.1751362E+1
11245161,29/9/2021,5:37:16 AM,-1.9693575E+1,-1.0828588E+1,3.8309702E+3,2.1729267E+1
11245162,29/9/2021,5:37:16 AM,-1.5194442E+1,-1.3277184E+1,3.8291846E+3,2.1729267E+1
11245163,29/9/2021,5:37:16 AM,-1.1902971E+1,-1.5954421E+1,3.8309702E+3,2.1729267E+1
11245164,29/9/2021,5:37:16 AM,-5.8620291E+0,-1.8083981E+1,3.8309702E+3,2.1729267E+1
11245165,29/9/2021,5:37:16 AM,-1.6119298E+0,-2.0330521E+1,3.8318628E+3,2.1751362E+1
11245166,29/9/2021,5:37:17 AM,2.1969726E+0,-2.3382912E+1,3.8309702E+3,2.1773457E+1
11245167,29/9/2021,5:37:17 AM,7.6274786E+0,-2.4968651E+1,3.8309702E+3,2.1795547E+1
11245168,29/9/2021,5:37:17 AM,1.0579542E+1,-2.5613695E+1,3.8345413E+3,2.1795547E+1
11245169,29/9/2021,5:37:17 AM,1.3992042E+1,-2.7145681E+1,3.8327556E+3,2.1817642E+1
11245170,29/9/2021,5:37:17 AM,1.7778154E+1,-3.0478418E+1,3.8291846E+3,2.1817642E+1
11245171,29/9/2021,5:37:17 AM,1.8898993E+1,-3.1849140E+1,3.8309702E+3,2.1861832E+1
11245172,29/9/2021,5:37:17 AM,2.0986101E+1,-3.3354244E+1,3.8309702E+3,2.1883923E+1
11245173,29/9/2021,5:37:17 AM,2.0640322E+1,-3.4509953E+1,3.8291846E+3,2.1906017E+1
11245174,29/9/2021,5:37:17 AM,1.9451517E+1,-3.3354244E+1,3.8327556E+3,2.1972301E+1
11245175,29/9/2021,5:37:17 AM,1.7799204E+1,-3.3354244E+1,3.8291846E+3,2.1972301E+1
11245176,29/9/2021,5:37:18 AM,1.5207598E+1,-3.3730526E+1,3.8282915E+3,2.1928112E+1
11245177,29/9/2021,5:37:18 AM,1.2597574E+1,-3.1123463E+1,3.8309702E+3,2.1928112E+1
11245178,29/9/2021,5:37:18 AM,7.8747993E+0,-2.7817602E+1,3.8309702E+3,2.1950207E+1
11245179,29/9/2021,5:37:18 AM,5.5331450E+0,-2.6204988E+1,3.8309702E+3,2.1972301E+1
11245180,29/9/2021,5:37:18 AM,2.2144027E+0,-2.3624805E+1,3.8318628E+3,2.1972301E+1
11245181,29/9/2021,5:37:18 AM,-2.1121993E+0,-2.1501530E+1,3.8309702E+3,2.1972301E+1
11245182,29/9/2021,5:37:18 AM,-3.7426970E+0,-1.9415953E+1,3.8327556E+3,2.1994392E+1
11245183,29/9/2021,5:37:18 AM,-8.8719749E+0,-1.6919502E+1,3.8300774E+3,2.1972301E+1
11245184,29/9/2021,5:37:18 AM,-1.2605468E+1,-1.3396821E+1,3.8327556E+3,2.1950207E+1
11245185,29/9/2021,5:37:18 AM,-1.6746775E+1,-1.1006716E+1,3.8318628E+3,2.1950207E+1
11245186,29/9/2021,5:37:19 AM,-2.1863846E+1,-9.8847752E+0,3.8309702E+3,2.1972301E+1
11245187,29/9/2021,5:37:19 AM,-2.6146181E+1,-7.4946690E+0,3.8345413E+3,2.1972301E+1
11245188,29/9/2021,5:37:19 AM,-3.2051014E+1,-6.9443340E+0,3.8273987E+3,2.1972301E+1
11245189,29/9/2021,5:37:19 AM,-3.6679131E+1,-5.4206610E+0,3.8327556E+3,2.1950207E+1
11245190,29/9/2021,5:37:19 AM,-4.1546627E+1,-2.8732464E+0,3.8309702E+3,2.1950207E+1
11245191,29/9/2021,5:37:19 AM,-4.6706707E+1,-3.7546740E+0,3.8291846E+3,2.1950207E+1
11245192,29/9/2021,5:37:19 AM,-4.9605927E+1,-4.2374177E+0,3.8300774E+3,2.1928112E+1
11245193,29/9/2021,5:37:19 AM,-5.4553219E+1,-4.6801333E+0,3.8282915E+3,2.1950207E+1
11245194,29/9/2021,5:37:19 AM,-5.5457561E+1,-5.4158573E+0,3.8309702E+3,2.1972301E+1
11245195,29/9/2021,5:37:19 AM,-5.7266251E+1,-6.5614910E+0,3.8282915E+3,2.1972301E+1
11245196,29/9/2021,5:37:20 AM,-5.6707687E+1,-9.7279158E+0,3.8273987E+3,2.1950207E+1
11245197,29/9/2021,5:37:20 AM,-5.5218178E+1,-1.1094450E+1,3.8291846E+3,2.1950207E+1
11245198,29/9/2021,5:37:20 AM,-5.4553219E+1,-1.3428724E+1,3.8273987E+3,2.1950207E+1
11245199,29/9/2021,5:37:20 AM,-5.1919983E+1,-1.5489160E+1,3.8273987E+3,2.1994392E+1
11245200,29/9/2021,5:37:20 AM,-4.8249409E+1,-1.7834068E+1,3.8282915E+3,2.1994392E+1
11245201,29/9/2021,5:37:20 AM,-4.2637157E+1,-2.0480206E+1,3.8291846E+3,2.2016487E+1
11245202,29/9/2021,5:37:20 AM,-3.6732327E+1,-2.1716543E+1,3.8291846E+3,2.2038582E+1
11245203,29/9/2021,5:37:20 AM,-3.3620319E+1,-2.5318050E+1,3.8273987E+3,2.2038582E+1
11245204,29/9/2021,5:37:20 AM,-2.8380442E+1,-2.7091928E+1,3.8291846E+3,2.2060677E+1
11245205,29/9/2021,5:37:20 AM,-2.5188639E+1,-2.9080816E+1,3.8273987E+3,2.2060677E+1
11245206,29/9/2021,5:37:21 AM,-2.0241346E+1,-3.1284723E+1,3.8291846E+3,2.2060677E+1
11245207,29/9/2021,5:37:21 AM,-1.4473529E+1,-3.3649895E+1,3.8282915E+3,2.2060677E+1
11245208,29/9/2021,5:37:21 AM,-1.1447795E+1,-3.5235630E+1,3.8273987E+3,2.2060677E+1
11245209,29/9/2021,5:37:21 AM,-7.2801766E+0,-3.6041939E+1,3.8291846E+3,2.2060677E+1
11245210,29/9/2021,5:37:21 AM,-3.5953343E+0,-3.6230076E+1,3.8282915E+3,2.2060677E+1
11245211,29/9/2021,5:37:21 AM,-1.6510967E+0,-3.6606354E+1,3.8282915E+3,2.2038582E+1
11245212,29/9/2021,5:37:21 AM,3.7625039E+0,-3.6230076E+1,3.8309702E+3,2.2016487E+1
11245213,29/9/2021,5:37:21 AM,8.2615671E+0,-3.6579475E+1,3.8291846E+3,2.1994392E+1
11245214,29/9/2021,5:37:21 AM,1.1147853E+1,-3.5558151E+1,3.8291846E+3,2.1972301E+1
11245215,29/9/2021,5:37:21 AM,1.4144645E+1,-3.3515507E+1,3.8309702E+3,2.1950207E+1
11245216,29/9/2021,5:37:22 AM,1.6825706E+1,-3.2225414E+1,3.8309702E+3,2.1928112E+1
11245217,29/9/2021,5:37:22 AM,1.9451517E+1,-3.0451542E+1,3.8327556E+3,2.1883923E+1
11245218,29/9/2021,5:37:22 AM,2.3220362E+1,-2.9107693E+1,3.8327556E+3,2.1883923E+1
11245219,29/9/2021,5:37:22 AM,2.4417288E+1,-2.7656342E+1,3.8327556E+3,2.1883923E+1
11245220,29/9/2021,5:37:22 AM,2.5295033E+1,-2.5801834E+1,3.8345413E+3,2.1861832E+1
11245221,29/9/2021,5:37:22 AM,2.3433147E+1,-2.3114143E+1,3.8345413E+3,2.1839737E+1
11245222,29/9/2021,5:37:22 AM,2.1970238E+1,-2.2442221E+1,3.8327556E+3,2.1795547E+1
11245223,29/9/2021,5:37:22 AM,1.9614643E+1,-2.1555283E+1,3.8327556E+3,2.1817642E+1
11245224,29/9/2021,5:37:22 AM,1.5689084E+1,-1.9806770E+1,3.8327556E+3,2.1839737E+1
11245225,29/9/2021,5:37:22 AM,1.1500417E+1,-1.6611101E+1,3.8345413E+3,2.1839737E+1
11245226,29/9/2021,5:37:23 AM,6.1567087E+0,-1.3200083E+1,3.8354341E+3,2.1795547E+1
11245227,29/9/2021,5:37:23 AM,-1.6216925E+0,-1.2048898E+1,3.8318628E+3,2.1751362E+1
11245228,29/9/2021,5:37:23 AM,-7.4012060E+0,-1.0711608E+1,3.8309702E+3,2.1751362E+1
11245229,29/9/2021,5:37:23 AM,-1.3242187E+1,-7.5824041E+0,3.8336484E+3,2.1707172E+1
11245230,29/9/2021,5:37:23 AM,-1.9706732E+1,-4.6841359E+0,3.8336484E+3,2.1707172E+1
11245231,29/9/2021,5:37:23 AM,-2.6279171E+1,-2.9645114E+0,3.8327556E+3,2.1685081E+1
11245232,29/9/2021,5:37:23 AM,-3.3540524E+1,-2.1519327E+0,3.8327556E+3,2.1662987E+1
11245233,29/9/2021,5:37:23 AM,-4.0030521E+1,-2.2856278E+0,3.8309702E+3,2.1640892E+1
11245234,29/9/2021,5:37:23 AM,-4.4206463E+1,-2.9989359E+0,3.8309702E+3,2.1640892E+1
11245235,29/9/2021,5:37:23 AM,-4.8196213E+1,-3.4584632E+0,3.8309702E+3,2.1640892E+1
11245236,29/9/2021,5:37:24 AM,-5.3063709E+1,-3.5056965E+0,3.8309702E+3,2.1618797E+1
11245237,29/9/2021,5:37:24 AM,-5.8755760E+1,-5.1340566E+0,3.8291846E+3,2.1618797E+1
11245238,29/9/2021,5:37:24 AM,-6.4208420E+1,-8.2444019E+0,3.8273987E+3,2.1640892E+1
11245239,29/9/2021,5:37:24 AM,-6.9288712E+1,-9.4753456E+0,3.8273987E+3,2.1640892E+1
11245240,29/9/2021,5:37:24 AM,-7.3783829E+1,-1.0286228E+1,3.8256133E+3,2.1640892E+1
11245241,29/9/2021,5:37:24 AM,-7.6656448E+1,-1.2285515E+1,3.8265059E+3,2.1640892E+1
11245242,29/9/2021,5:37:24 AM,-7.8571533E+1,-1.3928546E+1,3.8265059E+3,2.1662987E+1
11245243,29/9/2021,5:37:24 AM,-8.1204765E+1,-1.5571578E+1,3.8238276E+3,2.1685081E+1
11245244,29/9/2021,5:37:24 AM,-8.1550545E+1,-1.7616062E+1,3.8238276E+3,2.1707172E+1
11245245,29/9/2021,5:37:24 AM,-7.8518333E+1,-1.8945375E+1,3.8265059E+3,2.1707172E+1
11245246,29/9/2021,5:37:25 AM,-7.2294319E+1,-2.0802729E+1,3.8273987E+3,2.1751362E+1
11245247,29/9/2021,5:37:25 AM,-6.7187439E+1,-2.3490421E+1,3.8256133E+3,2.1817642E+1
11245248,29/9/2021,5:37:25 AM,-6.2692318E+1,-2.6527512E+1,3.8238276E+3,2.1817642E+1
11245249,29/9/2021,5:37:25 AM,-5.3835068E+1,-2.9564602E+1,3.8256133E+3,2.1861832E+1
11245250,29/9/2021,5:37:25 AM,-4.3541504E+1,-3.3569260E+1,3.8256133E+3,2.1883923E+1
11245251,29/9/2021,5:37:25 AM,-3.3008553E+1,-3.6230076E+1,3.8256133E+3,2.1883923E+1
11245252,29/9/2021,5:37:25 AM,-2.2794788E+1,-3.9159660E+1,3.8273987E+3,2.1883923E+1
11245253,29/9/2021,5:37:25 AM,-1.3392158E+1,-4.2411766E+1,3.8256133E+3,2.1883923E+1
11245254,29/9/2021,5:37:25 AM,-4.4969411E+0,-4.2976181E+1,3.8282915E+3,2.1861832E+1
11245255,29/9/2021,5:37:25 AM,5.4326148E+0,-4.4561916E+1,3.8273987E+3,2.1861832E+1
11245256,29/9/2021,5:37:26 AM,1.6412628E+1,-4.5448856E+1,3.8291846E+3,2.1861832E+1
11245257,29/9/2021,5:37:26 AM,2.4151304E+1,-4.4266273E+1,3.8309702E+3,2.1839737E+1
11245258,29/9/2021,5:37:26 AM,2.9524170E+1,-4.2492397E+1,3.8291846E+3,2.1861832E+1
11245259,29/9/2021,5:37:26 AM,3.6147160E+1,-4.0369122E+1,3.8354341E+3,2.1883923E+1
11245260,29/9/2021,5:37:26 AM,4.3142529E+1,-3.9213413E+1,3.8327556E+3,2.1883923E+1
11245261,29/9/2021,5:37:26 AM,4.8728184E+1,-3.8353352E+1,3.8336484E+3,2.1883923E+1
11245262,29/9/2021,5:37:26 AM,5.3063709E+1,-3.6902000E+1,3.8345413E+3,2.1906017E+1
11245263,29/9/2021,5:37:26 AM,5.6415104E+1,-3.4671215E+1,3.8345413E+3,2.1906017E+1
11245264,29/9/2021,5:37:26 AM,5.7000267E+1,-3.1419111E+1,3.8354341E+3,2.1928112E+1
11245265,29/9/2021,5:37:26 AM,5.6175720E+1,-2.8435772E+1,3.8345413E+3,2.1928112E+1
11245266,29/9/2021,5:37:27 AM,5.4526623E+1,-2.5318050E+1,3.8345413E+3,2.1928112E+1
11245267,29/9/2021,5:37:27 AM,5.1095432E+1,-2.2146574E+1,3.8327556E+3,2.1950207E+1
11245268,29/9/2021,5:37:27 AM,4.5456585E+1,-1.7031164E+1,3.8345413E+3,2.1950207E+1
11245269,29/9/2021,5:37:27 AM,3.8009045E+1,-1.1299165E+1,3.8354341E+3,2.1972301E+1
11245270,29/9/2021,5:37:27 AM,2.7928270E+1,-5.5884337E+0,3.8327556E+3,2.1972301E+1
11245271,29/9/2021,5:37:27 AM,2.0146120E+1,1.0575533E+0,3.8381123E+3,2.1972301E+1
11245272,29/9/2021,5:37:27 AM,1.3615798E+1,5.9127865E+0,3.8363269E+3,2.1994392E+1
11245273,29/9/2021,5:37:27 AM,5.7778349E+0,1.0615897E+1,3.8354341E+3,2.2016487E+1
11245274,29/9/2021,5:37:27 AM,-4.6038980E+0,1.6345238E+1,3.8363269E+3,2.2038582E+1
11245275,29/9/2021,5:37:27 AM,-1.2692292E+1,2.1179005E+1,3.8398979E+3,2.2060677E+1
11245276,29/9/2021,5:37:28 AM,-1.9548868E+1,2.4780512E+1,3.8407908E+3,2.2038582E+1
11245277,29/9/2021,5:37:28 AM,-2.5534416E+1,2.5667450E+1,3.8381123E+3,2.2038582E+1
11245278,29/9/2021,5:37:28 AM,-3.2210606E+1,2.5022404E+1,3.8381123E+3,2.2038582E+1
11245279,29/9/2021,5:37:28 AM,-3.8115440E+1,2.2791620E+1,3.8363269E+3,2.2016487E+1
11245280,29/9/2021,5:37:28 AM,-4.5961952E+1,1.9817406E+1,3.8327556E+3,2.2016487E+1
11245281,29/9/2021,5:37:28 AM,-5.1840191E+1,1.5975689E+1,3.8327556E+3,2.2016487E+1
11245282,29/9/2021,5:37:28 AM,-5.5271374E+1,1.1570344E+1,3.8327556E+3,2.2060677E+1
11245283,29/9/2021,5:37:28 AM,-5.8915352E+1,6.4471703E+0,3.8291846E+3,2.2060677E+1
11245284,29/9/2021,5:37:28 AM,-6.2798710E+1,4.4553012E-1,3.8256133E+3,2.2016487E+1
11245285,29/9/2021,5:37:28 AM,-6.6442680E+1,-3.5897567E+0,3.8273987E+3,2.1994392E+1
11245286,29/9/2021,5:37:29 AM,-6.9208916E+1,-6.7236676E+0,3.8273987E+3,2.1994392E+1
11245287,29/9/2021,5:37:29 AM,-6.8730148E+1,-1.1283213E+1,3.8256133E+3,2.1972301E+1
11245288,29/9/2021,5:37:29 AM,-6.5804321E+1,-1.5882637E+1,3.8273987E+3,2.1950207E+1
11245289,29/9/2021,5:37:29 AM,-6.4979774E+1,-2.0394327E+1,3.8247205E+3,2.1839737E+1
11245290,29/9/2021,5:37:29 AM,-6.2346539E+1,-2.4538620E+1,3.8256133E+3,2.1773457E+1
11245291,29/9/2021,5:37:29 AM,-5.8622768E+1,-2.7038174E+1,3.8273987E+3,2.1795547E+1
11245292,29/9/2021,5:37:29 AM,-5.5005390E+1,-2.9483973E+1,3.8273987E+3,2.1817642E+1
11245293,29/9/2021,5:37:29 AM,-4.8887772E+1,-3.3730526E+1,3.8256133E+3,2.1795547E+1
11245294,29/9/2021,5:37:29 AM,-4.3248920E+1,-3.7708305E+1,3.8273987E+3,2.1795547E+1
11245295,29/9/2021,5:37:29 AM,-3.8700603E+1,-4.1014164E+1,3.8265059E+3,2.1773457E+1
11245296,29/9/2021,5:37:30 AM,-3.4817242E+1,-4.3863121E+1,3.8273987E+3,2.1773457E+1
11245297,29/9/2021,5:37:30 AM,-3.0481712E+1,-4.7491501E+1,3.8273987E+3,2.1751362E+1
11245298,29/9/2021,5:37:30 AM,-2.5561016E+1,-5.1845566E+1,3.8256133E+3,2.1773457E+1
11245299,29/9/2021,5:37:30 AM,-2.1331879E+1,-5.6307133E+1,3.8256133E+3,2.1817642E+1
11245300,29/9/2021,5:37:30 AM,-1.8422768E+1,-6.0446171E+1,3.8220420E+3,2.1839737E+1
11245301,29/9/2021,5:37:30 AM,-1.5381248E+1,-6.3348881E+1,3.8238276E+3,2.1839737E+1
11245302,29/9/2021,5:37:30 AM,-1.2131874E+1,-6.5848434E+1,3.8220420E+3,2.1883923E+1
11245303,29/9/2021,5:37:30 AM,-9.9954433E+0,-6.7246033E+1,3.8220420E+3,2.1883923E+1
11245304,29/9/2021,5:37:30 AM,-6.7697492E+0,-6.8106094E+1,3.8202566E+3,2.1883923E+1
11245305,29/9/2021,5:37:30 AM,-5.5699797E+0,-6.5955940E+1,3.8229348E+3,2.1883923E+1
11245306,29/9/2021,5:37:31 AM,-3.0550041E+0,-6.1924404E+1,3.8256133E+3,2.1883923E+1
11245307,29/9/2021,5:37:31 AM,-1.1609905E+0,-5.7892864E+1,3.8238276E+3,2.1906017E+1
11245308,29/9/2021,5:37:31 AM,7.2535521E-1,-5.3646313E+1,3.8273987E+3,2.1906017E+1
11245309,29/9/2021,5:37:31 AM,4.7750282E+0,-4.9319134E+1,3.8282915E+3,2.1928112E+1
11245310,29/9/2021,5:37:31 AM,5.8725533E+0,-4.4481285E+1,3.8282915E+3,2.1950207E+1
11245311,29/9/2021,5:37:31 AM,6.0725145E+0,-3.8729630E+1,3.8309702E+3,2.1928112E+1
11245312,29/9/2021,5:37:31 AM,7.1644096E+0,-3.3649895E+1,3.8318628E+3,2.1883923E+1
11245313,29/9/2021,5:37:31 AM,6.7881665E+0,-2.9537725E+1,3.8309702E+3,2.1883923E+1
11245314,29/9/2021,5:37:31 AM,8.4299555E+0,-2.5076159E+1,3.8327556E+3,2.1906017E+1
11245315,29/9/2021,5:37:31 AM,6.8092146E+0,-1.9955654E+1,3.8327556E+3,2.1906017E+1
11245316,29/9/2021,5:37:32 AM,4.1221957E+0,-1.4742085E+1,3.8327556E+3,2.1883923E+1
11245317,29/9/2021,5:37:32 AM,1.2914047E+0,-9.2227764E+0,3.8345413E+3,2.1861832E+1
11245318,29/9/2021,5:37:32 AM,-1.5966258E+0,-4.6056805E+0,3.8327556E+3,2.1861832E+1
11245319,29/9/2021,5:37:32 AM,-5.0642085E+0,6.4336574E-1,3.8336484E+3,2.1861832E+1
11245320,29/9/2021,5:37:32 AM,-9.1061411E+0,5.5831165E+0,3.8318628E+3,2.1839737E+1
11245321,29/9/2021,5:37:32 AM,-1.4326188E+1,1.2806605E+1,3.8354341E+3,2.1839737E+1
11245322,29/9/2021,5:37:32 AM,-1.9556759E+1,1.9402658E+1,3.8354341E+3,2.1839737E+1
11245323,29/9/2021,5:37:32 AM,-2.2874582E+1,2.4484865E+1,3.8363269E+3,2.1817642E+1
11245324,29/9/2021,5:37:32 AM,-2.5268435E+1,2.9000187E+1,3.8363269E+3,2.1751362E+1
11245325,29/9/2021,5:37:32 AM,-2.7555893E+1,3.2467308E+1,3.8363269E+3,2.1729267E+1
11245326,29/9/2021,5:37:33 AM,-2.8593227E+1,3.6149445E+1,3.8398979E+3,2.1707172E+1
11245327,29/9/2021,5:37:33 AM,-2.9417778E+1,3.7654552E+1,3.8398979E+3,2.1685081E+1
11245328,29/9/2021,5:37:33 AM,-2.9736958E+1,3.8514614E+1,3.8416836E+3,2.1662987E+1
11245329,29/9/2021,5:37:33 AM,-2.9444376E+1,3.5558151E+1,3.8390051E+3,2.1662987E+1
11245330,29/9/2021,5:37:33 AM,-2.7077124E+1,3.0048386E+1,3.8363269E+3,2.1640892E+1
11245331,29/9/2021,5:37:33 AM,-2.4044910E+1,2.6231865E+1,3.8398979E+3,2.1640892E+1
11245332,29/9/2021,5:37:33 AM,-2.3965115E+1,2.1447775E+1,3.8354341E+3,2.1662987E+1
11245333,29/9/2021,5:37:33 AM,-2.1597862E+1,1.5071756E+1,3.8363269E+3,2.1662987E+1
11245334,29/9/2021,5:37:33 AM,-1.9193672E+1,8.0822258E+0,3.8345413E+3,2.1685081E+1
11245335,29/9/2021,5:37:33 AM,-1.7412436E+1,-2.7835634E-1,3.8309702E+3,2.1707172E+1
11245336,29/9/2021,5:37:34 AM,-1.4857664E+1,-6.6970811E+0,3.8327556E+3,2.1707172E+1
11245337,29/9/2021,5:37:34 AM,-1.5039209E+1,-1.3125641E+1,3.8309702E+3,2.1773457E+1
11245338,29/9/2021,5:37:34 AM,-1.6231085E+1,-1.8073345E+1,3.8309702E+3,2.1773457E+1
11245339,29/9/2021,5:37:34 AM,-1.4239364E+1,-2.4807388E+1,3.8291846E+3,2.1795547E+1
11245340,29/9/2021,5:37:34 AM,-1.3697362E+1,-3.2010403E+1,3.8256133E+3,2.1817642E+1
11245341,29/9/2021,5:37:34 AM,-1.1837194E+1,-3.7520168E+1,3.8282915E+3,2.1839737E+1
11245342,29/9/2021,5:37:34 AM,-1.0200666E+1,-4.3459965E+1,3.8265059E+3,2.1883923E+1
11245343,29/9/2021,5:37:34 AM,-1.0077007E+1,-4.8136547E+1,3.8273987E+3,2.1906017E+1
11245344,29/9/2021,5:37:34 AM,-7.1407304E+0,-5.4479500E+1,3.8256133E+3,2.1906017E+1
11245345,29/9/2021,5:37:34 AM,-2.9528010E+0,-6.1790020E+1,3.8247205E+3,2.1928112E+1
11245346,29/9/2021,5:37:35 AM,-1.8417530E-1,-6.7810448E+1,3.8220420E+3,2.1928112E+1
11245347,29/9/2021,5:37:35 AM,3.5565131E+0,-7.2191383E+1,3.8238276E+3,2.1972301E+1
11245348,29/9/2021,5:37:35 AM,4.7536373E+0,-7.4260910E+1,3.8247205E+3,2.1994392E+1
11245349,29/9/2021,5:37:35 AM,5.5463004E+0,-7.6357307E+1,3.8220420E+3,2.2016487E+1
11245350,29/9/2021,5:37:35 AM,7.0881090E+0,-7.8211815E+1,3.8229348E+3,2.2038582E+1
11245351,29/9/2021,5:37:35 AM,5.8725533E+0,-7.7271118E+1,3.8202566E+3,2.2038582E+1
11245352,29/9/2021,5:37:35 AM,2.8783274E+0,-7.2567657E+1,3.8247205E+3,2.2038582E+1
11245353,29/9/2021,5:37:35 AM,-1.6303999E+0,-6.5714050E+1,3.8256133E+3,2.2060677E+1
11245354,29/9/2021,5:37:35 AM,-7.3117495E+0,-6.0311787E+1,3.8238276E+3,2.2060677E+1
11245355,29/9/2021,5:37:35 AM,-1.0592697E+1,-5.4345116E+1,3.8247205E+3,2.2082767E+1
11245356,29/9/2021,5:37:36 AM,-1.6449463E+1,-4.6389549E+1,3.8256133E+3,2.2060677E+1
11245357,29/9/2021,5:37:36 AM,-2.2209625E+1,-3.7627674E+1,3.8273987E+3,2.2060677E+1
11245358,29/9/2021,5:37:36 AM,-2.8034664E+1,-2.9107693E+1,3.8282915E+3,2.2060677E+1
11245359,29/9/2021,5:37:36 AM,-3.4072487E+1,-2.2307837E+1,3.8256133E+3,2.2060677E+1
11245360,29/9/2021,5:37:36 AM,-3.7503674E+1,-1.4617130E+1,3.8300774E+3,2.2038582E+1
11245361,29/9/2021,5:37:36 AM,-4.0269905E+1,-7.7392631E+0,3.8291846E+3,2.2016487E+1
11245362,29/9/2021,5:37:36 AM,-4.3647896E+1,-2.6395857E-1,3.8291846E+3,2.1994392E+1
11245363,29/9/2021,5:37:36 AM,-4.7823837E+1,8.5235577E+0,3.8327556E+3,2.1994392E+1
11245364,29/9/2021,5:37:36 AM,-4.9871910E+1,1.4566617E+1,3.8327556E+3,2.1972301E+1
11245365,29/9/2021,5:37:36 AM,-4.9339943E+1,2.0802729E+1,3.8363269E+3,2.1950207E+1
11245366,29/9/2021,5:37:37 AM,-4.9339943E+1,2.6016851E+1,3.8363269E+3,2.1950207E+1
11245367,29/9/2021,5:37:37 AM,-4.7877033E+1,2.9860249E+1,3.8381123E+3,2.1906017E+1
11245368,29/9/2021,5:37:37 AM,-4.7424862E+1,3.4133678E+1,3.8390051E+3,2.1906017E+1
11245369,29/9/2021,5:37:37 AM,-4.5855560E+1,3.4268063E+1,3.8381123E+3,2.1906017E+1
11245370,29/9/2021,5:37:37 AM,-4.0988064E+1,3.3408001E+1,3.8398979E+3,2.1883923E+1
11245371,29/9/2021,5:37:37 AM,-3.6812119E+1,2.9618357E+1,3.8372195E+3,2.1839737E+1
11245372,29/9/2021,5:37:37 AM,-3.1306261E+1,2.3786066E+1,3.8363269E+3,2.1773457E+1
11245373,29/9/2021,5:37:37 AM,-2.7023926E+1,1.8740662E+1,3.8354341E+3,2.1751362E+1
11245374,29/9/2021,5:37:37 AM,-2.2635199E+1,1.2070166E+1,3.8345413E+3,2.1773457E+1
11245375,29/9/2021,5:37:37 AM,-1.5991657E+1,5.5990682E+0,3.8354341E+3,2.1751362E+1
11245376,29/9/2021,5:37:38 AM,-1.1189950E+1,-2.3016393E+0,3.8291846E+3,2.1751362E+1
11245377,29/9/2021,5:37:38 AM,-7.5222359E+0,-9.1377001E+0,3.8327556E+3,2.1729267E+1
11245378,29/9/2021,5:37:38 AM,-4.0841670E+0,-1.5393450E+1,3.8282915E+3,2.1729267E+1
11245379,29/9/2021,5:37:38 AM,-9.9502158E-1,-2.0109854E+1,3.8318628E+3,2.1773457E+1
11245380,29/9/2021,5:37:38 AM,1.9156343E-1,-2.2200329E+1,3.8327556E+3,2.1795547E+1
11245381,29/9/2021,5:37:38 AM,1.0378774E+0,-2.7065050E+1,3.8309702E+3,2.1795547E+1
11245382,29/9/2021,5:37:38 AM,3.7846875E+0,-3.1526617E+1,3.8327556E+3,2.1817642E+1
11245383,29/9/2021,5:37:38 AM,5.7541547E+0,-3.6498844E+1,3.8273987E+3,2.1817642E+1
11245384,29/9/2021,5:37:38 AM,8.8824997E+0,-4.0906658E+1,3.8327556E+3,2.1839737E+1
11245385,29/9/2021,5:37:38 AM,1.0479561E+1,-4.4454411E+1,3.8309702E+3,2.1883923E+1
11245386,29/9/2021,5:37:39 AM,1.1945067E+1,-5.0421085E+1,3.8291846E+3,2.1861832E+1
11245387,29/9/2021,5:37:39 AM,1.4602451E+1,-5.5984604E+1,3.8291846E+3,2.1861832E+1
11245388,29/9/2021,5:37:39 AM,1.5441763E+1,-6.1816895E+1,3.8229348E+3,2.1861832E+1
11245389,29/9/2021,5:37:39 AM,1.6396843E+1,-6.6224709E+1,3.8256133E+3,2.1839737E+1
11245390,29/9/2021,5:37:39 AM,1.6249502E+1,-6.8374863E+1,3.8220420E+3,2.1839737E+1
11245391,29/9/2021,5:37:39 AM,1.2789642E+1,-6.8186722E+1,3.8238276E+3,2.1839737E+1
11245392,29/9/2021,5:37:39 AM,7.6669445E+0,-6.5364647E+1,3.8220420E+3,2.1839737E+1
11245393,29/9/2021,5:37:39 AM,3.4036043E+0,-6.1548126E+1,3.8238276E+3,2.1839737E+1
11245394,29/9/2021,5:37:39 AM,-2.3490889E+0,-5.5070789E+1,3.8256133E+3,2.1817642E+1
11245395,29/9/2021,5:37:39 AM,-9.7902203E+0,-4.7787148E+1,3.8238276E+3,2.1817642E+1
11245396,29/9/2021,5:37:40 AM,-1.8001797E+1,-3.9294044E+1,3.8273987E+3,2.1817642E+1
11245397,29/9/2021,5:37:40 AM,-2.6704746E+1,-2.9295834E+1,3.8291846E+3,2.1795547E+1
11245398,29/9/2021,5:37:40 AM,-3.4338474E+1,-2.1205883E+1,3.8291846E+3,2.1795547E+1
11245399,29/9/2021,5:37:40 AM,-3.9046383E+1,-1.4742085E+1,3.8309702E+3,2.1795547E+1
11245400,29/9/2021,5:37:40 AM,-4.3036137E+1,-9.4115391E+0,3.8309702E+3,2.1795547E+1
11245401,29/9/2021,5:37:40 AM,-4.6201336E+1,-4.2398195E+0,3.8309702E+3,2.1795547E+1
11245402,29/9/2021,5:37:40 AM,-4.8089821E+1,1.1838143E-1,3.8327556E+3,2.1817642E+1
11245403,29/9/2021,5:37:40 AM,-5.0164494E+1,3.3655970E+0,3.8327556E+3,2.1817642E+1
11245404,29/9/2021,5:37:40 AM,-4.9738918E+1,4.3935289E+0,3.8318628E+3,2.1795547E+1
11245405,29/9/2021,5:37:40 AM,-4.7744041E+1,4.5832644E+0,3.8318628E+3,2.1773457E+1
11245406,29/9/2021,5:37:41 AM,-4.6360928E+1,5.1436634E+0,3.8309702E+3,2.1795547E+1
11245407,29/9/2021,5:37:41 AM,-4.5669373E+1,6.0217900E+0,3.8318628E+3,2.1795547E+1
11245408,29/9/2021,5:37:41 AM,-4.3993675E+1,5.7904892E+0,3.8309702E+3,2.1795547E+1
11245409,29/9/2021,5:37:41 AM,-4.2583961E+1,6.4710975E+0,3.8318628E+3,2.1773457E+1
11245410,29/9/2021,5:37:41 AM,-4.0801872E+1,6.4312186E+0,3.8318628E+3,2.1751362E+1
11245411,29/9/2021,5:37:41 AM,-3.6147160E+1,5.3758287E+0,3.8327556E+3,2.1751362E+1
11245412,29/9/2021,5:37:41 AM,-3.4258675E+1,5.0908256E+0,3.8327556E+3,2.1795547E+1
11245413,29/9/2021,5:37:41 AM,-3.2689373E+1,3.9924436E+0,3.8318628E+3,2.1795547E+1
11245414,29/9/2021,5:37:41 AM,-2.8433638E+1,2.4441407E+0,3.8327556E+3,2.1817642E+1
11245415,29/9/2021,5:37:41 AM,-2.3725731E+1,-1.9196989E-1,3.8309702E+3,2.1817642E+1
11245416,29/9/2021,5:37:42 AM,-1.7933390E+1,-2.9236822E+0,3.8345413E+3,2.1839737E+1
11245417,29/9/2021,5:37:42 AM,-1.2600205E+1,-5.6560283E+0,3.8336484E+3,2.1861832E+1
11245418,29/9/2021,5:37:42 AM,-9.5271120E+0,-8.9250107E+0,3.8318628E+3,2.1861832E+1
11245419,29/9/2021,5:37:42 AM,-4.5872598E+0,-1.1408168E+1,3.8345413E+3,2.1861832E+1
11245420,29/9/2021,5:37:42 AM,-1.6859566E+0,-1.4835138E+1,3.8327556E+3,2.1883923E+1
11245421,29/9/2021,5:37:42 AM,1.0854138E+0,-1.8551899E+1,3.8327556E+3,2.1883923E+1
11245422,29/9/2021,5:37:42 AM,3.3251693E+0,-2.1179005E+1,3.8327556E+3,2.1883923E+1
11245423,29/9/2021,5:37:42 AM,2.8292065E+0,-2.3920450E+1,3.8327556E+3,2.1883923E+1
11245424,29/9/2021,5:37:42 AM,3.4440103E+0,-2.7280066E+1,3.8309702E+3,2.1883923E+1
11245425,29/9/2021,5:37:42 AM,3.2396040E+0,-3.0290281E+1,3.8309702E+3,2.1883923E+1
11245426,29/9/2021,5:37:43 AM,3.5905805E+0,-3.4805603E+1,3.8291846E+3,2.1906017E+1
11245427,29/9/2021,5:37:43 AM,4.6435113E+0,-3.8003952E+1,3.8291846E+3,2.1928112E+1
11245428,29/9/2021,5:37:43 AM,3.6064262E+0,-4.0879780E+1,3.8265059E+3,2.1950207E+1
11245429,29/9/2021,5:37:43 AM,3.4440103E+0,-4.2035488E+1,3.8282915E+3,2.1972301E+1
11245430,29/9/2021,5:37:43 AM,5.2226629E+0,-4.4078133E+1,3.8273987E+3,2.2016487E+1
11245431,29/9/2021,5:37:43 AM,6.6092534E+0,-4.5287594E+1,3.8256133E+3,2.2016487E+1
11245432,29/9/2021,5:37:43 AM,6.6592436E+0,-4.4965073E+1,3.8273987E+3,2.2016487E+1
11245433,29/9/2021,5:37:43 AM,6.9907594E+0,-4.3782490E+1,3.8273987E+3,2.2038582E+1
11245434,29/9/2021,5:37:43 AM,5.4594750E+0,-3.9939091E+1,3.8291846E+3,2.2016487E+1
11245435,29/9/2021,5:37:43 AM,3.2166281E+0,-3.6176323E+1,3.8309702E+3,2.2016487E+1
11245436,29/9/2021,5:37:44 AM,2.4877367E+0,-3.3488628E+1,3.8291846E+3,2.2016487E+1
11245437,29/9/2021,5:37:44 AM,2.6676396E-1,-2.9887125E+1,3.8291846E+3,2.1972301E+1
11245438,29/9/2021,5:37:44 AM,-2.9250715E+0,-2.6097481E+1,3.8309702E+3,2.1950207E+1
11245439,29/9/2021,5:37:44 AM,-6.1225052E+0,-2.1098375E+1,3.8345413E+3,2.1950207E+1
11245440,29/9/2021,5:37:44 AM,-1.0674260E+1,-1.7871290E+1,3.8318628E+3,2.1950207E+1
11245441,29/9/2021,5:37:44 AM,-1.3326381E+1,-1.6401070E+1,3.8309702E+3,2.1928112E+1
11245442,29/9/2021,5:37:44 AM,-1.4797150E+1,-1.4664987E+1,3.8327556E+3,2.1861832E+1
11245443,29/9/2021,5:37:44 AM,-1.7199320E+1,-1.3208059E+1,3.8309702E+3,2.1839737E+1
11245444,29/9/2021,5:37:44 AM,-2.0321140E+1,-1.0916322E+1,3.8327556E+3,2.1817642E+1
11245445,29/9/2021,5:37:44 AM,-2.2129829E+1,-1.0198493E+1,3.8309702E+3,2.1773457E+1
11245446,29/9/2021,5:37:45 AM,-2.5108845E+1,-9.5896673E+0,3.8309702E+3,2.1773457E+1
11245447,29/9/2021,5:37:45 AM,-2.5534416E+1,-1.0036316E+1,3.8291846E+3,2.1751362E+1
11245448,29/9/2021,5:37:45 AM,-2.5667412E+1,-9.9592161E+0,3.8309702E+3,2.1751362E+1
11245449,29/9/2021,5:37:45 AM,-2.8300648E+1,-8.3613815E+0,3.8309702E+3,2.1729267E+1
11245450,29/9/2021,5:37:45 AM,-3.0694498E+1,-7.0373855E+0,3.8309702E+3,2.1729267E+1
11245451,29/9/2021,5:37:45 AM,-3.3194744E+1,-5.4831052E+0,3.8318628E+3,2.1729267E+1
11245452,29/9/2021,5:37:45 AM,-3.6200356E+1,-4.7049508E+0,3.8300774E+3,2.1751362E+1
11245453,29/9/2021,5:37:45 AM,-3.7876053E+1,-4.4511704E+0,3.8318628E+3,2.1751362E+1
11245454,29/9/2021,5:37:45 AM,-3.9924129E+1,-3.2335031E+0,3.8327556E+3,2.1751362E+1
11245455,29/9/2021,5:37:45 AM,-4.3674496E+1,-2.9821239E+0,3.8309702E+3,2.1751362E+1
11245456,29/9/2021,5:37:46 AM,-4.6174740E+1,-4.6649222E+0,3.8318628E+3,2.1751362E+1
11245457,29/9/2021,5:37:46 AM,-4.6547119E+1,-8.1221046E+0,3.8291846E+3,2.1795547E+1
11245458,29/9/2021,5:37:46 AM,-4.6493919E+1,-1.1761765E+1,3.8273987E+3,2.1795547E+1
11245459,29/9/2021,5:37:46 AM,-4.5376789E+1,-1.3636097E+1,3.8309702E+3,2.1795547E+1
11245460,29/9/2021,5:37:46 AM,-4.4339455E+1,-1.6791887E+1,3.8291846E+3,2.1817642E+1
11245461,29/9/2021,5:37:46 AM,-4.4871418E+1,-2.0937115E+1,3.8256133E+3,2.1795547E+1
11245462,29/9/2021,5:37:46 AM,-4.2078594E+1,-2.4968651E+1,3.8273987E+3,2.1817642E+1
11245463,29/9/2021,5:37:46 AM,-3.9312363E+1,-2.7978863E+1,3.8238276E+3,2.1817642E+1
11245464,29/9/2021,5:37:46 AM,-3.7290890E+1,-2.9188328E+1,3.8282915E+3,2.1839737E+1
11245465,29/9/2021,5:37:46 AM,-3.4684254E+1,-3.0639679E+1,3.8265059E+3,2.1883923E+1
11245466,29/9/2021,5:37:47 AM,-3.2742573E+1,-3.1069708E+1,3.8273987E+3,2.1883923E+1
11245467,29/9/2021,5:37:47 AM,-3.1652039E+1,-3.0639679E+1,3.8273987E+3,2.1906017E+1
11245468,29/9/2021,5:37:47 AM,-2.7635687E+1,-3.2091030E+1,3.8256133E+3,2.1906017E+1
11245469,29/9/2021,5:37:47 AM,-2.3885321E+1,-3.1795385E+1,3.8291846E+3,2.1928112E+1
11245470,29/9/2021,5:37:47 AM,-2.0188148E+1,-3.1687880E+1,3.8273987E+3,2.1972301E+1
11245471,29/9/2021,5:37:47 AM,-1.8938457E+1,-3.1634125E+1,3.8291846E+3,2.1972301E+1
11245472,29/9/2021,5:37:47 AM,-1.5928512E+1,-3.1822264E+1,3.8273987E+3,2.1972301E+1
11245473,29/9/2021,5:37:47 AM,-1.2542321E+1,-3.2117908E+1,3.8291846E+3,2.1972301E+1
11245474,29/9/2021,5:37:47 AM,-7.9853039E+0,-3.2655449E+1,3.8291846E+3,2.1928112E+1
11245475,29/9/2021,5:37:47 AM,-2.6810515E+0,-3.2816708E+1,3.8309702E+3,2.1906017E+1
11245476,29/9/2021,5:37:48 AM,2.5990355E-1,-3.3031723E+1,3.8282915E+3,2.1906017E+1
11245477,29/9/2021,5:37:48 AM,1.2470375E+0,-3.2521065E+1,3.8291846E+3,2.1883923E+1
11245478,29/9/2021,5:37:48 AM,5.5857663E+0,-3.1284723E+1,3.8318628E+3,2.1883923E+1
11245479,29/9/2021,5:37:48 AM,7.4012060E+0,-3.0612803E+1,3.8291846E+3,2.1883923E+1
11245480,29/9/2021,5:37:48 AM,1.0205929E+1,-2.9967756E+1,3.8318628E+3,2.1861832E+1
11245481,29/9/2021,5:37:48 AM,1.3357954E+1,-2.8704540E+1,3.8318628E+3,2.1861832E+1
11245482,29/9/2021,5:37:48 AM,1.3160624E+1,-2.6715649E+1,3.8309702E+3,2.1839737E+1
11245483,29/9/2021,5:37:48 AM,1.1931912E+1,-2.3786066E+1,3.8327556E+3,2.1817642E+1
11245484,29/9/2021,5:37:48 AM,1.3058011E+1,-2.1205883E+1,3.8327556E+3,2.1839737E+1
11245485,29/9/2021,5:37:48 AM,1.1592505E+1,-1.8264767E+1,3.8327556E+3,2.1861832E+1
11245486,29/9/2021,5:37:49 AM,1.0019123E+1,-1.5467892E+1,3.8318628E+3,2.1861832E+1
11245487,29/9/2021,5:37:49 AM,8.5878191E+0,-1.3048540E+1,3.8327556E+3,2.1839737E+1
11245488,29/9/2021,5:37:49 AM,6.5145350E+0,-9.7810879E+0,3.8327556E+3,2.1839737E+1
11245489,29/9/2021,5:37:49 AM,4.5040712E+0,-6.8698921E+0,3.8336484E+3,2.1861832E+1
11245490,29/9/2021,5:37:49 AM,4.7718596E+0,-4.8610620E+0,3.8345413E+3,2.1906017E+1
11245491,29/9/2021,5:37:49 AM,3.2831788E+0,-2.6074569E+0,3.8345413E+3,2.1883923E+1
11245492,29/9/2021,5:37:49 AM,2.6747131E+0,-1.4861668E+0,3.8345413E+3,2.1883923E+1
11245493,29/9/2021,5:37:49 AM,2.1502285E+0,-1.5677540E-1,3.8363269E+3,2.1883923E+1
11245494,29/9/2021,5:37:49 AM,-5.0846106E-1,4.2366689E-1,3.8336484E+3,2.1906017E+1
11245495,29/9/2021,5:37:49 AM,-1.1781415E+0,6.9322455E-1,3.8363269E+3,2.1906017E+1
11245496,29/9/2021,5:37:50 AM,-1.7319084E+0,1.5971375E+0,3.8354341E+3,2.1906017E+1
11245497,29/9/2021,5:37:50 AM,-5.0301404E+0,2.0142345E+0,3.8345413E+3,2.1883923E+1
11245498,29/9/2021,5:37:50 AM,-7.3933134E+0,2.2632120E+0,3.8363269E+3,2.1883923E+1
11245499,29/9/2021,5:37:50 AM,-1.0553230E+1,1.9501889E+0,3.8354341E+3,2.1883923E+1
11245500,29/9/2021,5:37:50 AM,-1.5583841E+1,1.4226133E+0,3.8327556E+3,2.1906017E+1
11245501,29/9/2021,5:37:50 AM,-1.8328049E+1,-6.2443537E-1,3.8327556E+3,2.1883923E+1
11245502,29/9/2021,5:37:50 AM,-2.3938517E+1,-2.4209242E+0,3.8309702E+3,2.1906017E+1
11245503,29/9/2021,5:37:50 AM,-3.0189131E+1,-2.6618960E+0,3.8327556E+3,2.1906017E+1
11245504,29/9/2021,5:37:50 AM,-3.5508801E+1,-4.0508852E+0,3.8327556E+3,2.1883923E+1
11245505,29/9/2021,5:37:50 AM,-4.1812607E+1,-7.0905581E+0,3.8273987E+3,2.1839737E+1
11245506,29/9/2021,5:37:51 AM,-4.6148140E+1,-8.9835005E+0,3.8309702E+3,2.1861832E+1
11245507,29/9/2021,5:37:51 AM,-4.8781380E+1,-1.1594272E+1,3.8291846E+3,2.1861832E+1
11245508,29/9/2021,5:37:51 AM,-5.2824326E+1,-1.4266191E+1,3.8273987E+3,2.1861832E+1
11245509,29/9/2021,5:37:51 AM,-5.5590561E+1,-1.7748993E+1,3.8273987E+3,2.1861832E+1
11245510,29/9/2021,5:37:51 AM,-5.6122524E+1,-2.1152128E+1,3.8273987E+3,2.1861832E+1
11245511,29/9/2021,5:37:51 AM,-5.5111786E+1,-2.4807388E+1,3.8256133E+3,2.1861832E+1
11245512,29/9/2021,5:37:51 AM,-5.3170105E+1,-2.9322712E+1,3.8256133E+3,2.1839737E+1
11245513,29/9/2021,5:37:51 AM,-4.9845314E+1,-3.3300491E+1,3.8273987E+3,2.1817642E+1
11245514,29/9/2021,5:37:51 AM,-4.7823837E+1,-3.6337585E+1,3.8238276E+3,2.1839737E+1
11245515,29/9/2021,5:37:51 AM,-4.4791626E+1,-3.8971519E+1,3.8256133E+3,2.1839737E+1
11245516,29/9/2021,5:37:52 AM,-4.0349701E+1,-4.1551704E+1,3.8256133E+3,2.1839737E+1
11245517,29/9/2021,5:37:52 AM,-3.6413143E+1,-4.2949303E+1,3.8256133E+3,2.1839737E+1
11245518,29/9/2021,5:37:52 AM,-3.2024414E+1,-4.3997505E+1,3.8273987E+3,2.1861832E+1
11245519,29/9/2021,5:37:52 AM,-3.0827490E+1,-4.4561916E+1,3.8247205E+3,2.1839737E+1
11245520,29/9/2021,5:37:52 AM,-2.9364580E+1,-4.4535042E+1,3.8273987E+3,2.1839737E+1
11245521,29/9/2021,5:37:52 AM,-2.7130320E+1,-4.4803810E+1,3.8247205E+3,2.1839737E+1
11245522,29/9/2021,5:37:52 AM,-2.5454622E+1,-4.5395103E+1,3.8273987E+3,2.1795547E+1
11245523,29/9/2021,5:37:52 AM,-2.0640322E+1,-4.5798260E+1,3.8273987E+3,2.1795547E+1
11245524,29/9/2021,5:37:52 AM,-1.8157030E+1,-4.7249611E+1,3.8247205E+3,2.1795547E+1
11245525,29/9/2021,5:37:52 AM,-1.7333504E+1,-4.7733395E+1,3.8256133E+3,2.1817642E+1
11245526,29/9/2021,5:37:53 AM,-1.2505486E+1,-4.7222733E+1,3.8247205E+3,2.1795547E+1
11245527,29/9/2021,5:37:53 AM,-7.8800616E+0,-4.5825134E+1,3.8291846E+3,2.1795547E+1
11245528,29/9/2021,5:37:53 AM,-2.1898422E+0,-4.5825134E+1,3.8256133E+3,2.1773457E+1
11245529,29/9/2021,5:37:53 AM,3.1088789E+0,-4.5126335E+1,3.8282915E+3,2.1795547E+1
11245530,29/9/2021,5:37:53 AM,5.6489120E+0,-4.2841797E+1,3.8273987E+3,2.1817642E+1
11245531,29/9/2021,5:37:53 AM,8.4062757E+0,-3.9401554E+1,3.8291846E+3,2.1817642E+1
11245532,29/9/2021,5:37:53 AM,1.0840017E+1,-3.5396893E+1,3.8309702E+3,2.1839737E+1
11245533,29/9/2021,5:37:53 AM,1.2210807E+1,-3.1204092E+1,3.8309702E+3,2.1839737E+1
11245534,29/9/2021,5:37:53 AM,1.2484438E+1,-2.6366251E+1,3.8327556E+3,2.1839737E+1
11245535,29/9/2021,5:37:53 AM,9.7665405E+0,-2.0507082E+1,3.8309702E+3,2.1839737E+1
11245536,29/9/2021,5:37:54 AM,6.4855933E+0,-1.4537372E+1,3.8345413E+3,2.1839737E+1
11245537,29/9/2021,5:37:54 AM,5.0245948E+0,-8.8133478E+0,3.8345413E+3,2.1861832E+1
11245538,29/9/2021,5:37:54 AM,6.3617003E-1,-2.8484287E+0,3.8345413E+3,2.1861832E+1
11245539,29/9/2021,5:37:54 AM,-1.5736698E+0,1.1632285E+0,3.8363269E+3,2.1883923E+1
11245540,29/9/2021,5:37:54 AM,-4.6292500E+0,4.5176172E+0,3.8345413E+3,2.1950207E+1
11245541,29/9/2021,5:37:54 AM,-8.4115381E+0,8.3853092E+0,3.8354341E+3,2.1950207E+1
11245542,29/9/2021,5:37:54 AM,-1.0784765E+1,1.2577964E+1,3.8354341E+3,2.1950207E+1
11245543,29/9/2021,5:37:54 AM,-1.2876467E+1,1.5558284E+1,3.8363269E+3,2.1950207E+1
11245544,29/9/2021,5:37:54 AM,-1.4265674E+1,1.7488447E+1,3.8345413E+3,2.1972301E+1
11245545,29/9/2021,5:37:54 AM,-1.5883783E+1,1.9721695E+1,3.8363269E+3,2.1950207E+1
11245546,29/9/2021,5:37:55 AM,-1.7743950E+1,2.0856483E+1,3.8363269E+3,2.1950207E+1
11245547,29/9/2021,5:37:55 AM,-1.8130718E+1,2.1985313E+1,3.8381123E+3,2.1950207E+1
11245548,29/9/2021,5:37:55 AM,-1.9351538E+1,2.1689667E+1,3.8372195E+3,2.1950207E+1
11245549,29/9/2021,5:37:55 AM,-1.9196302E+1,1.9875895E+1,3.8363269E+3,2.1950207E+1
11245550,29/9/2021,5:37:55 AM,-1.9056856E+1,1.6773277E+1,3.8363269E+3,2.1928112E+1
11245551,29/9/2021,5:37:55 AM,-1.9898800E+1,1.3258573E+1,3.8345413E+3,2.1928112E+1
11245552,29/9/2021,5:37:55 AM,-2.0374338E+1,1.0868466E+1,3.8363269E+3,2.1906017E+1
11245553,29/9/2021,5:37:55 AM,-2.0081757E+1,6.9071131E+0,3.8345413E+3,2.1906017E+1
11245554,29/9/2021,5:37:55 AM,-1.9733042E+1,2.5113888E+0,3.8345413E+3,2.1906017E+1
11245555,29/9/2021,5:37:55 AM,-1.9956684E+1,-2.5498159E+0,3.8327556E+3,2.1883923E+1
11245556,29/9/2021,5:37:56 AM,-1.9348906E+1,-8.8452520E+0,3.8300774E+3,2.1883923E+1
11245557,29/9/2021,5:37:56 AM,-2.0104033E+1,-1.3128305E+1,3.8309702E+3,2.1861832E+1
11245558,29/9/2021,5:37:56 AM,-2.0454987E+1,-1.7783564E+1,3.8309702E+3,2.1839737E+1
11245559,29/9/2021,5:37:56 AM,-1.9825138E+1,-2.3195742E+1,3.8291846E+3,2.1839737E+1
11245560,29/9/2021,5:37:56 AM,-1.9364700E+1,-2.8302567E+1,3.8291846E+3,2.1817642E+1
11245561,29/9/2021,5:37:56 AM,-2.0694382E+1,-3.2065495E+1,3.8273987E+3,2.1795547E+1
11245562,29/9/2021,5:37:56 AM,-2.0242189E+1,-3.7226074E+1,3.8256133E+3,2.1817642E+1
11245563,29/9/2021,5:37:56 AM,-1.9983002E+1,-4.0532074E+1,3.8273987E+3,2.1839737E+1
11245564,29/9/2021,5:37:56 AM,-1.8993719E+1,-4.3918705E+1,3.8273987E+3,2.1839737E+1
11245565,29/9/2021,5:37:56 AM,-1.7123026E+1,-4.7708508E+1,3.8273987E+3,2.1861832E+1
11245566,29/9/2021,5:37:57 AM,-1.5931149E+1,-5.2116505E+1,3.8238276E+3,2.1861832E+1
11245567,29/9/2021,5:37:57 AM,-1.5328633E+1,-5.5099964E+1,3.8238276E+3,2.1861832E+1
11245568,29/9/2021,5:37:57 AM,-1.2997501E+1,-5.7572750E+1,3.8238276E+3,2.1861832E+1
11245569,29/9/2021,5:37:57 AM,-1.2276587E+1,-5.8862892E+1,3.8238276E+3,2.1861832E+1
11245570,29/9/2021,5:37:57 AM,-1.1513577E+1,-5.8889767E+1,3.8238276E+3,2.1883923E+1
11245571,29/9/2021,5:37:57 AM,-1.0661109E+1,-5.8405968E+1,3.8256133E+3,2.1883923E+1
11245572,29/9/2021,5:37:57 AM,-1.2794909E+1,-5.6605133E+1,3.8220420E+3,2.1883923E+1
11245573,29/9/2021,5:37:57 AM,-1.3952581E+1,-5.2600311E+1,3.8256133E+3,2.1906017E+1
11245574,29/9/2021,5:37:57 AM,-1.4728748E+1,-4.7305340E+1,3.8282915E+3,2.1928112E+1
11245575,29/9/2021,5:37:57 AM,-1.8146513E+1,-4.3112366E+1,3.8256133E+3,2.1950207E+1
11245576,29/9/2021,5:37:58 AM,-1.9225254E+1,-3.8785000E+1,3.8291846E+3,2.1950207E+1
11245577,29/9/2021,5:37:58 AM,-2.1784960E+1,-3.3275005E+1,3.8282915E+3,2.1928112E+1
11245578,29/9/2021,5:37:58 AM,-2.5482285E+1,-2.8598227E+1,3.8282915E+3,2.1906017E+1
11245579,29/9/2021,5:37:58 AM,-2.6679262E+1,-2.4835302E+1,3.8309702E+3,2.1928112E+1
11245580,29/9/2021,5:37:58 AM,-2.8993414E+1,-2.1959352E+1,3.8291846E+3,2.1928112E+1
11245581,29/9/2021,5:37:58 AM,-2.9605200E+1,-1.8831062E+1,3.8309702E+3,2.1928112E+1
11245582,29/9/2021,5:37:58 AM,-2.9791397E+1,-1.6802528E+1,3.8291846E+3,2.1906017E+1
11245583,29/9/2021,5:37:58 AM,-3.2664139E+1,-1.4226319E+1,3.8282915E+3,2.1906017E+1
11245584,29/9/2021,5:37:58 AM,-3.2185349E+1,-1.1094455E+1,3.8309702E+3,2.1883923E+1
11245585,29/9/2021,5:37:58 AM,-3.1945953E+1,-8.5634413E+0,3.8309702E+3,2.1906017E+1
11245586,29/9/2021,5:37:59 AM,-3.1387365E+1,-6.6518879E+0,3.8309702E+3,2.1906017E+1
11245587,29/9/2021,5:37:59 AM,-2.9658400E+1,-4.9483352E+0,3.8309702E+3,2.1883923E+1
11245588,29/9/2021,5:37:59 AM,-3.0456385E+1,-3.0806007E+0,3.8309702E+3,2.1861832E+1
11245589,29/9/2021,5:37:59 AM,-2.8514624E+1,-6.9108850E-1,3.8327556E+3,2.1861832E+1
11245590,29/9/2021,5:37:59 AM,-2.7956036E+1,1.3321517E+0,3.8336484E+3,2.1839737E+1
11245591,29/9/2021,5:37:59 AM,-2.6546265E+1,2.0702789E+0,3.8327556E+3,2.1839737E+1
11245592,29/9/2021,5:37:59 AM,-2.4178911E+1,3.3864193E+0,3.8354341E+3,2.1839737E+1
11245593,29/9/2021,5:37:59 AM,-2.3966114E+1,3.3239746E+0,3.8327556E+3,2.1861832E+1
11245594,29/9/2021,5:37:59 AM,-2.2024355E+1,3.2022877E+0,3.8345413E+3,2.1861832E+1
11245595,29/9/2021,5:37:59 AM,-2.0268789E+1,2.7875915E+0,3.8336484E+3,2.1906017E+1
11245596,29/9/2021,5:38:00 AM,-1.9533089E+1,1.4018015E+0,3.8336484E+3,2.1928112E+1
11245597,29/9/2021,5:38:00 AM,-1.6249510E+1,-3.8873726E-1,3.8336484E+3,2.1906017E+1
11245598,29/9/2021,5:38:00 AM,-1.5223391E+1,-2.7251468E+0,3.8318628E+3,2.1906017E+1
11245599,29/9/2021,5:38:00 AM,-1.3705261E+1,-4.8466625E+0,3.8318628E+3,2.1906017E+1
11245600,29/9/2021,5:38:00 AM,-1.1368868E+1,-6.5136390E+0,3.8327556E+3,2.1950207E+1
11245601,29/9/2021,5:38:00 AM,-1.0269079E+1,-8.2284536E+0,3.8318628E+3,2.1950207E+1
11245602,29/9/2021,5:38:00 AM,-6.9960241E+0,-9.6827230E+0,3.8327556E+3,2.1928112E+1
11245603,29/9/2021,5:38:00 AM,-6.7197609E+0,-1.2139296E+1,3.8309702E+3,2.1906017E+1
11245604,29/9/2021,5:38:00 AM,-4.3701868E+0,-1.3787644E+1,3.8336484E+3,2.1906017E+1
11245605,29/9/2021,5:38:00 AM,-2.3641474E+0,-1.4898952E+1,3.8327556E+3,2.1883923E+1
11245606,29/9/2021,5:38:01 AM,-1.2448928E+0,-1.7980301E+1,3.8309702E+3,2.1883923E+1
11245607,29/9/2021,5:38:01 AM,1.4522394E+0,-2.0857353E+1,3.8327556E+3,2.1861832E+1
11245608,29/9/2021,5:38:01 AM,1.9561260E+0,-2.4297741E+1,3.8291846E+3,2.1839737E+1
11245609,29/9/2021,5:38:01 AM,3.7331979E+0,-2.7308083E+1,3.8327556E+3,2.1817642E+1
11245610,29/9/2021,5:38:01 AM,6.3698287E+0,-2.9485203E+1,3.8309702E+3,2.1773457E+1
11245611,29/9/2021,5:38:01 AM,5.8488760E+0,-3.2199883E+1,3.8291846E+3,2.1751362E+1
11245612,29/9/2021,5:38:01 AM,6.9933929E+0,-3.4081345E+1,3.8309702E+3,2.1729267E+1
11245613,29/9/2021,5:38:01 AM,5.8383517E+0,-3.5720905E+1,3.8291846E+3,2.1707172E+1
11245614,29/9/2021,5:38:01 AM,4.3733559E+0,-3.6258465E+1,3.8300774E+3,2.1707172E+1
11245615,29/9/2021,5:38:01 AM,2.7697918E+0,-3.6285343E+1,3.8309702E+3,2.1707172E+1
11245616,29/9/2021,5:38:02 AM,-9.4725847E-1,-3.7011051E+1,3.8273987E+3,2.1707172E+1
11245617,29/9/2021,5:38:02 AM,-2.6081679E+0,-3.6607880E+1,3.8309702E+3,2.1729267E+1
11245618,29/9/2021,5:38:02 AM,-5.2519884E+0,-3.6258465E+1,3.8273987E+3,2.1751362E+1
11245619,29/9/2021,5:38:02 AM,-7.4485683E+0,-3.5371490E+1,3.8291846E+3,2.1773457E+1
11245620,29/9/2021,5:38:02 AM,-9.5507956E+0,-3.3597542E+1,3.8282915E+3,2.1795547E+1
11245621,29/9/2021,5:38:02 AM,-1.2865948E+1,-3.3086857E+1,3.8273987E+3,2.1817642E+1
11245622,29/9/2021,5:38:02 AM,-1.4841885E+1,-3.0587200E+1,3.8300774E+3,2.1817642E+1
11245623,29/9/2021,5:38:02 AM,-1.7783424E+1,-2.8329447E+1,3.8291846E+3,2.1839737E+1
11245624,29/9/2021,5:38:02 AM,-2.1173172E+1,-2.6421106E+1,3.8291846E+3,2.1839737E+1
11245625,29/9/2021,5:38:02 AM,-2.3673521E+1,-2.4432133E+1,3.8291846E+3,2.1883923E+1
11245626,29/9/2021,5:38:03 AM,-2.7211250E+1,-2.2416279E+1,3.8282915E+3,2.1906017E+1
11245627,29/9/2021,5:38:03 AM,-3.0748978E+1,-1.9902491E+1,3.8291846E+3,2.1906017E+1
11245628,29/9/2021,5:38:03 AM,-3.3648319E+1,-1.8046766E+1,3.8282915E+3,2.1906017E+1
11245629,29/9/2021,5:38:03 AM,-3.7159451E+1,-1.5241915E+1,3.8291846E+3,2.1906017E+1
11245630,29/9/2021,5:38:03 AM,-3.9739597E+1,-1.2740146E+1,3.8291846E+3,2.1928112E+1
11245631,29/9/2021,5:38:03 AM,-4.2000549E+1,-1.0977475E+1,3.8291846E+3,2.1928112E+1
11245632,29/9/2021,5:38:03 AM,-4.4793495E+1,-8.3879709E+0,3.8300774E+3,2.1928112E+1
11245633,29/9/2021,5:38:03 AM,-4.6628857E+1,-7.2181749E+0,3.8291846E+3,2.1928112E+1
11245634,29/9/2021,5:38:03 AM,-4.6575657E+1,-5.3053899E+0,3.8318628E+3,2.1928112E+1
11245635,29/9/2021,5:38:03 AM,-4.6442661E+1,-4.7722092E+0,3.8291846E+3,2.1906017E+1
11245636,29/9/2021,5:38:04 AM,-4.5830872E+1,-4.6537247E+0,3.8318628E+3,2.1906017E+1
11245637,29/9/2021,5:38:04 AM,-4.3516720E+1,-5.4366841E+0,3.8309702E+3,2.1906017E+1
11245638,29/9/2021,5:38:04 AM,-4.2053749E+1,-7.8987842E+0,3.8291846E+3,2.1906017E+1
11245639,29/9/2021,5:38:04 AM,-3.8170227E+1,-1.0171911E+1,3.8309702E+3,2.1906017E+1
11245640,29/9/2021,5:38:04 AM,-3.5324089E+1,-1.2362620E+1,3.8291846E+3,2.1883923E+1
11245641,29/9/2021,5:38:04 AM,-3.2105553E+1,-1.5505118E+1,3.8300774E+3,2.1883923E+1
11245642,29/9/2021,5:38:04 AM,-2.8966816E+1,-1.7722414E+1,3.8291846E+3,2.1906017E+1
11245643,29/9/2021,5:38:04 AM,-2.7583641E+1,-2.0245453E+1,3.8273987E+3,2.1928112E+1
11245644,29/9/2021,5:38:04 AM,-2.3726719E+1,-2.1072378E+1,3.8309702E+3,2.1928112E+1
11245645,29/9/2021,5:38:04 AM,-2.1864758E+1,-2.1206768E+1,3.8273987E+3,2.1928112E+1
11245646,29/9/2021,5:38:05 AM,-1.9904070E+1,-2.1905596E+1,3.8300774E+3,2.1928112E+1
11245647,29/9/2021,5:38:05 AM,-1.6012712E+1,-2.1932474E+1,3.8309702E+3,2.1928112E+1
11245648,29/9/2021,5:38:05 AM,-1.5068156E+1,-2.2980719E+1,3.8291846E+3,2.1928112E+1
11245649,29/9/2021,5:38:05 AM,-1.1213634E+1,-2.2631304E+1,3.8327556E+3,2.1928112E+1
11245650,29/9/2021,5:38:05 AM,-8.2720947E+0,-2.2980719E+1,3.8291846E+3,2.1928112E+1
11245651,29/9/2021,5:38:05 AM,-5.7515264E+0,-2.3464521E+1,3.8327556E+3,2.1906017E+1
11245652,29/9/2021,5:38:05 AM,-1.3066362E+0,-2.3518278E+1,3.8318628E+3,2.1906017E+1
11245653,29/9/2021,5:38:05 AM,7.4857163E-1,-2.5077206E+1,3.8300774E+3,2.1906017E+1
11245654,29/9/2021,5:38:05 AM,4.9889531E+0,-2.5426619E+1,3.8336484E+3,2.1883923E+1
11245655,29/9/2021,5:38:05 AM,8.2352600E+0,-2.6232960E+1,3.8291846E+3,2.1861832E+1
11245656,29/9/2021,5:38:06 AM,1.0958420E+1,-2.7281202E+1,3.8327556E+3,2.1861832E+1
11245657,29/9/2021,5:38:06 AM,1.4215690E+1,-2.7469349E+1,3.8309702E+3,2.1861832E+1
11245658,29/9/2021,5:38:06 AM,1.5420721E+1,-2.8598227E+1,3.8291846E+3,2.1883923E+1
11245659,29/9/2021,5:38:06 AM,1.6336334E+1,-2.7872520E+1,3.8327556E+3,2.1883923E+1
11245660,29/9/2021,5:38:06 AM,1.6773092E+1,-2.6770521E+1,3.8309702E+3,2.1883923E+1
11245661,29/9/2021,5:38:06 AM,1.5433877E+1,-2.4270864E+1,3.8345413E+3,2.1883923E+1
11245662,29/9/2021,5:38:06 AM,1.3394794E+1,-2.2470036E+1,3.8318628E+3,2.1906017E+1
11245663,29/9/2021,5:38:06 AM,1.0292759E+1,-2.0937988E+1,3.8318628E+3,2.1906017E+1
11245664,29/9/2021,5:38:06 AM,5.3305545E+0,-1.8527979E+1,3.8318628E+3,2.1906017E+1
11245665,29/9/2021,5:38:06 AM,6.2508500E-1,-1.6680233E+1,3.8309702E+3,2.1883923E+1
11245666,29/9/2021,5:38:07 AM,-2.5439937E+0,-1.4702213E+1,3.8345413E+3,2.1883923E+1
11245667,29/9/2021,5:38:07 AM,-6.2830029E+0,-1.3380875E+1,3.8318628E+3,2.1906017E+1
11245668,29/9/2021,5:38:07 AM,-9.9743986E+0,-1.3303776E+1,3.8309702E+3,2.1928112E+1
11245669,29/9/2021,5:38:07 AM,-1.2052947E+1,-1.2569993E+1,3.8336484E+3,2.1928112E+1
11245670,29/9/2021,5:38:07 AM,-1.4994488E+1,-1.2575311E+1,3.8291846E+3,2.1906017E+1
11245671,29/9/2021,5:38:07 AM,-1.5549644E+1,-1.1884068E+1,3.8354341E+3,2.1906017E+1
11245672,29/9/2021,5:38:07 AM,-1.7775530E+1,-1.2700266E+1,3.8291846E+3,2.1906017E+1
11245673,29/9/2021,5:38:07 AM,-1.9730419E+1,-1.3346313E+1,3.8309702E+3,2.1906017E+1
11245674,29/9/2021,5:38:07 AM,-2.1678562E+1,-1.3080450E+1,3.8318628E+3,2.1906017E+1
11245675,29/9/2021,5:38:07 AM,-2.4684301E+1,-1.3080450E+1,3.8291846E+3,2.1928112E+1
11245676,29/9/2021,5:38:08 AM,-2.7636841E+1,-1.1820260E+1,3.8345413E+3,2.1928112E+1
11245677,29/9/2021,5:38:08 AM,-3.2025753E+1,-1.2429086E+1,3.8273987E+3,2.1928112E+1
11245678,29/9/2021,5:38:08 AM,-3.5164490E+1,-1.2415793E+1,3.8309702E+3,2.1928112E+1
11245679,29/9/2021,5:38:08 AM,-3.9659798E+1,-1.1054575E+1,3.8291846E+3,2.1928112E+1
11245680,29/9/2021,5:38:08 AM,-4.4394505E+1,-1.2118027E+1,3.8273987E+3,2.1883923E+1
11245681,29/9/2021,5:38:08 AM,-4.6150066E+1,-1.1607570E+1,3.8309702E+3,2.1883923E+1
11245682,29/9/2021,5:38:08 AM,-4.9528198E+1,-1.2934225E+1,3.8273987E+3,2.1883923E+1
11245683,29/9/2021,5:38:08 AM,-5.0060188E+1,-1.4372542E+1,3.8282915E+3,2.1883923E+1
11245684,29/9/2021,5:38:08 AM,-4.8810013E+1,-1.5864034E+1,3.8282915E+3,2.1883923E+1
11245685,29/9/2021,5:38:08 AM,-4.8916412E+1,-1.7546946E+1,3.8265059E+3,2.1906017E+1
11245686,29/9/2021,5:38:09 AM,-4.4926491E+1,-1.9011848E+1,3.8291846E+3,2.1928112E+1
11245687,29/9/2021,5:38:09 AM,-4.1548359E+1,-2.1394915E+1,3.8265059E+3,2.1883923E+1
11245688,29/9/2021,5:38:09 AM,-3.7638241E+1,-2.2604425E+1,3.8291846E+3,2.1861832E+1
11245689,29/9/2021,5:38:09 AM,-3.1919355E+1,-2.3572035E+1,3.8309702E+3,2.1861832E+1
11245690,29/9/2021,5:38:09 AM,-2.8780619E+1,-2.5749155E+1,3.8273987E+3,2.1906017E+1
11245691,29/9/2021,5:38:09 AM,-2.5056692E+1,-2.6286716E+1,3.8318628E+3,2.1906017E+1
11245692,29/9/2021,5:38:09 AM,-2.2423346E+1,-2.7630619E+1,3.8273987E+3,2.1906017E+1
11245693,29/9/2021,5:38:09 AM,-2.0321989E+1,-2.7657495E+1,3.8291846E+3,2.1906017E+1
11245694,29/9/2021,5:38:09 AM,-1.7601881E+1,-2.6636131E+1,3.8309702E+3,2.1906017E+1
11245695,29/9/2021,5:38:09 AM,-1.7167753E+1,-2.7012421E+1,3.8273987E+3,2.1883923E+1
11245696,29/9/2021,5:38:10 AM,-1.5265489E+1,-2.6582375E+1,3.8309702E+3,2.1861832E+1
11245697,29/9/2021,5:38:10 AM,-1.2950143E+1,-2.6716764E+1,3.8291846E+3,2.1839737E+1
11245698,29/9/2021,5:38:10 AM,-1.1924025E+1,-2.6421106E+1,3.8300774E+3,2.1817642E+1
11245699,29/9/2021,5:38:10 AM,-1.0163836E+1,-2.5802912E+1,3.8309702E+3,2.1795547E+1
11245700,29/9/2021,5:38:10 AM,-7.2617621E+0,-2.5829790E+1,3.8291846E+3,2.1817642E+1
11245701,29/9/2021,5:38:10 AM,-5.0618424E+0,-2.5292229E+1,3.8318628E+3,2.1817642E+1
11245702,29/9/2021,5:38:10 AM,-8.1242579E-1,-2.4969692E+1,3.8309702E+3,2.1795547E+1
11245703,29/9/2021,5:38:10 AM,2.0100007E+0,-2.4969692E+1,3.8318628E+3,2.1751362E+1
11245704,29/9/2021,5:38:10 AM,4.3194809E+0,-2.4915936E+1,3.8309702E+3,2.1751362E+1
11245705,29/9/2021,5:38:10 AM,7.1959853E+0,-2.4700912E+1,3.8327556E+3,2.1751362E+1
11245706,29/9/2021,5:38:11 AM,8.3589201E+0,-2.4566523E+1,3.8327556E+3,2.1729267E+1
11245707,29/9/2021,5:38:11 AM,9.6428843E+0,-2.4808424E+1,3.8318628E+3,2.1729267E+1
11245708,29/9/2021,5:38:11 AM,1.0111215E+1,-2.4082716E+1,3.8327556E+3,2.1729267E+1
11245709,29/9/2021,5:38:11 AM,8.1879005E+0,-2.3894571E+1,3.8327556E+3,2.1729267E+1
11245710,29/9/2021,5:38:11 AM,6.4250813E+0,-2.4163351E+1,3.8327556E+3,2.1729267E+1
11245711,29/9/2021,5:38:11 AM,2.1724169E+0,-2.4136473E+1,3.8309702E+3,2.1729267E+1
11245712,29/9/2021,5:38:11 AM,-1.4314421E+0,-2.4378376E+1,3.8309702E+3,2.1707172E+1
11245713,29/9/2021,5:38:11 AM,-6.1698670E+0,-2.3249498E+1,3.8318628E+3,2.1685081E+1
11245714,29/9/2021,5:38:11 AM,-1.0921585E+1,-2.3034475E+1,3.8309702E+3,2.1685081E+1
11245715,29/9/2021,5:38:11 AM,-1.6957268E+1,-2.2281889E+1,3.8291846E+3,2.1707172E+1
11245716,29/9/2021,5:38:12 AM,-2.1598764E+1,-2.1690573E+1,3.8291846E+3,2.1751362E+1
11245717,29/9/2021,5:38:12 AM,-2.5615282E+1,-2.0669207E+1,3.8291846E+3,2.1751362E+1
11245718,29/9/2021,5:38:12 AM,-2.8621023E+1,-2.0400427E+1,3.8291846E+3,2.1773457E+1
11245719,29/9/2021,5:38:12 AM,-3.2158749E+1,-1.9522306E+1,3.8291846E+3,2.1795547E+1
11245720,29/9/2021,5:38:12 AM,-3.4366505E+1,-1.9777533E+1,3.8273987E+3,2.1817642E+1
11245721,29/9/2021,5:38:12 AM,-3.5457085E+1,-2.0615450E+1,3.8273987E+3,2.1861832E+1
11245722,29/9/2021,5:38:12 AM,-3.5350685E+1,-1.9317591E+1,3.8291846E+3,2.1861832E+1
11245723,29/9/2021,5:38:12 AM,-3.6467865E+1,-1.8408340E+1,3.8282915E+3,2.1861832E+1
11245724,29/9/2021,5:38:12 AM,-3.6361465E+1,-1.6906216E+1,3.8291846E+3,2.1883923E+1
11245725,29/9/2021,5:38:12 AM,-3.7239246E+1,-1.6052795E+1,3.8282915E+3,2.1883923E+1
11245726,29/9/2021,5:38:13 AM,-3.8356426E+1,-1.3649396E+1,3.8291846E+3,2.1883923E+1
11245727,29/9/2021,5:38:13 AM,-3.8143631E+1,-1.1147627E+1,3.8309702E+3,2.1883923E+1
11245728,29/9/2021,5:38:13 AM,-3.9739597E+1,-9.6428442E+0,3.8291846E+3,2.1883923E+1
11245729,29/9/2021,5:38:13 AM,-4.0457783E+1,-8.0848875E+0,3.8309702E+3,2.1883923E+1
11245730,29/9/2021,5:38:13 AM,-4.1654758E+1,-6.6120081E+0,3.8291846E+3,2.1883923E+1
11245731,29/9/2021,5:38:13 AM,-4.1973953E+1,-6.5428839E+0,3.8291846E+3,2.1883923E+1
11245732,29/9/2021,5:38:13 AM,-4.0005589E+1,-6.2530932E+0,3.8300774E+3,2.1883923E+1
11245733,29/9/2021,5:38:13 AM,-3.8835217E+1,-5.8410058E+0,3.8291846E+3,2.1906017E+1
11245734,29/9/2021,5:38:13 AM,-3.4499500E+1,-5.9819131E+0,3.8309702E+3,2.1906017E+1
11245735,29/9/2021,5:38:13 AM,-3.1014973E+1,-6.7475982E+0,3.8291846E+3,2.1928112E+1
11245736,29/9/2021,5:38:14 AM,-2.5375887E+1,-8.5341959E+0,3.8291846E+3,2.1928112E+1
11245737,29/9/2021,5:38:14 AM,-1.7864988E+1,-8.8691835E+0,3.8309702E+3,2.1928112E+1
11245738,29/9/2021,5:38:14 AM,-1.1734587E+1,-9.6720886E+0,3.8309702E+3,2.1928112E+1
11245739,29/9/2021,5:38:14 AM,-2.9551842E+0,-9.1350451E+0,3.8354341E+3,2.1928112E+1
11245740,29/9/2021,5:38:14 AM,3.6278255E+0,-1.0217107E+1,3.8327556E+3,2.1972301E+1
11245741,29/9/2021,5:38:14 AM,1.0116477E+1,-1.1618204E+1,3.8354341E+3,2.2016487E+1
11245742,29/9/2021,5:38:14 AM,1.7017782E+1,-1.1562373E+1,3.8354341E+3,2.1994392E+1
11245743,29/9/2021,5:38:14 AM,2.1359369E+1,-1.2274885E+1,3.8363269E+3,2.1972301E+1
11245744,29/9/2021,5:38:14 AM,2.5721680E+1,-1.3080450E+1,3.8390051E+3,2.1972301E+1
11245745,29/9/2021,5:38:14 AM,2.8674219E+1,-1.5547657E+1,3.8354341E+3,2.1972301E+1
11245746,29/9/2021,5:38:15 AM,2.9472202E+1,-1.8158430E+1,3.8363269E+3,2.1972301E+1
11245747,29/9/2021,5:38:15 AM,2.9312607E+1,-2.1099255E+1,3.8327556E+3,2.1972301E+1
11245748,29/9/2021,5:38:15 AM,2.8567823E+1,-2.3706425E+1,3.8345413E+3,2.1972301E+1
11245749,29/9/2021,5:38:15 AM,2.6892057E+1,-2.5829790E+1,3.8336484E+3,2.1972301E+1
11245750,29/9/2021,5:38:15 AM,2.4710901E+1,-2.9082031E+1,3.8318628E+3,2.1972301E+1
11245751,29/9/2021,5:38:15 AM,2.1066774E+1,-3.0748470E+1,3.8309702E+3,2.1972301E+1
11245752,29/9/2021,5:38:15 AM,1.5946935E+1,-3.3113735E+1,3.8282915E+3,2.1972301E+1
11245753,29/9/2021,5:38:15 AM,1.3307968E+1,-3.4054466E+1,3.8318628E+3,2.1972301E+1
11245754,29/9/2021,5:38:15 AM,1.0847916E+1,-3.4780174E+1,3.8309702E+3,2.1972301E+1
11245755,29/9/2021,5:38:15 AM,5.5199919E+0,-3.6150951E+1,3.8273987E+3,2.1972301E+1
11245756,29/9/2021,5:38:16 AM,9.6974415E-1,-3.6688515E+1,3.8291846E+3,2.1972301E+1
11245757,29/9/2021,5:38:16 AM,-3.8773921E+0,-3.6903538E+1,3.8273987E+3,2.1994392E+1
11245758,29/9/2021,5:38:16 AM,-9.6928740E+0,-3.5398369E+1,3.8282915E+3,2.1972301E+1
11245759,29/9/2021,5:38:16 AM,-1.2518647E+1,-3.3543785E+1,3.8309702E+3,2.1972301E+1
11245760,29/9/2021,5:38:16 AM,-1.9383118E+1,-3.1931103E+1,3.8273987E+3,2.1972301E+1
11245761,29/9/2021,5:38:16 AM,-2.6466467E+1,-3.0022762E+1,3.8291846E+3,2.1950207E+1
11245762,29/9/2021,5:38:16 AM,-3.2930134E+1,-2.8625105E+1,3.8273987E+3,2.1950207E+1
11245763,29/9/2021,5:38:16 AM,-4.1069569E+1,-2.6232960E+1,3.8256133E+3,2.1950207E+1
11245764,29/9/2021,5:38:16 AM,-4.7373642E+1,-2.2577547E+1,3.8309702E+3,2.1950207E+1
11245765,29/9/2021,5:38:16 AM,-5.4449100E+1,-2.0507938E+1,3.8256133E+3,2.1928112E+1
11245766,29/9/2021,5:38:17 AM,-6.2109745E+1,-1.8381754E+1,3.8256133E+3,2.1883923E+1
11245767,29/9/2021,5:38:17 AM,-6.8866005E+1,-1.5154179E+1,3.8256133E+3,2.1906017E+1
11245768,29/9/2021,5:38:17 AM,-7.5249878E+1,-1.1963826E+1,3.8247205E+3,2.1883923E+1
11245769,29/9/2021,5:38:17 AM,-7.8947205E+1,-8.8027172E+0,3.8273987E+3,2.1861832E+1
11245770,29/9/2021,5:38:17 AM,-8.1819946E+1,-5.8596163E+0,3.8273987E+3,2.1839737E+1
11245771,29/9/2021,5:38:17 AM,-8.2697723E+1,-5.1308656E+0,3.8256133E+3,2.1839737E+1
11245772,29/9/2021,5:38:17 AM,-7.9319595E+1,-4.8890924E+0,3.8273987E+3,2.1839737E+1
11245773,29/9/2021,5:38:17 AM,-7.5143478E+1,-4.7249756E+0,3.8273987E+3,2.1817642E+1
11245774,29/9/2021,5:38:17 AM,-6.8307419E+1,-5.5071344E+0,3.8291846E+3,2.1795547E+1
11245775,29/9/2021,5:38:17 AM,-6.0354179E+1,-6.2770209E+0,3.8291846E+3,2.1751362E+1
11245776,29/9/2021,5:38:18 AM,-5.2161549E+1,-7.5744314E+0,3.8291846E+3,2.1707172E+1
11245777,29/9/2021,5:38:18 AM,-4.3250725E+1,-9.2493668E+0,3.8318628E+3,2.1707172E+1
11245778,29/9/2021,5:38:18 AM,-3.8037231E+1,-1.1187507E+1,3.8291846E+3,2.1729267E+1
11245779,29/9/2021,5:38:18 AM,-3.2903534E+1,-1.2487576E+1,3.8291846E+3,2.1729267E+1
11245780,29/9/2021,5:38:18 AM,-2.6652660E+1,-1.2367938E+1,3.8309702E+3,2.1707172E+1
11245781,29/9/2021,5:38:18 AM,-2.1971155E+1,-1.2123343E+1,3.8336484E+3,2.1707172E+1
11245782,29/9/2021,5:38:18 AM,-1.6941481E+1,-1.1926605E+1,3.8327556E+3,2.1707172E+1
11245783,29/9/2021,5:38:18 AM,-1.4655079E+1,-1.3093743E+1,3.8309702E+3,2.1707172E+1
11245784,29/9/2021,5:38:18 AM,-1.3531610E+1,-1.4340639E+1,3.8309702E+3,2.1707172E+1
11245785,29/9/2021,5:38:18 AM,-8.0063562E+0,-1.4944149E+1,3.8336484E+3,2.1707172E+1
11245786,29/9/2021,5:38:19 AM,-2.7705843E+0,-1.6714794E+1,3.8345413E+3,2.1707172E+1
11245787,29/9/2021,5:38:19 AM,3.3481524E+0,-2.0561695E+1,3.8345413E+3,2.1707172E+1
11245788,29/9/2021,5:38:19 AM,9.2219124E+0,-2.5345985E+1,3.8318628E+3,2.1729267E+1
11245789,29/9/2021,5:38:19 AM,1.2663356E+1,-2.9969006E+1,3.8309702E+3,2.1729267E+1
11245790,29/9/2021,5:38:19 AM,1.8862164E+1,-3.3946957E+1,3.8327556E+3,2.1751362E+1
11245791,29/9/2021,5:38:19 AM,2.5907875E+1,-3.8462463E+1,3.8309702E+3,2.1751362E+1
11245792,29/9/2021,5:38:19 AM,3.0403185E+1,-4.2924217E+1,3.8327556E+3,2.1773457E+1
11245793,29/9/2021,5:38:19 AM,3.4845295E+1,-4.7466606E+1,3.8291846E+3,2.1839737E+1
11245794,29/9/2021,5:38:19 AM,3.5324089E+1,-5.1068264E+1,3.8282915E+3,2.1861832E+1
11245795,29/9/2021,5:38:19 AM,3.5058094E+1,-5.2600311E+1,3.8273987E+3,2.1861832E+1
11245796,29/9/2021,5:38:20 AM,3.5084690E+1,-5.2654064E+1,3.8291846E+3,2.1861832E+1
11245797,29/9/2021,5:38:20 AM,3.2158749E+1,-5.2600311E+1,3.8282915E+3,2.1883923E+1
11245798,29/9/2021,5:38:20 AM,2.8727419E+1,-5.0396309E+1,3.8309702E+3,2.1883923E+1
11245799,29/9/2021,5:38:20 AM,2.2210550E+1,-4.7627876E+1,3.8273987E+3,2.1906017E+1
11245800,29/9/2021,5:38:20 AM,1.4560359E+1,-4.5047585E+1,3.8256133E+3,2.1906017E+1
11245801,29/9/2021,5:38:20 AM,9.2508535E+0,-4.0102028E+1,3.8309702E+3,2.1906017E+1
11245802,29/9/2021,5:38:20 AM,2.7341397E+0,-3.5855297E+1,3.8273987E+3,2.1906017E+1
11245803,29/9/2021,5:38:20 AM,-1.9323578E+0,-3.1232275E+1,3.8291846E+3,2.1906017E+1
11245804,29/9/2021,5:38:20 AM,-6.2830029E+0,-2.7657495E+1,3.8291846E+3,2.1906017E+1
11245805,29/9/2021,5:38:20 AM,-1.1555675E+1,-2.3276377E+1,3.8273987E+3,2.1928112E+1
11245806,29/9/2021,5:38:21 AM,-1.5041846E+1,-1.7565556E+1,3.8309702E+3,2.1928112E+1
11245807,29/9/2021,5:38:21 AM,-1.7422968E+1,-1.3277188E+1,3.8291846E+3,2.1928112E+1
11245808,29/9/2021,5:38:21 AM,-2.0747581E+1,-8.1433773E+0,3.8327556E+3,2.1928112E+1
11245809,29/9/2021,5:38:21 AM,-2.4950296E+1,-4.0388856E+0,3.8291846E+3,2.1928112E+1
11245810,29/9/2021,5:38:21 AM,-2.9552002E+1,8.2466692E-1,3.8327556E+3,2.1928112E+1
11245811,29/9/2021,5:38:21 AM,-3.5536880E+1,7.7658520E+0,3.8327556E+3,2.1928112E+1
11245812,29/9/2021,5:38:21 AM,-4.1308964E+1,1.3761059E+1,3.8345413E+3,2.1928112E+1
11245813,29/9/2021,5:38:21 AM,-4.6469261E+1,1.9224541E+1,3.8363269E+3,2.1928112E+1
11245814,29/9/2021,5:38:21 AM,-5.1868954E+1,2.2873207E+1,3.8318628E+3,2.1928112E+1
11245815,29/9/2021,5:38:21 AM,-5.5592873E+1,2.6206083E+1,3.8363269E+3,2.1928112E+1
11245816,29/9/2021,5:38:22 AM,-5.8572018E+1,2.8813251E+1,3.8345413E+3,2.1928112E+1
11245817,29/9/2021,5:38:22 AM,-5.9529598E+1,2.9646469E+1,3.8363269E+3,2.1928112E+1
11245818,29/9/2021,5:38:22 AM,-5.7694233E+1,2.8356323E+1,3.8363269E+3,2.1861832E+1
11245819,29/9/2021,5:38:22 AM,-5.6124863E+1,2.3679548E+1,3.8309702E+3,2.1839737E+1
11245820,29/9/2021,5:38:22 AM,-5.0991169E+1,1.8448219E+1,3.8318628E+3,2.1861832E+1
11245821,29/9/2021,5:38:22 AM,-4.6868252E+1,1.4776654E+1,3.8336484E+3,2.1861832E+1
11245822,29/9/2021,5:38:22 AM,-4.2505943E+1,1.0501581E+1,3.8327556E+3,2.1861832E+1
11245823,29/9/2021,5:38:22 AM,-3.6787056E+1,5.3305492E+0,3.8318628E+3,2.1839737E+1
11245824,29/9/2021,5:38:22 AM,-3.3089729E+1,1.1624791E-1,3.8309702E+3,2.1839737E+1
11245825,29/9/2021,5:38:22 AM,-2.7264448E+1,-4.3118806E+0,3.8327556E+3,2.1839737E+1
11245826,29/9/2021,5:38:23 AM,-2.4391706E+1,-8.0051289E+0,3.8318628E+3,2.1839737E+1
11245827,29/9/2021,5:38:23 AM,-2.2582943E+1,-1.2681656E+1,3.8327556E+3,2.1839737E+1
11245828,29/9/2021,5:38:23 AM,-1.8467505E+1,-1.6956730E+1,3.8327556E+3,2.1817642E+1
11245829,29/9/2021,5:38:23 AM,-1.5828537E+1,-2.2846329E+1,3.8309702E+3,2.1817642E+1
11245830,29/9/2021,5:38:23 AM,-1.2050316E+1,-2.8759495E+1,3.8309702E+3,2.1817642E+1
11245831,29/9/2021,5:38:23 AM,-9.5823689E+0,-3.5210220E+1,3.8300774E+3,2.1817642E+1
11245832,29/9/2021,5:38:23 AM,-8.7272701E+0,-4.2494171E+1,3.8282915E+3,2.1817642E+1
11245833,29/9/2021,5:38:23 AM,-3.4947233E+0,-5.0665092E+1,3.8273987E+3,2.1839737E+1
11245834,29/9/2021,5:38:23 AM,3.6439106E-1,-5.9077919E+1,3.8247205E+3,2.1839737E+1
11245835,29/9/2021,5:38:23 AM,2.8593190E+0,-6.6926308E+1,3.8220420E+3,2.1861832E+1
11245836,29/9/2021,5:38:24 AM,5.8409829E+0,-7.3645805E+1,3.8211492E+3,2.1906017E+1
11245837,29/9/2021,5:38:24 AM,7.2985973E+0,-7.7435608E+1,3.8211492E+3,2.1906017E+1
11245838,29/9/2021,5:38:24 AM,8.6772804E+0,-7.9989029E+1,3.8202566E+3,2.1928112E+1
11245839,29/9/2021,5:38:24 AM,1.1542519E+1,-8.1359802E+1,3.8202566E+3,2.1928112E+1
11245840,29/9/2021,5:38:24 AM,1.3781562E+1,-7.9290199E+1,3.8220420E+3,2.2016487E+1
11245841,29/9/2021,5:38:24 AM,1.2729133E+1,-7.4855324E+1,3.8238276E+3,2.2082767E+1
11245842,29/9/2021,5:38:24 AM,1.0376953E+1,-6.9614105E+1,3.8229348E+3,2.2082767E+1
11245843,29/9/2021,5:38:24 AM,8.9009209E+0,-6.2813961E+1,3.8256133E+3,2.2082767E+1
11245844,29/9/2021,5:38:24 AM,7.9116373E+0,-5.5341869E+1,3.8273987E+3,2.2082767E+1
11245845,29/9/2021,5:38:24 AM,8.0221434E+0,-4.7466606E+1,3.8309702E+3,2.2082767E+1
11245846,29/9/2021,5:38:25 AM,4.9960837E+0,-4.0989002E+1,3.8273987E+3,2.2060677E+1
11245847,29/9/2021,5:38:25 AM,2.1610159E-1,-3.3758808E+1,3.8273987E+3,2.2060677E+1
11245848,29/9/2021,5:38:25 AM,-1.2649462E+0,-2.5695398E+1,3.8327556E+3,2.2038582E+1
11245849,29/9/2021,5:38:25 AM,-3.8266864E+0,-1.7358183E+1,3.8318628E+3,2.2038582E+1
11245850,29/9/2021,5:38:25 AM,-5.9962158E+0,-8.5235615E+0,3.8381123E+3,2.1994392E+1
11245851,29/9/2021,5:38:25 AM,-9.2061262E+0,-1.8533241E+0,3.8327556E+3,2.1950207E+1
11245852,29/9/2021,5:38:25 AM,-1.4476166E+1,3.6402006E+0,3.8336484E+3,2.1950207E+1
11245853,29/9/2021,5:38:25 AM,-1.8638523E+1,9.9804897E+0,3.8354341E+3,2.1906017E+1
11245854,29/9/2021,5:38:25 AM,-2.3354328E+1,1.6425003E+1,3.8354341E+3,2.1883923E+1
11245855,29/9/2021,5:38:25 AM,-2.6785658E+1,2.2389402E+1,3.8398979E+3,2.1883923E+1
11245856,29/9/2021,5:38:26 AM,-3.1892754E+1,2.7281202E+1,3.8372195E+3,2.1861832E+1
11245857,29/9/2021,5:38:26 AM,-3.7292446E+1,3.0049641E+1,3.8381123E+3,2.1839737E+1
11245858,29/9/2021,5:38:26 AM,-4.0457783E+1,3.0614080E+1,3.8363269E+3,2.1795547E+1
11245859,29/9/2021,5:38:26 AM,-4.4022110E+1,3.1178518E+1,3.8354341E+3,2.1773457E+1
11245860,29/9/2021,5:38:26 AM,-4.4979691E+1,3.2388031E+1,3.8398979E+3,2.1751362E+1
11245861,29/9/2021,5:38:26 AM,-4.4766895E+1,3.0855982E+1,3.8381123E+3,2.1707172E+1
11245862,29/9/2021,5:38:26 AM,-4.5963871E+1,2.6259836E+1,3.8354341E+3,2.1707172E+1
11245863,29/9/2021,5:38:26 AM,-4.4421101E+1,1.9487743E+1,3.8318628E+3,2.1685081E+1
11245864,29/9/2021,5:38:26 AM,-4.2532539E+1,1.4207708E+1,3.8327556E+3,2.1662987E+1
11245865,29/9/2021,5:38:26 AM,-4.0032192E+1,9.8475580E+0,3.8345413E+3,2.1662987E+1
11245866,29/9/2021,5:38:27 AM,-3.7186047E+1,4.4872060E+0,3.8345413E+3,2.1662987E+1
11245867,29/9/2021,5:38:27 AM,-3.6787056E+1,-2.0206437E+0,3.8309702E+3,2.1662987E+1
11245868,29/9/2021,5:38:27 AM,-3.5324089E+1,-8.5793924E+0,3.8291846E+3,2.1685081E+1
11245869,29/9/2021,5:38:27 AM,-3.4286705E+1,-1.4234294E+1,3.8291846E+3,2.1685081E+1
11245870,29/9/2021,5:38:27 AM,-3.3648319E+1,-1.7927128E+1,3.8291846E+3,2.1707172E+1
11245871,29/9/2021,5:38:27 AM,-3.2052353E+1,-2.1287401E+1,3.8318628E+3,2.1729267E+1
11245872,29/9/2021,5:38:27 AM,-3.3621719E+1,-2.4969692E+1,3.8291846E+3,2.1751362E+1
11245873,29/9/2021,5:38:27 AM,-3.2717339E+1,-3.1393541E+1,3.8256133E+3,2.1751362E+1
11245874,29/9/2021,5:38:27 AM,-3.1254368E+1,-3.7011051E+1,3.8256133E+3,2.1751362E+1
11245875,29/9/2021,5:38:27 AM,-2.9259409E+1,-4.1257782E+1,3.8273987E+3,2.1751362E+1
11245876,29/9/2021,5:38:28 AM,-2.5854675E+1,-4.5020706E+1,3.8273987E+3,2.1773457E+1
11245877,29/9/2021,5:38:28 AM,-2.4045914E+1,-5.0020020E+1,3.8256133E+3,2.1773457E+1
11245878,29/9/2021,5:38:28 AM,-2.0215591E+1,-5.5691284E+1,3.8238276E+3,2.1795547E+1
11245879,29/9/2021,5:38:28 AM,-1.5654886E+1,-6.1523819E+1,3.8202566E+3,2.1795547E+1
11245880,29/9/2021,5:38:28 AM,-9.3271551E+0,-6.4372887E+1,3.8238276E+3,2.1795547E+1
11245881,29/9/2021,5:38:28 AM,-3.7514203E+0,-6.5044838E+1,3.8256133E+3,2.1795547E+1
11245882,29/9/2021,5:38:28 AM,-2.4802868E-1,-6.6711281E+1,3.8229348E+3,2.1795547E+1
11245883,29/9/2021,5:38:28 AM,3.4511480E+0,-6.7625130E+1,3.8238276E+3,2.1817642E+1
11245884,29/9/2021,5:38:28 AM,7.3406949E+0,-6.8028305E+1,3.8229348E+3,2.1839737E+1
11245885,29/9/2021,5:38:28 AM,1.0658478E+1,-6.5689919E+1,3.8273987E+3,2.1839737E+1
11245886,29/9/2021,5:38:29 AM,1.0311176E+1,-6.1819477E+1,3.8256133E+3,2.1839737E+1
11245887,29/9/2021,5:38:29 AM,8.6983290E+0,-5.7814648E+1,3.8256133E+3,2.1861832E+1
11245888,29/9/2021,5:38:29 AM,7.7248311E+0,-5.2680946E+1,3.8273987E+3,2.1906017E+1
11245889,29/9/2021,5:38:29 AM,5.4805255E+0,-4.7681629E+1,3.8273987E+3,2.1950207E+1
11245890,29/9/2021,5:38:29 AM,3.8520393E+0,-4.1956608E+1,3.8291846E+3,2.1972301E+1
11245891,29/9/2021,5:38:29 AM,2.0052471E+0,-3.6419735E+1,3.8282915E+3,2.1994392E+1
11245892,29/9/2021,5:38:29 AM,-3.9816520E-1,-2.9995884E+1,3.8273987E+3,2.1994392E+1
11245893,29/9/2021,5:38:29 AM,-2.5788538E+0,-2.2281889E+1,3.8318628E+3,2.2016487E+1
11245894,29/9/2021,5:38:29 AM,-4.3796940E+0,-1.6063431E+1,3.8309702E+3,2.2038582E+1
11245895,29/9/2021,5:38:29 AM,-4.0437698E+0,-1.0419163E+1,3.8327556E+3,2.2060677E+1
11245896,29/9/2021,5:38:30 AM,-4.9525084E+0,-4.9331245E+0,3.8327556E+3,2.2082767E+1
11245897,29/9/2021,5:38:30 AM,-5.8146720E+0,6.2309945E-1,3.8327556E+3,2.2082767E+1
11245898,29/9/2021,5:38:30 AM,-6.2382751E+0,6.5056629E+0,3.8363269E+3,2.2104862E+1
11245899,29/9/2021,5:38:30 AM,-8.3431339E+0,1.1602252E+1,3.8345413E+3,2.2104862E+1
11245900,29/9/2021,5:38:30 AM,-8.2642012E+0,1.7148149E+1,3.8390051E+3,2.2104862E+1
11245901,29/9/2021,5:38:30 AM,-9.5771074E+0,2.1851841E+1,3.8363269E+3,2.2104862E+1
11245902,29/9/2021,5:38:30 AM,-1.0729517E+1,2.5614765E+1,3.8381123E+3,2.2104862E+1
11245903,29/9/2021,5:38:30 AM,-1.0003341E+1,2.9270178E+1,3.8416836E+3,2.2082767E+1
11245904,29/9/2021,5:38:30 AM,-1.4126232E+1,3.1984859E+1,3.8381123E+3,2.2082767E+1
11245905,29/9/2021,5:38:30 AM,-1.7180908E+1,3.3624420E+1,3.8407908E+3,2.2060677E+1
11245906,29/9/2021,5:38:31 AM,-1.9309446E+1,3.3812565E+1,3.8398979E+3,2.1972301E+1
11245907,29/9/2021,5:38:31 AM,-2.1492367E+1,3.3033100E+1,3.8416836E+3,2.1950207E+1
11245908,29/9/2021,5:38:31 AM,-2.2396748E+1,2.9377689E+1,3.8354341E+3,2.1906017E+1
11245909,29/9/2021,5:38:31 AM,-2.4365107E+1,2.4942814E+1,3.8363269E+3,2.1883923E+1
11245910,29/9/2021,5:38:31 AM,-2.6546265E+1,2.2846329E+1,3.8390051E+3,2.1861832E+1
11245911,29/9/2021,5:38:31 AM,-2.5721680E+1,1.7041805E+1,3.8354341E+3,2.1795547E+1
11245912,29/9/2021,5:38:31 AM,-2.5748280E+1,1.0241035E+1,3.8327556E+3,2.1795547E+1
11245913,29/9/2021,5:38:31 AM,-2.5668482E+1,3.8331382E+0,3.8327556E+3,2.1751362E+1
11245914,29/9/2021,5:38:31 AM,-2.5721680E+1,-2.8356259E+0,3.8309702E+3,2.1729267E+1
11245915,29/9/2021,5:38:31 AM,-2.6147272E+1,-8.5740747E+0,3.8318628E+3,2.1729267E+1
11245916,29/9/2021,5:38:32 AM,-2.6386665E+1,-1.4468254E+1,3.8309702E+3,2.1707172E+1
11245917,29/9/2021,5:38:32 AM,-2.5934477E+1,-2.0147083E+1,3.8309702E+3,2.1707172E+1
11245918,29/9/2021,5:38:32 AM,-2.6759060E+1,-2.6179203E+1,3.8273987E+3,2.1707172E+1
11245919,29/9/2021,5:38:32 AM,-2.6200472E+1,-3.2656811E+1,3.8273987E+3,2.1707172E+1
11245920,29/9/2021,5:38:32 AM,-2.6732458E+1,-3.7226074E+1,3.8273987E+3,2.1729267E+1
11245921,29/9/2021,5:38:32 AM,-2.8248629E+1,-4.1849094E+1,3.8256133E+3,2.1751362E+1
11245922,29/9/2021,5:38:32 AM,-2.6705860E+1,-4.6660263E+1,3.8273987E+3,2.1751362E+1
11245923,29/9/2021,5:38:32 AM,-2.6759060E+1,-5.1901482E+1,3.8247205E+3,2.1729267E+1
11245924,29/9/2021,5:38:32 AM,-2.6546265E+1,-5.8217815E+1,3.8211492E+3,2.1729267E+1
11245925,29/9/2021,5:38:32 AM,-2.4258709E+1,-6.2867722E+1,3.8238276E+3,2.1751362E+1
11245926,29/9/2021,5:38:33 AM,-2.3806519E+1,-6.6523132E+1,3.8202566E+3,2.1773457E+1
11245927,29/9/2021,5:38:33 AM,-2.1758360E+1,-6.8565865E+1,3.8229348E+3,2.1773457E+1
11245928,29/9/2021,5:38:33 AM,-2.1093374E+1,-7.0205421E+1,3.8220420E+3,2.1795547E+1
11245929,29/9/2021,5:38:33 AM,-1.9627808E+1,-7.2006248E+1,3.8184709E+3,2.1795547E+1
11245930,29/9/2021,5:38:33 AM,-1.8491182E+1,-7.0205421E+1,3.8220420E+3,2.1795547E+1
11245931,29/9/2021,5:38:33 AM,-1.8296484E+1,-6.5797424E+1,3.8220420E+3,2.1795547E+1
11245932,29/9/2021,5:38:33 AM,-1.6394218E+1,-6.0126156E+1,3.8282915E+3,2.1795547E+1
11245933,29/9/2021,5:38:33 AM,-1.8091261E+1,-5.6820160E+1,3.8220420E+3,2.1817642E+1
11245934,29/9/2021,5:38:33 AM,-1.7386133E+1,-5.3702309E+1,3.8247205E+3,2.1839737E+1
11245935,29/9/2021,5:38:33 AM,-1.5068156E+1,-4.7547237E+1,3.8300774E+3,2.1839737E+1
11245936,29/9/2021,5:38:34 AM,-1.7483482E+1,-4.2951099E+1,3.8256133E+3,2.1839737E+1
11245937,29/9/2021,5:38:34 AM,-1.6946743E+1,-3.7978661E+1,3.8309702E+3,2.1839737E+1
11245938,29/9/2021,5:38:34 AM,-1.9656750E+1,-3.3194370E+1,3.8256133E+3,2.1861832E+1
11245939,29/9/2021,5:38:34 AM,-2.0827379E+1,-2.8732618E+1,3.8282915E+3,2.1883923E+1
11245940,29/9/2021,5:38:34 AM,-2.0880577E+1,-2.2389402E+1,3.8291846E+3,2.1861832E+1
11245941,29/9/2021,5:38:34 AM,-2.2822338E+1,-1.6222948E+1,3.8300774E+3,2.1861832E+1
11245942,29/9/2021,5:38:34 AM,-2.4843899E+1,-8.8691835E+0,3.8327556E+3,2.1861832E+1
11245943,29/9/2021,5:38:34 AM,-2.6759060E+1,-3.9452186E+0,3.8309702E+3,2.1817642E+1
11245944,29/9/2021,5:38:34 AM,-2.7317648E+1,3.6607426E-1,3.8309702E+3,2.1795547E+1
11245945,29/9/2021,5:38:34 AM,-2.7264448E+1,5.5485568E+0,3.8327556E+3,2.1795547E+1
11245946,29/9/2021,5:38:35 AM,-2.6227070E+1,9.9751720E+0,3.8354341E+3,2.1773457E+1
11245947,29/9/2021,5:38:35 AM,-2.4897097E+1,1.4553329E+1,3.8363269E+3,2.1751362E+1
11245948,29/9/2021,5:38:35 AM,-2.4152311E+1,1.6853043E+1,3.8363269E+3,2.1751362E+1
11245949,29/9/2021,5:38:35 AM,-2.1332769E+1,1.8392389E+1,3.8381123E+3,2.1751362E+1
11245950,29/9/2021,5:38:35 AM,-1.8520126E+1,1.8724716E+1,3.8363269E+3,2.1751362E+1
11245951,29/9/2021,5:38:35 AM,-1.4507738E+1,1.7823442E+1,3.8381123E+3,2.1751362E+1
11245952,29/9/2021,5:38:35 AM,-1.0916324E+1,1.7698486E+1,3.8398979E+3,2.1751362E+1
11245953,29/9/2021,5:38:35 AM,-9.7454958E+0,1.4657017E+1,3.8363269E+3,2.1817642E+1
11245954,29/9/2021,5:38:35 AM,-7.4301515E+0,1.0788713E+1,3.8363269E+3,2.1839737E+1
11245955,29/9/2021,5:38:35 AM,-6.1935468E+0,6.1042099E+0,3.8327556E+3,2.1839737E+1
11245956,29/9/2021,5:38:36 AM,-4.9762769E+0,1.8925520E+0,3.8354341E+3,2.1839737E+1
11245957,29/9/2021,5:38:36 AM,-3.9621651E+0,-8.6599362E-1,3.8354341E+3,2.1861832E+1
11245958,29/9/2021,5:38:36 AM,-5.9567499E+0,-5.4631028E+0,3.8309702E+3,2.1861832E+1
11245959,29/9/2021,5:38:36 AM,-6.4382362E+0,-9.5870123E+0,3.8309702E+3,2.1883923E+1
