TOB3,67953,CR1000,67953,CR1000.Std.32.05,CPU:1301269T.CR1,25943,2021-10-01 16:09:10,


Scan Number,Date,Time,X_Accel,Y_Accel,Z_Accel,Wave_Radar
,,,mm/s^2,mm/s^2,mm/s^2,Meters
13351960,1/10/2021,4:08:36 PM,-5.9665680E+1,5.2307354E+1,3.8584065E+3,2.3165367E+1
13351961,1/10/2021,4:08:36 PM,-7.3764122E+1,5.8624020E+1,3.8619785E+3,2.3143272E+1
13351962,1/10/2021,4:08:36 PM,-9.2251701E+1,6.8031815E+1,3.8592996E+3,2.3099083E+1
13351963,1/10/2021,4:08:36 PM,-1.0310485E+2,7.6418198E+1,3.8709080E+3,2.2922333E+1
13351964,1/10/2021,4:08:36 PM,-1.1084569E+2,7.8272873E+1,3.8682290E+3,2.2878147E+1
13351965,1/10/2021,4:08:36 PM,-1.1220233E+2,6.8408127E+1,3.8539419E+3,2.2900238E+1
13351966,1/10/2021,4:08:37 PM,-1.0879742E+2,6.0532455E+1,3.8601924E+3,2.2900238E+1
13351967,1/10/2021,4:08:37 PM,-1.0765358E+2,5.4753380E+1,3.8601924E+3,2.2878147E+1
13351968,1/10/2021,4:08:37 PM,-1.0350386E+2,4.6232609E+1,3.8601924E+3,2.2900238E+1
13351969,1/10/2021,4:08:37 PM,-9.4725586E+1,3.3653034E+1,3.8619785E+3,2.2900238E+1
13351970,1/10/2021,4:08:37 PM,-8.0467537E+1,1.6985537E+1,3.8539419E+3,2.3032803E+1
13351971,1/10/2021,4:08:37 PM,-6.4427223E+1,-9.6821767E-1,3.8494771E+3,2.3143272E+1
13351972,1/10/2021,4:08:37 PM,-5.4824329E+1,-1.2787014E+1,3.8459053E+3,2.3121178E+1
13351973,1/10/2021,4:08:37 PM,-4.5460831E+1,-1.9825321E+1,3.8530491E+3,2.3187458E+1
13351974,1/10/2021,4:08:37 PM,-4.1656914E+1,-2.5186020E+1,3.8530491E+3,2.3209553E+1
13351975,1/10/2021,4:08:37 PM,-4.1630310E+1,-2.4944103E+1,3.8503701E+3,2.3231647E+1
13351976,1/10/2021,4:08:38 PM,-3.4581089E+1,-2.9083536E+1,3.8548347E+3,2.3275833E+1
13351977,1/10/2021,4:08:38 PM,-2.9952541E+1,-3.9566509E+1,3.8459053E+3,2.3275833E+1
13351978,1/10/2021,4:08:38 PM,-2.5749611E+1,-4.4216648E+1,3.8494771E+3,2.3231647E+1
13351979,1/10/2021,4:08:38 PM,-2.0509245E+1,-4.4781116E+1,3.8557275E+3,2.3231647E+1
13351980,1/10/2021,4:08:38 PM,-1.5359583E+1,-4.9673172E+1,3.8530491E+3,2.3165367E+1
13351981,1/10/2021,4:08:38 PM,-8.1179228E+0,-5.7683239E+1,3.8539419E+3,2.3076992E+1
13351982,1/10/2021,4:08:38 PM,6.0896081E-1,-6.7413589E+1,3.8423335E+3,2.3076992E+1
13351983,1/10/2021,4:08:38 PM,1.0746708E+1,-7.4187202E+1,3.8584065E+3,2.3010708E+1
13351984,1/10/2021,4:08:38 PM,2.3089525E+1,-8.3729401E+1,3.8423335E+3,2.2988613E+1
13351985,1/10/2021,4:08:38 PM,2.7585068E+1,-9.1148125E+1,3.8494771E+3,2.2944427E+1
13351986,1/10/2021,4:08:39 PM,3.2665829E+1,-9.5260674E+1,3.8494771E+3,2.2878147E+1
13351987,1/10/2021,4:08:39 PM,3.6602753E+1,-1.0276003E+2,3.8387620E+3,2.2878147E+1
13351988,1/10/2021,4:08:39 PM,4.1577106E+1,-1.0585117E+2,3.8476914E+3,2.2856052E+1
13351989,1/10/2021,4:08:39 PM,4.1949520E+1,-1.0603932E+2,3.8396548E+3,2.2833958E+1
13351990,1/10/2021,4:08:39 PM,4.1603710E+1,-1.0128167E+2,3.8494771E+3,2.2811863E+1
13351991,1/10/2021,4:08:39 PM,4.1656914E+1,-9.4212379E+1,3.8494771E+3,2.2789772E+1
13351992,1/10/2021,4:08:39 PM,3.5964333E+1,-9.0072945E+1,3.8387620E+3,2.2789772E+1
13351993,1/10/2021,4:08:39 PM,3.1415590E+1,-8.1498405E+1,3.8441196E+3,2.2856052E+1
13351994,1/10/2021,4:08:39 PM,2.8888510E+1,-7.0773521E+1,3.8467981E+3,2.2856052E+1
13351995,1/10/2021,4:08:39 PM,2.8223490E+1,-5.5264088E+1,3.8548347E+3,2.2856052E+1
13351996,1/10/2021,4:08:40 PM,2.3222530E+1,-3.9969700E+1,3.8548347E+3,2.2878147E+1
13351997,1/10/2021,4:08:40 PM,1.7630497E+1,-2.7793324E+1,3.8530491E+3,2.2878147E+1
13351998,1/10/2021,4:08:40 PM,1.3578113E+1,-1.3536845E+1,3.8557275E+3,2.2856052E+1
13351999,1/10/2021,4:08:40 PM,1.1922952E+1,9.5621496E-1,3.8619785E+3,2.2856052E+1
13352000,1/10/2021,4:08:40 PM,1.1494031E+1,1.4850378E+1,3.8610852E+3,2.2878147E+1
13352001,1/10/2021,4:08:40 PM,8.9336624E+0,2.9002895E+1,3.8637642E+3,2.2900238E+1
13352002,1/10/2021,4:08:40 PM,3.9459786E+0,4.6286366E+1,3.8700146E+3,2.2900238E+1
13352003,1/10/2021,4:08:40 PM,-5.5040817E+0,6.0236786E+1,3.8637642E+3,2.2966522E+1
13352004,1/10/2021,4:08:40 PM,-3.1526616E+0,7.1553024E+1,3.8744795E+3,2.2988613E+1
13352005,1/10/2021,4:08:40 PM,-7.7416296E+0,8.4482025E+1,3.8753723E+3,2.2966522E+1
13352006,1/10/2021,4:08:41 PM,-1.8417290E+1,9.5180031E+1,3.8673359E+3,2.2944427E+1
13352007,1/10/2021,4:08:41 PM,-2.1972290E+1,1.0243748E+2,3.8744795E+3,2.2944427E+1
13352008,1/10/2021,4:08:41 PM,-2.9234320E+1,1.1273230E+2,3.8798374E+3,2.2878147E+1
13352009,1/10/2021,4:08:41 PM,-3.5033302E+1,1.1652229E+2,3.8718008E+3,2.2856052E+1
13352010,1/10/2021,4:08:41 PM,-3.5645123E+1,1.1657606E+2,3.8753723E+3,2.2878147E+1
13352011,1/10/2021,4:08:41 PM,-3.6097336E+1,1.1654917E+2,3.8789441E+3,2.2878147E+1
13352012,1/10/2021,4:08:41 PM,-3.5113106E+1,1.1012499E+2,3.8709080E+3,2.2878147E+1
13352013,1/10/2021,4:08:41 PM,-3.3251049E+1,1.0109351E+2,3.8718008E+3,2.2878147E+1
13352014,1/10/2021,4:08:41 PM,-3.1229383E+1,9.3110321E+1,3.8691218E+3,2.2878147E+1
13352015,1/10/2021,4:08:41 PM,-2.4472771E+1,8.0665146E+1,3.8726936E+3,2.2922333E+1
13352016,1/10/2021,4:08:42 PM,-1.9504065E+1,6.6311539E+1,3.8637642E+3,2.2966522E+1
13352017,1/10/2021,4:08:42 PM,-1.9014622E+1,5.4054516E+1,3.8655500E+3,2.2966522E+1
13352018,1/10/2021,4:08:42 PM,-1.8309401E+1,4.2765160E+1,3.8628713E+3,2.2988613E+1
13352019,1/10/2021,4:08:42 PM,-1.5593779E+1,3.0158712E+1,3.8601924E+3,2.3010708E+1
13352020,1/10/2021,4:08:42 PM,-1.0888804E+1,1.7655598E+1,3.8664431E+3,2.3010708E+1
13352021,1/10/2021,4:08:42 PM,-9.9757032E+0,3.0327215E+0,3.8521558E+3,2.3032803E+1
13352022,1/10/2021,4:08:42 PM,-7.8916202E+0,-1.0832666E+1,3.8548347E+3,2.3032803E+1
13352023,1/10/2021,4:08:42 PM,-1.0715132E+1,-2.1906731E+1,3.8530491E+3,2.2988613E+1
13352024,1/10/2021,4:08:42 PM,-1.1712439E+1,-3.0427507E+1,3.8512629E+3,2.2988613E+1
13352025,1/10/2021,4:08:42 PM,-1.2501863E+1,-3.8867645E+1,3.8530491E+3,2.2944427E+1
13352026,1/10/2021,4:08:43 PM,-1.2257142E+1,-4.8571114E+1,3.8476914E+3,2.2878147E+1
13352027,1/10/2021,4:08:43 PM,-1.3054461E+1,-5.6339272E+1,3.8476914E+3,2.2900238E+1
13352028,1/10/2021,4:08:43 PM,-1.3157086E+1,-6.5908340E+1,3.8459053E+3,2.2988613E+1
13352029,1/10/2021,4:08:43 PM,-1.2691326E+1,-7.2681953E+1,3.8441196E+3,2.3010708E+1
13352030,1/10/2021,4:08:43 PM,-9.5441513E+0,-8.0772659E+1,3.8459053E+3,2.3032803E+1
13352031,1/10/2021,4:08:43 PM,-6.8995762E+0,-8.8218262E+1,3.8467981E+3,2.3121178E+1
13352032,1/10/2021,4:08:43 PM,-2.8998466E+0,-9.5233795E+1,3.8414407E+3,2.3121178E+1
13352033,1/10/2021,4:08:43 PM,-5.7285953E+0,-9.8647476E+1,3.8423335E+3,2.3187458E+1
13352034,1/10/2021,4:08:43 PM,-8.5784206E+0,-9.8781883E+1,3.8441196E+3,2.3209553E+1
13352035,1/10/2021,4:08:43 PM,-1.0570403E+1,-9.7787338E+1,3.8441196E+3,2.3231647E+1
13352036,1/10/2021,4:08:44 PM,-1.4299121E+1,-9.6470245E+1,3.8441196E+3,2.3275833E+1
13352037,1/10/2021,4:08:44 PM,-1.9056725E+1,-9.2142662E+1,3.8432266E+3,2.3275833E+1
13352038,1/10/2021,4:08:44 PM,-2.7452065E+1,-8.7949471E+1,3.8396548E+3,2.3342117E+1
13352039,1/10/2021,4:08:44 PM,-3.3277649E+1,-7.8649185E+1,3.8423335E+3,2.3386303E+1
13352040,1/10/2021,4:08:44 PM,-3.9502243E+1,-6.7225433E+1,3.8459053E+3,2.3364208E+1
13352041,1/10/2021,4:08:44 PM,-4.3864780E+1,-5.7495083E+1,3.8459053E+3,2.3364208E+1
13352042,1/10/2021,4:08:44 PM,-4.7269688E+1,-4.7173386E+1,3.8432266E+3,2.3364208E+1
13352043,1/10/2021,4:08:44 PM,-5.3973099E+1,-3.7416157E+1,3.8450125E+3,2.3297928E+1
13352044,1/10/2021,4:08:44 PM,-5.6047962E+1,-2.6073040E+1,3.8485842E+3,2.3297928E+1
13352045,1/10/2021,4:08:44 PM,-5.0701195E+1,-1.7325886E+1,3.8512629E+3,2.3275833E+1
13352046,1/10/2021,4:08:45 PM,-4.4875610E+1,-7.9237475E+0,3.8539419E+3,2.3209553E+1
13352047,1/10/2021,4:08:45 PM,-3.9661846E+1,1.9492062E+0,3.8566208E+3,2.3187458E+1
13352048,1/10/2021,4:08:45 PM,-3.2293415E+1,9.3356628E+0,3.8575137E+3,2.3054897E+1
13352049,1/10/2021,4:08:45 PM,-2.2318104E+1,1.7214207E+1,3.8610852E+3,2.2966522E+1
13352050,1/10/2021,4:08:45 PM,-1.0186216E+1,2.5266657E+1,3.8655500E+3,2.2944427E+1
13352051,1/10/2021,4:08:45 PM,6.6492081E-1,3.2470345E+1,3.8673359E+3,2.2856052E+1
13352052,1/10/2021,4:08:45 PM,8.5415802E+0,3.9674030E+1,3.8718008E+3,2.2856052E+1
13352053,1/10/2021,4:08:45 PM,1.5812186E+1,4.3732819E+1,3.8682290E+3,2.2833958E+1
13352054,1/10/2021,4:08:45 PM,2.0615648E+1,4.7307781E+1,3.8718008E+3,2.2811863E+1
13352055,1/10/2021,4:08:45 PM,2.9234320E+1,4.8167923E+1,3.8709080E+3,2.2811863E+1
13352056,1/10/2021,4:08:46 PM,3.8145603E+1,4.7307781E+1,3.8709080E+3,2.2833958E+1
13352057,1/10/2021,4:08:46 PM,4.2481537E+1,4.6528278E+1,3.8718008E+3,2.2833958E+1
13352058,1/10/2021,4:08:46 PM,4.4050987E+1,4.3920975E+1,3.8655500E+3,2.2878147E+1
13352059,1/10/2021,4:08:46 PM,4.2428337E+1,4.4162891E+1,3.8700146E+3,2.2900238E+1
13352060,1/10/2021,4:08:46 PM,4.0353470E+1,4.2953316E+1,3.8655500E+3,2.2900238E+1
13352061,1/10/2021,4:08:46 PM,3.9129829E+1,4.1421188E+1,3.8700146E+3,2.2878147E+1
13352062,1/10/2021,4:08:46 PM,3.3862865E+1,3.9835304E+1,3.8637642E+3,2.2878147E+1
13352063,1/10/2021,4:08:46 PM,2.6361431E+1,3.7523674E+1,3.8655500E+3,2.2900238E+1
13352064,1/10/2021,4:08:46 PM,1.9985615E+1,3.6421619E+1,3.8637642E+3,2.2900238E+1
13352065,1/10/2021,4:08:46 PM,1.4759620E+1,3.5427078E+1,3.8655500E+3,2.2900238E+1
13352066,1/10/2021,4:08:47 PM,1.1094055E+1,3.4217503E+1,3.8673359E+3,2.2878147E+1
13352067,1/10/2021,4:08:47 PM,6.0101571E+0,3.0750059E+1,3.8610852E+3,2.2900238E+1
13352068,1/10/2021,4:08:47 PM,1.3132129E+0,2.7417011E+1,3.8655500E+3,2.2878147E+1
13352069,1/10/2021,4:08:47 PM,-4.0141358E+0,2.2498075E+1,3.8566208E+3,2.2856052E+1
13352070,1/10/2021,4:08:47 PM,-6.3101392E+0,1.8030514E+1,3.8619785E+3,2.2833958E+1
13352071,1/10/2021,4:08:47 PM,-7.2995520E+0,1.5376857E+1,3.8610852E+3,2.2767677E+1
13352072,1/10/2021,4:08:47 PM,-9.1573324E+0,1.0197171E+1,3.8601924E+3,2.2745583E+1
13352073,1/10/2021,4:08:47 PM,-1.3120247E+1,5.5466228E+0,3.8584065E+3,2.2635113E+1
13352074,1/10/2021,4:08:47 PM,-2.0589048E+1,2.7027819E+0,3.8566208E+3,2.2546738E+1
13352075,1/10/2021,4:08:47 PM,-2.5723009E+1,-1.8955511E+0,3.8539419E+3,2.2590927E+1
13352076,1/10/2021,4:08:48 PM,-2.8915110E+1,-6.2007313E+0,3.8566208E+3,2.2568832E+1
13352077,1/10/2021,4:08:48 PM,-3.4448082E+1,-9.2718477E+0,3.8548347E+3,2.2568832E+1
13352078,1/10/2021,4:08:48 PM,-3.8704220E+1,-1.3254992E+1,3.8539419E+3,2.2635113E+1
13352079,1/10/2021,4:08:48 PM,-4.6312057E+1,-1.6435127E+1,3.8530491E+3,2.2701397E+1
13352080,1/10/2021,4:08:48 PM,-5.2616455E+1,-2.0724035E+1,3.8503701E+3,2.2767677E+1
13352081,1/10/2021,4:08:48 PM,-5.3228275E+1,-2.6879421E+1,3.8494771E+3,2.2944427E+1
13352082,1/10/2021,4:08:48 PM,-5.3840096E+1,-3.3438004E+1,3.8459053E+3,2.2966522E+1
13352083,1/10/2021,4:08:48 PM,-5.2589859E+1,-3.7550552E+1,3.8503701E+3,2.3032803E+1
13352084,1/10/2021,4:08:48 PM,-5.1765228E+1,-4.2361969E+1,3.8459053E+3,2.3099083E+1
13352085,1/10/2021,4:08:48 PM,-5.0062778E+1,-4.6877712E+1,3.8459053E+3,2.3121178E+1
13352086,1/10/2021,4:08:49 PM,-4.4902214E+1,-5.1474094E+1,3.8476914E+3,2.3253742E+1
13352087,1/10/2021,4:08:49 PM,-4.1710110E+1,-5.6151115E+1,3.8450125E+3,2.3297928E+1
13352088,1/10/2021,4:08:49 PM,-3.5006702E+1,-6.0505581E+1,3.8459053E+3,2.3297928E+1
13352089,1/10/2021,4:08:49 PM,-3.0644165E+1,-6.1795795E+1,3.8476914E+3,2.3320023E+1
13352090,1/10/2021,4:08:49 PM,-2.8276690E+1,-6.2333378E+1,3.8459053E+3,2.3320023E+1
13352091,1/10/2021,4:08:49 PM,-2.4871782E+1,-6.2844086E+1,3.8450125E+3,2.3297928E+1
13352092,1/10/2021,4:08:49 PM,-2.2158497E+1,-6.0156143E+1,3.8494771E+3,2.3297928E+1
13352093,1/10/2021,4:08:49 PM,-1.9972458E+1,-5.7521961E+1,3.8467981E+3,2.3275833E+1
13352094,1/10/2021,4:08:49 PM,-2.0589048E+1,-5.2576153E+1,3.8503701E+3,2.3253742E+1
13352095,1/10/2021,4:08:49 PM,-2.1653082E+1,-4.7388424E+1,3.8467981E+3,2.3253742E+1
13352096,1/10/2021,4:08:50 PM,-2.1121065E+1,-4.2308212E+1,3.8503701E+3,2.3253742E+1
13352097,1/10/2021,4:08:50 PM,-1.8088362E+1,-3.7443035E+1,3.8476914E+3,2.3231647E+1
13352098,1/10/2021,4:08:50 PM,-1.5630619E+1,-3.1314528E+1,3.8494771E+3,2.3187458E+1
13352099,1/10/2021,4:08:50 PM,-1.4925400E+1,-2.2148643E+1,3.8512629E+3,2.3143272E+1
13352100,1/10/2021,4:08:50 PM,-1.1791381E+1,-1.3510255E+1,3.8548347E+3,2.3165367E+1
13352101,1/10/2021,4:08:50 PM,-6.7232714E+0,-4.4285583E+0,3.8566208E+3,2.3187458E+1
13352102,1/10/2021,4:08:50 PM,-2.8673532E+0,3.8928068E+0,3.8557275E+3,2.3187458E+1
13352103,1/10/2021,4:08:50 PM,4.4333811E+0,1.3044933E+1,3.8619785E+3,2.3143272E+1
13352104,1/10/2021,4:08:50 PM,8.6678886E+0,2.3331337E+1,3.8619785E+3,2.3121178E+1
13352105,1/10/2021,4:08:50 PM,1.1557185E+1,3.4513180E+1,3.8673359E+3,2.3099083E+1
13352106,1/10/2021,4:08:51 PM,1.4709622E+1,4.4781116E+1,3.8691218E+3,2.3032803E+1
13352107,1/10/2021,4:08:51 PM,1.8830423E+1,5.3839485E+1,3.8726936E+3,2.3010708E+1
13352108,1/10/2021,4:08:51 PM,2.0908258E+1,6.0613098E+1,3.8726936E+3,2.3032803E+1
13352109,1/10/2021,4:08:51 PM,2.2610712E+1,6.6257774E+1,3.8744795E+3,2.3032803E+1
13352110,1/10/2021,4:08:51 PM,2.2318104E+1,7.1418625E+1,3.8771584E+3,2.2988613E+1
13352111,1/10/2021,4:08:51 PM,2.0304016E+1,7.3810890E+1,3.8744795E+3,2.2856052E+1
13352112,1/10/2021,4:08:51 PM,2.0509245E+1,7.2278770E+1,3.8780513E+3,2.2811863E+1
13352113,1/10/2021,4:08:51 PM,2.0264545E+1,6.6553444E+1,3.8691218E+3,2.2922333E+1
13352114,1/10/2021,4:08:51 PM,1.8390976E+1,6.1070045E+1,3.8718008E+3,2.2966522E+1
13352115,1/10/2021,4:08:51 PM,1.6356890E+1,5.6419907E+1,3.8726936E+3,2.2944427E+1
13352116,1/10/2021,4:08:52 PM,1.2243984E+1,4.7818493E+1,3.8682290E+3,2.2966522E+1
13352117,1/10/2021,4:08:52 PM,8.7810392E+0,3.7604313E+1,3.8619785E+3,2.2966522E+1
13352118,1/10/2021,4:08:52 PM,5.7075443E+0,2.7121336E+1,3.8646572E+3,2.3032803E+1
13352119,1/10/2021,4:08:52 PM,3.2319143E+0,1.7506695E+1,3.8628713E+3,2.3121178E+1
13352120,1/10/2021,4:08:52 PM,-1.3240345E+0,7.2988882E+0,3.8575137E+3,2.3121178E+1
13352121,1/10/2021,4:08:52 PM,-6.6127520E+0,-3.9176321E+0,3.8548347E+3,2.3121178E+1
13352122,1/10/2021,4:08:52 PM,-9.3941593E+0,-1.4802516E+1,3.8548347E+3,2.3143272E+1
13352123,1/10/2021,4:08:52 PM,-1.2204514E+1,-2.5831125E+1,3.8494771E+3,2.3099083E+1
13352124,1/10/2021,4:08:52 PM,-1.4841194E+1,-3.4862610E+1,3.8530491E+3,2.3054897E+1
13352125,1/10/2021,4:08:52 PM,-1.5330637E+1,-4.4377926E+1,3.8512629E+3,2.3054897E+1
13352126,1/10/2021,4:08:53 PM,-1.7341040E+1,-5.4081402E+1,3.8459053E+3,2.2944427E+1
13352127,1/10/2021,4:08:53 PM,-2.0961460E+1,-6.2790329E+1,3.8441196E+3,2.2900238E+1
13352128,1/10/2021,4:08:53 PM,-2.2291502E+1,-6.9644585E+1,3.8423335E+3,2.2856052E+1
13352129,1/10/2021,4:08:53 PM,-2.3754547E+1,-7.3219551E+1,3.8459053E+3,2.2811863E+1
13352130,1/10/2021,4:08:53 PM,-2.4871782E+1,-7.6579475E+1,3.8441196E+3,2.2789772E+1
13352131,1/10/2021,4:08:53 PM,-2.6999849E+1,-7.8971748E+1,3.8423335E+3,2.2745583E+1
13352132,1/10/2021,4:08:53 PM,-2.8436296E+1,-8.0907059E+1,3.8378687E+3,2.2723488E+1
13352133,1/10/2021,4:08:53 PM,-3.1229383E+1,-7.8057846E+1,3.8405476E+3,2.2723488E+1
13352134,1/10/2021,4:08:53 PM,-3.3357449E+1,-6.9510185E+1,3.8467981E+3,2.2745583E+1
13352135,1/10/2021,4:08:53 PM,-3.4767296E+1,-6.2252743E+1,3.8459053E+3,2.2745583E+1
13352136,1/10/2021,4:08:54 PM,-3.3969269E+1,-5.5156578E+1,3.8459053E+3,2.2767677E+1
13352137,1/10/2021,4:08:54 PM,-3.4820496E+1,-4.8571114E+1,3.8441196E+3,2.2789772E+1
13352138,1/10/2021,4:08:54 PM,-3.3064842E+1,-3.8652611E+1,3.8494771E+3,2.2856052E+1
13352139,1/10/2021,4:08:54 PM,-3.0431358E+1,-2.9352327E+1,3.8503701E+3,2.2922333E+1
13352140,1/10/2021,4:08:54 PM,-2.7638269E+1,-2.1073467E+1,3.8530491E+3,2.2922333E+1
13352141,1/10/2021,4:08:54 PM,-2.4366367E+1,-1.2792332E+1,3.8557275E+3,2.3032803E+1
13352142,1/10/2021,4:08:54 PM,-1.8972519E+1,-5.9374924E+0,3.8548347E+3,2.3099083E+1
13352143,1/10/2021,4:08:54 PM,-1.6967379E+1,4.6335692E+0,3.8601924E+3,2.3121178E+1
13352144,1/10/2021,4:08:54 PM,-1.4214916E+1,1.2196721E+1,3.8584065E+3,2.3231647E+1
13352145,1/10/2021,4:08:54 PM,-9.3625822E+0,2.0006132E+1,3.8619785E+3,2.3231647E+1
13352146,1/10/2021,4:08:55 PM,-6.7706366E+0,3.0212471E+1,3.8655500E+3,2.3253742E+1
13352147,1/10/2021,4:08:55 PM,-5.5917616E+0,3.6502254E+1,3.8646572E+3,2.3253742E+1
13352148,1/10/2021,4:08:55 PM,-5.9101634E+0,4.3894096E+1,3.8646572E+3,2.3275833E+1
13352149,1/10/2021,4:08:55 PM,-8.8047228E+0,5.2226719E+1,3.8673359E+3,2.3275833E+1
13352150,1/10/2021,4:08:55 PM,-9.2810087E+0,5.9403519E+1,3.8691218E+3,2.3275833E+1
13352151,1/10/2021,4:08:55 PM,-8.4179039E+0,6.3999905E+1,3.8744795E+3,2.3253742E+1
13352152,1/10/2021,4:08:55 PM,-7.3390226E+0,6.5666428E+1,3.8682290E+3,2.3231647E+1
13352153,1/10/2021,4:08:55 PM,-8.1889706E+0,6.6607208E+1,3.8691218E+3,2.3253742E+1
13352154,1/10/2021,4:08:55 PM,-6.8232651E+0,6.4080544E+1,3.8682290E+3,2.3253742E+1
13352155,1/10/2021,4:08:55 PM,-3.4514434E+0,6.0209904E+1,3.8682290E+3,2.3231647E+1
13352156,1/10/2021,4:08:56 PM,-1.5412754E+0,5.4968422E+1,3.8673359E+3,2.3187458E+1
13352157,1/10/2021,4:08:56 PM,8.1010002E-1,4.8302322E+1,3.8655500E+3,2.3165367E+1
13352158,1/10/2021,4:08:56 PM,2.3316064E+0,4.3383389E+1,3.8673359E+3,2.3076992E+1
13352159,1/10/2021,4:08:56 PM,8.1432343E-1,3.6636654E+1,3.8619785E+3,2.2944427E+1
13352160,1/10/2021,4:08:56 PM,-2.1908863E-2,3.1233889E+1,3.8646572E+3,2.2944427E+1
13352161,1/10/2021,4:08:56 PM,-2.3300214E+0,2.7228855E+1,3.8655500E+3,2.2900238E+1
13352162,1/10/2021,4:08:56 PM,-7.1469293E+0,2.3170061E+1,3.8646572E+3,2.2856052E+1
13352163,1/10/2021,4:08:56 PM,-1.4725411E+1,1.8862772E+1,3.8601924E+3,2.2833958E+1
13352164,1/10/2021,4:08:56 PM,-2.2185099E+1,1.3879852E+1,3.8575137E+3,2.2789772E+1
13352165,1/10/2021,4:08:56 PM,-2.9367325E+1,9.2000551E+0,3.8601924E+3,2.2789772E+1
13352166,1/10/2021,4:08:57 PM,-3.5192905E+1,3.9624786E+0,3.8584065E+3,2.2767677E+1
13352167,1/10/2021,4:08:57 PM,-4.0566277E+1,-1.6715758E+0,3.8584065E+3,2.2723488E+1
13352168,1/10/2021,4:08:57 PM,-4.7322887E+1,-1.0593359E+1,3.8503701E+3,2.2745583E+1
13352169,1/10/2021,4:08:57 PM,-4.8679531E+1,-2.1799212E+1,3.8512629E+3,2.2767677E+1
13352170,1/10/2021,4:08:57 PM,-4.5966248E+1,-3.2550980E+1,3.8503701E+3,2.2767677E+1
13352171,1/10/2021,4:08:57 PM,-4.6232254E+1,-4.3168350E+1,3.8441196E+3,2.2789772E+1
13352172,1/10/2021,4:08:57 PM,-4.0459873E+1,-5.4645866E+1,3.8485842E+3,2.2811863E+1
13352173,1/10/2021,4:08:57 PM,-3.3490452E+1,-6.6607208E+1,3.8423335E+3,2.2811863E+1
13352174,1/10/2021,4:08:57 PM,-2.8356493E+1,-7.6068764E+1,3.8405476E+3,2.2900238E+1
13352175,1/10/2021,4:08:57 PM,-1.9825098E+1,-8.5100250E+1,3.8423335E+3,2.2900238E+1
13352176,1/10/2021,4:08:58 PM,-8.8757706E+0,-9.0019188E+1,3.8414407E+3,2.3010708E+1
13352177,1/10/2021,4:08:58 PM,-5.2370101E-1,-9.3298477E+1,3.8476914E+3,2.3121178E+1
13352178,1/10/2021,4:08:58 PM,8.0074034E+0,-9.9937691E+1,3.8396548E+3,2.3143272E+1
13352179,1/10/2021,4:08:58 PM,1.5285904E+1,-1.0362017E+2,3.8423335E+3,2.3209553E+1
13352180,1/10/2021,4:08:58 PM,2.2344702E+1,-1.0445344E+2,3.8387620E+3,2.3209553E+1
13352181,1/10/2021,4:08:58 PM,2.7079653E+1,-1.0114726E+2,3.8441196E+3,2.3231647E+1
13352182,1/10/2021,4:08:58 PM,4.0353470E+1,-9.7249748E+1,3.8512629E+3,2.3231647E+1
13352183,1/10/2021,4:08:58 PM,5.0568192E+1,-9.4749962E+1,3.8467981E+3,2.3253742E+1
13352184,1/10/2021,4:08:58 PM,5.6287373E+1,-9.0422379E+1,3.8503701E+3,2.3275833E+1
13352185,1/10/2021,4:08:58 PM,5.9905083E+1,-8.6659256E+1,3.8459053E+3,2.3275833E+1
13352186,1/10/2021,4:08:59 PM,5.9266663E+1,-7.8245995E+1,3.8494771E+3,2.3209553E+1
13352187,1/10/2021,4:08:59 PM,5.5223339E+1,-6.5478271E+1,3.8494771E+3,2.3165367E+1
13352188,1/10/2021,4:08:59 PM,4.8679531E+1,-4.8006645E+1,3.8530491E+3,2.3143272E+1
13352189,1/10/2021,4:08:59 PM,3.8518013E+1,-2.6476233E+1,3.8601924E+3,2.3032803E+1
13352190,1/10/2021,4:08:59 PM,2.9473728E+1,-8.4901094E+0,3.8566208E+3,2.3010708E+1
13352191,1/10/2021,4:08:59 PM,1.4591208E+1,1.2420075E+1,3.8575137E+3,2.2988613E+1
13352192,1/10/2021,4:08:59 PM,4.9287086E+0,3.1744598E+1,3.8584065E+3,2.2922333E+1
13352193,1/10/2021,4:08:59 PM,-7.5679564E+0,5.6339272E+1,3.8655500E+3,2.2922333E+1
13352194,1/10/2021,4:08:59 PM,-2.2850119E+1,8.1579048E+1,3.8691218E+3,2.2900238E+1
13352195,1/10/2021,4:08:59 PM,-3.2719032E+1,1.0114726E+2,3.8753723E+3,2.2878147E+1
13352196,1/10/2021,4:09:00 PM,-4.1417503E+1,1.2009726E+2,3.8789441E+3,2.2856052E+1
13352197,1/10/2021,4:09:00 PM,-5.2776062E+1,1.3512286E+2,3.8780513E+3,2.2833958E+1
13352198,1/10/2021,4:09:00 PM,-5.4026302E+1,1.4315981E+2,3.8816230E+3,2.2856052E+1
13352199,1/10/2021,4:09:00 PM,-5.5382946E+1,1.4998717E+2,3.8834089E+3,2.2878147E+1
13352200,1/10/2021,4:09:00 PM,-5.9958286E+1,1.5533618E+2,3.8923384E+3,2.2878147E+1
13352201,1/10/2021,4:09:00 PM,-5.9905083E+1,1.4864320E+2,3.8825161E+3,2.2988613E+1
13352202,1/10/2021,4:09:00 PM,-5.6792786E+1,1.3326817E+2,3.8771584E+3,2.3076992E+1
13352203,1/10/2021,4:09:00 PM,-5.5223339E+1,1.1517833E+2,3.8726936E+3,2.3032803E+1
13352204,1/10/2021,4:09:00 PM,-5.2004635E+1,9.7222870E+1,3.8726936E+3,2.3010708E+1
13352205,1/10/2021,4:09:00 PM,-5.0195782E+1,7.8568550E+1,3.8718008E+3,2.3010708E+1
13352206,1/10/2021,4:09:01 PM,-4.9078545E+1,5.7521961E+1,3.8566208E+3,2.3010708E+1
13352207,1/10/2021,4:09:01 PM,-4.5168221E+1,3.8195660E+1,3.8601924E+3,2.3010708E+1
13352208,1/10/2021,4:09:01 PM,-4.3359367E+1,1.8814911E+1,3.8476914E+3,2.3010708E+1
13352209,1/10/2021,4:09:01 PM,-3.6576153E+1,2.1694329E+0,3.8512629E+3,2.2988613E+1
13352210,1/10/2021,4:09:01 PM,-3.3836266E+1,-7.6392369E+0,3.8503701E+3,2.2988613E+1
13352211,1/10/2021,4:09:01 PM,-3.1442188E+1,-2.0564518E+1,3.8476914E+3,2.2966522E+1
13352212,1/10/2021,4:09:01 PM,-1.9530378E+1,-3.9055801E+1,3.8423335E+3,2.2966522E+1
13352213,1/10/2021,4:09:01 PM,-1.2249248E+1,-4.7899132E+1,3.8414407E+3,2.2966522E+1
13352214,1/10/2021,4:09:01 PM,-3.7811337E+0,-5.3328777E+1,3.8512629E+3,2.2966522E+1
13352215,1/10/2021,4:09:01 PM,1.6666785E+0,-5.6124233E+1,3.8530491E+3,2.2966522E+1
13352216,1/10/2021,4:09:02 PM,4.5776205E+0,-6.1123806E+1,3.8601924E+3,2.2966522E+1
13352217,1/10/2021,4:09:02 PM,1.4985922E+1,-7.3703377E+1,3.8476914E+3,2.2966522E+1
13352218,1/10/2021,4:09:02 PM,2.1200869E+1,-8.1686562E+1,3.8530491E+3,2.2966522E+1
13352219,1/10/2021,4:09:02 PM,2.3169331E+1,-8.9427834E+1,3.8503701E+3,2.2988613E+1
13352220,1/10/2021,4:09:02 PM,2.2451107E+1,-9.4239258E+1,3.8521558E+3,2.3010708E+1
13352221,1/10/2021,4:09:02 PM,1.7398932E+1,-9.6658401E+1,3.8539419E+3,2.2966522E+1
13352222,1/10/2021,4:09:02 PM,1.2938679E+1,-1.0394273E+2,3.8467981E+3,2.2944427E+1
13352223,1/10/2021,4:09:02 PM,1.1204576E+1,-1.1391499E+2,3.8369758E+3,2.2944427E+1
13352224,1/10/2021,4:09:02 PM,4.9390116E+0,-1.2009726E+2,3.8342971E+3,2.2944427E+1
13352225,1/10/2021,4:09:02 PM,-3.6321387E+0,-1.2001662E+2,3.8369758E+3,2.2922333E+1
13352226,1/10/2021,4:09:03 PM,-1.0999325E+1,-1.1490952E+2,3.8387620E+3,2.2922333E+1
13352227,1/10/2021,4:09:03 PM,-1.5501679E+1,-1.0993684E+2,3.8387620E+3,2.2922333E+1
13352228,1/10/2021,4:09:03 PM,-2.0135605E+1,-1.0689946E+2,3.8334043E+3,2.2922333E+1
13352229,1/10/2021,4:09:03 PM,-2.5590006E+1,-1.0461471E+2,3.8226887E+3,2.2988613E+1
13352230,1/10/2021,4:09:03 PM,-3.2000805E+1,-9.0664291E+1,3.8298325E+3,2.2988613E+1
13352231,1/10/2021,4:09:03 PM,-3.0298355E+1,-6.9671463E+1,3.8476914E+3,2.3032803E+1
13352232,1/10/2021,4:09:03 PM,-2.9154518E+1,-4.8759270E+1,3.8512629E+3,2.3054897E+1
13352233,1/10/2021,4:09:03 PM,-3.1468790E+1,-3.0723179E+1,3.8566208E+3,2.3054897E+1
13352234,1/10/2021,4:09:03 PM,-2.9766336E+1,-1.7099873E+1,3.8539419E+3,2.3076992E+1
13352235,1/10/2021,4:09:03 PM,-3.0856972E+1,-3.5884933E+0,3.8548347E+3,2.3076992E+1
13352236,1/10/2021,4:09:04 PM,-3.1841202E+1,1.4629684E+1,3.8619785E+3,2.3076992E+1
13352237,1/10/2021,4:09:04 PM,-2.5856012E+1,3.2792896E+1,3.8726936E+3,2.3054897E+1
13352238,1/10/2021,4:09:04 PM,-2.0988060E+1,4.4888634E+1,3.8709080E+3,2.3076992E+1
13352239,1/10/2021,4:09:04 PM,-1.9025146E+1,5.2387997E+1,3.8655500E+3,2.3099083E+1
13352240,1/10/2021,4:09:04 PM,-1.7206837E+1,6.1177567E+1,3.8637642E+3,2.3099083E+1
13352241,1/10/2021,4:09:04 PM,-1.3649161E+1,7.0262810E+1,3.8673359E+3,2.3099083E+1
13352242,1/10/2021,4:09:04 PM,-4.8375683E+0,7.8326637E+1,3.8744795E+3,2.3099083E+1
13352243,1/10/2021,4:09:04 PM,1.6159571E+0,8.6578621E+1,3.8753723E+3,2.3121178E+1
13352244,1/10/2021,4:09:04 PM,5.5470276E+0,8.9024651E+1,3.8691218E+3,2.3209553E+1
13352245,1/10/2021,4:09:04 PM,9.7257185E+0,8.8890251E+1,3.8655500E+3,2.3209553E+1
13352246,1/10/2021,4:09:05 PM,1.6504250E+1,9.1174995E+1,3.8735867E+3,2.3165367E+1
13352247,1/10/2021,4:09:05 PM,2.5403801E+1,9.3621025E+1,3.8744795E+3,2.3143272E+1
13352248,1/10/2021,4:09:05 PM,3.3596859E+1,9.6255211E+1,3.8789441E+3,2.3165367E+1
13352249,1/10/2021,4:09:05 PM,4.0459873E+1,9.6147690E+1,3.8807302E+3,2.3165367E+1
13352250,1/10/2021,4:09:05 PM,4.4955414E+1,9.1524437E+1,3.8744795E+3,2.3165367E+1
13352251,1/10/2021,4:09:05 PM,4.8706135E+1,8.5691597E+1,3.8753723E+3,2.3076992E+1
13352252,1/10/2021,4:09:05 PM,5.1339615E+1,8.1820961E+1,3.8807302E+3,2.2988613E+1
13352253,1/10/2021,4:09:05 PM,5.2217445E+1,7.5208626E+1,3.8816230E+3,2.2988613E+1
13352254,1/10/2021,4:09:05 PM,4.8227318E+1,6.7037277E+1,3.8753723E+3,2.2922333E+1
13352255,1/10/2021,4:09:05 PM,3.7932796E+1,5.8301468E+1,3.8762654E+3,2.2900238E+1
13352256,1/10/2021,4:09:06 PM,2.7292459E+1,4.5426224E+1,3.8691218E+3,2.2856052E+1
13352257,1/10/2021,4:09:06 PM,1.7659441E+1,3.3679916E+1,3.8691218E+3,2.2767677E+1
13352258,1/10/2021,4:09:06 PM,3.0710318E+0,2.4191479E+1,3.8646572E+3,2.2767677E+1
13352259,1/10/2021,4:09:06 PM,-1.0762497E+1,9.9817944E+0,3.8566208E+3,2.2745583E+1
13352260,1/10/2021,4:09:06 PM,-2.3781149E+1,-5.1116610E+0,3.8530491E+3,2.2723488E+1
13352261,1/10/2021,4:09:06 PM,-3.6363346E+1,-1.9086126E+1,3.8476914E+3,2.2657207E+1
13352262,1/10/2021,4:09:06 PM,-4.5035217E+1,-3.1744598E+1,3.8485842E+3,2.2613022E+1
13352263,1/10/2021,4:09:06 PM,-5.1924835E+1,-4.4592960E+1,3.8441196E+3,2.2613022E+1
13352264,1/10/2021,4:09:06 PM,-5.5116932E+1,-6.0102390E+1,3.8405476E+3,2.2635113E+1
13352265,1/10/2021,4:09:06 PM,-5.5382946E+1,-7.4832314E+1,3.8342971E+3,2.2635113E+1
13352266,1/10/2021,4:09:07 PM,-5.6393776E+1,-8.3971313E+1,3.8378687E+3,2.2635113E+1
13352267,1/10/2021,4:09:07 PM,-5.3866695E+1,-9.2115776E+1,3.8351899E+3,2.2635113E+1
13352268,1/10/2021,4:09:07 PM,-5.2111042E+1,-9.6819679E+1,3.8351899E+3,0.0000000E+0
13352269,1/10/2021,4:09:07 PM,-5.3068668E+1,-9.8163651E+1,3.8369758E+3,0.0000000E+0
13352270,1/10/2021,4:09:07 PM,-5.3228275E+1,-9.7652946E+1,3.8369758E+3,0.0000000E+0
13352271,1/10/2021,4:09:07 PM,-5.5196739E+1,-9.4266129E+1,3.8387620E+3,0.0000000E+0
13352272,1/10/2021,4:09:07 PM,-5.8255833E+1,-8.7841949E+1,3.8405476E+3,0.0000000E+0
13352273,1/10/2021,4:09:07 PM,-6.1607540E+1,-7.9133018E+1,3.8450125E+3,0.0000000E+0
13352274,1/10/2021,4:09:07 PM,-6.1554337E+1,-7.2574440E+1,3.8476914E+3,0.0000000E+0
13352275,1/10/2021,4:09:07 PM,-5.8575043E+1,-6.7870537E+1,3.8459053E+3,0.0000000E+0
13352276,1/10/2021,4:09:08 PM,-5.5542549E+1,-6.4403091E+1,3.8441196E+3,0.0000000E+0
13352277,1/10/2021,4:09:08 PM,-4.8679531E+1,-5.9134727E+1,3.8512629E+3,0.0000000E+0
13352278,1/10/2021,4:09:08 PM,-3.8385006E+1,-5.5075935E+1,3.8539419E+3,0.0000000E+0
13352279,1/10/2021,4:09:08 PM,-3.3277649E+1,-5.6661823E+1,3.8441196E+3,0.0000000E+0
13352280,1/10/2021,4:09:08 PM,-2.5137791E+1,-5.8839054E+1,3.8450125E+3,0.0000000E+0
13352281,1/10/2021,4:09:08 PM,-1.3499171E+1,-5.9591675E+1,3.8441196E+3,0.0000000E+0
13352282,1/10/2021,4:09:08 PM,-4.0109653E+0,-5.6634941E+1,3.8459053E+3,0.0000000E+0
13352283,1/10/2021,4:09:08 PM,3.3391219E-1,-4.9565655E+1,3.8503701E+3,0.0000000E+0
13352284,1/10/2021,4:09:08 PM,3.1051102E+0,-4.2173813E+1,3.8467981E+3,0.0000000E+0
13352285,1/10/2021,4:09:08 PM,5.2409635E+0,-3.2389702E+1,3.8512629E+3,0.0000000E+0
13352286,1/10/2021,4:09:09 PM,7.7547870E+0,-2.0052048E+1,3.8503701E+3,0.0000000E+0
13352287,1/10/2021,4:09:09 PM,7.2495546E+0,-2.8333161E+0,3.8584065E+3,0.0000000E+0
13352288,1/10/2021,4:09:09 PM,5.7917495E+0,1.6759523E+1,3.8637642E+3,0.0000000E+0
13352289,1/10/2021,4:09:09 PM,4.2923117E+0,3.4056229E+1,3.8673359E+3,0.0000000E+0
13352290,1/10/2021,4:09:09 PM,2.0431278E+0,4.9216221E+1,3.8682290E+3,0.0000000E+0
13352291,1/10/2021,4:09:09 PM,3.3634734E+0,6.1231327E+1,3.8691218E+3,0.0000000E+0
13352292,1/10/2021,4:09:09 PM,5.9285831E+0,7.3810890E+1,3.8771584E+3,0.0000000E+0
13352293,1/10/2021,4:09:09 PM,8.2415991E+0,8.1310257E+1,3.8762654E+3,0.0000000E+0
13352294,1/10/2021,4:09:09 PM,1.3985983E+1,8.4401382E+1,3.8762654E+3,0.0000000E+0
13352295,1/10/2021,4:09:09 PM,1.5777978E+1,8.7277481E+1,3.8798374E+3,0.0000000E+0
13352296,1/10/2021,4:09:10 PM,1.9283026E+1,8.4723938E+1,3.8744795E+3,0.0000000E+0
13352297,1/10/2021,4:09:10 PM,2.3781149E+1,8.2681107E+1,3.8771584E+3,0.0000000E+0
13352298,1/10/2021,4:09:10 PM,2.3488539E+1,7.8299759E+1,3.8726936E+3,0.0000000E+0
13352299,1/10/2021,4:09:10 PM,2.3541742E+1,7.0074654E+1,3.8691218E+3,0.0000000E+0
13352300,1/10/2021,4:09:10 PM,1.9767206E+1,6.4752533E+1,3.8682290E+3,0.0000000E+0
13352301,1/10/2021,4:09:10 PM,1.4714885E+1,5.9941113E+1,3.8682290E+3,0.0000000E+0
13352302,1/10/2021,4:09:10 PM,1.1544027E+1,5.3409412E+1,3.8655500E+3,0.0000000E+0
13352303,1/10/2021,4:09:10 PM,6.6153831E+0,4.5695019E+1,3.8619785E+3,0.0000000E+0
13352304,1/10/2021,4:09:10 PM,2.4607880E+0,3.8571968E+1,3.8628713E+3,0.0000000E+0
13352305,1/10/2021,4:09:10 PM,-2.0978119E+0,3.3088566E+1,3.8637642E+3,0.0000000E+0
13352306,1/10/2021,4:09:11 PM,-6.4548664E+0,2.7712685E+1,3.8601924E+3,0.0000000E+0
13352307,1/10/2021,4:09:11 PM,-8.2363358E+0,2.0508999E+1,3.8601924E+3,0.0000000E+0
13352308,1/10/2021,4:09:11 PM,-8.1205540E+0,1.2824240E+1,3.8601924E+3,0.0000000E+0
13352309,1/10/2021,4:09:11 PM,-7.0390410E+0,3.6485553E+0,3.8575137E+3,0.0000000E+0
13352310,1/10/2021,4:09:11 PM,-7.9521427E+0,-4.5102420E+0,3.8584065E+3,0.0000000E+0
13352311,1/10/2021,4:09:11 PM,-9.0783892E+0,-1.2422733E+1,3.8566208E+3,0.0000000E+0
13352312,1/10/2021,4:09:11 PM,-1.0525669E+1,-2.0858433E+1,3.8566208E+3,0.0000000E+0
13352313,1/10/2021,4:09:11 PM,-1.1046690E+1,-3.0373747E+1,3.8530491E+3,0.0000000E+0
13352314,1/10/2021,4:09:11 PM,-1.1880849E+1,-4.0399773E+1,3.8521558E+3,0.0000000E+0
13352315,1/10/2021,4:09:11 PM,-1.7427877E+1,-4.8759270E+1,3.8467981E+3,0.0000000E+0
13352316,1/10/2021,4:09:12 PM,-2.1679684E+1,-5.6070473E+1,3.8476914E+3,0.0000000E+0
13352317,1/10/2021,4:09:12 PM,-2.6760443E+1,-6.1580757E+1,3.8459053E+3,0.0000000E+0
13352318,1/10/2021,4:09:12 PM,-3.0670767E+1,-6.7144798E+1,3.8423335E+3,0.0000000E+0
13352319,1/10/2021,4:09:12 PM,-3.2905235E+1,-7.1902458E+1,3.8441196E+3,0.0000000E+0
13352320,1/10/2021,4:09:12 PM,-3.6336742E+1,-7.4321602E+1,3.8369758E+3,0.0000000E+0
13352321,1/10/2021,4:09:12 PM,-3.8890427E+1,-7.5934364E+1,3.8369758E+3,0.0000000E+0
13352322,1/10/2021,4:09:12 PM,-3.7746590E+1,-7.3461464E+1,3.8414407E+3,0.0000000E+0
13352323,1/10/2021,4:09:12 PM,-3.4288479E+1,-6.8596283E+1,3.8432266E+3,0.0000000E+0
13352324,1/10/2021,4:09:12 PM,-2.7531866E+1,-6.2145222E+1,3.8459053E+3,0.0000000E+0
13352325,1/10/2021,4:09:12 PM,-2.4658978E+1,-5.5586647E+1,3.8459053E+3,0.0000000E+0
13352326,1/10/2021,4:09:13 PM,-1.9950628E+1,-4.9189342E+1,3.8476914E+3,0.0000000E+0
13352327,1/10/2021,4:09:13 PM,-1.4878034E+1,-4.0023460E+1,3.8530491E+3,0.0000000E+0
13352328,1/10/2021,4:09:13 PM,-9.1810150E+0,-3.1287647E+1,3.8584065E+3,0.0000000E+0
13352329,1/10/2021,4:09:13 PM,-4.4912357E+0,-2.5212898E+1,3.8601924E+3,0.0000000E+0
13352330,1/10/2021,4:09:13 PM,-5.6207075E+0,-2.1933609E+1,3.8530491E+3,0.0000000E+0
13352331,1/10/2021,4:09:13 PM,-5.7180696E+0,-1.6748886E+1,3.8566208E+3,0.0000000E+0
13352332,1/10/2021,4:09:13 PM,-3.0900524E+0,-9.8727760E+0,3.8610852E+3,0.0000000E+0
13352333,1/10/2021,4:09:13 PM,-2.5432105E+0,-4.6031380E+0,3.8619785E+3,0.0000000E+0
13352334,1/10/2021,4:09:13 PM,-2.0536259E-1,-1.0244969E+0,3.8610852E+3,0.0000000E+0
13352335,1/10/2021,4:09:13 PM,-1.3549180E+0,1.2228587E+0,3.8575137E+3,0.0000000E+0
13352336,1/10/2021,4:09:14 PM,-2.8316894E+0,3.1063974E+0,3.8557275E+3,0.0000000E+0
13352337,1/10/2021,4:09:14 PM,-2.5923471E+0,5.9614234E+0,3.8566208E+3,0.0000000E+0
13352338,1/10/2021,4:09:14 PM,-2.0613558E+0,1.1000182E+1,3.8601924E+3,0.0000000E+0
13352339,1/10/2021,4:09:14 PM,-1.5703113E+0,1.5961830E+1,3.8601924E+3,0.0000000E+0
13352340,1/10/2021,4:09:14 PM,-2.8649755E+0,2.0181625E+1,3.8601924E+3,0.0000000E+0
13352341,1/10/2021,4:09:14 PM,-5.3328962E+0,2.4944103E+1,3.8575137E+3,0.0000000E+0
13352342,1/10/2021,4:09:14 PM,-7.2363973E+0,3.1045732E+1,3.8628713E+3,0.0000000E+0
13352343,1/10/2021,4:09:14 PM,-8.4257984E+0,3.8115021E+1,3.8655500E+3,0.0000000E+0
13352344,1/10/2021,4:09:14 PM,-1.1717701E+1,4.4162891E+1,3.8709080E+3,0.0000000E+0
13352345,1/10/2021,4:09:14 PM,-1.6441095E+1,4.5506863E+1,3.8664431E+3,0.0000000E+0
13352346,1/10/2021,4:09:15 PM,-1.9304077E+1,4.4619839E+1,3.8655500E+3,0.0000000E+0
13352347,1/10/2021,4:09:15 PM,-2.2956522E+1,4.3786579E+1,3.8682290E+3,0.0000000E+0
13352348,1/10/2021,4:09:15 PM,-2.5563404E+1,4.0453529E+1,3.8673359E+3,0.0000000E+0
13352349,1/10/2021,4:09:15 PM,-2.6733843E+1,3.3733673E+1,3.8646572E+3,0.0000000E+0
13352350,1/10/2021,4:09:15 PM,-3.1788002E+1,2.6153677E+1,3.8601924E+3,0.0000000E+0
13352351,1/10/2021,4:09:15 PM,-3.6602753E+1,1.7413631E+1,3.8539419E+3,0.0000000E+0
13352352,1/10/2021,4:09:15 PM,-3.8730820E+1,9.7132378E+0,3.8512629E+3,0.0000000E+0
13352353,1/10/2021,4:09:15 PM,-4.0965286E+1,5.5891666E+0,3.8548347E+3,0.0000000E+0
13352354,1/10/2021,4:09:15 PM,-4.1497307E+1,1.4807241E+0,3.8521558E+3,0.0000000E+0
13352355,1/10/2021,4:09:15 PM,-4.3199757E+1,-3.0431323E+0,3.8476914E+3,0.0000000E+0
13352356,1/10/2021,4:09:16 PM,-4.3944580E+1,-6.1475515E+0,3.8512629E+3,0.0000000E+0
13352357,1/10/2021,4:09:16 PM,-4.3199757E+1,-8.4635191E+0,3.8476914E+3,0.0000000E+0
13352358,1/10/2021,4:09:16 PM,-3.9076630E+1,-1.0428502E+1,3.8512629E+3,0.0000000E+0
13352359,1/10/2021,4:09:16 PM,-3.5698326E+1,-9.9419098E+0,3.8548347E+3,0.0000000E+0
13352360,1/10/2021,4:09:16 PM,-3.1761400E+1,-1.1930823E+1,3.8494771E+3,0.0000000E+0
13352361,1/10/2021,4:09:16 PM,-2.3887552E+1,-1.3869217E+1,3.8566208E+3,0.0000000E+0
13352362,1/10/2021,4:09:16 PM,-1.7338409E+1,-1.4406330E+1,3.8512629E+3,0.0000000E+0
13352363,1/10/2021,4:09:16 PM,-7.0179901E+0,-1.5414082E+1,3.8619785E+3,0.0000000E+0
13352364,1/10/2021,4:09:16 PM,2.8237641E+0,-1.7014786E+1,3.8566208E+3,0.0000000E+0
13352365,1/10/2021,4:09:16 PM,1.0475673E+1,-2.0992828E+1,3.8566208E+3,0.0000000E+0
13352366,1/10/2021,4:09:17 PM,2.0193497E+1,-2.4836586E+1,3.8584065E+3,0.0000000E+0
13352367,1/10/2021,4:09:17 PM,3.0324953E+1,-2.9755520E+1,3.8530491E+3,0.0000000E+0
13352368,1/10/2021,4:09:17 PM,4.0060860E+1,-3.3303604E+1,3.8619785E+3,0.0000000E+0
13352369,1/10/2021,4:09:17 PM,4.3864780E+1,-3.4432537E+1,3.8548347E+3,0.0000000E+0
13352370,1/10/2021,4:09:17 PM,4.3412567E+1,-3.6529133E+1,3.8575137E+3,0.0000000E+0
13352371,1/10/2021,4:09:17 PM,4.4343594E+1,-3.8168781E+1,3.8539419E+3,0.0000000E+0
13352372,1/10/2021,4:09:17 PM,4.3678574E+1,-3.8787006E+1,3.8521558E+3,0.0000000E+0
13352373,1/10/2021,4:09:17 PM,4.4157391E+1,-3.6502254E+1,3.8575137E+3,0.0000000E+0
13352374,1/10/2021,4:09:17 PM,4.2295330E+1,-3.2201546E+1,3.8575137E+3,0.0000000E+0
13352375,1/10/2021,4:09:17 PM,3.6522949E+1,-2.8922260E+1,3.8548347E+3,0.0000000E+0
13352376,1/10/2021,4:09:18 PM,3.1468790E+1,-2.5777365E+1,3.8557275E+3,0.0000000E+0
13352377,1/10/2021,4:09:18 PM,2.8117085E+1,-2.1637934E+1,3.8566208E+3,0.0000000E+0
13352378,1/10/2021,4:09:18 PM,2.4047157E+1,-1.6682413E+1,3.8566208E+3,0.0000000E+0
13352379,1/10/2021,4:09:18 PM,2.2584110E+1,-1.0800759E+1,3.8601924E+3,0.0000000E+0
13352380,1/10/2021,4:09:18 PM,1.6446358E+1,-4.1754975E+0,3.8584065E+3,0.0000000E+0
13352381,1/10/2021,4:09:18 PM,8.9389248E+0,5.1291531E-1,3.8584065E+3,0.0000000E+0
13352382,1/10/2021,4:09:18 PM,5.0460024E+0,5.5758719E+0,3.8610852E+3,0.0000000E+0
13352383,1/10/2021,4:09:18 PM,1.9258342E+0,1.0298213E+1,3.8601924E+3,0.0000000E+0
13352384,1/10/2021,4:09:18 PM,-1.5111836E+0,1.4432920E+1,3.8628713E+3,0.0000000E+0
13352385,1/10/2021,4:09:18 PM,-1.1128264E+1,1.9990179E+1,3.8610852E+3,0.0000000E+0
13352386,1/10/2021,4:09:19 PM,-2.0748653E+1,2.4272120E+1,3.8619785E+3,0.0000000E+0
13352387,1/10/2021,4:09:19 PM,-3.0989975E+1,2.8223392E+1,3.8601924E+3,0.0000000E+0
13352388,1/10/2021,4:09:19 PM,-3.9794853E+1,3.0830696E+1,3.8619785E+3,0.0000000E+0
13352389,1/10/2021,4:09:19 PM,-4.7030281E+1,3.2067150E+1,3.8628713E+3,0.0000000E+0
13352390,1/10/2021,4:09:19 PM,-5.8734650E+1,3.2443462E+1,3.8566208E+3,0.0000000E+0
13352391,1/10/2021,4:09:19 PM,-7.1609451E+1,3.2900410E+1,3.8575137E+3,0.0000000E+0
13352392,1/10/2021,4:09:19 PM,-8.0440933E+1,3.1018852E+1,3.8548347E+3,0.0000000E+0
13352393,1/10/2021,4:09:19 PM,-8.2702003E+1,2.7094458E+1,3.8548347E+3,0.0000000E+0
13352394,1/10/2021,4:09:19 PM,-8.2835007E+1,2.3331337E+1,3.8566208E+3,0.0000000E+0
13352395,1/10/2021,4:09:19 PM,-8.4697067E+1,1.8666008E+1,3.8494771E+3,0.0000000E+0
13352396,1/10/2021,4:09:20 PM,-8.4085243E+1,1.3948985E+1,3.8530491E+3,0.0000000E+0
13352397,1/10/2021,4:09:20 PM,-7.9616302E+1,8.9740419E+0,3.8512629E+3,0.0000000E+0
13352398,1/10/2021,4:09:20 PM,-7.3311913E+1,4.8201613E+0,3.8539419E+3,0.0000000E+0
13352399,1/10/2021,4:09:20 PM,-6.1580936E+1,-2.3424108E+0,3.8539419E+3,0.0000000E+0
13352400,1/10/2021,4:09:20 PM,-5.2031239E+1,-7.5887160E+0,3.8521558E+3,0.0000000E+0
13352401,1/10/2021,4:09:20 PM,-4.5035217E+1,-1.1680880E+1,3.8548347E+3,0.0000000E+0
13352402,1/10/2021,4:09:20 PM,-3.7666786E+1,-1.6177208E+1,3.8530491E+3,0.0000000E+0
13352403,1/10/2021,4:09:20 PM,-2.8276690E+1,-2.2014246E+1,3.8548347E+3,0.0000000E+0
13352404,1/10/2021,4:09:20 PM,-2.1307272E+1,-2.8008356E+1,3.8503701E+3,0.0000000E+0
13352405,1/10/2021,4:09:20 PM,-1.5522730E+1,-3.2954170E+1,3.8539419E+3,0.0000000E+0
13352406,1/10/2021,4:09:21 PM,-1.0833545E+1,-3.6125942E+1,3.8539419E+3,0.0000000E+0
13352407,1/10/2021,4:09:21 PM,-9.2441692E+0,-3.8276299E+1,3.8530491E+3,0.0000000E+0
13352408,1/10/2021,4:09:21 PM,-6.9206276E+0,-4.2684525E+1,3.8512629E+3,0.0000000E+0
13352409,1/10/2021,4:09:21 PM,-5.8071684E-2,-4.6635799E+1,3.8512629E+3,0.0000000E+0
13352410,1/10/2021,4:09:21 PM,3.9023898E+0,-5.0560192E+1,3.8467981E+3,0.0000000E+0
13352411,1/10/2021,4:09:21 PM,9.4915218E+0,-5.2441750E+1,3.8494771E+3,0.0000000E+0
13352412,1/10/2021,4:09:21 PM,1.5104336E+1,-5.2979340E+1,3.8494771E+3,0.0000000E+0
13352413,1/10/2021,4:09:21 PM,1.8469919E+1,-5.2549271E+1,3.8494771E+3,0.0000000E+0
13352414,1/10/2021,4:09:21 PM,2.5137791E+1,-5.1339699E+1,3.8521558E+3,0.0000000E+0
13352415,1/10/2021,4:09:21 PM,3.1069777E+1,-4.9350620E+1,3.8485842E+3,0.0000000E+0
13352416,1/10/2021,4:09:22 PM,3.5405712E+1,-4.4431683E+1,3.8548347E+3,0.0000000E+0
13352417,1/10/2021,4:09:22 PM,3.9023430E+1,-3.7496792E+1,3.8548347E+3,0.0000000E+0
13352418,1/10/2021,4:09:22 PM,3.7507179E+1,-3.0131832E+1,3.8557275E+3,0.0000000E+0
13352419,1/10/2021,4:09:22 PM,3.5671722E+1,-2.1073467E+1,3.8575137E+3,0.0000000E+0
13352420,1/10/2021,4:09:22 PM,3.3916065E+1,-1.2106316E+1,3.8584065E+3,0.0000000E+0
13352421,1/10/2021,4:09:22 PM,2.9713137E+1,-1.9884466E+0,3.8610852E+3,0.0000000E+0
13352422,1/10/2021,4:09:22 PM,2.3967354E+1,9.0298815E+0,3.8655500E+3,0.0000000E+0
13352423,1/10/2021,4:09:22 PM,1.5970071E+1,1.8583580E+1,3.8619785E+3,0.0000000E+0
13352424,1/10/2021,4:09:22 PM,7.1337719E+0,2.7820200E+1,3.8655500E+3,0.0000000E+0
13352425,1/10/2021,4:09:22 PM,6.5726590E-1,3.4432537E+1,3.8628713E+3,0.0000000E+0
13352426,1/10/2021,4:09:23 PM,-4.3580914E+0,4.1421188E+1,3.8646572E+3,0.0000000E+0
13352427,1/10/2021,4:09:23 PM,-8.8547192E+0,4.6931473E+1,3.8682290E+3,0.0000000E+0
13352428,1/10/2021,4:09:23 PM,-1.2357136E+1,4.9780689E+1,3.8646572E+3,0.0000000E+0
13352429,1/10/2021,4:09:23 PM,-1.3154455E+1,5.0264519E+1,3.8673359E+3,0.0000000E+0
13352430,1/10/2021,4:09:23 PM,-1.3601796E+1,4.8705513E+1,3.8619785E+3,0.0000000E+0
13352431,1/10/2021,4:09:23 PM,-1.1344040E+1,4.7334663E+1,3.8682290E+3,0.0000000E+0
13352432,1/10/2021,4:09:23 PM,-8.6784143E+0,4.2711399E+1,3.8619785E+3,0.0000000E+0
13352433,1/10/2021,4:09:23 PM,-8.3547497E+0,3.7765591E+1,3.8610852E+3,0.0000000E+0
13352434,1/10/2021,4:09:23 PM,-4.3137102E+0,3.3115448E+1,3.8628713E+3,0.0000000E+0
13352435,1/10/2021,4:09:23 PM,5.2158934E-1,2.6637508E+1,3.8601924E+3,0.0000000E+0
13352436,1/10/2021,4:09:24 PM,1.5826710E+0,2.3680771E+1,3.8619785E+3,0.0000000E+0
13352437,1/10/2021,4:09:24 PM,1.2902296E+0,2.1180984E+1,3.8628713E+3,0.0000000E+0
13352438,1/10/2021,4:09:24 PM,-1.2171298E+0,1.7934792E+1,3.8584065E+3,0.0000000E+0
13352439,1/10/2021,4:09:24 PM,-3.0900524E+0,1.5592233E+1,3.8619785E+3,0.0000000E+0
13352440,1/10/2021,4:09:24 PM,-1.8188432E+0,1.1407005E+1,3.8610852E+3,0.0000000E+0
13352441,1/10/2021,4:09:24 PM,-2.6446536E+0,7.3201594E+0,3.8610852E+3,0.0000000E+0
13352442,1/10/2021,4:09:24 PM,-6.8522110E+0,4.2980237E+0,3.8601924E+3,0.0000000E+0
13352443,1/10/2021,4:09:24 PM,-1.3080775E+1,4.5876984E-2,3.8584065E+3,0.0000000E+0
13352444,1/10/2021,4:09:24 PM,-1.5675353E+1,-5.0243711E+0,3.8548347E+3,0.0000000E+0
13352445,1/10/2021,4:09:24 PM,-1.6104273E+1,-1.1327236E+1,3.8557275E+3,0.0000000E+0
13352446,1/10/2021,4:09:25 PM,-1.8096256E+1,-1.5786338E+1,3.8548347E+3,0.0000000E+0
13352447,1/10/2021,4:09:25 PM,-2.2078695E+1,-2.0085901E+1,3.8530491E+3,0.0000000E+0
13352448,1/10/2021,4:09:25 PM,-2.5616608E+1,-2.4621552E+1,3.8530491E+3,0.0000000E+0
13352449,1/10/2021,4:09:25 PM,-3.0005743E+1,-2.9432968E+1,3.8494771E+3,0.0000000E+0
13352450,1/10/2021,4:09:25 PM,-3.1335787E+1,-3.4298141E+1,3.8503701E+3,0.0000000E+0
13352451,1/10/2021,4:09:25 PM,-3.3889465E+1,-3.7631191E+1,3.8467981E+3,0.0000000E+0
13352452,1/10/2021,4:09:25 PM,-3.7187973E+1,-3.9512749E+1,3.8494771E+3,0.0000000E+0
13352453,1/10/2021,4:09:25 PM,-4.0805683E+1,-3.9727787E+1,3.8467981E+3,0.0000000E+0
13352454,1/10/2021,4:09:25 PM,-4.4822411E+1,-4.0050339E+1,3.8476914E+3,0.0000000E+0
13352455,1/10/2021,4:09:25 PM,-4.4716007E+1,-4.1555588E+1,3.8459053E+3,0.0000000E+0
13352456,1/10/2021,4:09:26 PM,-4.3598770E+1,-4.1878139E+1,3.8467981E+3,0.0000000E+0
13352457,1/10/2021,4:09:26 PM,-4.4024387E+1,-3.9620270E+1,3.8512629E+3,0.0000000E+0
13352458,1/10/2021,4:09:26 PM,-4.4237194E+1,-3.7523674E+1,3.8503701E+3,0.0000000E+0
13352459,1/10/2021,4:09:26 PM,-4.4902214E+1,-3.6018425E+1,3.8512629E+3,0.0000000E+0
13352460,1/10/2021,4:09:26 PM,-4.2907150E+1,-3.5346443E+1,3.8512629E+3,0.0000000E+0
13352461,1/10/2021,4:09:26 PM,-3.9103230E+1,-3.6851688E+1,3.8494771E+3,0.0000000E+0
13352462,1/10/2021,4:09:26 PM,-3.5006702E+1,-3.7281757E+1,3.8485842E+3,0.0000000E+0
13352463,1/10/2021,4:09:26 PM,-3.0910172E+1,-3.6959206E+1,3.8530491E+3,0.0000000E+0
13352464,1/10/2021,4:09:26 PM,-2.6441231E+1,-3.6797928E+1,3.8512629E+3,0.0000000E+0
13352465,1/10/2021,4:09:26 PM,-2.3461937E+1,-3.7684948E+1,3.8476914E+3,0.0000000E+0
13352466,1/10/2021,4:09:27 PM,-1.8238354E+1,-3.9432114E+1,3.8476914E+3,0.0000000E+0
13352467,1/10/2021,4:09:27 PM,-1.1617707E+1,-3.7980625E+1,3.8503701E+3,0.0000000E+0
13352468,1/10/2021,4:09:27 PM,-8.6047344E+0,-3.4432537E+1,3.8512629E+3,0.0000000E+0
13352469,1/10/2021,4:09:27 PM,-6.2075133E+0,-3.0776939E+1,3.8512629E+3,0.0000000E+0
13352470,1/10/2021,4:09:27 PM,-3.0781643E+0,-2.5723608E+1,3.8512629E+3,0.0000000E+0
13352471,1/10/2021,4:09:27 PM,-5.2871633E-1,-2.0186447E+1,3.8521558E+3,0.0000000E+0
13352472,1/10/2021,4:09:27 PM,4.6544952E+0,-1.3268288E+1,3.8548347E+3,0.0000000E+0
13352473,1/10/2021,4:09:27 PM,9.1968031E+0,-5.5253510E+0,3.8584065E+3,0.0000000E+0
13352474,1/10/2021,4:09:27 PM,1.1415089E+1,3.1744673E+0,3.8601924E+3,0.0000000E+0
13352475,1/10/2021,4:09:27 PM,1.4312279E+1,1.1611747E+1,3.8619785E+3,0.0000000E+0
13352476,1/10/2021,4:09:28 PM,1.5783240E+1,1.9139307E+1,3.8628713E+3,0.0000000E+0
13352477,1/10/2021,4:09:28 PM,1.5099073E+1,2.7524529E+1,3.8628713E+3,0.0000000E+0
13352478,1/10/2021,4:09:28 PM,1.2815002E+1,3.8034382E+1,3.8664431E+3,0.0000000E+0
13352479,1/10/2021,4:09:28 PM,8.8415623E+0,4.8248562E+1,3.8709080E+3,0.0000000E+0
13352480,1/10/2021,4:09:28 PM,4.7765441E+0,5.5936077E+1,3.8691218E+3,0.0000000E+0
13352481,1/10/2021,4:09:28 PM,-1.0698389E+0,6.2655930E+1,3.8700146E+3,0.0000000E+0
13352482,1/10/2021,4:09:28 PM,-7.5732188E+0,6.7386711E+1,3.8691218E+3,0.0000000E+0
13352483,1/10/2021,4:09:28 PM,-1.1996632E+1,7.0639122E+1,3.8691218E+3,0.0000000E+0
13352484,1/10/2021,4:09:28 PM,-1.7198944E+1,7.2681953E+1,3.8691218E+3,0.0000000E+0
13352485,1/10/2021,4:09:28 PM,-1.9698790E+1,7.1311104E+1,3.8682290E+3,0.0000000E+0
13352486,1/10/2021,4:09:29 PM,-2.0934860E+1,6.7467346E+1,3.8655500E+3,0.0000000E+0
13352487,1/10/2021,4:09:29 PM,-1.9164612E+1,6.2467777E+1,3.8655500E+3,0.0000000E+0
13352488,1/10/2021,4:09:29 PM,-1.7533133E+1,5.7495083E+1,3.8646572E+3,0.0000000E+0
13352489,1/10/2021,4:09:29 PM,-1.5622725E+1,5.2011684E+1,3.8628713E+3,0.0000000E+0
13352490,1/10/2021,4:09:29 PM,-1.2272930E+1,4.6904591E+1,3.8664431E+3,0.0000000E+0
13352491,1/10/2021,4:09:29 PM,-9.8257122E+0,4.0211617E+1,3.8619785E+3,0.0000000E+0
13352492,1/10/2021,4:09:29 PM,-5.3249707E+0,3.5319561E+1,3.8673359E+3,0.0000000E+0
13352493,1/10/2021,4:09:29 PM,-1.4407058E+0,2.4917225E+1,3.8575137E+3,0.0000000E+0
13352494,1/10/2021,4:09:29 PM,1.2727940E+0,1.5727841E+1,3.8584065E+3,0.0000000E+0
13352495,1/10/2021,4:09:29 PM,6.3575039E+0,9.8089609E+0,3.8655500E+3,0.0000000E+0
13352496,1/10/2021,4:09:30 PM,9.7572947E+0,4.8277521E-1,3.8601924E+3,0.0000000E+0
13352497,1/10/2021,4:09:30 PM,1.4846457E+1,-1.0346074E+1,3.8610852E+3,0.0000000E+0
13352498,1/10/2021,4:09:30 PM,1.7309464E+1,-2.1530418E+1,3.8575137E+3,0.0000000E+0
13352499,1/10/2021,4:09:30 PM,1.9748787E+1,-3.5373318E+1,3.8530491E+3,0.0000000E+0
13352500,1/10/2021,4:09:30 PM,2.2530909E+1,-4.5668140E+1,3.8566208E+3,0.0000000E+0
13352501,1/10/2021,4:09:30 PM,2.4472771E+1,-5.7925156E+1,3.8530491E+3,0.0000000E+0
13352502,1/10/2021,4:09:30 PM,2.7212656E+1,-7.0961678E+1,3.8512629E+3,0.0000000E+0
13352503,1/10/2021,4:09:30 PM,2.9154518E+1,-8.5288406E+1,3.8450125E+3,0.0000000E+0
13352504,1/10/2021,4:09:30 PM,2.9766336E+1,-9.7195992E+1,3.8423335E+3,0.0000000E+0
13352505,1/10/2021,4:09:30 PM,2.8861908E+1,-1.0563612E+2,3.8423335E+3,0.0000000E+0
13352506,1/10/2021,4:09:31 PM,2.6866846E+1,-1.1292046E+2,3.8369758E+3,0.0000000E+0
13352507,1/10/2021,4:09:31 PM,2.5723009E+1,-1.1520521E+2,3.8432266E+3,0.0000000E+0
13352508,1/10/2021,4:09:31 PM,2.1121065E+1,-1.1558152E+2,3.8378687E+3,0.0000000E+0
13352509,1/10/2021,4:09:31 PM,1.6117432E+1,-1.1423754E+2,3.8369758E+3,0.0000000E+0
13352510,1/10/2021,4:09:31 PM,1.2209776E+1,-1.0821655E+2,3.8405476E+3,0.0000000E+0
13352511,1/10/2021,4:09:31 PM,4.5173883E+0,-9.7007835E+1,3.8396548E+3,0.0000000E+0
13352512,1/10/2021,4:09:31 PM,-5.2203574E+0,-8.4589539E+1,3.8459053E+3,0.0000000E+0
13352513,1/10/2021,4:09:31 PM,-1.5241169E+1,-7.1902458E+1,3.8432266E+3,0.0000000E+0
13352514,1/10/2021,4:09:31 PM,-2.1466875E+1,-6.1392601E+1,3.8441196E+3,0.0000000E+0
13352515,1/10/2021,4:09:31 PM,-3.3251049E+1,-4.5076790E+1,3.8476914E+3,0.0000000E+0
13352516,1/10/2021,4:09:32 PM,-4.5008617E+1,-2.7873960E+1,3.8476914E+3,0.0000000E+0
13352517,1/10/2021,4:09:32 PM,-6.1607540E+1,-8.7427120E+0,3.8530491E+3,0.0000000E+0
13352518,1/10/2021,4:09:32 PM,-7.9297096E+1,1.1672903E+1,3.8575137E+3,0.0000000E+0
13352519,1/10/2021,4:09:32 PM,-9.1107864E+1,2.6395594E+1,3.8530491E+3,0.0000000E+0
13352520,1/10/2021,4:09:32 PM,-1.0023196E+2,4.0587929E+1,3.8566208E+3,0.0000000E+0
13352521,1/10/2021,4:09:32 PM,-1.1084569E+2,5.6930614E+1,3.8601924E+3,0.0000000E+0
13352522,1/10/2021,4:09:32 PM,-1.1786831E+2,7.0746635E+1,3.8655500E+3,0.0000000E+0
13352523,1/10/2021,4:09:32 PM,-1.2220425E+2,8.2949898E+1,3.8655500E+3,0.0000000E+0
13352524,1/10/2021,4:09:32 PM,-1.2329488E+2,8.8218262E+1,3.8619785E+3,0.0000000E+0
13352525,1/10/2021,4:09:32 PM,-1.1722990E+2,8.8782730E+1,3.8619785E+3,0.0000000E+0
13352526,1/10/2021,4:09:33 PM,-1.0446149E+2,8.9051521E+1,3.8682290E+3,0.0000000E+0
13352527,1/10/2021,4:09:33 PM,-9.4060562E+1,8.7358124E+1,3.8682290E+3,0.0000000E+0
13352528,1/10/2021,4:09:33 PM,-8.2968010E+1,7.9912521E+1,3.8619785E+3,0.0000000E+0
13352529,1/10/2021,4:09:33 PM,-6.4959244E+1,6.8676918E+1,3.8610852E+3,0.0000000E+0
13352530,1/10/2021,4:09:33 PM,-4.5035217E+1,5.6312389E+1,3.8584065E+3,0.0000000E+0
13352531,1/10/2021,4:09:33 PM,-2.4153561E+1,4.9404377E+1,3.8655500E+3,0.0000000E+0
13352532,1/10/2021,4:09:33 PM,-7.6495299E+0,4.1636223E+1,3.8619785E+3,0.0000000E+0
13352533,1/10/2021,4:09:33 PM,6.5890689E+0,3.2497223E+1,3.8610852E+3,0.0000000E+0
13352534,1/10/2021,4:09:33 PM,2.0046137E+1,2.6395594E+1,3.8601924E+3,0.0000000E+0
13352535,1/10/2021,4:09:33 PM,3.2985039E+1,2.1557297E+1,3.8646572E+3,0.0000000E+0
13352536,1/10/2021,4:09:34 PM,4.7482494E+1,1.8150167E+1,3.8646572E+3,0.0000000E+0
13352537,1/10/2021,4:09:34 PM,5.6446980E+1,1.6706343E+1,3.8655500E+3,0.0000000E+0
13352538,1/10/2021,4:09:34 PM,6.0357300E+1,1.7368429E+1,3.8709080E+3,0.0000000E+0
13352539,1/10/2021,4:09:34 PM,6.2219360E+1,1.3959621E+1,3.8628713E+3,0.0000000E+0
13352540,1/10/2021,4:09:34 PM,6.1288330E+1,1.3800083E+1,3.8709080E+3,0.0000000E+0
13352541,1/10/2021,4:09:34 PM,6.6262688E+1,8.5698786E+0,3.8691218E+3,0.0000000E+0
13352542,1/10/2021,4:09:34 PM,7.1902061E+1,-3.0060092E-1,3.8691218E+3,0.0000000E+0
13352543,1/10/2021,4:09:34 PM,7.3790718E+1,-8.8889561E+0,3.8646572E+3,0.0000000E+0
13352544,1/10/2021,4:09:34 PM,7.1130638E+1,-1.7065306E+1,3.8655500E+3,0.0000000E+0
13352545,1/10/2021,4:09:34 PM,6.9454781E+1,-2.7658924E+1,3.8575137E+3,0.0000000E+0
13352546,1/10/2021,4:09:35 PM,7.0518822E+1,-3.8679489E+1,3.8601924E+3,0.0000000E+0
13352547,1/10/2021,4:09:35 PM,7.3764122E+1,-5.0748348E+1,3.8539419E+3,0.0000000E+0
13352548,1/10/2021,4:09:35 PM,7.2274475E+1,-5.8677780E+1,3.8530491E+3,0.0000000E+0
13352549,1/10/2021,4:09:35 PM,6.7034111E+1,-6.4295578E+1,3.8494771E+3,0.0000000E+0
13352550,1/10/2021,4:09:35 PM,5.9399670E+1,-6.6284653E+1,3.8521558E+3,0.0000000E+0
13352551,1/10/2021,4:09:35 PM,5.2643055E+1,-6.8354370E+1,3.8476914E+3,0.0000000E+0
13352552,1/10/2021,4:09:35 PM,4.4290394E+1,-6.8596283E+1,3.8459053E+3,0.0000000E+0
13352553,1/10/2021,4:09:35 PM,3.7134769E+1,-6.6177132E+1,3.8512629E+3,0.0000000E+0
13352554,1/10/2021,4:09:35 PM,2.5829414E+1,-6.1392601E+1,3.8476914E+3,0.0000000E+0
13352555,1/10/2021,4:09:35 PM,9.8678150E+0,-5.2387997E+1,3.8548347E+3,0.0000000E+0
13352556,1/10/2021,4:09:36 PM,-3.4522362E+0,-4.6313244E+1,3.8530491E+3,0.0000000E+0
13352557,1/10/2021,4:09:36 PM,-1.4814879E+1,-4.2227573E+1,3.8512629E+3,0.0000000E+0
13352558,1/10/2021,4:09:36 PM,-2.8409695E+1,-3.8383812E+1,3.8521558E+3,0.0000000E+0
13352559,1/10/2021,4:09:36 PM,-4.0672680E+1,-3.5373318E+1,3.8512629E+3,0.0000000E+0
13352560,1/10/2021,4:09:36 PM,-5.4345512E+1,-3.0938215E+1,3.8530491E+3,0.0000000E+0
13352561,1/10/2021,4:09:36 PM,-7.0040009E+1,-2.7121336E+1,3.8512629E+3,0.0000000E+0
13352562,1/10/2021,4:09:36 PM,-8.3367027E+1,-2.5858006E+1,3.8459053E+3,0.0000000E+0
13352563,1/10/2021,4:09:36 PM,-9.3422142E+1,-2.5078501E+1,3.8459053E+3,0.0000000E+0
13352564,1/10/2021,4:09:36 PM,-1.0299844E+2,-2.3035666E+1,3.8423335E+3,0.0000000E+0
13352565,1/10/2021,4:09:36 PM,-1.1331956E+2,-1.7336521E+1,3.8441196E+3,0.0000000E+0
13352566,1/10/2021,4:09:37 PM,-1.2260326E+2,-1.1300646E+1,3.8405476E+3,0.0000000E+0
13352567,1/10/2021,4:09:37 PM,-1.3380222E+2,-1.1778648E+0,3.8414407E+3,0.0000000E+0
13352568,1/10/2021,4:09:37 PM,-1.3755292E+2,6.5065136E+0,3.8476914E+3,0.0000000E+0
13352569,1/10/2021,4:09:37 PM,-1.3430762E+2,1.2515799E+1,3.8459053E+3,0.0000000E+0
13352570,1/10/2021,4:09:37 PM,-1.2896086E+2,1.7823112E+1,3.8494771E+3,0.0000000E+0
13352571,1/10/2021,4:09:37 PM,-1.1986337E+2,2.2928148E+1,3.8512629E+3,0.0000000E+0
13352572,1/10/2021,4:09:37 PM,-1.0847821E+2,2.6153677E+1,3.8566208E+3,0.0000000E+0
13352573,1/10/2021,4:09:37 PM,-9.3501945E+1,2.7228855E+1,3.8566208E+3,0.0000000E+0
13352574,1/10/2021,4:09:37 PM,-7.2035065E+1,2.4782827E+1,3.8584065E+3,0.0000000E+0
13352575,1/10/2021,4:09:37 PM,-4.7056881E+1,2.0032721E+1,3.8601924E+3,0.0000000E+0
13352576,1/10/2021,4:09:38 PM,-2.4020557E+1,1.7179642E+1,3.8610852E+3,0.0000000E+0
13352577,1/10/2021,4:09:38 PM,-6.9101014E+0,1.6073507E+1,3.8628713E+3,0.0000000E+0
13352578,1/10/2021,4:09:38 PM,7.9468803E+0,1.4081935E+1,3.8619785E+3,0.0000000E+0
13352579,1/10/2021,4:09:38 PM,2.3488539E+1,1.1513365E+1,3.8619785E+3,0.0000000E+0
13352580,1/10/2021,4:09:38 PM,3.5804726E+1,1.0747579E+1,3.8628713E+3,0.0000000E+0
13352581,1/10/2021,4:09:38 PM,4.4795811E+1,1.0705036E+1,3.8646572E+3,0.0000000E+0
13352582,1/10/2021,4:09:38 PM,4.9982971E+1,1.1048043E+1,3.8619785E+3,0.0000000E+0
13352583,1/10/2021,4:09:38 PM,5.1313015E+1,1.1484116E+1,3.8628713E+3,0.0000000E+0
13352584,1/10/2021,4:09:38 PM,5.4691319E+1,1.2045159E+1,3.8637642E+3,0.0000000E+0
13352585,1/10/2021,4:09:38 PM,6.3815407E+1,9.4127731E+0,3.8664431E+3,0.0000000E+0
13352586,1/10/2021,4:09:39 PM,7.1503052E+1,5.7354102E+0,3.8646572E+3,0.0000000E+0
13352587,1/10/2021,4:09:39 PM,7.8286263E+1,2.9718587E+0,3.8682290E+3,0.0000000E+0
13352588,1/10/2021,4:09:39 PM,8.1824181E+1,-1.8130661E+0,3.8637642E+3,0.0000000E+0
13352589,1/10/2021,4:09:39 PM,8.5282280E+1,-6.7883649E+0,3.8628713E+3,0.0000000E+0
13352590,1/10/2021,4:09:39 PM,8.9857628E+1,-1.0468387E+1,3.8637642E+3,0.0000000E+0
13352591,1/10/2021,4:09:39 PM,9.1586685E+1,-1.3991529E+1,3.8637642E+3,0.0000000E+0
13352592,1/10/2021,4:09:39 PM,9.3555145E+1,-1.6459059E+1,3.8655500E+3,0.0000000E+0
13352593,1/10/2021,4:09:39 PM,8.7729561E+1,-1.6233046E+1,3.8610852E+3,0.0000000E+0
13352594,1/10/2021,4:09:39 PM,7.5120766E+1,-1.2050477E+1,3.8575137E+3,0.0000000E+0
13352595,1/10/2021,4:09:39 PM,6.4294220E+1,-5.5008616E+0,3.8619785E+3,0.0000000E+0
13352596,1/10/2021,4:09:40 PM,4.9823368E+1,3.1856790E+0,3.8646572E+3,0.0000000E+0
13352597,1/10/2021,4:09:40 PM,3.2905235E+1,1.0819372E+1,3.8610852E+3,0.0000000E+0
13352598,1/10/2021,4:09:40 PM,1.2170305E+1,1.8570286E+1,3.8601924E+3,0.0000000E+0
13352599,1/10/2021,4:09:40 PM,-1.0675660E+1,2.6180557E+1,3.8601924E+3,0.0000000E+0
13352600,1/10/2021,4:09:40 PM,-2.7664871E+1,3.1825235E+1,3.8601924E+3,0.0000000E+0
13352601,1/10/2021,4:09:40 PM,-4.1497307E+1,3.5884029E+1,3.8637642E+3,0.0000000E+0
13352602,1/10/2021,4:09:40 PM,-5.3308079E+1,3.6260342E+1,3.8601924E+3,0.0000000E+0
13352603,1/10/2021,4:09:40 PM,-6.3176987E+1,3.4271263E+1,3.8601924E+3,0.0000000E+0
13352604,1/10/2021,4:09:40 PM,-7.3498116E+1,2.9110416E+1,3.8530491E+3,0.0000000E+0
13352605,1/10/2021,4:09:40 PM,-7.9243896E+1,2.4970984E+1,3.8584065E+3,0.0000000E+0
13352606,1/10/2021,4:09:41 PM,-8.3340424E+1,2.1180984E+1,3.8566208E+3,0.0000000E+0
13352607,1/10/2021,4:09:41 PM,-8.6878334E+1,1.3239040E+1,3.8530491E+3,0.0000000E+0
13352608,1/10/2021,4:09:41 PM,-8.9857628E+1,6.5916004E+0,3.8530491E+3,0.0000000E+0
13352609,1/10/2021,4:09:41 PM,-9.4246765E+1,-9.1593927E-1,3.8476914E+3,0.0000000E+0
13352610,1/10/2021,4:09:41 PM,-9.5443802E+1,-6.7139130E+0,3.8503701E+3,0.0000000E+0
13352611,1/10/2021,4:09:41 PM,-9.6215233E+1,-1.0260986E+1,3.8503701E+3,0.0000000E+0
13352612,1/10/2021,4:09:41 PM,-9.6747246E+1,-1.4863673E+1,3.8476914E+3,0.0000000E+0
13352613,1/10/2021,4:09:41 PM,-9.6029022E+1,-2.0067287E+1,3.8459053E+3,0.0000000E+0
13352614,1/10/2021,4:09:41 PM,-9.7279266E+1,-2.5105381E+1,3.8441196E+3,0.0000000E+0
13352615,1/10/2021,4:09:41 PM,-9.5337395E+1,-2.9379208E+1,3.8441196E+3,0.0000000E+0
13352616,1/10/2021,4:09:42 PM,-8.8500984E+1,-3.1852116E+1,3.8476914E+3,0.0000000E+0
13352617,1/10/2021,4:09:42 PM,-8.2302986E+1,-3.4190628E+1,3.8459053E+3,0.0000000E+0
13352618,1/10/2021,4:09:42 PM,-7.5546379E+1,-3.9432114E+1,3.8432266E+3,0.0000000E+0
13352619,1/10/2021,4:09:42 PM,-6.6635101E+1,-4.5023033E+1,3.8432266E+3,0.0000000E+0
13352620,1/10/2021,4:09:42 PM,-5.3387878E+1,-4.8947426E+1,3.8476914E+3,0.0000000E+0
13352621,1/10/2021,4:09:42 PM,-3.5325912E+1,-5.3624447E+1,3.8512629E+3,0.0000000E+0
13352622,1/10/2021,4:09:42 PM,-1.7806801E+1,-6.1365723E+1,3.8441196E+3,0.0000000E+0
13352623,1/10/2021,4:09:42 PM,-6.1476803E-1,-6.6822243E+1,3.8494771E+3,0.0000000E+0
13352624,1/10/2021,4:09:42 PM,1.7085793E+1,-6.9644585E+1,3.8494771E+3,0.0000000E+0
13352625,1/10/2021,4:09:42 PM,3.2080608E+1,-7.2332527E+1,3.8494771E+3,0.0000000E+0
13352626,1/10/2021,4:09:43 PM,4.5726841E+1,-7.0343445E+1,3.8566208E+3,0.0000000E+0
13352627,1/10/2021,4:09:43 PM,5.5356342E+1,-6.9322029E+1,3.8512629E+3,0.0000000E+0
13352628,1/10/2021,4:09:43 PM,6.4400627E+1,-6.8273735E+1,3.8548347E+3,0.0000000E+0
13352629,1/10/2021,4:09:43 PM,7.1210442E+1,-6.4645012E+1,3.8530491E+3,0.0000000E+0
13352630,1/10/2021,4:09:43 PM,7.4003532E+1,-6.0505581E+1,3.8548347E+3,0.0000000E+0
13352631,1/10/2021,4:09:43 PM,7.7940453E+1,-5.4350193E+1,3.8566208E+3,0.0000000E+0
13352632,1/10/2021,4:09:43 PM,8.0361130E+1,-4.8490479E+1,3.8530491E+3,0.0000000E+0
13352633,1/10/2021,4:09:43 PM,7.7036026E+1,-3.9055801E+1,3.8610852E+3,0.0000000E+0
13352634,1/10/2021,4:09:43 PM,7.4083336E+1,-3.1126371E+1,3.8566208E+3,0.0000000E+0
13352635,1/10/2021,4:09:43 PM,7.3976929E+1,-2.5777365E+1,3.8566208E+3,0.0000000E+0
13352636,1/10/2021,4:09:44 PM,7.1981865E+1,-1.6602644E+1,3.8619785E+3,0.0000000E+0
13352637,1/10/2021,4:09:44 PM,6.8921959E+1,-7.1020951E+0,3.8619785E+3,0.0000000E+0
13352638,1/10/2021,4:09:44 PM,6.3655060E+1,3.0198407E+0,3.8619785E+3,0.0000000E+0
13352639,1/10/2021,4:09:44 PM,5.7616737E+1,1.3986155E+1,3.8637642E+3,0.0000000E+0
13352640,1/10/2021,4:09:44 PM,5.0088791E+1,2.6449041E+1,3.8619785E+3,0.0000000E+0
13352641,1/10/2021,4:09:44 PM,4.2853447E+1,3.9942352E+1,3.8682290E+3,0.0000000E+0
13352642,1/10/2021,4:09:44 PM,3.6495922E+1,5.4698982E+1,3.8744795E+3,0.0000000E+0
13352643,1/10/2021,4:09:44 PM,1.9996059E+1,6.9939438E+1,3.8664431E+3,0.0000000E+0
13352644,1/10/2021,4:09:44 PM,3.2413521E+0,8.5314285E+1,3.8762654E+3,0.0000000E+0
13352645,1/10/2021,4:09:44 PM,-1.4120128E+1,9.9130142E+1,3.8726936E+3,0.0000000E+0
13352646,1/10/2021,4:09:45 PM,-2.8063553E+1,1.0996243E+2,3.8780513E+3,0.0000000E+0
13352647,1/10/2021,4:09:45 PM,-3.6682125E+1,1.1579520E+2,3.8780513E+3,0.0000000E+0
13352648,1/10/2021,4:09:45 PM,-4.4023869E+1,1.1512321E+2,3.8771584E+3,0.0000000E+0
13352649,1/10/2021,4:09:45 PM,-5.2908447E+1,1.1152142E+2,3.8691218E+3,0.0000000E+0
13352650,1/10/2021,4:09:45 PM,-6.5543694E+1,1.0907542E+2,3.8726936E+3,0.0000000E+0
13352651,1/10/2021,4:09:45 PM,-7.6077507E+1,1.0187181E+2,3.8655500E+3,0.0000000E+0
13352652,1/10/2021,4:09:45 PM,-8.1450813E+1,9.5152039E+1,3.8700146E+3,0.0000000E+0
13352653,1/10/2021,4:09:45 PM,-8.7223122E+1,8.2707008E+1,3.8655500E+3,0.0000000E+0
13352654,1/10/2021,4:09:45 PM,-8.7622131E+1,6.5262474E+1,3.8601924E+3,0.0000000E+0
13352655,1/10/2021,4:09:45 PM,-9.3687050E+1,5.3758217E+1,3.8619785E+3,0.0000000E+0
13352656,1/10/2021,4:09:46 PM,-9.6134300E+1,3.6797497E+1,3.8512629E+3,0.0000000E+0
13352657,1/10/2021,4:09:46 PM,-9.4804276E+1,1.8636684E+1,3.8503701E+3,0.0000000E+0
13352658,1/10/2021,4:09:46 PM,-9.6506706E+1,6.5623245E+0,3.8512629E+3,0.0000000E+0
13352659,1/10/2021,4:09:46 PM,-9.8608154E+1,-6.7909961E+0,3.8476914E+3,0.0000000E+0
13352660,1/10/2021,4:09:46 PM,-1.0025738E+2,-1.8979691E+1,3.8450125E+3,0.0000000E+0
13352661,1/10/2021,4:09:46 PM,-1.0512527E+2,-3.0991610E+1,3.8414407E+3,0.0000000E+0
13352662,1/10/2021,4:09:46 PM,-1.0571049E+2,-3.9001587E+1,3.8396548E+3,0.0000000E+0
13352663,1/10/2021,4:09:46 PM,-9.4937279E+1,-5.5424717E+1,3.8396548E+3,0.0000000E+0
13352664,1/10/2021,4:09:46 PM,-8.3632057E+1,-6.7305290E+1,3.8334043E+3,0.0000000E+0
13352665,1/10/2021,4:09:46 PM,-8.1264603E+1,-7.2062881E+1,3.8387620E+3,0.0000000E+0
13352666,1/10/2021,4:09:47 PM,-6.5836304E+1,-8.2035034E+1,3.8298325E+3,0.0000000E+0
13352667,1/10/2021,4:09:47 PM,-4.6098713E+1,-8.6631363E+1,3.8459053E+3,0.0000000E+0
13352668,1/10/2021,4:09:47 PM,-3.7613144E+1,-8.6685120E+1,3.8450125E+3,0.0000000E+0
13352669,1/10/2021,4:09:47 PM,-1.7425175E+1,-9.5528351E+1,3.8387620E+3,0.0000000E+0
13352670,1/10/2021,4:09:47 PM,5.6244192E+0,-1.0302761E+2,3.8405476E+3,0.0000000E+0
13352671,1/10/2021,4:09:47 PM,2.8701965E+1,-1.0515106E+2,3.8414407E+3,0.0000000E+0
13352672,1/10/2021,4:09:47 PM,5.0966606E+1,-1.0310825E+2,3.8566208E+3,0.0000000E+0
13352673,1/10/2021,4:09:47 PM,7.4162270E+1,-1.0450597E+2,3.8566208E+3,0.0000000E+0
13352674,1/10/2021,4:09:47 PM,9.2117622E+1,-1.0748956E+2,3.8539419E+3,0.0000000E+0
13352675,1/10/2021,4:09:47 PM,1.0581689E+2,-1.1273097E+2,3.8503701E+3,0.0000000E+0
13352676,1/10/2021,4:09:48 PM,1.1951617E+2,-1.1504259E+2,3.8441196E+3,0.0000000E+0
13352677,1/10/2021,4:09:48 PM,1.3090118E+2,-1.1028497E+2,3.8601924E+3,0.0000000E+0
13352678,1/10/2021,4:09:48 PM,1.3310902E+2,-9.9694611E+1,3.8566208E+3,0.0000000E+0
13352679,1/10/2021,4:09:48 PM,1.3388045E+2,-9.5931534E+1,3.8566208E+3,0.0000000E+0
13352680,1/10/2021,4:09:48 PM,1.2925195E+2,-8.8109711E+1,3.8566208E+3,0.0000000E+0
13352681,1/10/2021,4:09:48 PM,1.1659010E+2,-8.2142548E+1,3.8423335E+3,0.0000000E+0
13352682,1/10/2021,4:09:48 PM,9.8634750E+1,-6.5800056E+1,3.8476914E+3,0.0000000E+0
13352683,1/10/2021,4:09:48 PM,7.9562172E+1,-4.0453056E+1,3.8539419E+3,0.0000000E+0
13352684,1/10/2021,4:09:48 PM,6.1394012E+1,-1.4706734E+1,3.8691218E+3,0.0000000E+0
13352685,1/10/2021,4:09:48 PM,3.7160934E+1,1.0178517E+1,3.8619785E+3,0.0000000E+0
13352686,1/10/2021,4:09:49 PM,2.1519825E+1,2.2766603E+1,3.8494771E+3,0.0000000E+0
13352687,1/10/2021,4:09:49 PM,3.0178652E+0,4.8328636E+1,3.8619785E+3,0.0000000E+0
13352688,1/10/2021,4:09:49 PM,-1.2443922E+1,7.7653740E+1,3.8762654E+3,0.0000000E+0
13352689,1/10/2021,4:09:49 PM,-1.7946192E+1,9.6979820E+1,3.8798374E+3,0.0000000E+0
13352690,1/10/2021,4:09:49 PM,-3.4394482E+1,1.1496194E+2,3.8834089E+3,0.0000000E+0
13352691,1/10/2021,4:09:49 PM,-4.8599163E+1,1.2170860E+2,3.8726936E+3,0.0000000E+0
13352692,1/10/2021,4:09:49 PM,-5.8973366E+1,1.2606302E+2,3.8691218E+3,0.0000000E+0
13352693,1/10/2021,4:09:49 PM,-6.5144684E+1,1.3248712E+2,3.8780513E+3,0.0000000E+0
13352694,1/10/2021,4:09:49 PM,-6.5091484E+1,1.3767479E+2,3.8959102E+3,0.0000000E+0
13352695,1/10/2021,4:09:49 PM,-7.3976059E+1,1.3544383E+2,3.8860879E+3,0.0000000E+0
13352696,1/10/2021,4:09:50 PM,-9.3554047E+1,1.2262249E+2,3.8637642E+3,0.0000000E+0
13352697,1/10/2021,4:09:50 PM,-1.0948776E+2,1.0773145E+2,3.8566208E+3,0.0000000E+0
13352698,1/10/2021,4:09:50 PM,-1.1371725E+2,9.6522873E+1,3.8726936E+3,0.0000000E+0
13352699,1/10/2021,4:09:50 PM,-1.1238721E+2,8.2626373E+1,3.8628713E+3,0.0000000E+0
13352700,1/10/2021,4:09:50 PM,-1.2015457E+2,6.6337639E+1,3.8592996E+3,0.0000000E+0
13352701,1/10/2021,4:09:50 PM,-1.2169740E+2,4.4673077E+1,3.8485842E+3,0.0000000E+0
13352702,1/10/2021,4:09:50 PM,-1.2007478E+2,2.2094627E+1,3.8307253E+3,0.0000000E+0
13352703,1/10/2021,4:09:50 PM,-1.0650851E+2,7.3254476E+0,3.8494771E+3,0.0000000E+0
13352704,1/10/2021,4:09:50 PM,-9.3527451E+1,-4.7255583E+0,3.8396548E+3,0.0000000E+0
13352705,1/10/2021,4:09:50 PM,-8.0519791E+1,-1.5219913E+1,3.8512629E+3,0.0000000E+0
13352706,1/10/2021,4:09:51 PM,-6.5729897E+1,-2.9620777E+1,3.8360830E+3,0.0000000E+0
13352707,1/10/2021,4:09:51 PM,-5.2935043E+1,-3.9861717E+1,3.8334043E+3,0.0000000E+0
13352708,1/10/2021,4:09:51 PM,-3.5777706E+1,-4.1286308E+1,3.8485842E+3,0.0000000E+0
13352709,1/10/2021,4:09:51 PM,-1.3075459E+1,-4.1313187E+1,3.8539419E+3,0.0000000E+0
13352710,1/10/2021,4:09:51 PM,-1.1131182E+0,-3.8947826E+1,3.8637642E+3,0.0000000E+0
13352711,1/10/2021,4:09:51 PM,8.3941870E+0,-4.2388351E+1,3.8548347E+3,0.0000000E+0
13352712,1/10/2021,4:09:51 PM,2.1253820E+1,-5.2548656E+1,3.8548347E+3,0.0000000E+0
13352713,1/10/2021,4:09:51 PM,3.3091053E+1,-5.6580517E+1,3.8530491E+3,0.0000000E+0
13352714,1/10/2021,4:09:51 PM,3.8251556E+1,-5.8220142E+1,3.8637642E+3,0.0000000E+0
13352715,1/10/2021,4:09:51 PM,4.7455338E+1,-6.1875706E+1,3.8601924E+3,0.0000000E+0
13352716,1/10/2021,4:09:52 PM,4.8918369E+1,-6.8487961E+1,3.8601924E+3,0.0000000E+0
13352717,1/10/2021,4:09:52 PM,5.0088791E+1,-7.7653740E+1,3.8467981E+3,0.0000000E+0
13352718,1/10/2021,4:09:52 PM,5.2163628E+1,-8.7115189E+1,3.8467981E+3,0.0000000E+0
13352719,1/10/2021,4:09:52 PM,5.8946762E+1,-9.2786682E+1,3.8441196E+3,0.0000000E+0
13352720,1/10/2021,4:09:52 PM,6.0968407E+1,-9.3082352E+1,3.8512629E+3,0.0000000E+0
13352721,1/10/2021,4:09:52 PM,5.9186172E+1,-9.5528351E+1,3.8432266E+3,0.0000000E+0
13352722,1/10/2021,4:09:52 PM,5.7270935E+1,-9.6200325E+1,3.8414407E+3,0.0000000E+0
13352723,1/10/2021,4:09:52 PM,5.5595100E+1,-9.2249100E+1,3.8405476E+3,0.0000000E+0
13352724,1/10/2021,4:09:52 PM,5.0807003E+1,-8.5609955E+1,3.8441196E+3,0.0000000E+0
13352725,1/10/2021,4:09:52 PM,5.1631622E+1,-7.6712967E+1,3.8512629E+3,0.0000000E+0
13352726,1/10/2021,4:09:53 PM,4.5380497E+1,-6.5961327E+1,3.8476914E+3,0.0000000E+0
13352727,1/10/2021,4:09:53 PM,3.5804306E+1,-5.4134521E+1,3.8530491E+3,0.0000000E+0
13352728,1/10/2021,4:09:53 PM,2.7983753E+1,-4.0453056E+1,3.8539419E+3,0.0000000E+0
13352729,1/10/2021,4:09:53 PM,2.1094217E+1,-2.4809416E+1,3.8601924E+3,0.0000000E+0
13352730,1/10/2021,4:09:53 PM,1.3883301E+1,-9.6041803E+0,3.8646572E+3,0.0000000E+0
13352731,1/10/2021,4:09:53 PM,5.6680498E+0,2.0500643E+0,3.8637642E+3,0.0000000E+0
13352732,1/10/2021,4:09:53 PM,-4.8477626E+0,1.1393663E+1,3.8601924E+3,0.0000000E+0
13352733,1/10/2021,4:09:53 PM,-1.5575295E+1,2.1664560E+1,3.8601924E+3,0.0000000E+0
13352734,1/10/2021,4:09:53 PM,-2.6015312E+1,3.1448555E+1,3.8655500E+3,0.0000000E+0
13352735,1/10/2021,4:09:53 PM,-3.5325497E+1,3.9512287E+1,3.8601924E+3,0.0000000E+0
13352736,1/10/2021,4:09:54 PM,-4.7215931E+1,4.9081249E+1,3.8601924E+3,0.0000000E+0
13352737,1/10/2021,4:09:54 PM,-5.8946762E+1,5.6553642E+1,3.8584065E+3,0.0000000E+0
13352738,1/10/2021,4:09:54 PM,-6.7911140E+1,6.4509857E+1,3.8601924E+3,0.0000000E+0
13352739,1/10/2021,4:09:54 PM,-7.9030159E+1,7.3890663E+1,3.8584065E+3,0.0000000E+0
13352740,1/10/2021,4:09:54 PM,-8.6238899E+1,8.1658730E+1,3.8619785E+3,0.0000000E+0
13352741,1/10/2021,4:09:54 PM,-8.8553146E+1,8.7599014E+1,3.8655500E+3,0.0000000E+0
13352742,1/10/2021,4:09:54 PM,-8.8499947E+1,9.1765274E+1,3.8655500E+3,0.0000000E+0
13352743,1/10/2021,4:09:54 PM,-8.6664513E+1,9.1872787E+1,3.8619785E+3,0.0000000E+0
13352744,1/10/2021,4:09:54 PM,-7.9934578E+1,9.1550240E+1,3.8673359E+3,0.0000000E+0
13352745,1/10/2021,4:09:54 PM,-6.9054962E+1,8.8862328E+1,3.8718008E+3,0.0000000E+0
13352746,1/10/2021,4:09:55 PM,-5.4105469E+1,8.0395409E+1,3.8646572E+3,0.0000000E+0
13352747,1/10/2021,4:09:55 PM,-3.9102772E+1,7.1794098E+1,3.8718008E+3,0.0000000E+0
13352748,1/10/2021,4:09:55 PM,-2.9074375E+1,6.2252014E+1,3.8655500E+3,0.0000000E+0
13352749,1/10/2021,4:09:55 PM,-1.8598782E+1,4.9914501E+1,3.8673359E+3,0.0000000E+0
13352750,1/10/2021,4:09:55 PM,-1.0746665E+1,4.0936882E+1,3.8673359E+3,0.0000000E+0
13352751,1/10/2021,4:09:55 PM,-4.7066965E+0,3.2147415E+1,3.8619785E+3,0.0000000E+0
13352752,1/10/2021,4:09:55 PM,-5.3451842E-1,2.2363417E+1,3.8673359E+3,0.0000000E+0
13352753,1/10/2021,4:09:55 PM,1.1523046E+0,1.0127996E+1,3.8566208E+3,0.0000000E+0
13352754,1/10/2021,4:09:55 PM,6.4881301E-1,2.3463624E+0,3.8575137E+3,0.0000000E+0
13352755,1/10/2021,4:09:55 PM,4.1773024E+0,-9.0723877E+0,3.8601924E+3,0.0000000E+0
13352756,1/10/2021,4:09:56 PM,6.5548334E+0,-2.0535637E+1,3.8530491E+3,0.0000000E+0
13352757,1/10/2021,4:09:56 PM,8.6994305E+0,-3.0884094E+1,3.8548347E+3,0.0000000E+0
13352758,1/10/2021,4:09:56 PM,1.1601871E+1,-4.4592438E+1,3.8494771E+3,0.0000000E+0
13352759,1/10/2021,4:09:56 PM,1.7796204E+1,-5.8031994E+1,3.8476914E+3,0.0000000E+0
13352760,1/10/2021,4:09:56 PM,2.4472483E+1,-7.0369507E+1,3.8476914E+3,0.0000000E+0
13352761,1/10/2021,4:09:56 PM,3.2426041E+1,-8.2250069E+1,3.8459053E+3,0.0000000E+0
13352762,1/10/2021,4:09:56 PM,3.9102772E+1,-8.9399910E+1,3.8503701E+3,0.0000000E+0
13352763,1/10/2021,4:09:56 PM,4.4023869E+1,-9.9210785E+1,3.8423335E+3,0.0000000E+0
13352764,1/10/2021,4:09:56 PM,4.7827747E+1,-1.0364584E+2,3.8476914E+3,0.0000000E+0
13352765,1/10/2021,4:09:56 PM,4.7907547E+1,-1.0584992E+2,3.8459053E+3,0.0000000E+0
13352766,1/10/2021,4:09:57 PM,4.8519356E+1,-1.0826904E+2,3.8441196E+3,0.0000000E+0
13352767,1/10/2021,4:09:57 PM,4.6604122E+1,-1.0625311E+2,3.8503701E+3,0.0000000E+0
13352768,1/10/2021,4:09:57 PM,3.9528381E+1,-1.0262444E+2,3.8441196E+3,0.0000000E+0
13352769,1/10/2021,4:09:57 PM,2.8515762E+1,-9.5367073E+1,3.8459053E+3,0.0000000E+0
13352770,1/10/2021,4:09:57 PM,2.0642008E+1,-8.9211754E+1,3.8414407E+3,0.0000000E+0
13352771,1/10/2021,4:09:57 PM,1.3651737E+1,-7.9857826E+1,3.8476914E+3,0.0000000E+0
13352772,1/10/2021,4:09:57 PM,5.9022450E+0,-6.9401855E+1,3.8459053E+3,0.0000000E+0
13352773,1/10/2021,4:09:57 PM,-3.8309767E+0,-5.9537224E+1,3.8450125E+3,0.0000000E+0
13352774,1/10/2021,4:09:57 PM,-1.4572729E+1,-4.4323650E+1,3.8512629E+3,0.0000000E+0
13352775,1/10/2021,4:09:57 PM,-2.4472483E+1,-3.1690468E+1,3.8485842E+3,0.0000000E+0
13352776,1/10/2021,4:09:58 PM,-3.4474281E+1,-1.7248703E+1,3.8512629E+3,0.0000000E+0
13352777,1/10/2021,4:09:58 PM,-4.7588341E+1,-1.1015705E+0,3.8503701E+3,0.0000000E+0
13352778,1/10/2021,4:09:58 PM,-5.9851181E+1,1.6110666E+1,3.8548347E+3,0.0000000E+0
13352779,1/10/2021,4:09:58 PM,-7.4827278E+1,3.5426662E+1,3.8584065E+3,0.0000000E+0
13352780,1/10/2021,4:09:58 PM,-8.5440887E+1,5.2252987E+1,3.8619785E+3,0.0000000E+0
13352781,1/10/2021,4:09:58 PM,-9.1878212E+1,6.6982735E+1,3.8619785E+3,0.0000000E+0
13352782,1/10/2021,4:09:58 PM,-9.9166756E+1,8.0664200E+1,3.8682290E+3,0.0000000E+0
13352783,1/10/2021,4:09:58 PM,-1.0608290E+2,9.0985779E+1,3.8655500E+3,0.0000000E+0
13352784,1/10/2021,4:09:58 PM,-1.0850355E+2,9.9264542E+1,3.8718008E+3,0.0000000E+0
13352785,1/10/2021,4:09:58 PM,-1.0581689E+2,1.0192558E+2,3.8718008E+3,0.0000000E+0
13352786,1/10/2021,4:09:59 PM,-9.6373703E+1,9.5474586E+1,3.8682290E+3,0.0000000E+0
13352787,1/10/2021,4:09:59 PM,-8.4563072E+1,8.5233650E+1,3.8673359E+3,0.0000000E+0
13352788,1/10/2021,4:09:59 PM,-6.8975159E+1,6.8514847E+1,3.8584065E+3,0.0000000E+0
13352789,1/10/2021,4:09:59 PM,-4.9742981E+1,5.4268917E+1,3.8655500E+3,0.0000000E+0
13352790,1/10/2021,4:09:59 PM,-2.9100975E+1,3.7953300E+1,3.8575137E+3,0.0000000E+0
13352791,1/10/2021,4:09:59 PM,-5.5443735E+0,1.9777380E+1,3.8566208E+3,0.0000000E+0
13352792,1/10/2021,4:09:59 PM,1.2654434E+1,7.3945813E+0,3.8539419E+3,0.0000000E+0
13352793,1/10/2021,4:09:59 PM,2.4126677E+1,5.6785560E-1,3.8566208E+3,0.0000000E+0
13352794,1/10/2021,4:09:59 PM,3.4181675E+1,-2.0957103E+0,3.8566208E+3,0.0000000E+0
13352795,1/10/2021,4:09:59 PM,4.4502682E+1,-5.3261628E+0,3.8619785E+3,0.0000000E+0
13352796,1/10/2021,4:10:00 PM,5.4105469E+1,-9.7956257E+0,3.8619785E+3,0.0000000E+0
13352797,1/10/2021,4:10:00 PM,5.7563538E+1,-1.2794938E+1,3.8557275E+3,0.0000000E+0
13352798,1/10/2021,4:10:00 PM,5.9851181E+1,-1.4220142E+1,3.8637642E+3,0.0000000E+0
13352799,1/10/2021,4:10:00 PM,6.1952625E+1,-1.3940951E+1,3.8619785E+3,0.0000000E+0
13352800,1/10/2021,4:10:00 PM,6.3761459E+1,-1.6419107E+1,3.8655500E+3,0.0000000E+0
13352801,1/10/2021,4:10:00 PM,6.8735756E+1,-2.2793484E+1,3.8628713E+3,0.0000000E+0
13352802,1/10/2021,4:10:00 PM,7.2513031E+1,-2.9728294E+1,3.8592996E+3,0.0000000E+0
13352803,1/10/2021,4:10:00 PM,7.4082458E+1,-3.4647171E+1,3.8601924E+3,0.0000000E+0
13352804,1/10/2021,4:10:00 PM,7.3124847E+1,-3.7738266E+1,3.8584065E+3,0.0000000E+0
13352805,1/10/2021,4:10:00 PM,7.1076607E+1,-4.0694969E+1,3.8575137E+3,0.0000000E+0
13352806,1/10/2021,4:10:01 PM,6.8549553E+1,-4.3651672E+1,3.8539419E+3,0.0000000E+0
13352807,1/10/2021,4:10:01 PM,6.4532875E+1,-4.5103142E+1,3.8530491E+3,0.0000000E+0
13352808,1/10/2021,4:10:01 PM,5.7483738E+1,-4.3436638E+1,3.8503701E+3,0.0000000E+0
13352809,1/10/2021,4:10:01 PM,4.7082932E+1,-3.4889080E+1,3.8575137E+3,0.0000000E+0
13352810,1/10/2021,4:10:01 PM,3.1042814E+1,-2.3653614E+1,3.8584065E+3,0.0000000E+0
13352811,1/10/2021,4:10:01 PM,1.3609635E+1,-1.6307430E+1,3.8530491E+3,0.0000000E+0
13352812,1/10/2021,4:10:01 PM,-3.5995648E+0,-6.9877591E+0,3.8548347E+3,0.0000000E+0
13352813,1/10/2021,4:10:01 PM,-2.0469711E+1,4.2178469E+0,3.8584065E+3,0.0000000E+0
13352814,1/10/2021,4:10:01 PM,-4.0752003E+1,1.7347086E+1,3.8619785E+3,0.0000000E+0
13352815,1/10/2021,4:10:01 PM,-6.0542797E+1,2.6045856E+1,3.8628713E+3,0.0000000E+0
13352816,1/10/2021,4:10:02 PM,-7.8976959E+1,3.0615305E+1,3.8610852E+3,0.0000000E+0
13352817,1/10/2021,4:10:02 PM,-9.2091019E+1,3.1152887E+1,3.8575137E+3,0.0000000E+0
13352818,1/10/2021,4:10:02 PM,-1.0140121E+2,2.8196184E+1,3.8566208E+3,0.0000000E+0
13352819,1/10/2021,4:10:02 PM,-1.0938136E+2,2.3196671E+1,3.8557275E+3,0.0000000E+0
13352820,1/10/2021,4:10:02 PM,-1.1704231E+2,1.7320496E+1,3.8494771E+3,0.0000000E+0
13352821,1/10/2021,4:10:02 PM,-1.2196341E+2,1.1582451E+1,3.8521558E+3,0.0000000E+0
13352822,1/10/2021,4:10:02 PM,-1.2289443E+2,2.6802988E+0,3.8441196E+3,0.0000000E+0
13352823,1/10/2021,4:10:02 PM,-1.1507387E+2,-8.1683397E+0,3.8423335E+3,0.0000000E+0
13352824,1/10/2021,4:10:02 PM,-1.0858334E+2,-1.3398522E+1,3.8450125E+3,0.0000000E+0
13352825,1/10/2021,4:10:02 PM,-1.0328984E+2,-1.6743502E+1,3.8441196E+3,0.0000000E+0
13352826,1/10/2021,4:10:03 PM,-9.2436829E+1,-1.9660385E+1,3.8476914E+3,0.0000000E+0
13352827,1/10/2021,4:10:03 PM,-8.2142426E+1,-2.3438581E+1,3.8441196E+3,0.0000000E+0
13352828,1/10/2021,4:10:03 PM,-6.8788963E+1,-2.6798471E+1,3.8432266E+3,0.0000000E+0
13352829,1/10/2021,4:10:03 PM,-5.2748844E+1,-2.6502798E+1,3.8512629E+3,0.0000000E+0
13352830,1/10/2021,4:10:03 PM,-3.8889969E+1,-2.7577965E+1,3.8530491E+3,0.0000000E+0
13352831,1/10/2021,4:10:03 PM,-2.3115858E+1,-2.8841282E+1,3.8548347E+3,0.0000000E+0
13352832,1/10/2021,4:10:03 PM,-6.9679646E+0,-3.2389324E+1,3.8575137E+3,0.0000000E+0
13352833,1/10/2021,4:10:03 PM,1.2022897E+1,-3.7442596E+1,3.8548347E+3,0.0000000E+0
13352834,1/10/2021,4:10:03 PM,2.9446781E+1,-4.1313187E+1,3.8584065E+3,0.0000000E+0
13352835,1/10/2021,4:10:03 PM,4.2454441E+1,-4.5533207E+1,3.8584065E+3,0.0000000E+0
13352836,1/10/2021,4:10:04 PM,5.3227650E+1,-4.7549141E+1,3.8601924E+3,0.0000000E+0
13352837,1/10/2021,4:10:04 PM,5.9132969E+1,-5.1258457E+1,3.8548347E+3,0.0000000E+0
13352838,1/10/2021,4:10:04 PM,6.4772278E+1,-5.4672108E+1,3.8566208E+3,0.0000000E+0
13352839,1/10/2021,4:10:04 PM,6.5357491E+1,-5.3865726E+1,3.8530491E+3,0.0000000E+0
13352840,1/10/2021,4:10:04 PM,6.1633415E+1,-5.1849796E+1,3.8566208E+3,0.0000000E+0
13352841,1/10/2021,4:10:04 PM,5.5435497E+1,-4.6554615E+1,3.8548347E+3,0.0000000E+0
13352842,1/10/2021,4:10:04 PM,4.7375538E+1,-4.4189255E+1,3.8476914E+3,0.0000000E+0
13352843,1/10/2021,4:10:04 PM,4.0858406E+1,-3.9001587E+1,3.8512629E+3,0.0000000E+0
13352844,1/10/2021,4:10:04 PM,3.8863369E+1,-3.1206642E+1,3.8521558E+3,0.0000000E+0
13352845,1/10/2021,4:10:04 PM,3.7240734E+1,-2.5346998E+1,3.8530491E+3,0.0000000E+0
13352846,1/10/2021,4:10:05 PM,3.5591503E+1,-1.6783386E+1,3.8548347E+3,0.0000000E+0
13352847,1/10/2021,4:10:05 PM,3.2585644E+1,-7.3387427E+0,3.8575137E+3,0.0000000E+0
13352848,1/10/2021,4:10:05 PM,3.2851650E+1,2.6192307E-1,3.8566208E+3,0.0000000E+0
13352849,1/10/2021,4:10:05 PM,3.4075275E+1,1.0843258E+1,3.8601924E+3,0.0000000E+0
13352850,1/10/2021,4:10:05 PM,3.2532444E+1,2.3116032E+1,3.8655500E+3,0.0000000E+0
13352851,1/10/2021,4:10:05 PM,2.7132536E+1,3.5883606E+1,3.8637642E+3,0.0000000E+0
13352852,1/10/2021,4:10:05 PM,2.0881413E+1,5.1204697E+1,3.8718008E+3,0.0000000E+0
13352853,1/10/2021,4:10:05 PM,8.6178570E+0,6.6955856E+1,3.8753723E+3,0.0000000E+0
13352854,1/10/2021,4:10:05 PM,-6.8574457E+0,7.9078339E+1,3.8709080E+3,0.0000000E+0
13352855,1/10/2021,4:10:05 PM,-1.9296104E+1,8.9373032E+1,3.8762654E+3,0.0000000E+0
13352856,1/10/2021,4:10:06 PM,-3.4979691E+1,9.8834473E+1,3.8780513E+3,0.0000000E+0
13352857,1/10/2021,4:10:06 PM,-5.0860207E+1,1.0224812E+2,3.8691218E+3,0.0000000E+0
13352858,1/10/2021,4:10:06 PM,-5.8787163E+1,1.0302761E+2,3.8771584E+3,0.0000000E+0
13352859,1/10/2021,4:10:06 PM,-6.7059921E+1,1.0004404E+2,3.8682290E+3,0.0000000E+0
13352860,1/10/2021,4:10:06 PM,-7.0943604E+1,9.1173935E+1,3.8673359E+3,0.0000000E+0
13352861,1/10/2021,4:10:06 PM,-7.1927818E+1,8.1578094E+1,3.8646572E+3,0.0000000E+0
13352862,1/10/2021,4:10:06 PM,-7.0996803E+1,6.6767700E+1,3.8575137E+3,0.0000000E+0
13352863,1/10/2021,4:10:06 PM,-6.1154606E+1,5.1930431E+1,3.8619785E+3,0.0000000E+0
13352864,1/10/2021,4:10:06 PM,-5.4903484E+1,3.8759674E+1,3.8548347E+3,0.0000000E+0
13352865,1/10/2021,4:10:06 PM,-4.3784466E+1,2.4110559E+1,3.8566208E+3,0.0000000E+0
13352866,1/10/2021,4:10:07 PM,-3.1548223E+1,9.8886900E+0,3.8557275E+3,0.0000000E+0
13352867,1/10/2021,4:10:07 PM,-2.5164097E+1,-3.6140389E+0,3.8512629E+3,0.0000000E+0
13352868,1/10/2021,4:10:07 PM,-2.0535606E+1,-7.9875302E+0,3.8566208E+3,0.0000000E+0
13352869,1/10/2021,4:10:07 PM,-1.5630555E+1,-1.8777609E+1,3.8539419E+3,0.0000000E+0
13352870,1/10/2021,4:10:07 PM,-1.0994017E+1,-2.8330580E+1,3.8539419E+3,0.0000000E+0
13352871,1/10/2021,4:10:07 PM,-1.0741402E+1,-3.2120533E+1,3.8601924E+3,0.0000000E+0
13352872,1/10/2021,4:10:07 PM,-1.3975400E+1,-4.1528221E+1,3.8512629E+3,0.0000000E+0
13352873,1/10/2021,4:10:07 PM,-1.1636080E+1,-5.0425205E+1,3.8512629E+3,0.0000000E+0
13352874,1/10/2021,4:10:07 PM,-1.3646475E+1,-5.7655689E+1,3.8530491E+3,0.0000000E+0
13352875,1/10/2021,4:10:07 PM,-1.1299260E+1,-6.9643761E+1,3.8476914E+3,0.0000000E+0
13352876,1/10/2021,4:10:08 PM,-7.1521626E+0,-8.1013634E+1,3.8494771E+3,0.0000000E+0
13352877,1/10/2021,4:10:08 PM,-6.3443213E+0,-9.4130630E+1,3.8351899E+3,0.0000000E+0
13352878,1/10/2021,4:10:08 PM,-3.8064094E+0,-1.0394151E+2,3.8405476E+3,0.0000000E+0
13352879,1/10/2021,4:10:08 PM,2.0795372E+0,-1.1230090E+2,3.8360830E+3,0.0000000E+0
13352880,1/10/2021,4:10:08 PM,5.2249956E+0,-1.1649406E+2,3.8342971E+3,0.0000000E+0
13352881,1/10/2021,4:10:08 PM,8.1994629E+0,-1.1598335E+2,3.8405476E+3,0.0000000E+0
13352882,1/10/2021,4:10:08 PM,9.9598732E+0,-1.1248907E+2,3.8351899E+3,0.0000000E+0
13352883,1/10/2021,4:10:08 PM,1.0367743E+1,-1.0579617E+2,3.8423335E+3,0.0000000E+0
13352884,1/10/2021,4:10:08 PM,9.8230410E+0,-9.7490517E+1,3.8369758E+3,0.0000000E+0
13352885,1/10/2021,4:10:08 PM,1.1438725E+1,-8.5072380E+1,3.8476914E+3,0.0000000E+0
13352886,1/10/2021,4:10:09 PM,9.7046270E+0,-7.0826447E+1,3.8494771E+3,0.0000000E+0
13352887,1/10/2021,4:10:09 PM,5.3601751E+0,-5.8515820E+1,3.8459053E+3,0.0000000E+0
13352888,1/10/2021,4:10:09 PM,2.1750280E-1,-4.3544155E+1,3.8548347E+3,0.0000000E+0
13352889,1/10/2021,4:10:09 PM,-4.7724743E+0,-2.7094141E+1,3.8566208E+3,0.0000000E+0
13352890,1/10/2021,4:10:09 PM,-8.8546829E+0,-1.3324072E+1,3.8601924E+3,0.0000000E+0
13352891,1/10/2021,4:10:09 PM,-1.8098814E+1,1.5656704E-1,3.8610852E+3,0.0000000E+0
13352892,1/10/2021,4:10:09 PM,-2.7318739E+1,1.2034474E+1,3.8566208E+3,0.0000000E+0
13352893,1/10/2021,4:10:09 PM,-3.2293037E+1,2.3277308E+1,3.8628713E+3,0.0000000E+0
13352894,1/10/2021,4:10:09 PM,-4.0166794E+1,3.5157871E+1,3.8610852E+3,0.0000000E+0
13352895,1/10/2021,4:10:09 PM,-4.7428734E+1,4.6850285E+1,3.8673359E+3,0.0000000E+0
13352896,1/10/2021,4:10:10 PM,-5.2722240E+1,5.4457073E+1,3.8646572E+3,0.0000000E+0
13352897,1/10/2021,4:10:10 PM,-5.2642441E+1,5.6284847E+1,3.8584065E+3,0.0000000E+0
13352898,1/10/2021,4:10:10 PM,-5.1950825E+1,6.0881180E+1,3.8637642E+3,0.0000000E+0
13352899,1/10/2021,4:10:10 PM,-5.0567600E+1,6.4429214E+1,3.8637642E+3,0.0000000E+0
13352900,1/10/2021,4:10:10 PM,-4.6072109E+1,6.5128075E+1,3.8646572E+3,0.0000000E+0
13352901,1/10/2021,4:10:10 PM,-4.0352997E+1,6.6310760E+1,3.8655500E+3,0.0000000E+0
13352902,1/10/2021,4:10:10 PM,-3.3224056E+1,6.1848824E+1,3.8619785E+3,0.0000000E+0
13352903,1/10/2021,4:10:10 PM,-2.2982855E+1,5.9644737E+1,3.8601924E+3,0.0000000E+0
13352904,1/10/2021,4:10:10 PM,-1.7067303E+1,6.0881180E+1,3.8655500E+3,0.0000000E+0
13352905,1/10/2021,4:10:10 PM,-8.9204683E+0,6.0236080E+1,3.8682290E+3,0.0000000E+0
13352906,1/10/2021,4:10:11 PM,-7.0503640E-1,5.8488937E+1,3.8700146E+3,0.0000000E+0
13352907,1/10/2021,4:10:11 PM,5.4215379E+0,5.2951843E+1,3.8610852E+3,0.0000000E+0
13352908,1/10/2021,4:10:11 PM,1.3578057E+1,4.8570549E+1,3.8691218E+3,0.0000000E+0
13352909,1/10/2021,4:10:11 PM,2.0159206E+1,4.5345055E+1,3.8673359E+3,0.0000000E+0
13352910,1/10/2021,4:10:11 PM,2.4286280E+1,4.0641209E+1,3.8664431E+3,0.0000000E+0
13352911,1/10/2021,4:10:11 PM,2.5243900E+1,3.7415718E+1,3.8682290E+3,0.0000000E+0
13352912,1/10/2021,4:10:11 PM,2.5882313E+1,3.0964731E+1,3.8655500E+3,0.0000000E+0
13352913,1/10/2021,4:10:11 PM,3.2027035E+1,2.3976164E+1,3.8691218E+3,0.0000000E+0
13352914,1/10/2021,4:10:11 PM,3.5298897E+1,1.7732635E+1,3.8673359E+3,0.0000000E+0
13352915,1/10/2021,4:10:11 PM,3.9874187E+1,6.9212852E+0,3.8637642E+3,0.0000000E+0
13352916,1/10/2021,4:10:12 PM,4.2720444E+1,-5.2412772E+0,3.8619785E+3,0.0000000E+0
13352917,1/10/2021,4:10:12 PM,4.3119450E+1,-1.6905699E+1,3.8575137E+3,0.0000000E+0
13352918,1/10/2021,4:10:12 PM,4.6417919E+1,-2.8733767E+1,3.8584065E+3,0.0000000E+0
13352919,1/10/2021,4:10:12 PM,4.7960751E+1,-4.0022991E+1,3.8548347E+3,0.0000000E+0
13352920,1/10/2021,4:10:12 PM,4.7481937E+1,-5.0989666E+1,3.8494771E+3,0.0000000E+0
13352921,1/10/2021,4:10:12 PM,4.6311516E+1,-6.0021049E+1,3.8503701E+3,0.0000000E+0
13352922,1/10/2021,4:10:12 PM,4.1124413E+1,-6.6713943E+1,3.8441196E+3,0.0000000E+0
13352923,1/10/2021,4:10:12 PM,3.4101871E+1,-6.8353569E+1,3.8485842E+3,0.0000000E+0
13352924,1/10/2021,4:10:12 PM,2.7105934E+1,-6.8622360E+1,3.8494771E+3,0.0000000E+0
13352925,1/10/2021,4:10:12 PM,1.8817188E+1,-6.8622360E+1,3.8459053E+3,0.0000000E+0
13352926,1/10/2021,4:10:13 PM,8.5757542E+0,-6.6015091E+1,3.8441196E+3,0.0000000E+0
13352927,1/10/2021,4:10:13 PM,-4.4324889E+0,-6.0021049E+1,3.8476914E+3,0.0000000E+0
13352928,1/10/2021,4:10:13 PM,-1.8396164E+1,-5.0452084E+1,3.8512629E+3,0.0000000E+0
13352929,1/10/2021,4:10:13 PM,-3.1441822E+1,-4.1662617E+1,3.8512629E+3,0.0000000E+0
13352930,1/10/2021,4:10:13 PM,-4.2454441E+1,-3.5776093E+1,3.8503701E+3,0.0000000E+0
13352931,1/10/2021,4:10:13 PM,-5.7058128E+1,-2.8249941E+1,3.8485842E+3,0.0000000E+0
13352932,1/10/2021,4:10:13 PM,-6.9586975E+1,-2.0670034E+1,3.8503701E+3,0.0000000E+0
13352933,1/10/2021,4:10:13 PM,-8.3286247E+1,-1.3183147E+1,3.8503701E+3,0.0000000E+0
13352934,1/10/2021,4:10:13 PM,-9.3421043E+1,-6.8149266E+0,3.8512629E+3,0.0000000E+0
13352935,1/10/2021,4:10:13 PM,-9.9140160E+1,-3.5443687E+0,3.8485842E+3,0.0000000E+0
13352936,1/10/2021,4:10:14 PM,-1.0350264E+2,-6.6654354E-1,3.8467981E+3,0.0000000E+0
13352937,1/10/2021,4:10:14 PM,-1.1100399E+2,5.3149514E+0,3.8503701E+3,0.0000000E+0
13352938,1/10/2021,4:10:14 PM,-1.1456847E+2,1.1071929E+1,3.8485842E+3,0.0000000E+0
13352939,1/10/2021,4:10:14 PM,-1.1411626E+2,1.5866043E+1,3.8539419E+3,0.0000000E+0
13352940,1/10/2021,4:10:14 PM,-1.0871635E+2,1.6264889E+1,3.8512629E+3,0.0000000E+0
13352941,1/10/2021,4:10:14 PM,-1.0126820E+2,1.6065466E+1,3.8512629E+3,0.0000000E+0
13352942,1/10/2021,4:10:14 PM,-9.0282188E+1,1.5600146E+1,3.8539419E+3,0.0000000E+0
13352943,1/10/2021,4:10:14 PM,-8.2727638E+1,1.4922110E+1,3.8530491E+3,0.0000000E+0
13352944,1/10/2021,4:10:14 PM,-7.2805634E+1,1.4618987E+1,3.8530491E+3,0.0000000E+0
13352945,1/10/2021,4:10:14 PM,-5.7669937E+1,1.3722917E+1,3.8584065E+3,0.0000000E+0
13352946,1/10/2021,4:10:15 PM,-4.0885006E+1,1.0351350E+1,3.8557275E+3,0.0000000E+0
13352947,1/10/2021,4:10:15 PM,-2.4472483E+1,8.0593224E+0,3.8584065E+3,0.0000000E+0
13352948,1/10/2021,4:10:15 PM,-1.2557073E+1,6.3974690E+0,3.8566208E+3,0.0000000E+0
13352949,1/10/2021,4:10:15 PM,-5.4507679E-1,5.1099453E+0,3.8601924E+3,0.0000000E+0
13352950,1/10/2021,4:10:15 PM,1.5567401E+1,2.1621771E+0,3.8619785E+3,0.0000000E+0
13352951,1/10/2021,4:10:15 PM,2.9313780E+1,-1.5216610E+0,3.8610852E+3,0.0000000E+0
13352952,1/10/2021,4:10:15 PM,4.4422878E+1,-4.7920251E+0,3.8637642E+3,0.0000000E+0
13352953,1/10/2021,4:10:15 PM,5.5488693E+1,-7.9582810E+0,3.8619785E+3,0.0000000E+0
13352954,1/10/2021,4:10:15 PM,6.3149651E+1,-9.8222160E+0,3.8655500E+3,0.0000000E+0
13352955,1/10/2021,4:10:15 PM,7.2672638E+1,-1.3491588E+1,3.8628713E+3,0.0000000E+0
13352956,1/10/2021,4:10:16 PM,7.7779938E+1,-1.8009169E+1,3.8637642E+3,0.0000000E+0
13352957,1/10/2021,4:10:16 PM,8.3259644E+1,-2.0992582E+1,3.8637642E+3,0.0000000E+0
13352958,1/10/2021,4:10:16 PM,8.5015282E+1,-2.4728779E+1,3.8619785E+3,0.0000000E+0
13352959,1/10/2021,4:10:16 PM,8.1025200E+1,-2.6690954E+1,3.8584065E+3,0.0000000E+0
13352960,1/10/2021,4:10:16 PM,7.5625290E+1,-2.7739239E+1,3.8575137E+3,0.0000000E+0
13352961,1/10/2021,4:10:16 PM,7.1528809E+1,-2.8411217E+1,3.8566208E+3,0.0000000E+0
13352962,1/10/2021,4:10:16 PM,6.4745674E+1,-2.6180250E+1,3.8566208E+3,0.0000000E+0
13352963,1/10/2021,4:10:16 PM,5.7297531E+1,-2.1879593E+1,3.8584065E+3,0.0000000E+0
13352964,1/10/2021,4:10:16 PM,4.8013950E+1,-1.7434832E+1,3.8575137E+3,0.0000000E+0
13352965,1/10/2021,4:10:16 PM,4.1071213E+1,-1.3935635E+1,3.8539419E+3,0.0000000E+0
13352966,1/10/2021,4:10:17 PM,3.6788525E+1,-8.9208269E+0,3.8575137E+3,0.0000000E+0
13352967,1/10/2021,4:10:17 PM,3.4953091E+1,-1.8018143E+0,3.8637642E+3,0.0000000E+0
13352968,1/10/2021,4:10:17 PM,3.0590605E+1,3.0855067E+0,3.8584065E+3,0.0000000E+0
13352969,1/10/2021,4:10:17 PM,2.1679428E+1,8.8836012E+0,3.8637642E+3,0.0000000E+0
13352970,1/10/2021,4:10:17 PM,1.4891129E+1,1.2701874E+1,3.8619785E+3,0.0000000E+0
13352971,1/10/2021,4:10:17 PM,6.9021797E+0,1.6456333E+1,3.8619785E+3,0.0000000E+0
13352972,1/10/2021,4:10:17 PM,-3.9157751E+0,2.1906471E+1,3.8655500E+3,0.0000000E+0
13352973,1/10/2021,4:10:17 PM,-1.1641343E+1,2.3304186E+1,3.8637642E+3,0.0000000E+0
13352974,1/10/2021,4:10:17 PM,-2.8941372E+1,2.6529678E+1,3.8637642E+3,0.0000000E+0
13352975,1/10/2021,4:10:17 PM,-4.6258312E+1,2.6180250E+1,3.8575137E+3,0.0000000E+0
13352976,1/10/2021,4:10:18 PM,-5.9053169E+1,2.5562031E+1,3.8584065E+3,0.0000000E+0
13352977,1/10/2021,4:10:18 PM,-7.2938637E+1,2.5024448E+1,3.8548347E+3,0.0000000E+0
13352978,1/10/2021,4:10:18 PM,-8.4536469E+1,2.3680494E+1,3.8530491E+3,0.0000000E+0
13352979,1/10/2021,4:10:18 PM,-9.7198326E+1,2.1395769E+1,3.8512629E+3,0.0000000E+0
13352980,1/10/2021,4:10:18 PM,-1.0666811E+2,1.8987667E+1,3.8503701E+3,0.0000000E+0
13352981,1/10/2021,4:10:18 PM,-1.1025918E+2,1.4220142E+1,3.8485842E+3,0.0000000E+0
13352982,1/10/2021,4:10:18 PM,-1.1079119E+2,8.4900742E+0,3.8441196E+3,0.0000000E+0
13352983,1/10/2021,4:10:18 PM,-1.0879615E+2,3.5099342E+0,3.8494771E+3,0.0000000E+0
13352984,1/10/2021,4:10:18 PM,-1.0528488E+2,-5.3158116E-1,3.8459053E+3,0.0000000E+0
13352985,1/10/2021,4:10:18 PM,-1.0251842E+2,-4.6679001E+0,3.8476914E+3,0.0000000E+0
13352986,1/10/2021,4:10:19 PM,-9.2117622E+1,-9.6307707E+0,3.8476914E+3,0.0000000E+0
13352987,1/10/2021,4:10:19 PM,-8.1637009E+1,-1.1555861E+1,3.8512629E+3,0.0000000E+0
13352988,1/10/2021,4:10:19 PM,-6.8975159E+1,-1.4095173E+1,3.8548347E+3,0.0000000E+0
13352989,1/10/2021,4:10:19 PM,-6.1846222E+1,-1.7025351E+1,3.8494771E+3,0.0000000E+0
13352990,1/10/2021,4:10:19 PM,-5.7989147E+1,-2.0027323E+1,3.8512629E+3,0.0000000E+0
13352991,1/10/2021,4:10:19 PM,-5.0993210E+1,-2.2309660E+1,3.8503701E+3,0.0000000E+0
13352992,1/10/2021,4:10:19 PM,-4.2853447E+1,-2.2874119E+1,3.8548347E+3,0.0000000E+0
13352993,1/10/2021,4:10:19 PM,-3.8118553E+1,-2.3438581E+1,3.8476914E+3,0.0000000E+0
13352994,1/10/2021,4:10:19 PM,-3.3357059E+1,-2.2497812E+1,3.8557275E+3,0.0000000E+0
13352995,1/10/2021,4:10:19 PM,-2.7052734E+1,-2.4298712E+1,3.8503701E+3,0.0000000E+0
13352996,1/10/2021,4:10:20 PM,-1.7996189E+1,-2.7067261E+1,3.8494771E+3,0.0000000E+0
13352997,1/10/2021,4:10:20 PM,-5.3496494E+0,-3.0507788E+1,3.8512629E+3,0.0000000E+0
13352998,1/10/2021,4:10:20 PM,1.4354322E+1,-3.4163345E+1,3.8548347E+3,0.0000000E+0
13352999,1/10/2021,4:10:20 PM,3.2186634E+1,-3.8464001E+1,3.8548347E+3,0.0000000E+0
13353000,1/10/2021,4:10:20 PM,4.9450378E+1,-4.3060329E+1,3.8512629E+3,0.0000000E+0
13353001,1/10/2021,4:10:20 PM,6.6634315E+1,-4.5049385E+1,3.8575137E+3,0.0000000E+0
13353002,1/10/2021,4:10:20 PM,8.0413391E+1,-4.4511803E+1,3.8566208E+3,0.0000000E+0
13353003,1/10/2021,4:10:20 PM,9.4511673E+1,-4.3329121E+1,3.8637642E+3,0.0000000E+0
13353004,1/10/2021,4:10:20 PM,1.0294403E+2,-3.9135979E+1,3.8628713E+3,0.0000000E+0
13353005,1/10/2021,4:10:20 PM,1.0491247E+2,-3.5372906E+1,3.8619785E+3,0.0000000E+0
13353006,1/10/2021,4:10:21 PM,1.0145441E+2,-2.8572491E+1,3.8628713E+3,0.0000000E+0
13353007,1/10/2021,4:10:21 PM,9.3713654E+1,-1.9072754E+1,3.8655500E+3,0.0000000E+0
13353008,1/10/2021,4:10:21 PM,8.2142426E+1,-1.0125338E+1,3.8655500E+3,0.0000000E+0
13353009,1/10/2021,4:10:21 PM,6.9852982E+1,-1.3808306E+0,3.8682290E+3,0.0000000E+0
13353010,1/10/2021,4:10:21 PM,5.2536041E+1,5.5412827E+0,3.8610852E+3,0.0000000E+0
13353011,1/10/2021,4:10:21 PM,3.3995472E+1,1.2071699E+1,3.8619785E+3,0.0000000E+0
13353012,1/10/2021,4:10:21 PM,1.9164536E+1,1.8745703E+1,3.8637642E+3,0.0000000E+0
13353013,1/10/2021,4:10:21 PM,1.0949283E+1,2.3089153E+1,3.8619785E+3,0.0000000E+0
13353014,1/10/2021,4:10:21 PM,3.8396945E+0,2.6583439E+1,3.8628713E+3,0.0000000E+0
13353015,1/10/2021,4:10:21 PM,-2.5502863E+0,2.7309174E+1,3.8610852E+3,0.0000000E+0
13353016,1/10/2021,4:10:22 PM,-8.4652348E+0,2.8061789E+1,3.8601924E+3,0.0000000E+0
13353017,1/10/2021,4:10:22 PM,-1.1059802E+1,2.7792999E+1,3.8601924E+3,0.0000000E+0
13353018,1/10/2021,4:10:22 PM,-1.6817320E+1,2.8733767E+1,3.8637642E+3,0.0000000E+0
13353019,1/10/2021,4:10:22 PM,-1.9001387E+1,2.6395283E+1,3.8601924E+3,0.0000000E+0
13353020,1/10/2021,4:10:22 PM,-2.6627127E+1,2.6153372E+1,3.8601924E+3,0.0000000E+0
13353021,1/10/2021,4:10:22 PM,-4.0352997E+1,3.0104599E+1,3.8584065E+3,0.0000000E+0
13353022,1/10/2021,4:10:22 PM,-5.0141994E+1,3.0669062E+1,3.8610852E+3,0.0000000E+0
13353023,1/10/2021,4:10:22 PM,-5.6685719E+1,3.1421677E+1,3.8619785E+3,0.0000000E+0
13353024,1/10/2021,4:10:22 PM,-6.9560371E+1,3.0373392E+1,3.8548347E+3,0.0000000E+0
13353025,1/10/2021,4:10:22 PM,-7.8843956E+1,2.6583439E+1,3.8539419E+3,0.0000000E+0
13353026,1/10/2021,4:10:23 PM,-8.7595535E+1,2.4675020E+1,3.8539419E+3,0.0000000E+0
13353027,1/10/2021,4:10:23 PM,-8.9457565E+1,2.0434143E+1,3.8566208E+3,0.0000000E+0
13353028,1/10/2021,4:10:23 PM,-8.5281288E+1,1.3007655E+1,3.8530491E+3,0.0000000E+0
13353029,1/10/2021,4:10:23 PM,-8.4217262E+1,4.5437751E+0,3.8459053E+3,0.0000000E+0
13353030,1/10/2021,4:10:23 PM,-8.0280388E+1,-2.7900093E+0,3.8494771E+3,0.0000000E+0
13353031,1/10/2021,4:10:23 PM,-7.3071640E+1,-7.6019797E+0,3.8476914E+3,0.0000000E+0
13353032,1/10/2021,4:10:23 PM,-6.2670837E+1,-1.3462338E+1,3.8512629E+3,0.0000000E+0
13353033,1/10/2021,4:10:23 PM,-4.7987347E+1,-1.9187090E+1,3.8503701E+3,0.0000000E+0
13353034,1/10/2021,4:10:23 PM,-3.5990513E+1,-2.3976164E+1,3.8503701E+3,0.0000000E+0
13353035,1/10/2021,4:10:23 PM,-2.7052734E+1,-2.6610315E+1,3.8494771E+3,0.0000000E+0
13353036,1/10/2021,4:10:24 PM,-2.3488264E+1,-2.5615791E+1,3.8530491E+3,0.0000000E+0
13353037,1/10/2021,4:10:24 PM,-1.8664566E+1,-2.5803944E+1,3.8548347E+3,0.0000000E+0
13353038,1/10/2021,4:10:24 PM,-1.2051842E+1,-2.3599855E+1,3.8584065E+3,0.0000000E+0
13353039,1/10/2021,4:10:24 PM,-8.4599724E+0,-2.3761131E+1,3.8575137E+3,0.0000000E+0
13353040,1/10/2021,4:10:24 PM,-7.5942392E+0,-2.4728779E+1,3.8566208E+3,0.0000000E+0
13353041,1/10/2021,4:10:24 PM,-7.3679380E+0,-2.6959743E+1,3.8521558E+3,0.0000000E+0
13353042,1/10/2021,4:10:24 PM,-6.1943307E+0,-2.8088667E+1,3.8530491E+3,0.0000000E+0
13353043,1/10/2021,4:10:24 PM,-5.0152346E-2,-2.8921919E+1,3.8575137E+3,0.0000000E+0
13353044,1/10/2021,4:10:24 PM,7.0784836E+0,-3.1394796E+1,3.8512629E+3,0.0000000E+0
13353045,1/10/2021,4:10:24 PM,1.4130653E+1,-3.4243980E+1,3.8548347E+3,0.0000000E+0
13353046,1/10/2021,4:10:25 PM,2.1067617E+1,-3.6528706E+1,3.8512629E+3,0.0000000E+0
13353047,1/10/2021,4:10:25 PM,2.5004496E+1,-3.7361961E+1,3.8512629E+3,0.0000000E+0
13353048,1/10/2021,4:10:25 PM,3.1840828E+1,-3.5883606E+1,3.8548347E+3,0.0000000E+0
13353049,1/10/2021,4:10:25 PM,3.9129375E+1,-3.3007545E+1,3.8584065E+3,0.0000000E+0
13353050,1/10/2021,4:10:25 PM,4.1922428E+1,-3.0427149E+1,3.8566208E+3,0.0000000E+0
13353051,1/10/2021,4:10:25 PM,4.0619003E+1,-2.6475922E+1,3.8584065E+3,0.0000000E+0
13353052,1/10/2021,4:10:25 PM,3.6229916E+1,-2.1019463E+1,3.8592996E+3,0.0000000E+0
13353053,1/10/2021,4:10:25 PM,3.0005392E+1,-1.5823499E+1,3.8601924E+3,0.0000000E+0
13353054,1/10/2021,4:10:25 PM,2.6547323E+1,-1.1372393E+1,3.8637642E+3,0.0000000E+0
13353055,1/10/2021,4:10:25 PM,1.9982903E+1,-7.7056799E+0,3.8610852E+3,0.0000000E+0
13353056,1/10/2021,4:10:26 PM,8.8441572E+0,-4.4068370E+0,3.8601924E+3,0.0000000E+0
13353057,1/10/2021,4:10:26 PM,-1.5687125E+0,-2.5297470E+0,3.8575137E+3,0.0000000E+0
13353058,1/10/2021,4:10:26 PM,-1.1720284E+1,-2.3951825E-1,3.8566208E+3,0.0000000E+0
13353059,1/10/2021,4:10:26 PM,-1.9309261E+1,1.2780869E+0,3.8566208E+3,0.0000000E+0
13353060,1/10/2021,4:10:26 PM,-2.2557245E+1,1.1996078E+0,3.8575137E+3,0.0000000E+0
13353061,1/10/2021,4:10:26 PM,-2.9366980E+1,1.9635770E+0,3.8530491E+3,0.0000000E+0
13353062,1/10/2021,4:10:26 PM,-3.6309719E+1,2.1421571E+0,3.8521558E+3,0.0000000E+0
13353063,1/10/2021,4:10:26 PM,-4.0752003E+1,3.5764010E+0,3.8548347E+3,0.0000000E+0
13353064,1/10/2021,4:10:26 PM,-4.4236675E+1,3.7870131E+0,3.8512629E+3,0.0000000E+0
13353065,1/10/2021,4:10:26 PM,-4.4635681E+1,4.2995291E+0,3.8530491E+3,0.0000000E+0
13353066,1/10/2021,4:10:27 PM,-4.4316475E+1,5.9188557E+0,3.8557275E+3,0.0000000E+0
13353067,1/10/2021,4:10:27 PM,-4.5673103E+1,8.0540037E+0,3.8539419E+3,0.0000000E+0
13353068,1/10/2021,4:10:27 PM,-4.9317375E+1,1.0244991E+1,3.8512629E+3,0.0000000E+0
13353069,1/10/2021,4:10:27 PM,-4.7082932E+1,1.1861641E+1,3.8566208E+3,0.0000000E+0
13353070,1/10/2021,4:10:27 PM,-4.1922428E+1,1.4852977E+1,3.8601924E+3,0.0000000E+0
13353071,1/10/2021,4:10:27 PM,-3.8570763E+1,1.3919681E+1,3.8557275E+3,0.0000000E+0
13353072,1/10/2021,4:10:27 PM,-3.2479240E+1,1.2885343E+1,3.8592996E+3,0.0000000E+0
13353073,1/10/2021,4:10:27 PM,-3.0218197E+1,1.2765690E+1,3.8539419E+3,0.0000000E+0
13353074,1/10/2021,4:10:27 PM,-2.6547323E+1,1.1242103E+1,3.8575137E+3,0.0000000E+0
13353075,1/10/2021,4:10:27 PM,-1.9177691E+1,1.1159675E+1,3.8566208E+3,0.0000000E+0
13353076,1/10/2021,4:10:28 PM,-1.4222753E+1,1.2829504E+1,3.8584065E+3,0.0000000E+0
13353077,1/10/2021,4:10:28 PM,-9.0336189E+0,1.3361297E+1,3.8584065E+3,0.0000000E+0
13353078,1/10/2021,4:10:28 PM,-5.8127770E+0,1.5305001E+1,3.8584065E+3,0.0000000E+0
13353079,1/10/2021,4:10:28 PM,-1.9994940E+0,1.7575756E+1,3.8601924E+3,0.0000000E+0
13353080,1/10/2021,4:10:28 PM,4.5957456E+0,1.8134140E+1,3.8610852E+3,0.0000000E+0
13353081,1/10/2021,4:10:28 PM,1.2904418E+1,1.7801769E+1,3.8655500E+3,0.0000000E+0
13353082,1/10/2021,4:10:28 PM,2.0721809E+1,1.6086737E+1,3.8619785E+3,0.0000000E+0
13353083,1/10/2021,4:10:28 PM,2.5430103E+1,1.3406500E+1,3.8619785E+3,0.0000000E+0
13353084,1/10/2021,4:10:28 PM,3.0564003E+1,1.1457479E+1,3.8619785E+3,0.0000000E+0
13353085,1/10/2021,4:10:28 PM,3.4979691E+1,9.2957401E+0,3.8655500E+3,0.0000000E+0
13353086,1/10/2021,4:10:29 PM,4.0086994E+1,5.0482831E+0,3.8619785E+3,0.0000000E+0
13353087,1/10/2021,4:10:29 PM,4.3252453E+1,8.3377957E-1,3.8637642E+3,0.0000000E+0
13353088,1/10/2021,4:10:29 PM,4.0140194E+1,-1.0607617E+0,3.8601924E+3,0.0000000E+0
13353089,1/10/2021,4:10:29 PM,3.5006290E+1,8.2871181E-1,3.8628713E+3,0.0000000E+0
13353090,1/10/2021,4:10:29 PM,2.9978794E+1,-2.1605754E+0,3.8575137E+3,0.0000000E+0
13353091,1/10/2021,4:10:29 PM,2.4179878E+1,-1.2013254E+0,3.8619785E+3,0.0000000E+0
13353092,1/10/2021,4:10:29 PM,1.6843634E+1,1.2429343E-1,3.8601924E+3,0.0000000E+0
13353093,1/10/2021,4:10:29 PM,7.6942325E+0,-2.4325238E-1,3.8584065E+3,0.0000000E+0
13353094,1/10/2021,4:10:29 PM,8.4401947E-1,8.4151459E-1,3.8619785E+3,0.0000000E+0
13353095,1/10/2021,4:10:29 PM,-6.8863912E+0,2.3658428E-1,3.8548347E+3,0.0000000E+0
13353096,1/10/2021,4:10:30 PM,-1.0628251E+1,-2.0076215E+0,3.8601924E+3,0.0000000E+0
13353097,1/10/2021,4:10:30 PM,-1.1622923E+1,-7.1340022E+0,3.8566208E+3,0.0000000E+0
13353098,1/10/2021,4:10:30 PM,-1.2601806E+1,-1.4629624E+1,3.8539419E+3,0.0000000E+0
13353099,1/10/2021,4:10:30 PM,-1.1804490E+1,-2.0006052E+1,3.8584065E+3,0.0000000E+0
13353100,1/10/2021,4:10:30 PM,-1.2964940E+1,-2.7685482E+1,3.8494771E+3,0.0000000E+0
13353101,1/10/2021,4:10:30 PM,-1.2720220E+1,-3.4002068E+1,3.8548347E+3,0.0000000E+0
13353102,1/10/2021,4:10:30 PM,-1.2893892E+1,-4.1017517E+1,3.8512629E+3,0.0000000E+0
13353103,1/10/2021,4:10:30 PM,-1.8061974E+1,-4.6608372E+1,3.8459053E+3,0.0000000E+0
13353104,1/10/2021,4:10:30 PM,-2.3701069E+1,-4.7065315E+1,3.8521558E+3,0.0000000E+0
13353105,1/10/2021,4:10:30 PM,-3.4500881E+1,-4.8113602E+1,3.8405476E+3,0.0000000E+0
13353106,1/10/2021,4:10:31 PM,-4.5859306E+1,-4.3651672E+1,3.8521558E+3,0.0000000E+0
13353107,1/10/2021,4:10:31 PM,-5.4105469E+1,-4.1420704E+1,3.8476914E+3,0.0000000E+0
13353108,1/10/2021,4:10:31 PM,-6.5091484E+1,-4.1474464E+1,3.8405476E+3,0.0000000E+0
13353109,1/10/2021,4:10:31 PM,-7.1821419E+1,-3.9216618E+1,3.8459053E+3,0.0000000E+0
13353110,1/10/2021,4:10:31 PM,-7.6157303E+1,-3.5104115E+1,3.8494771E+3,0.0000000E+0
13353111,1/10/2021,4:10:31 PM,-7.7061722E+1,-3.2738754E+1,3.8485842E+3,0.0000000E+0
13353112,1/10/2021,4:10:31 PM,-7.4880478E+1,-3.3383850E+1,3.8459053E+3,0.0000000E+0
13353113,1/10/2021,4:10:31 PM,-7.1927818E+1,-3.5023476E+1,3.8441196E+3,0.0000000E+0
13353114,1/10/2021,4:10:31 PM,-6.3335850E+1,-3.4485893E+1,3.8503701E+3,0.0000000E+0
13353115,1/10/2021,4:10:31 PM,-5.4371471E+1,-3.6528706E+1,3.8441196E+3,0.0000000E+0
13353116,1/10/2021,4:10:32 PM,-4.7189335E+1,-3.6071762E+1,3.8476914E+3,0.0000000E+0
13353117,1/10/2021,4:10:32 PM,-3.9794384E+1,-3.3760159E+1,3.8512629E+3,0.0000000E+0
13353118,1/10/2021,4:10:32 PM,-3.6070312E+1,-3.1824862E+1,3.8459053E+3,0.0000000E+0
13353119,1/10/2021,4:10:32 PM,-3.2638844E+1,-2.7228537E+1,3.8459053E+3,0.0000000E+0
13353120,1/10/2021,4:10:32 PM,-3.0750206E+1,-1.6817951E+1,3.8530491E+3,0.0000000E+0
13353121,1/10/2021,4:10:32 PM,-3.0431000E+1,-5.8550406E+0,3.8566208E+3,0.0000000E+0
13353122,1/10/2021,4:10:32 PM,-3.0936413E+1,4.1938229E+0,3.8521558E+3,0.0000000E+0
13353123,1/10/2021,4:10:32 PM,-3.2293037E+1,1.5078990E+1,3.8566208E+3,0.0000000E+0
13353124,1/10/2021,4:10:32 PM,-3.0697006E+1,2.8088667E+1,3.8601924E+3,0.0000000E+0
13353125,1/10/2021,4:10:32 PM,-2.5616306E+1,3.7012531E+1,3.8610852E+3,0.0000000E+0
13353126,1/10/2021,4:10:33 PM,-1.8248804E+1,4.4511803E+1,3.8646572E+3,0.0000000E+0
13353127,1/10/2021,4:10:33 PM,-9.6967335E+0,5.0882153E+1,3.8673359E+3,0.0000000E+0
13353128,1/10/2021,4:10:33 PM,3.3546803E+0,5.1607887E+1,3.8646572E+3,0.0000000E+0
13353129,1/10/2021,4:10:33 PM,1.8998755E+1,5.2226101E+1,3.8682290E+3,0.0000000E+0
13353130,1/10/2021,4:10:33 PM,3.3915668E+1,5.4027008E+1,3.8709080E+3,0.0000000E+0
13353131,1/10/2021,4:10:33 PM,4.7880943E+1,5.4967773E+1,3.8744795E+3,0.0000000E+0
13353132,1/10/2021,4:10:33 PM,5.9611778E+1,5.3892612E+1,3.8753723E+3,0.0000000E+0
13353133,1/10/2021,4:10:33 PM,6.6448112E+1,5.1903557E+1,3.8726936E+3,0.0000000E+0
13353134,1/10/2021,4:10:33 PM,6.9294373E+1,5.0156414E+1,3.8718008E+3,0.0000000E+0
13353135,1/10/2021,4:10:33 PM,7.1289406E+1,5.0667118E+1,3.8753723E+3,0.0000000E+0
13353136,1/10/2021,4:10:34 PM,6.7671738E+1,5.0882153E+1,3.8744795E+3,0.0000000E+0
13353137,1/10/2021,4:10:34 PM,6.3841263E+1,4.4538681E+1,3.8726936E+3,0.0000000E+0
13353138,1/10/2021,4:10:34 PM,5.6366516E+1,4.2200199E+1,3.8709080E+3,0.0000000E+0
13353139,1/10/2021,4:10:34 PM,4.6737125E+1,3.7550114E+1,3.8682290E+3,0.0000000E+0
13353140,1/10/2021,4:10:34 PM,4.0033791E+1,3.2039894E+1,3.8682290E+3,0.0000000E+0
13353141,1/10/2021,4:10:34 PM,3.1681227E+1,2.5884581E+1,3.8673359E+3,0.0000000E+0
13353142,1/10/2021,4:10:34 PM,2.7504946E+1,1.5347544E+1,3.8628713E+3,0.0000000E+0
13353143,1/10/2021,4:10:34 PM,2.7026134E+1,1.4790894E+0,3.8584065E+3,0.0000000E+0
13353144,1/10/2021,4:10:34 PM,2.6121716E+1,-1.2401412E+1,3.8566208E+3,0.0000000E+0
13353145,1/10/2021,4:10:34 PM,2.6547323E+1,-2.5293242E+1,3.8539419E+3,0.0000000E+0
13353146,1/10/2021,4:10:35 PM,2.3355261E+1,-3.5480423E+1,3.8548347E+3,0.0000000E+0
13353147,1/10/2021,4:10:35 PM,1.8222490E+1,-4.5613846E+1,3.8494771E+3,0.0000000E+0
13353148,1/10/2021,4:10:35 PM,1.1928165E+1,-5.3892612E+1,3.8485842E+3,0.0000000E+0
13353149,1/10/2021,4:10:35 PM,1.7514396E+0,-5.9107159E+1,3.8467981E+3,0.0000000E+0
13353150,1/10/2021,4:10:35 PM,-1.0080918E+1,-6.1203728E+1,3.8459053E+3,0.0000000E+0
13353151,1/10/2021,4:10:35 PM,-2.7265539E+1,-5.9268433E+1,3.8485842E+3,0.0000000E+0
13353152,1/10/2021,4:10:35 PM,-4.3066250E+1,-5.9752254E+1,3.8414407E+3,0.0000000E+0
13353153,1/10/2021,4:10:35 PM,-5.6712322E+1,-5.9026520E+1,3.8450125E+3,0.0000000E+0
13353154,1/10/2021,4:10:35 PM,-6.8788963E+1,-5.8300785E+1,3.8396548E+3,0.0000000E+0
13353155,1/10/2021,4:10:35 PM,-7.7966141E+1,-5.5585999E+1,3.8405476E+3,0.0000000E+0
13353156,1/10/2021,4:10:36 PM,-8.4563072E+1,-5.1607887E+1,3.8405476E+3,0.0000000E+0
13353157,1/10/2021,4:10:36 PM,-8.6052704E+1,-4.8301754E+1,3.8423335E+3,0.0000000E+0
13353158,1/10/2021,4:10:36 PM,-8.2514832E+1,-4.5748238E+1,3.8459053E+3,0.0000000E+0
13353159,1/10/2021,4:10:36 PM,-7.7992744E+1,-4.4243011E+1,3.8423335E+3,0.0000000E+0
13353160,1/10/2021,4:10:36 PM,-6.8629356E+1,-4.3812943E+1,3.8441196E+3,0.0000000E+0
13353161,1/10/2021,4:10:36 PM,-6.1021606E+1,-3.9485409E+1,3.8467981E+3,0.0000000E+0
13353162,1/10/2021,4:10:36 PM,-5.3706459E+1,-3.5991123E+1,3.8485842E+3,0.0000000E+0
13353163,1/10/2021,4:10:36 PM,-4.3731266E+1,-3.2308685E+1,3.8530491E+3,0.0000000E+0
13353164,1/10/2021,4:10:36 PM,-3.4527481E+1,-2.9378864E+1,3.8530491E+3,0.0000000E+0
13353165,1/10/2021,4:10:36 PM,-2.9393581E+1,-2.6045856E+1,3.8530491E+3,0.0000000E+0
13353166,1/10/2021,4:10:37 PM,-3.1415220E+1,-2.0374363E+1,3.8503701E+3,0.0000000E+0
13353167,1/10/2021,4:10:37 PM,-3.2878250E+1,-1.3111356E+1,3.8566208E+3,0.0000000E+0
13353168,1/10/2021,4:10:37 PM,-3.3197456E+1,-4.4612923E+0,3.8584065E+3,0.0000000E+0
13353169,1/10/2021,4:10:37 PM,-3.5804306E+1,1.7073190E+0,3.8566208E+3,0.0000000E+0
13353170,1/10/2021,4:10:37 PM,-3.6362919E+1,5.7965431E+0,3.8548347E+3,0.0000000E+0
13353171,1/10/2021,4:10:37 PM,-3.7932350E+1,1.1946729E+1,3.8539419E+3,0.0000000E+0
13353172,1/10/2021,4:10:37 PM,-3.8118553E+1,1.7094484E+1,3.8566208E+3,0.0000000E+0
13353173,1/10/2021,4:10:37 PM,-3.3889069E+1,2.3384823E+1,3.8601924E+3,0.0000000E+0
13353174,1/10/2021,4:10:37 PM,-3.0670406E+1,2.6879108E+1,3.8610852E+3,0.0000000E+0
13353175,1/10/2021,4:10:37 PM,-2.4578884E+1,2.5938339E+1,3.8557275E+3,0.0000000E+0
13353176,1/10/2021,4:10:38 PM,-1.8977703E+1,2.7524206E+1,3.8601924E+3,0.0000000E+0
13353177,1/10/2021,4:10:38 PM,-1.4201702E+1,2.9728294E+1,3.8601924E+3,0.0000000E+0
13353178,1/10/2021,4:10:38 PM,-9.9282970E+0,3.3545128E+1,3.8655500E+3,0.0000000E+0
13353179,1/10/2021,4:10:38 PM,-5.3771572E+0,3.6797497E+1,3.8673359E+3,0.0000000E+0
13353180,1/10/2021,4:10:38 PM,-3.2516546E+0,3.6770618E+1,3.8619785E+3,0.0000000E+0
13353181,1/10/2021,4:10:38 PM,8.2619391E-2,3.7576992E+1,3.8655500E+3,0.0000000E+0
13353182,1/10/2021,4:10:38 PM,2.1976206E+0,3.9028461E+1,3.8646572E+3,0.0000000E+0
13353183,1/10/2021,4:10:38 PM,2.5740614E+0,4.1501343E+1,3.8691218E+3,0.0000000E+0
13353184,1/10/2021,4:10:38 PM,2.7801132E+0,4.1474464E+1,3.8673359E+3,0.0000000E+0
13353185,1/10/2021,4:10:38 PM,2.6350844E+0,3.8464001E+1,3.8655500E+3,0.0000000E+0
13353186,1/10/2021,4:10:39 PM,2.9726923E+0,3.3464489E+1,3.8619785E+3,0.0000000E+0
13353187,1/10/2021,4:10:39 PM,6.6758785E+0,2.6717831E+1,3.8575137E+3,0.0000000E+0
13353188,1/10/2021,4:10:39 PM,7.7021270E+0,2.3922405E+1,3.8637642E+3,0.0000000E+0
13353189,1/10/2021,4:10:39 PM,1.0696668E+1,2.1126980E+1,3.8628713E+3,0.0000000E+0
13353190,1/10/2021,4:10:39 PM,1.6967310E+1,1.2170081E+1,3.8601924E+3,0.0000000E+0
13353191,1/10/2021,4:10:39 PM,2.2929653E+1,5.4561954E+0,3.8584065E+3,0.0000000E+0
13353192,1/10/2021,4:10:39 PM,3.2585644E+1,-2.5465641E+0,3.8584065E+3,0.0000000E+0
13353193,1/10/2021,4:10:39 PM,3.9155972E+1,-8.6549301E+0,3.8584065E+3,0.0000000E+0
13353194,1/10/2021,4:10:39 PM,4.5247494E+1,-1.1909503E+1,3.8619785E+3,0.0000000E+0
13353195,1/10/2021,4:10:39 PM,5.0700603E+1,-1.6900379E+1,3.8619785E+3,0.0000000E+0
13353196,1/10/2021,4:10:40 PM,5.4371471E+1,-2.4728779E+1,3.8601924E+3,0.0000000E+0
13353197,1/10/2021,4:10:40 PM,5.9265972E+1,-3.2013016E+1,3.8584065E+3,0.0000000E+0
13353198,1/10/2021,4:10:40 PM,5.9585175E+1,-3.7039410E+1,3.8566208E+3,0.0000000E+0
13353199,1/10/2021,4:10:40 PM,5.7111328E+1,-3.8974705E+1,3.8601924E+3,0.0000000E+0
13353200,1/10/2021,4:10:40 PM,5.5249290E+1,-4.1098156E+1,3.8584065E+3,0.0000000E+0
13353201,1/10/2021,4:10:40 PM,5.0115387E+1,-4.4135494E+1,3.8548347E+3,0.0000000E+0
13353202,1/10/2021,4:10:40 PM,4.4369678E+1,-4.6904041E+1,3.8521558E+3,0.0000000E+0
13353203,1/10/2021,4:10:40 PM,3.7932350E+1,-4.7576019E+1,3.8557275E+3,0.0000000E+0
13353204,1/10/2021,4:10:40 PM,2.9872391E+1,-4.9376919E+1,3.8503701E+3,0.0000000E+0
13353205,1/10/2021,4:10:40 PM,2.3514864E+1,-4.9350040E+1,3.8512629E+3,0.0000000E+0
13353206,1/10/2021,4:10:41 PM,1.4614833E+1,-4.7952328E+1,3.8512629E+3,0.0000000E+0
13353207,1/10/2021,4:10:41 PM,5.9048762E+0,-4.6070793E+1,3.8494771E+3,0.0000000E+0
13353208,1/10/2021,4:10:41 PM,-2.7333553E+0,-4.2415230E+1,3.8485842E+3,0.0000000E+0
13353209,1/10/2021,4:10:41 PM,-1.4688512E+1,-3.7550114E+1,3.8485842E+3,0.0000000E+0
13353210,1/10/2021,4:10:41 PM,-2.5297100E+1,-3.0561544E+1,3.8512629E+3,0.0000000E+0
13353211,1/10/2021,4:10:41 PM,-3.6017109E+1,-2.3277308E+1,3.8521558E+3,0.0000000E+0
13353212,1/10/2021,4:10:41 PM,-5.1152809E+1,-1.4634941E+1,3.8539419E+3,0.0000000E+0
13353213,1/10/2021,4:10:41 PM,-6.6288506E+1,-6.4958506E+0,3.8476914E+3,0.0000000E+0
13353214,1/10/2021,4:10:41 PM,-8.1051804E+1,3.2060236E-1,3.8512629E+3,0.0000000E+0
13353215,1/10/2021,4:10:41 PM,-8.9883179E+1,8.0167789E+0,3.8548347E+3,0.0000000E+0
13353216,1/10/2021,4:10:42 PM,-9.8581543E+1,1.6190435E+1,3.8575137E+3,0.0000000E+0
13353217,1/10/2021,4:10:42 PM,-1.0847695E+2,2.0205473E+1,3.8521558E+3,0.0000000E+0
13353218,1/10/2021,4:10:42 PM,-1.1845214E+2,2.4486868E+1,3.8530491E+3,0.0000000E+0
13353219,1/10/2021,4:10:42 PM,-1.2518208E+2,2.7685482E+1,3.8521558E+3,0.0000000E+0
13353220,1/10/2021,4:10:42 PM,-1.2704411E+2,2.9728294E+1,3.8539419E+3,0.0000000E+0
13353221,1/10/2021,4:10:42 PM,-1.2318703E+2,2.9701414E+1,3.8566208E+3,0.0000000E+0
13353222,1/10/2021,4:10:42 PM,-1.2058018E+2,2.5938339E+1,3.8503701E+3,0.0000000E+0
13353223,1/10/2021,4:10:42 PM,-1.1467486E+2,2.0858189E+1,3.8512629E+3,0.0000000E+0
13353224,1/10/2021,4:10:42 PM,-1.0632230E+2,1.6025579E+1,3.8521558E+3,0.0000000E+0
13353225,1/10/2021,4:10:42 PM,-9.6825912E+1,9.0617514E+0,3.8459053E+3,0.0000000E+0
13353226,1/10/2021,4:10:43 PM,-8.3605453E+1,3.6797049E+0,3.8503701E+3,0.0000000E+0
13353227,1/10/2021,4:10:43 PM,-7.0278587E+1,-1.5683378E-1,3.8503701E+3,0.0000000E+0
13353228,1/10/2021,4:10:43 PM,-5.8255150E+1,-2.4744916E+0,3.8512629E+3,0.0000000E+0
13353229,1/10/2021,4:10:43 PM,-4.3731266E+1,-6.1847520E+0,3.8503701E+3,0.0000000E+0
13353230,1/10/2021,4:10:43 PM,-2.7398542E+1,-6.4267182E+0,3.8530491E+3,0.0000000E+0
13353231,1/10/2021,4:10:43 PM,-1.2383399E+1,-4.6927247E+0,3.8584065E+3,0.0000000E+0
13353232,1/10/2021,4:10:43 PM,4.8770857E+0,-4.5782099E+0,3.8566208E+3,0.0000000E+0
13353233,1/10/2021,4:10:43 PM,1.8296169E+1,-2.2766924E+0,3.8601924E+3,0.0000000E+0
13353234,1/10/2021,4:10:43 PM,3.4128475E+1,-2.4672842E+0,3.8628713E+3,0.0000000E+0
13353235,1/10/2021,4:10:43 PM,5.0807003E+1,-3.3169396E+0,3.8637642E+3,0.0000000E+0
13353236,1/10/2021,4:10:44 PM,6.3468853E+1,-2.6274457E+0,3.8691218E+3,0.0000000E+0
13353237,1/10/2021,4:10:44 PM,7.4933685E+1,-5.5760145E+0,3.8619785E+3,0.0000000E+0
13353238,1/10/2021,4:10:44 PM,8.4829079E+1,-8.6602478E+0,3.8709080E+3,0.0000000E+0
13353239,1/10/2021,4:10:44 PM,9.5309685E+1,-1.2765690E+1,3.8655500E+3,0.0000000E+0
13353240,1/10/2021,4:10:44 PM,1.0286423E+2,-1.8232521E+1,3.8664431E+3,0.0000000E+0
13353241,1/10/2021,4:10:44 PM,1.0802473E+2,-2.2551571E+1,3.8673359E+3,0.0000000E+0
13353242,1/10/2021,4:10:44 PM,1.0839714E+2,-2.7121019E+1,3.8584065E+3,0.0000000E+0
13353243,1/10/2021,4:10:44 PM,1.0834394E+2,-3.0534664E+1,3.8646572E+3,0.0000000E+0
13353244,1/10/2021,4:10:44 PM,1.0480608E+2,-3.2496841E+1,3.8584065E+3,0.0000000E+0
13353245,1/10/2021,4:10:44 PM,9.6825912E+1,-3.2443085E+1,3.8601924E+3,0.0000000E+0
13353246,1/10/2021,4:10:45 PM,8.4749275E+1,-2.9916447E+1,3.8557275E+3,0.0000000E+0
13353247,1/10/2021,4:10:45 PM,7.6050903E+1,-2.4513746E+1,3.8584065E+3,0.0000000E+0
13353248,1/10/2021,4:10:45 PM,6.3362453E+1,-1.7317837E+1,3.8566208E+3,0.0000000E+0
13353249,1/10/2021,4:10:45 PM,4.5353897E+1,-6.3868332E+0,3.8584065E+3,0.0000000E+0
13353250,1/10/2021,4:10:45 PM,3.4820087E+1,1.9524203E-1,3.8619785E+3,0.0000000E+0
13353251,1/10/2021,4:10:45 PM,1.8575100E+1,9.1282263E+0,3.8548347E+3,0.0000000E+0
13353252,1/10/2021,4:10:45 PM,5.6496301E+0,1.5868702E+1,3.8673359E+3,0.0000000E+0
13353253,1/10/2021,4:10:45 PM,-4.9539585E+0,2.2148384E+1,3.8584065E+3,0.0000000E+0
13353254,1/10/2021,4:10:45 PM,-1.6169994E+1,2.5723307E+1,3.8637642E+3,0.0000000E+0
13353255,1/10/2021,4:10:45 PM,-2.5696106E+1,2.8653130E+1,3.8655500E+3,0.0000000E+0
13353256,1/10/2021,4:10:46 PM,-3.8836765E+1,2.9916447E+1,3.8628713E+3,0.0000000E+0
13353257,1/10/2021,4:10:46 PM,-5.0674000E+1,2.9056314E+1,3.8584065E+3,0.0000000E+0
13353258,1/10/2021,4:10:46 PM,-6.0010784E+1,2.5911461E+1,3.8619785E+3,0.0000000E+0
13353259,1/10/2021,4:10:46 PM,-7.1129807E+1,2.2900999E+1,3.8539419E+3,0.0000000E+0
13353260,1/10/2021,4:10:46 PM,-8.0466591E+1,1.8041077E+1,3.8566208E+3,0.0000000E+0
13353261,1/10/2021,4:10:46 PM,-9.4192459E+1,1.4052629E+1,3.8503701E+3,0.0000000E+0
13353262,1/10/2021,4:10:46 PM,-1.0568389E+2,8.4023285E+0,3.8467981E+3,0.0000000E+0
13353263,1/10/2021,4:10:46 PM,-1.1278622E+2,3.7806065E+0,3.8476914E+3,0.0000000E+0
13353264,1/10/2021,4:10:46 PM,-1.1483447E+2,-3.9063332E+0,3.8432266E+3,0.0000000E+0
13353265,1/10/2021,4:10:46 PM,-1.1393005E+2,-1.0593315E+1,3.8441196E+3,0.0000000E+0
13353266,1/10/2021,4:10:47 PM,-1.1299904E+2,-1.5852748E+1,3.8405476E+3,0.0000000E+0
13353267,1/10/2021,4:10:47 PM,-1.0858334E+2,-1.9764084E+1,3.8450125E+3,0.0000000E+0
13353268,1/10/2021,4:10:47 PM,-9.8368744E+1,-2.4594383E+1,3.8423335E+3,0.0000000E+0
13353269,1/10/2021,4:10:47 PM,-8.2754234E+1,-2.7819876E+1,3.8485842E+3,0.0000000E+0
13353270,1/10/2021,4:10:47 PM,-6.8443153E+1,-3.1126007E+1,3.8441196E+3,0.0000000E+0
13353271,1/10/2021,4:10:47 PM,-5.7350735E+1,-3.4432137E+1,3.8494771E+3,0.0000000E+0
13353272,1/10/2021,4:10:47 PM,-4.3811066E+1,-3.5614819E+1,3.8485842E+3,0.0000000E+0
13353273,1/10/2021,4:10:47 PM,-3.0138395E+1,-3.6931896E+1,3.8530491E+3,0.0000000E+0
13353274,1/10/2021,4:10:47 PM,-1.9785545E+1,-3.7469479E+1,3.8530491E+3,0.0000000E+0
13353275,1/10/2021,4:10:47 PM,-8.4520779E+0,-3.9082222E+1,3.8512629E+3,0.0000000E+0
13353276,1/10/2021,4:10:48 PM,-1.1830674E+0,-3.8437126E+1,3.8530491E+3,0.0000000E+0
13353277,1/10/2021,4:10:48 PM,2.8617413E+0,-3.3168819E+1,3.8557275E+3,0.0000000E+0
13353278,1/10/2021,4:10:48 PM,4.0647664E+0,-2.8438097E+1,3.8557275E+3,0.0000000E+0
13353279,1/10/2021,4:10:48 PM,1.0215120E+1,-2.5965216E+1,3.8548347E+3,0.0000000E+0
13353280,1/10/2021,4:10:48 PM,1.3870144E+1,-2.2309660E+1,3.8566208E+3,0.0000000E+0
13353281,1/10/2021,4:10:48 PM,1.7588322E+1,-1.9008940E+1,3.8539419E+3,0.0000000E+0
13353282,1/10/2021,4:10:48 PM,2.2477444E+1,-1.5541649E+1,3.8548347E+3,0.0000000E+0
13353283,1/10/2021,4:10:48 PM,2.5722708E+1,-1.1327189E+1,3.8548347E+3,0.0000000E+0
13353284,1/10/2021,4:10:48 PM,3.0883209E+1,-6.5782785E+0,3.8584065E+3,0.0000000E+0
13353285,1/10/2021,4:10:48 PM,3.7958950E+1,-7.8603590E-1,3.8575137E+3,0.0000000E+0
13353286,1/10/2021,4:10:49 PM,4.1975628E+1,5.5439415E+0,3.8628713E+3,0.0000000E+0
13353287,1/10/2021,4:10:49 PM,4.7056332E+1,1.2209967E+1,3.8610852E+3,0.0000000E+0
13353288,1/10/2021,4:10:49 PM,4.7588341E+1,2.0253334E+1,3.8673359E+3,0.0000000E+0
13353289,1/10/2021,4:10:49 PM,4.6949928E+1,2.9782049E+1,3.8709080E+3,0.0000000E+0
13353290,1/10/2021,4:10:49 PM,4.5380497E+1,3.7361961E+1,3.8726936E+3,0.0000000E+0
13353291,1/10/2021,4:10:49 PM,4.0645603E+1,4.3436638E+1,3.8709080E+3,0.0000000E+0
13353292,1/10/2021,4:10:49 PM,3.4421078E+1,4.8893097E+1,3.8762654E+3,0.0000000E+0
13353293,1/10/2021,4:10:49 PM,2.6972931E+1,5.0290810E+1,3.8718008E+3,0.0000000E+0
13353294,1/10/2021,4:10:49 PM,1.9556614E+1,4.8543667E+1,3.8726936E+3,0.0000000E+0
13353295,1/10/2021,4:10:49 PM,1.5201635E+1,4.3974220E+1,3.8691218E+3,0.0000000E+0
13353296,1/10/2021,4:10:50 PM,9.1336126E+0,3.7388836E+1,3.8682290E+3,0.0000000E+0
13353297,1/10/2021,4:10:50 PM,3.3657753E+0,2.8384336E+1,3.8610852E+3,0.0000000E+0
13353298,1/10/2021,4:10:50 PM,7.1189934E-1,1.7113096E+1,3.8601924E+3,0.0000000E+0
13353299,1/10/2021,4:10:50 PM,-1.7764489E-1,5.0707059E+0,3.8584065E+3,0.0000000E+0
13353300,1/10/2021,4:10:50 PM,-1.9868140E+0,-8.4980516E+0,3.8476914E+3,0.0000000E+0
13353301,1/10/2021,4:10:50 PM,-5.2709613E+0,-1.7001421E+1,3.8539419E+3,0.0000000E+0
13353302,1/10/2021,4:10:50 PM,-9.1230869E+0,-2.3277308E+1,3.8530491E+3,0.0000000E+0
13353303,1/10/2021,4:10:50 PM,-1.2462341E+1,-3.0830338E+1,3.8476914E+3,0.0000000E+0
13353304,1/10/2021,4:10:50 PM,-1.5327943E+1,-3.6555588E+1,3.8476914E+3,0.0000000E+0
13353305,1/10/2021,4:10:50 PM,-2.0035530E+1,-4.0802486E+1,3.8459053E+3,0.0000000E+0
13353306,1/10/2021,4:10:51 PM,-2.4100075E+1,-4.1528221E+1,3.8476914E+3,0.0000000E+0
13353307,1/10/2021,4:10:51 PM,-2.8808369E+1,-4.0211143E+1,3.8512629E+3,0.0000000E+0
13353308,1/10/2021,4:10:51 PM,-3.4474281E+1,-3.9915474E+1,3.8494771E+3,0.0000000E+0
13353309,1/10/2021,4:10:51 PM,-3.6070312E+1,-4.1447582E+1,3.8494771E+3,0.0000000E+0
13353310,1/10/2021,4:10:51 PM,-3.6522522E+1,-4.4216133E+1,3.8441196E+3,0.0000000E+0
13353311,1/10/2021,4:10:51 PM,-3.6948132E+1,-4.2872177E+1,3.8467981E+3,0.0000000E+0
13353312,1/10/2021,4:10:51 PM,-3.8171753E+1,-3.7146927E+1,3.8512629E+3,0.0000000E+0
13353313,1/10/2021,4:10:51 PM,-4.0273197E+1,-3.2765633E+1,3.8512629E+3,0.0000000E+0
13353314,1/10/2021,4:10:51 PM,-4.1151012E+1,-3.0427149E+1,3.8512629E+3,0.0000000E+0
13353315,1/10/2021,4:10:51 PM,-4.1044613E+1,-2.9701414E+1,3.8459053E+3,0.0000000E+0
13353316,1/10/2021,4:10:52 PM,-3.8544163E+1,-2.6852228E+1,3.8521558E+3,0.0000000E+0
13353317,1/10/2021,4:10:52 PM,-3.7347137E+1,-2.2685966E+1,3.8494771E+3,0.0000000E+0
13353318,1/10/2021,4:10:52 PM,-4.1097813E+1,-1.6889744E+1,3.8512629E+3,0.0000000E+0
13353319,1/10/2021,4:10:52 PM,-4.3545063E+1,-1.0800714E+1,3.8548347E+3,0.0000000E+0
13353320,1/10/2021,4:10:52 PM,-4.1842625E+1,-8.1896114E+0,3.8503701E+3,0.0000000E+0
13353321,1/10/2021,4:10:52 PM,-4.0113590E+1,-4.6911235E+0,3.8494771E+3,0.0000000E+0
13353322,1/10/2021,4:10:52 PM,-4.0911610E+1,3.5027270E+0,3.8548347E+3,0.0000000E+0
13353323,1/10/2021,4:10:52 PM,-4.0938210E+1,1.2922568E+1,3.8601924E+3,0.0000000E+0
13353324,1/10/2021,4:10:52 PM,-4.0672203E+1,1.8846743E+1,3.8601924E+3,0.0000000E+0
13353325,1/10/2021,4:10:52 PM,-3.8730366E+1,2.1852715E+1,3.8548347E+3,0.0000000E+0
13353326,1/10/2021,4:10:53 PM,-3.2505840E+1,2.5212603E+1,3.8601924E+3,0.0000000E+0
13353327,1/10/2021,4:10:53 PM,-2.6228117E+1,2.7739239E+1,3.8601924E+3,0.0000000E+0
13353328,1/10/2021,4:10:53 PM,-1.9832912E+1,3.0830338E+1,3.8619785E+3,0.0000000E+0
13353329,1/10/2021,4:10:53 PM,-1.4854290E+1,3.2980663E+1,3.8673359E+3,0.0000000E+0
13353330,1/10/2021,4:10:53 PM,-7.9257965E+0,3.2066772E+1,3.8646572E+3,0.0000000E+0
13353331,1/10/2021,4:10:53 PM,-1.0381535E+0,2.9190712E+1,3.8601924E+3,0.0000000E+0
13353332,1/10/2021,4:10:53 PM,4.8382525E+0,2.7282293E+1,3.8646572E+3,0.0000000E+0
13353333,1/10/2021,4:10:53 PM,9.6256847E+0,2.6637196E+1,3.8655500E+3,0.0000000E+0
13353334,1/10/2021,4:10:53 PM,1.1138744E+1,2.5024448E+1,3.8646572E+3,0.0000000E+0
13353335,1/10/2021,4:10:53 PM,1.3307023E+1,2.1530165E+1,3.8664431E+3,0.0000000E+0
13353336,1/10/2021,4:10:54 PM,1.4093814E+1,1.6610554E+1,3.8601924E+3,0.0000000E+0
13353337,1/10/2021,4:10:54 PM,1.5214793E+1,1.1829734E+1,3.8619785E+3,0.0000000E+0
13353338,1/10/2021,4:10:54 PM,1.6591019E+1,6.7245216E+0,3.8584065E+3,0.0000000E+0
13353339,1/10/2021,4:10:54 PM,1.8146179E+1,4.2702526E-1,3.8601924E+3,0.0000000E+0
13353340,1/10/2021,4:10:54 PM,1.9043489E+1,-4.7495823E+0,3.8566208E+3,0.0000000E+0
13353341,1/10/2021,4:10:54 PM,2.0482870E+1,-1.0853894E+1,3.8566208E+3,0.0000000E+0
13353342,1/10/2021,4:10:54 PM,2.4419281E+1,-1.5796909E+1,3.8584065E+3,0.0000000E+0
13353343,1/10/2021,4:10:54 PM,2.7265539E+1,-2.0192179E+1,3.8530491E+3,0.0000000E+0
13353344,1/10/2021,4:10:54 PM,2.9127575E+1,-2.3196671E+1,3.8584065E+3,0.0000000E+0
13353345,1/10/2021,4:10:54 PM,3.0457602E+1,-2.6395283E+1,3.8548347E+3,0.0000000E+0
13353346,1/10/2021,4:10:55 PM,2.8755169E+1,-2.8249941E+1,3.8557275E+3,0.0000000E+0
13353347,1/10/2021,4:10:55 PM,2.6095118E+1,-2.8464973E+1,3.8566208E+3,0.0000000E+0
13353348,1/10/2021,4:10:55 PM,2.1785830E+1,-2.8653130E+1,3.8566208E+3,0.0000000E+0
13353349,1/10/2021,4:10:55 PM,1.7022570E+1,-2.7604843E+1,3.8548347E+3,0.0000000E+0
13353350,1/10/2021,4:10:55 PM,1.2170255E+1,-2.6852228E+1,3.8548347E+3,0.0000000E+0
13353351,1/10/2021,4:10:55 PM,5.9443474E+0,-2.5131966E+1,3.8566208E+3,0.0000000E+0
13353352,1/10/2021,4:10:55 PM,-4.3078223E-1,-2.3626736E+1,3.8539419E+3,0.0000000E+0
13353353,1/10/2021,4:10:55 PM,-6.1706481E+0,-2.3331064E+1,3.8539419E+3,0.0000000E+0
13353354,1/10/2021,4:10:55 PM,-1.1791332E+1,-2.1610804E+1,3.8557275E+3,0.0000000E+0
13353355,1/10/2021,4:10:55 PM,-1.7375177E+1,-2.1852715E+1,3.8503701E+3,0.0000000E+0
13353356,1/10/2021,4:10:56 PM,-2.3727669E+1,-2.0750671E+1,3.8530491E+3,0.0000000E+0
13353357,1/10/2021,4:10:56 PM,-2.9765989E+1,-1.8663273E+1,3.8539419E+3,0.0000000E+0
13353358,1/10/2021,4:10:56 PM,-3.6043713E+1,-1.7142345E+1,3.8512629E+3,0.0000000E+0
13353359,1/10/2021,4:10:56 PM,-3.9076172E+1,-1.6294136E+1,3.8530491E+3,0.0000000E+0
13353360,1/10/2021,4:10:56 PM,-4.2188435E+1,-1.5733093E+1,3.8494771E+3,0.0000000E+0
13353361,1/10/2021,4:10:56 PM,-4.4502682E+1,-1.5201301E+1,3.8476914E+3,0.0000000E+0
13353362,1/10/2021,4:10:56 PM,-4.4369678E+1,-1.2574244E+1,3.8548347E+3,0.0000000E+0
13353363,1/10/2021,4:10:56 PM,-4.5859306E+1,-9.7876492E+0,3.8530491E+3,0.0000000E+0
13353364,1/10/2021,4:10:56 PM,-4.5673103E+1,-7.9635992E+0,3.8530491E+3,0.0000000E+0
13353365,1/10/2021,4:10:56 PM,-4.3624863E+1,-7.1499562E+0,3.8512629E+3,0.0000000E+0
13353366,1/10/2021,4:10:57 PM,-4.2880047E+1,-5.3237605E+0,3.8512629E+3,0.0000000E+0
13353367,1/10/2021,4:10:57 PM,-3.8597363E+1,-4.4508815E+0,3.8539419E+3,0.0000000E+0
13353368,1/10/2021,4:10:57 PM,-3.4367878E+1,-1.8883014E+0,3.8548347E+3,0.0000000E+0
13353369,1/10/2021,4:10:57 PM,-3.2186634E+1,7.0975286E-1,3.8575137E+3,0.0000000E+0
13353370,1/10/2021,4:10:57 PM,-2.9553185E+1,7.3749214E-1,3.8530491E+3,0.0000000E+0
13353371,1/10/2021,4:10:57 PM,-2.5376900E+1,2.6592395E-1,3.8530491E+3,0.0000000E+0
13353372,1/10/2021,4:10:57 PM,-2.0721809E+1,1.5143248E+0,3.8566208E+3,0.0000000E+0
13353373,1/10/2021,4:10:57 PM,-1.5920010E+1,3.6436689E+0,3.8566208E+3,0.0000000E+0
13353374,1/10/2021,4:10:57 PM,-1.3435962E+1,6.7936549E+0,3.8584065E+3,0.0000000E+0
13353375,1/10/2021,4:10:57 PM,-1.1317679E+1,8.8091507E+0,3.8566208E+3,0.0000000E+0
13353376,1/10/2021,4:10:58 PM,-7.6968646E+0,1.2441296E+1,3.8601924E+3,0.0000000E+0
13353377,1/10/2021,4:10:58 PM,-6.8232374E+0,1.6528124E+1,3.8584065E+3,0.0000000E+0
13353378,1/10/2021,4:10:58 PM,-4.0188007E+0,1.9764084E+1,3.8628713E+3,0.0000000E+0
13353379,1/10/2021,4:10:58 PM,-2.5019431E+0,2.4863174E+1,3.8646572E+3,0.0000000E+0
13353380,1/10/2021,4:10:58 PM,-5.5102983E+0,2.7712358E+1,3.8610852E+3,0.0000000E+0
13353381,1/10/2021,4:10:58 PM,-6.1916995E+0,2.9620777E+1,3.8628713E+3,0.0000000E+0
13353382,1/10/2021,4:10:58 PM,-6.9627013E+0,3.1851742E+1,3.8619785E+3,0.0000000E+0
13353383,1/10/2021,4:10:58 PM,-9.1572943E+0,3.2900028E+1,3.8637642E+3,0.0000000E+0
13353384,1/10/2021,4:10:58 PM,-8.2441969E+0,3.2389324E+1,3.8646572E+3,0.0000000E+0
13353385,1/10/2021,4:10:58 PM,-1.1380834E+1,3.0857214E+1,3.8628713E+3,0.0000000E+0
13353386,1/10/2021,4:10:59 PM,-1.4954283E+1,2.6744711E+1,3.8601924E+3,0.0000000E+0
13353387,1/10/2021,4:10:59 PM,-1.5185847E+1,2.2040869E+1,3.8610852E+3,0.0000000E+0
13353388,1/10/2021,4:10:59 PM,-1.3788570E+1,1.9264200E+1,3.8628713E+3,0.0000000E+0
13353389,1/10/2021,4:10:59 PM,-1.3580688E+1,1.6993444E+1,3.8637642E+3,0.0000000E+0
13353390,1/10/2021,4:10:59 PM,-1.3720154E+1,8.4289179E+0,3.8584065E+3,0.0000000E+0
13353391,1/10/2021,4:10:59 PM,-1.4420109E+1,1.6104215E+0,3.8584065E+3,0.0000000E+0
13353392,1/10/2021,4:10:59 PM,-1.1609766E+1,-6.3070645E+0,3.8539419E+3,0.0000000E+0
13353393,1/10/2021,4:10:59 PM,-1.1204529E+1,-1.2334937E+1,3.8539419E+3,0.0000000E+0
13353394,1/10/2021,4:10:59 PM,-1.1075590E+1,-1.6318066E+1,3.8548347E+3,0.0000000E+0
13353395,1/10/2021,4:10:59 PM,-6.2548532E+0,-2.2094627E+1,3.8548347E+3,0.0000000E+0
13353396,1/10/2021,4:11:00 PM,1.9701713E+0,-2.9244469E+1,3.8548347E+3,0.0000000E+0
13353397,1/10/2021,4:11:00 PM,1.1433462E+1,-3.9727322E+1,3.8494771E+3,0.0000000E+0
13353398,1/10/2021,4:11:00 PM,2.2238039E+1,-5.0747757E+1,3.8512629E+3,0.0000000E+0
13353399,1/10/2021,4:11:00 PM,3.1761028E+1,-5.8757729E+1,3.8494771E+3,0.0000000E+0
13353400,1/10/2021,4:11:00 PM,3.7293938E+1,-6.4563614E+1,3.8530491E+3,0.0000000E+0
13353401,1/10/2021,4:11:00 PM,4.3013050E+1,-6.9643761E+1,3.8512629E+3,0.0000000E+0
13353402,1/10/2021,4:11:00 PM,5.0328194E+1,-7.6712967E+1,3.8476914E+3,0.0000000E+0
13353403,1/10/2021,4:11:00 PM,5.7164528E+1,-8.1766243E+1,3.8476914E+3,0.0000000E+0
13353404,1/10/2021,4:11:00 PM,5.9452171E+1,-7.8594513E+1,3.8530491E+3,0.0000000E+0
13353405,1/10/2021,4:11:00 PM,5.5621696E+1,-7.1337151E+1,3.8539419E+3,0.0000000E+0
13353406,1/10/2021,4:11:01 PM,4.9822784E+1,-6.7385925E+1,3.8530491E+3,0.0000000E+0
13353407,1/10/2021,4:11:01 PM,4.5486900E+1,-6.3676605E+1,3.8494771E+3,0.0000000E+0
13353408,1/10/2021,4:11:01 PM,3.7134335E+1,-5.5559113E+1,3.8476914E+3,0.0000000E+0
13353409,1/10/2021,4:11:01 PM,2.6627127E+1,-4.4054855E+1,3.8539419E+3,0.0000000E+0
13353410,1/10/2021,4:11:01 PM,1.5067434E+1,-3.2093655E+1,3.8512629E+3,0.0000000E+0
13353411,1/10/2021,4:11:01 PM,3.0804732E+0,-1.8782927E+1,3.8601924E+3,0.0000000E+0
13353412,1/10/2021,4:11:01 PM,-9.8625116E+0,-8.0832529E+0,3.8512629E+3,0.0000000E+0
13353413,1/10/2021,4:11:01 PM,-1.9635557E+1,3.8594979E-1,3.8494771E+3,0.0000000E+0
13353414,1/10/2021,4:11:01 PM,-3.1867430E+1,1.6100033E+1,3.8601924E+3,0.0000000E+0
13353415,1/10/2021,4:11:01 PM,-5.0434597E+1,3.4647171E+1,3.8619785E+3,0.0000000E+0
13353416,1/10/2021,4:11:02 PM,-6.5650093E+1,4.6796528E+1,3.8655500E+3,0.0000000E+0
13353417,1/10/2021,4:11:02 PM,-7.5997704E+1,5.4053883E+1,3.8601924E+3,0.0000000E+0
13353418,1/10/2021,4:11:02 PM,-8.5547295E+1,6.2359528E+1,3.8601924E+3,0.0000000E+0
13353419,1/10/2021,4:11:02 PM,-9.5229881E+1,7.0853325E+1,3.8673359E+3,0.0000000E+0
13353420,1/10/2021,4:11:02 PM,-1.0568389E+2,7.8056923E+1,3.8682290E+3,0.0000000E+0
13353421,1/10/2021,4:11:02 PM,-1.1994177E+2,8.3486504E+1,3.8673359E+3,0.0000000E+0
13353422,1/10/2021,4:11:02 PM,-1.2909235E+2,8.1255539E+1,3.8637642E+3,0.0000000E+0
13353423,1/10/2021,4:11:02 PM,-1.2951796E+2,7.2761742E+1,3.8557275E+3,0.0000000E+0
13353424,1/10/2021,4:11:02 PM,-1.2675150E+2,6.2547684E+1,3.8566208E+3,0.0000000E+0
13353425,1/10/2021,4:11:02 PM,-1.2403825E+2,5.4295795E+1,3.8530491E+3,0.0000000E+0
13353426,1/10/2021,4:11:03 PM,-1.1480786E+2,4.5855755E+1,3.8601924E+3,0.0000000E+0
13353427,1/10/2021,4:11:03 PM,-1.0233222E+2,3.3464489E+1,3.8521558E+3,0.0000000E+0
13353428,1/10/2021,4:11:03 PM,-8.9936378E+1,1.9721540E+1,3.8450125E+3,0.0000000E+0
13353429,1/10/2021,4:11:03 PM,-7.6157303E+1,1.0992160E+1,3.8450125E+3,0.0000000E+0
13353430,1/10/2021,4:11:03 PM,-6.8895363E+1,7.8359690E+0,3.8512629E+3,0.0000000E+0
13353431,1/10/2021,4:11:03 PM,-5.3520256E+1,1.9571706E+0,3.8548347E+3,0.0000000E+0
13353432,1/10/2021,4:11:03 PM,-3.3623066E+1,-3.6885140E+0,3.8566208E+3,0.0000000E+0
13353433,1/10/2021,4:11:03 PM,-1.7177822E+1,-1.2834824E+1,3.8405476E+3,0.0000000E+0
13353434,1/10/2021,4:11:03 PM,7.0574327E+0,-2.2336538E+1,3.8548347E+3,0.0000000E+0
13353435,1/10/2021,4:11:03 PM,2.6600525E+1,-1.9793333E+1,3.8539419E+3,0.0000000E+0
13353436,1/10/2021,4:11:04 PM,3.5298897E+1,-1.2342915E+1,3.8744795E+3,0.0000000E+0
13353437,1/10/2021,4:11:04 PM,4.2853447E+1,-1.2212626E+1,3.8592996E+3,0.0000000E+0
13353438,1/10/2021,4:11:04 PM,5.3573456E+1,-1.9692291E+1,3.8646572E+3,0.0000000E+0
13353439,1/10/2021,4:11:04 PM,6.9108162E+1,-2.6798471E+1,3.8566208E+3,0.0000000E+0
13353440,1/10/2021,4:11:04 PM,8.1211403E+1,-3.0265875E+1,3.8673359E+3,0.0000000E+0
13353441,1/10/2021,4:11:04 PM,8.8686150E+1,-3.3195698E+1,3.8744795E+3,0.0000000E+0
13353442,1/10/2021,4:11:04 PM,9.5469284E+1,-4.2979694E+1,3.8610852E+3,0.0000000E+0
13353443,1/10/2021,4:11:04 PM,1.0017758E+2,-5.5317204E+1,3.8610852E+3,0.0000000E+0
13353444,1/10/2021,4:11:04 PM,1.0821094E+2,-7.1041481E+1,3.8494771E+3,0.0000000E+0
13353445,1/10/2021,4:11:04 PM,1.1728172E+2,-8.0261017E+1,3.8566208E+3,0.0000000E+0
13353446,1/10/2021,4:11:05 PM,1.2068658E+2,-8.6792641E+1,3.8512629E+3,0.0000000E+0
13353447,1/10/2021,4:11:05 PM,1.1823934E+2,-9.1227692E+1,3.8548347E+3,0.0000000E+0
13353448,1/10/2021,4:11:05 PM,1.1065819E+2,-9.5017647E+1,3.8423335E+3,0.0000000E+0
13353449,1/10/2021,4:11:05 PM,1.0382185E+2,-9.3915596E+1,3.8441196E+3,0.0000000E+0
13353450,1/10/2021,4:11:05 PM,9.4724472E+1,-8.7679649E+1,3.8503701E+3,0.0000000E+0
13353451,1/10/2021,4:11:05 PM,8.5547295E+1,-7.6605453E+1,3.8467981E+3,0.0000000E+0
13353452,1/10/2021,4:11:05 PM,7.0225388E+1,-6.1660675E+1,3.8512629E+3,0.0000000E+0
13353453,1/10/2021,4:11:05 PM,7.0384987E+1,-4.9457558E+1,3.8584065E+3,0.0000000E+0
13353454,1/10/2021,4:11:05 PM,5.3307449E+1,-3.5211628E+1,3.8539419E+3,0.0000000E+0
13353455,1/10/2021,4:11:05 PM,2.4632086E+1,-1.8961077E+1,3.8530491E+3,0.0000000E+0
13353456,1/10/2021,4:11:06 PM,3.1973831E+1,-9.0963182E+0,3.8700146E+3,0.0000000E+0
13353457,1/10/2021,4:11:06 PM,2.8143356E+1,1.0527601E+0,3.8548347E+3,0.0000000E+0
13353458,1/10/2021,4:11:06 PM,7.8889570E+0,1.3893091E+1,3.8601924E+3,0.0000000E+0
13353459,1/10/2021,4:11:06 PM,-7.1732144E+0,3.4405258E+1,3.8744795E+3,0.0000000E+0
13353460,1/10/2021,4:11:06 PM,-4.2906647E+1,5.7628803E+1,3.8646572E+3,0.0000000E+0
13353461,1/10/2021,4:11:06 PM,-7.7008522E+1,7.4132576E+1,3.8646572E+3,0.0000000E+0
13353462,1/10/2021,4:11:06 PM,-8.9909775E+1,8.4131607E+1,3.8691218E+3,0.0000000E+0
13353463,1/10/2021,4:11:06 PM,-1.1081779E+2,9.5877777E+1,3.8655500E+3,0.0000000E+0
13353464,1/10/2021,4:11:06 PM,-1.2832094E+2,1.0249004E+2,3.8709080E+3,0.0000000E+0
13353465,1/10/2021,4:11:06 PM,-1.5188901E+2,1.0700572E+2,3.8548347E+3,0.0000000E+0
13353466,1/10/2021,4:11:07 PM,-1.7077538E+2,1.0665630E+2,3.8655500E+3,0.0000000E+0
13353467,1/10/2021,4:11:07 PM,-1.7473885E+2,1.0052786E+2,3.8610852E+3,0.0000000E+0
13353468,1/10/2021,4:11:07 PM,-1.7346202E+2,8.6738876E+1,3.8512629E+3,0.0000000E+0
13353469,1/10/2021,4:11:07 PM,-1.6401884E+2,7.2331680E+1,3.8575137E+3,0.0000000E+0
13353470,1/10/2021,4:11:07 PM,-1.6463065E+2,6.0236080E+1,3.8512629E+3,0.0000000E+0
13353471,1/10/2021,4:11:07 PM,-1.5383084E+2,4.6715889E+1,3.8601924E+3,0.0000000E+0
13353472,1/10/2021,4:11:07 PM,-1.3680650E+2,2.6341526E+1,3.8467981E+3,0.0000000E+0
13353473,1/10/2021,4:11:07 PM,-1.1478127E+2,5.9853296E+0,3.8494771E+3,0.0000000E+0
13353474,1/10/2021,4:11:07 PM,-9.6373703E+1,-9.3622141E+0,3.8476914E+3,0.0000000E+0
13353475,1/10/2021,4:11:07 PM,-9.1186607E+1,-1.9022234E+1,3.8512629E+3,0.0000000E+0
13353476,1/10/2021,4:11:08 PM,-8.3233047E+1,-3.3545128E+1,3.8360830E+3,0.0000000E+0
13353477,1/10/2021,4:11:08 PM,-6.2484634E+1,-4.7522263E+1,3.8405476E+3,0.0000000E+0
13353478,1/10/2021,4:11:08 PM,-5.1019806E+1,-4.5156902E+1,3.8467981E+3,0.0000000E+0
13353479,1/10/2021,4:11:08 PM,-4.3172653E+1,-5.0129536E+1,3.8476914E+3,0.0000000E+0
13353480,1/10/2021,4:11:08 PM,-4.1097813E+1,-5.5935421E+1,3.8369758E+3,0.0000000E+0
13353481,1/10/2021,4:11:08 PM,-3.2186634E+1,-5.6042938E+1,3.8441196E+3,0.0000000E+0
13353482,1/10/2021,4:11:08 PM,-2.0243000E+1,-5.3059357E+1,3.8494771E+3,0.0000000E+0
13353483,1/10/2021,4:11:08 PM,4.2280226E+0,-5.6876194E+1,3.8485842E+3,0.0000000E+0
13353484,1/10/2021,4:11:08 PM,2.4791689E+1,-5.9026520E+1,3.8548347E+3,0.0000000E+0
13353485,1/10/2021,4:11:08 PM,3.7985550E+1,-5.9349068E+1,3.8476914E+3,0.0000000E+0
13353486,1/10/2021,4:11:09 PM,5.8015747E+1,-6.5369995E+1,3.8655500E+3,0.0000000E+0
13353487,1/10/2021,4:11:09 PM,8.3871460E+1,-7.2224167E+1,3.8494771E+3,0.0000000E+0
13353488,1/10/2021,4:11:09 PM,1.1220102E+2,-8.3459625E+1,3.8601924E+3,0.0000000E+0
13353489,1/10/2021,4:11:09 PM,1.3433266E+2,-8.4937981E+1,3.8673359E+3,0.0000000E+0
13353490,1/10/2021,4:11:09 PM,1.4188721E+2,-8.7383980E+1,3.8539419E+3,0.0000000E+0
13353491,1/10/2021,4:11:09 PM,1.4593048E+2,-8.7357101E+1,3.8566208E+3,0.0000000E+0
13353492,1/10/2021,4:11:09 PM,1.4257881E+2,-8.1389938E+1,3.8566208E+3,0.0000000E+0
13353493,1/10/2021,4:11:09 PM,1.4215321E+2,-7.3541237E+1,3.8584065E+3,0.0000000E+0
13353494,1/10/2021,4:11:09 PM,1.3201840E+2,-6.3461575E+1,3.8557275E+3,0.0000000E+0
13353495,1/10/2021,4:11:09 PM,1.1616450E+2,-5.2360500E+1,3.8548347E+3,0.0000000E+0
13353496,1/10/2021,4:11:10 PM,8.9377769E+1,-3.2389324E+1,3.8601924E+3,0.0000000E+0
13353497,1/10/2021,4:11:10 PM,6.2883644E+1,-1.6445696E+1,3.8521558E+3,0.0000000E+0
13353498,1/10/2021,4:11:10 PM,4.6231716E+1,-9.1032940E-1,3.8566208E+3,0.0000000E+0
13353499,1/10/2021,4:11:10 PM,4.1230816E+1,1.4560491E+1,3.8700146E+3,0.0000000E+0
13353500,1/10/2021,4:11:10 PM,1.2878103E+1,2.8760647E+1,3.8566208E+3,0.0000000E+0
13353501,1/10/2021,4:11:10 PM,-6.8942852E+0,4.3786068E+1,3.8664431E+3,0.0000000E+0
13353502,1/10/2021,4:11:10 PM,-9.3335991E+0,5.6069817E+1,3.8691218E+3,0.0000000E+0
13353503,1/10/2021,4:11:10 PM,-1.9996059E+1,6.5477509E+1,3.8700146E+3,0.0000000E+0
13353504,1/10/2021,4:11:10 PM,-2.5935513E+1,7.2842377E+1,3.8762654E+3,0.0000000E+0
13353505,1/10/2021,4:11:10 PM,-2.5430103E+1,7.1579063E+1,3.8709080E+3,0.0000000E+0
13353506,1/10/2021,4:11:11 PM,-3.8677166E+1,7.1794098E+1,3.8664431E+3,0.0000000E+0
13353507,1/10/2021,4:11:11 PM,-4.9290771E+1,7.3541237E+1,3.8709080E+3,0.0000000E+0
13353508,1/10/2021,4:11:11 PM,-5.9531979E+1,7.2492950E+1,3.8655500E+3,0.0000000E+0
13353509,1/10/2021,4:11:11 PM,-7.1608612E+1,7.0933960E+1,3.8655500E+3,0.0000000E+0
13353510,1/10/2021,4:11:11 PM,-8.3100044E+1,6.8998665E+1,3.8646572E+3,0.0000000E+0
13353511,1/10/2021,4:11:11 PM,-9.8608154E+1,6.2252014E+1,3.8503701E+3,0.0000000E+0
13353512,1/10/2021,4:11:11 PM,-1.0826414E+2,5.8193268E+1,3.8530491E+3,0.0000000E+0
13353513,1/10/2021,4:11:11 PM,-1.1744132E+2,5.5424717E+1,3.8575137E+3,0.0000000E+0
13353514,1/10/2021,4:11:11 PM,-1.1741472E+2,4.5963276E+1,3.8539419E+3,0.0000000E+0
13353515,1/10/2021,4:11:11 PM,-1.0653510E+2,3.0642181E+1,3.8476914E+3,0.0000000E+0
13353516,1/10/2021,4:11:12 PM,-9.9086952E+1,1.8673910E+1,3.8459053E+3,0.0000000E+0
13353517,1/10/2021,4:11:12 PM,-8.2701035E+1,8.2268372E+0,3.8512629E+3,0.0000000E+0
13353518,1/10/2021,4:11:12 PM,-7.0837204E+1,6.9081545E-1,3.8476914E+3,0.0000000E+0
13353519,1/10/2021,4:11:12 PM,-5.4132069E+1,-5.8736529E+0,3.8557275E+3,0.0000000E+0
13353520,1/10/2021,4:11:12 PM,-3.5431900E+1,-1.5842112E+1,3.8485842E+3,0.0000000E+0
13353521,1/10/2021,4:11:12 PM,-2.0243000E+1,-2.1610804E+1,3.8548347E+3,0.0000000E+0
13353522,1/10/2021,4:11:12 PM,-7.9573736E+0,-2.4271833E+1,3.8575137E+3,0.0000000E+0
13353523,1/10/2021,4:11:12 PM,-2.3632545E+0,-2.8653130E+1,3.8539419E+3,0.0000000E+0
13353524,1/10/2021,4:11:12 PM,1.7744222E+0,-2.9701414E+1,3.8619785E+3,0.0000000E+0
13353525,1/10/2021,4:11:12 PM,9.5862141E+0,-3.6206158E+1,3.8566208E+3,0.0000000E+0
13353526,1/10/2021,4:11:13 PM,1.6004213E+1,-4.4296768E+1,3.8575137E+3,0.0000000E+0
13353527,1/10/2021,4:11:13 PM,1.8017241E+1,-5.1769161E+1,3.8494771E+3,0.0000000E+0
13353528,1/10/2021,4:11:13 PM,1.3704365E+1,-5.6338608E+1,3.8494771E+3,0.0000000E+0
13353529,1/10/2021,4:11:13 PM,1.0828238E+1,-5.9752254E+1,3.8557275E+3,0.0000000E+0
13353530,1/10/2021,4:11:13 PM,1.0123021E+1,-6.6848335E+1,3.8405476E+3,0.0000000E+0
13353531,1/10/2021,4:11:13 PM,1.4759560E+1,-7.3299324E+1,3.8476914E+3,0.0000000E+0
13353532,1/10/2021,4:11:13 PM,1.7835674E+1,-7.6632332E+1,3.8405476E+3,0.0000000E+0
13353533,1/10/2021,4:11:13 PM,1.6804163E+1,-7.6229149E+1,3.8405476E+3,0.0000000E+0
13353534,1/10/2021,4:11:13 PM,1.6614700E+1,-7.1417786E+1,3.8476914E+3,0.0000000E+0
13353535,1/10/2021,4:11:13 PM,1.9525036E+1,-6.6095726E+1,3.8476914E+3,0.0000000E+0
13353536,1/10/2021,4:11:14 PM,2.4179878E+1,-6.2735840E+1,3.8459053E+3,0.0000000E+0
13353537,1/10/2021,4:11:14 PM,2.8329559E+1,-5.5048412E+1,3.8476914E+3,0.0000000E+0
13353538,1/10/2021,4:11:14 PM,2.6866529E+1,-4.2899055E+1,3.8548347E+3,0.0000000E+0
13353539,1/10/2021,4:11:14 PM,2.3089256E+1,-2.9701414E+1,3.8566208E+3,0.0000000E+0
13353540,1/10/2021,4:11:14 PM,2.1120817E+1,-1.7440149E+1,3.8601924E+3,0.0000000E+0
13353541,1/10/2021,4:11:14 PM,1.6443661E+1,-6.8016319E+0,3.8619785E+3,0.0000000E+0
13353542,1/10/2021,4:11:14 PM,1.2436028E+1,3.8935204E+0,3.8637642E+3,0.0000000E+0
13353543,1/10/2021,4:11:14 PM,6.2048569E+0,1.3340026E+1,3.8619785E+3,0.0000000E+0
13353544,1/10/2021,4:11:14 PM,-4.6984825E-1,2.1772078E+1,3.8682290E+3,0.0000000E+0
13353545,1/10/2021,4:11:14 PM,-5.5261483E+0,2.9351984E+1,3.8691218E+3,0.0000000E+0
13353546,1/10/2021,4:11:15 PM,-1.1988688E+1,3.1152887E+1,3.8584065E+3,0.0000000E+0
13353547,1/10/2021,4:11:15 PM,-1.2846527E+1,3.1744225E+1,3.8673359E+3,0.0000000E+0
13353548,1/10/2021,4:11:15 PM,-1.4685880E+1,3.2147415E+1,3.8601924E+3,0.0000000E+0
13353549,1/10/2021,4:11:15 PM,-2.1200619E+1,3.3733280E+1,3.8601924E+3,0.0000000E+0
13353550,1/10/2021,4:11:15 PM,-2.5616306E+1,3.4190224E+1,3.8601924E+3,0.0000000E+0
13353551,1/10/2021,4:11:15 PM,-2.9473381E+1,3.3222576E+1,3.8548347E+3,0.0000000E+0
13353552,1/10/2021,4:11:15 PM,-3.1521622E+1,3.4324619E+1,3.8601924E+3,0.0000000E+0
13353553,1/10/2021,4:11:15 PM,-3.1734426E+1,3.5507301E+1,3.8584065E+3,0.0000000E+0
13353554,1/10/2021,4:11:15 PM,-3.6150112E+1,3.8356483E+1,3.8601924E+3,0.0000000E+0
13353555,1/10/2021,4:11:15 PM,-4.0459400E+1,4.0641209E+1,3.8601924E+3,0.0000000E+0
13353556,1/10/2021,4:11:16 PM,-4.1018009E+1,4.1393826E+1,3.8619785E+3,0.0000000E+0
13353557,1/10/2021,4:11:16 PM,-3.9395378E+1,4.1017517E+1,3.8646572E+3,0.0000000E+0
13353558,1/10/2021,4:11:16 PM,-3.9554981E+1,3.7899544E+1,3.8575137E+3,0.0000000E+0
13353559,1/10/2021,4:11:16 PM,-3.8251556E+1,3.6044884E+1,3.8673359E+3,0.0000000E+0
13353560,1/10/2021,4:11:16 PM,-4.0486000E+1,3.2792511E+1,3.8601924E+3,0.0000000E+0
13353561,1/10/2021,4:11:16 PM,-4.1709625E+1,2.7631721E+1,3.8619785E+3,0.0000000E+0
13353562,1/10/2021,4:11:16 PM,-4.0619003E+1,2.0458075E+1,3.8584065E+3,0.0000000E+0
13353563,1/10/2021,4:11:16 PM,-4.1097813E+1,1.3847888E+1,3.8584065E+3,0.0000000E+0
13353564,1/10/2021,4:11:16 PM,-4.2082031E+1,8.3810568E+0,3.8575137E+3,0.0000000E+0
13353565,1/10/2021,4:11:16 PM,-4.5247494E+1,2.4624794E+0,3.8512629E+3,0.0000000E+0
13353566,1/10/2021,4:11:17 PM,-4.5061291E+1,-4.5726042E+0,3.8557275E+3,0.0000000E+0
13353567,1/10/2021,4:11:17 PM,-4.4422878E+1,-1.2034474E+1,3.8459053E+3,0.0000000E+0
13353568,1/10/2021,4:11:17 PM,-4.1576622E+1,-1.9716225E+1,3.8476914E+3,0.0000000E+0
13353569,1/10/2021,4:11:17 PM,-3.6735325E+1,-2.2363417E+1,3.8503701E+3,0.0000000E+0
13353570,1/10/2021,4:11:17 PM,-3.1734426E+1,-2.6126493E+1,3.8494771E+3,0.0000000E+0
13353571,1/10/2021,4:11:17 PM,-2.4073477E+1,-3.0534664E+1,3.8494771E+3,0.0000000E+0
13353572,1/10/2021,4:11:17 PM,-1.4185913E+1,-3.7308201E+1,3.8459053E+3,0.0000000E+0
13353573,1/10/2021,4:11:17 PM,1.6497482E-1,-4.1581978E+1,3.8494771E+3,0.0000000E+0
13353574,1/10/2021,4:11:17 PM,1.4193807E+1,-4.3033451E+1,3.8539419E+3,0.0000000E+0
13353575,1/10/2021,4:11:17 PM,2.4977894E+1,-4.6339581E+1,3.8539419E+3,0.0000000E+0
13353576,1/10/2021,4:11:18 PM,3.8889969E+1,-4.9672588E+1,3.8566208E+3,0.0000000E+0
13353577,1/10/2021,4:11:18 PM,5.0434597E+1,-5.3704456E+1,3.8512629E+3,0.0000000E+0
13353578,1/10/2021,4:11:18 PM,6.1606819E+1,-5.6688038E+1,3.8584065E+3,0.0000000E+0
13353579,1/10/2021,4:11:18 PM,7.1661812E+1,-5.8005112E+1,3.8566208E+3,0.0000000E+0
13353580,1/10/2021,4:11:18 PM,7.6981918E+1,-5.8650208E+1,3.8584065E+3,0.0000000E+0
13353581,1/10/2021,4:11:18 PM,7.6955322E+1,-5.7144981E+1,3.8601924E+3,0.0000000E+0
13353582,1/10/2021,4:11:18 PM,7.5173088E+1,-5.7360012E+1,3.8530491E+3,0.0000000E+0
13353583,1/10/2021,4:11:18 PM,7.2912041E+1,-5.4887138E+1,3.8584065E+3,0.0000000E+0
13353584,1/10/2021,4:11:18 PM,6.8336746E+1,-5.0747757E+1,3.8566208E+3,0.0000000E+0
13353585,1/10/2021,4:11:18 PM,6.0090584E+1,-4.7979206E+1,3.8548347E+3,0.0000000E+0
13353586,1/10/2021,4:11:19 PM,4.8120350E+1,-4.2307716E+1,3.8485842E+3,0.0000000E+0
13353587,1/10/2021,4:11:19 PM,3.5112694E+1,-3.5641697E+1,3.8512629E+3,0.0000000E+0
13353588,1/10/2021,4:11:19 PM,2.7398542E+1,-2.6180250E+1,3.8539419E+3,0.0000000E+0
13353589,1/10/2021,4:11:19 PM,1.6830477E+1,-1.4922110E+1,3.8539419E+3,0.0000000E+0
13353590,1/10/2021,4:11:19 PM,8.3468218E+0,-5.0939288E+0,3.8557275E+3,0.0000000E+0
13353591,1/10/2021,4:11:19 PM,3.9054723E+0,2.8941140E+0,3.8557275E+3,0.0000000E+0
13353592,1/10/2021,4:11:19 PM,-4.7685118E+0,1.3108697E+1,3.8566208E+3,0.0000000E+0
13353593,1/10/2021,4:11:19 PM,-1.6398926E+1,2.8357456E+1,3.8646572E+3,0.0000000E+0
13353594,1/10/2021,4:11:19 PM,-3.4022072E+1,3.9807957E+1,3.8601924E+3,0.0000000E+0
13353595,1/10/2021,4:11:19 PM,-4.2720444E+1,5.0022018E+1,3.8637642E+3,0.0000000E+0
13353596,1/10/2021,4:11:20 PM,-4.7774544E+1,6.1795063E+1,3.8798374E+3,0.0000000E+0
13353597,1/10/2021,4:11:20 PM,-5.8361553E+1,6.3730366E+1,3.8619785E+3,0.0000000E+0
13353598,1/10/2021,4:11:20 PM,-7.3151443E+1,6.7762230E+1,3.8601924E+3,0.0000000E+0
13353599,1/10/2021,4:11:20 PM,-8.8659554E+1,7.6282906E+1,3.8735867E+3,0.0000000E+0
13353600,1/10/2021,4:11:20 PM,-9.9432762E+1,7.8890182E+1,3.8682290E+3,0.0000000E+0
13353601,1/10/2021,4:11:20 PM,-1.0563068E+2,7.3702507E+1,3.8619785E+3,0.0000000E+0
13353602,1/10/2021,4:11:20 PM,-1.1153600E+2,6.3354053E+1,3.8539419E+3,0.0000000E+0
13353603,1/10/2021,4:11:20 PM,-1.1270643E+2,5.3919487E+1,3.8548347E+3,0.0000000E+0
13353604,1/10/2021,4:11:20 PM,-1.1595170E+2,4.9753227E+1,3.8566208E+3,0.0000000E+0
13353605,1/10/2021,4:11:20 PM,-1.1435566E+2,3.8679035E+1,3.8494771E+3,0.0000000E+0
13353606,1/10/2021,4:11:21 PM,-1.0363564E+2,2.5105085E+1,3.8512629E+3,0.0000000E+0
13353607,1/10/2021,4:11:21 PM,-9.0893997E+1,1.2140833E+1,3.8441196E+3,0.0000000E+0
13353608,1/10/2021,4:11:21 PM,-7.5625290E+1,2.3687851E+0,3.8485842E+3,0.0000000E+0
13353609,1/10/2021,4:11:21 PM,-6.4772278E+1,-2.6338520E+0,3.8494771E+3,0.0000000E+0
13353610,1/10/2021,4:11:21 PM,-5.8414757E+1,-6.2911105E+0,3.8503701E+3,0.0000000E+0
13353611,1/10/2021,4:11:21 PM,-4.4103672E+1,-1.0907073E+1,3.8521558E+3,0.0000000E+0
13353612,1/10/2021,4:11:21 PM,-3.5751106E+1,-1.2404071E+1,3.8539419E+3,0.0000000E+0
13353613,1/10/2021,4:11:21 PM,-2.8435963E+1,-1.3071471E+1,3.8584065E+3,0.0000000E+0
13353614,1/10/2021,4:11:21 PM,-2.1280420E+1,-1.4587081E+1,3.8566208E+3,0.0000000E+0
13353615,1/10/2021,4:11:21 PM,-1.5270053E+1,-1.9016914E+1,3.8503701E+3,0.0000000E+0
13353616,1/10/2021,4:11:22 PM,1.1973212E+0,-2.7309174E+1,3.8601924E+3,0.0000000E+0
13353617,1/10/2021,4:11:22 PM,1.3278077E+1,-2.8572491E+1,3.8584065E+3,0.0000000E+0
13353618,1/10/2021,4:11:22 PM,2.4206478E+1,-3.6125519E+1,3.8566208E+3,0.0000000E+0
13353619,1/10/2021,4:11:22 PM,3.2532444E+1,-4.2603382E+1,3.8584065E+3,0.0000000E+0
13353620,1/10/2021,4:11:22 PM,4.4981487E+1,-5.1312218E+1,3.8494771E+3,0.0000000E+0
13353621,1/10/2021,4:11:22 PM,5.7962543E+1,-6.2950871E+1,3.8530491E+3,0.0000000E+0
13353622,1/10/2021,4:11:22 PM,7.2885445E+1,-7.0557655E+1,3.8512629E+3,0.0000000E+0
13353623,1/10/2021,4:11:22 PM,8.3924660E+1,-7.5584053E+1,3.8539419E+3,0.0000000E+0
13353624,1/10/2021,4:11:22 PM,8.8366951E+1,-7.8755783E+1,3.8530491E+3,0.0000000E+0
13353625,1/10/2021,4:11:22 PM,9.0548187E+1,-8.0045982E+1,3.8512629E+3,0.0000000E+0
13353626,1/10/2021,4:11:23 PM,9.2942238E+1,-8.2411339E+1,3.8512629E+3,0.0000000E+0
13353627,1/10/2021,4:11:23 PM,9.5096878E+1,-7.9992218E+1,3.8530491E+3,0.0000000E+0
13353628,1/10/2021,4:11:23 PM,9.3713654E+1,-7.4992706E+1,3.8512629E+3,0.0000000E+0
13353629,1/10/2021,4:11:23 PM,8.6770912E+1,-6.6041969E+1,3.8584065E+3,0.0000000E+0
13353630,1/10/2021,4:11:23 PM,7.4082458E+1,-5.5962303E+1,3.8521558E+3,0.0000000E+0
13353631,1/10/2021,4:11:23 PM,6.5729897E+1,-4.8274876E+1,3.8530491E+3,0.0000000E+0
13353632,1/10/2021,4:11:23 PM,5.6206909E+1,-3.6636223E+1,3.8566208E+3,0.0000000E+0
13353633,1/10/2021,4:11:23 PM,4.0805206E+1,-2.3492340E+1,3.8584065E+3,0.0000000E+0
13353634,1/10/2021,4:11:23 PM,2.6440922E+1,-1.0194471E+1,3.8601924E+3,0.0000000E+0
13353635,1/10/2021,4:11:23 PM,1.1636080E+1,2.9741945E+0,3.8637642E+3,0.0000000E+0
13353636,1/10/2021,4:11:24 PM,-2.7626779E+0,1.1215513E+1,3.8548347E+3,0.0000000E+0
13353637,1/10/2021,4:11:24 PM,-1.5617398E+1,2.1610804E+1,3.8575137E+3,0.0000000E+0
13353638,1/10/2021,4:11:24 PM,-2.7504946E+1,3.3276333E+1,3.8637642E+3,0.0000000E+0
13353639,1/10/2021,4:11:24 PM,-4.0273197E+1,4.5371933E+1,3.8637642E+3,0.0000000E+0
13353640,1/10/2021,4:11:24 PM,-6.1686619E+1,5.8300785E+1,3.8655500E+3,0.0000000E+0
13353641,1/10/2021,4:11:24 PM,-7.7540527E+1,6.7842865E+1,3.8655500E+3,0.0000000E+0
13353642,1/10/2021,4:11:24 PM,-9.0468384E+1,7.1149002E+1,3.8601924E+3,0.0000000E+0
13353643,1/10/2021,4:11:24 PM,-9.3367844E+1,7.1310272E+1,3.8637642E+3,0.0000000E+0
13353644,1/10/2021,4:11:24 PM,-9.7943130E+1,7.4750801E+1,3.8655500E+3,0.0000000E+0
13353645,1/10/2021,4:11:24 PM,-1.0858334E+2,7.7707497E+1,3.8628713E+3,0.0000000E+0
13353646,1/10/2021,4:11:25 PM,-1.1608469E+2,7.4616402E+1,3.8637642E+3,0.0000000E+0
13353647,1/10/2021,4:11:25 PM,-1.1432906E+2,6.3434689E+1,3.8512629E+3,0.0000000E+0
13353648,1/10/2021,4:11:25 PM,-1.0342284E+2,5.2333622E+1,3.8601924E+3,0.0000000E+0
13353649,1/10/2021,4:11:25 PM,-8.8127541E+1,3.9135979E+1,3.8548347E+3,0.0000000E+0
13353650,1/10/2021,4:11:25 PM,-7.3789856E+1,2.9217588E+1,3.8584065E+3,0.0000000E+0
13353651,1/10/2021,4:11:25 PM,-6.2670837E+1,1.6443037E+1,3.8494771E+3,0.0000000E+0
13353652,1/10/2021,4:11:25 PM,-4.9476974E+1,4.6166487E+0,3.8539419E+3,0.0000000E+0
13353653,1/10/2021,4:11:25 PM,-3.0085196E+1,-3.6116364E+0,3.8548347E+3,0.0000000E+0
13353654,1/10/2021,4:11:25 PM,-1.7990927E+1,-1.1252739E+1,3.8539419E+3,0.0000000E+0
13353655,1/10/2021,4:11:25 PM,-1.0359848E+1,-1.6849859E+1,3.8548347E+3,0.0000000E+0
13353656,1/10/2021,4:11:26 PM,-8.2284088E+0,-2.0643154E+1,3.8503701E+3,0.0000000E+0
13353657,1/10/2021,4:11:26 PM,-2.8102281E+0,-2.3841768E+1,3.8566208E+3,0.0000000E+0
13353658,1/10/2021,4:11:26 PM,1.8758630E+0,-2.5320118E+1,3.8584065E+3,0.0000000E+0
13353659,1/10/2021,4:11:26 PM,7.6337109E+0,-3.1341040E+1,3.8566208E+3,0.0000000E+0
13353660,1/10/2021,4:11:26 PM,9.0362501E+0,-3.6018005E+1,3.8530491E+3,0.0000000E+0
13353661,1/10/2021,4:11:26 PM,4.8287425E+0,-4.0560574E+1,3.8512629E+3,0.0000000E+0
13353662,1/10/2021,4:11:26 PM,7.2995219E+0,-4.3571030E+1,3.8548347E+3,0.0000000E+0
13353663,1/10/2021,4:11:26 PM,1.1841330E+1,-4.8866219E+1,3.8539419E+3,0.0000000E+0
13353664,1/10/2021,4:11:26 PM,1.8372480E+1,-5.7655689E+1,3.8494771E+3,0.0000000E+0
13353665,1/10/2021,4:11:26 PM,2.4738487E+1,-6.4886169E+1,3.8459053E+3,0.0000000E+0
13353666,1/10/2021,4:11:27 PM,2.8888172E+1,-6.9590012E+1,3.8423335E+3,0.0000000E+0
13353667,1/10/2021,4:11:27 PM,3.4101871E+1,-6.9805046E+1,3.8494771E+3,0.0000000E+0
13353668,1/10/2021,4:11:27 PM,3.8597363E+1,-6.7359039E+1,3.8459053E+3,0.0000000E+0
13353669,1/10/2021,4:11:27 PM,4.0672203E+1,-6.2923988E+1,3.8512629E+3,0.0000000E+0
13353670,1/10/2021,4:11:27 PM,4.1363819E+1,-5.6661160E+1,3.8494771E+3,0.0000000E+0
13353671,1/10/2021,4:11:27 PM,3.6868328E+1,-4.7925446E+1,3.8494771E+3,0.0000000E+0
13353672,1/10/2021,4:11:27 PM,2.6919731E+1,-3.4700928E+1,3.8548347E+3,0.0000000E+0
13353673,1/10/2021,4:11:27 PM,1.8351429E+1,-2.1100100E+1,3.8548347E+3,0.0000000E+0
13353674,1/10/2021,4:11:27 PM,8.3783979E+0,-7.6711130E+0,3.8619785E+3,0.0000000E+0
13353675,1/10/2021,4:11:27 PM,-3.0226202E+0,3.9928205E+0,3.8566208E+3,0.0000000E+0
13353676,1/10/2021,4:11:28 PM,-1.2714956E+1,1.5395406E+1,3.8619785E+3,0.0000000E+0
13353677,1/10/2021,4:11:28 PM,-2.1253820E+1,2.6664074E+1,3.8619785E+3,0.0000000E+0
13353678,1/10/2021,4:11:28 PM,-2.2158237E+1,3.5346027E+1,3.8682290E+3,0.0000000E+0
13353679,1/10/2021,4:11:28 PM,-2.1440023E+1,4.0264904E+1,3.8655500E+3,0.0000000E+0
13353680,1/10/2021,4:11:28 PM,-2.1280420E+1,4.0990639E+1,3.8655500E+3,0.0000000E+0
13353681,1/10/2021,4:11:28 PM,-1.7501484E+1,3.9996109E+1,3.8637642E+3,0.0000000E+0
13353682,1/10/2021,4:11:28 PM,-1.6369980E+1,3.7711388E+1,3.8601924E+3,0.0000000E+0
13353683,1/10/2021,4:11:28 PM,-1.1886064E+1,3.5292271E+1,3.8619785E+3,0.0000000E+0
13353684,1/10/2021,4:11:28 PM,-4.5046072E+0,3.3115063E+1,3.8637642E+3,0.0000000E+0
13353685,1/10/2021,4:11:28 PM,1.4930824E+0,2.9997084E+1,3.8619785E+3,0.0000000E+0
13353686,1/10/2021,4:11:29 PM,1.5247827E+0,2.6744711E+1,3.8584065E+3,0.0000000E+0
13353687,1/10/2021,4:11:29 PM,1.3797539E+0,2.4943811E+1,3.8584065E+3,0.0000000E+0
13353688,1/10/2021,4:11:29 PM,-1.9630388E+0,2.6798471E+1,3.8601924E+3,0.0000000E+0
13353689,1/10/2021,4:11:29 PM,-4.8976903E+0,3.0212116E+1,3.8646572E+3,0.0000000E+0
13353690,1/10/2021,4:11:29 PM,-9.4441175E+0,3.2684998E+1,3.8619785E+3,0.0000000E+0
13353691,1/10/2021,4:11:29 PM,-1.2580755E+1,3.3141937E+1,3.8619785E+3,0.0000000E+0
13353692,1/10/2021,4:11:29 PM,-1.7622530E+1,3.6367432E+1,3.8655500E+3,0.0000000E+0
13353693,1/10/2021,4:11:29 PM,-2.2956255E+1,3.6152401E+1,3.8637642E+3,0.0000000E+0
13353694,1/10/2021,4:11:29 PM,-2.3062656E+1,3.3007545E+1,3.8673359E+3,0.0000000E+0
13353695,1/10/2021,4:11:29 PM,-2.4339481E+1,2.7255413E+1,3.8646572E+3,0.0000000E+0
13353696,1/10/2021,4:11:30 PM,-2.6121716E+1,1.8336220E+1,3.8601924E+3,0.0000000E+0
13353697,1/10/2021,4:11:30 PM,-2.8648766E+1,9.6812906E+0,3.8619785E+3,0.0000000E+0
13353698,1/10/2021,4:11:30 PM,-3.3889069E+1,-2.7979359E-1,3.8557275E+3,0.0000000E+0
13353699,1/10/2021,4:11:30 PM,-3.7559940E+1,-9.3249893E+0,3.8548347E+3,0.0000000E+0
13353700,1/10/2021,4:11:30 PM,-4.0459400E+1,-1.9710905E+1,3.8512629E+3,0.0000000E+0
13353701,1/10/2021,4:11:30 PM,-4.7295734E+1,-2.8438097E+1,3.8476914E+3,0.0000000E+0
13353702,1/10/2021,4:11:30 PM,-5.4717278E+1,-3.5157871E+1,3.8494771E+3,0.0000000E+0
13353703,1/10/2021,4:11:30 PM,-6.2298431E+1,-4.2495869E+1,3.8423335E+3,0.0000000E+0
13353704,1/10/2021,4:11:30 PM,-6.8363350E+1,-4.9000614E+1,3.8441196E+3,0.0000000E+0
13353705,1/10/2021,4:11:30 PM,-7.3444046E+1,-5.5854782E+1,3.8387620E+3,0.0000000E+0
13353706,1/10/2021,4:11:31 PM,-7.6210510E+1,-6.2440170E+1,3.8298325E+3,0.0000000E+0
13353707,1/10/2021,4:11:31 PM,-7.1874619E+1,-6.2547684E+1,3.8423335E+3,0.0000000E+0
13353708,1/10/2021,4:11:31 PM,-6.5916100E+1,-6.1741310E+1,3.8396548E+3,0.0000000E+0
13353709,1/10/2021,4:11:31 PM,-5.4584282E+1,-6.3811001E+1,3.8414407E+3,0.0000000E+0
13353710,1/10/2021,4:11:31 PM,-4.1071213E+1,-6.7950386E+1,3.8387620E+3,0.0000000E+0
13353711,1/10/2021,4:11:31 PM,-2.6414324E+1,-6.8057899E+1,3.8432266E+3,0.0000000E+0
13353712,1/10/2021,4:11:31 PM,-7.0416441E+0,-6.6472031E+1,3.8476914E+3,0.0000000E+0
13353713,1/10/2021,4:11:31 PM,1.1512403E+1,-6.3837879E+1,3.8539419E+3,0.0000000E+0
13353714,1/10/2021,4:11:31 PM,2.5483303E+1,-6.1956345E+1,3.8530491E+3,0.0000000E+0
13353715,1/10/2021,4:11:31 PM,4.0193394E+1,-5.9994167E+1,3.8539419E+3,0.0000000E+0
13353716,1/10/2021,4:11:32 PM,5.4132069E+1,-5.7816959E+1,3.8539419E+3,0.0000000E+0
13353717,1/10/2021,4:11:32 PM,6.4001137E+1,-5.3086464E+1,3.8548347E+3,0.0000000E+0
13353718,1/10/2021,4:11:32 PM,6.7991234E+1,-4.2496052E+1,3.8655500E+3,0.0000000E+0
13353719,1/10/2021,4:11:32 PM,6.7831635E+1,-3.4109734E+1,3.8584065E+3,0.0000000E+0
13353720,1/10/2021,4:11:32 PM,6.8097633E+1,-2.8169424E+1,3.8601924E+3,0.0000000E+0
13353721,1/10/2021,4:11:32 PM,6.7698631E+1,-2.1449619E+1,3.8557275E+3,0.0000000E+0
13353722,1/10/2021,4:11:32 PM,6.5251366E+1,-1.3390513E+1,3.8601924E+3,0.0000000E+0
13353723,1/10/2021,4:11:32 PM,6.4666153E+1,-1.7801841E+0,3.8619785E+3,0.0000000E+0
13353724,1/10/2021,4:11:32 PM,5.8920414E+1,8.2082043E+0,3.8619785E+3,0.0000000E+0
13353725,1/10/2021,4:11:32 PM,5.3547085E+1,1.7253981E+1,3.8637642E+3,0.0000000E+0
13353726,1/10/2021,4:11:33 PM,4.8067352E+1,2.5293346E+1,3.8601924E+3,0.0000000E+0
13353727,1/10/2021,4:11:33 PM,3.9448750E+1,3.7926582E+1,3.8619785E+3,0.0000000E+0
13353728,1/10/2021,4:11:33 PM,3.2000568E+1,5.2226326E+1,3.8682290E+3,0.0000000E+0
13353729,1/10/2021,4:11:33 PM,2.9766115E+1,6.4698288E+1,3.8762654E+3,0.0000000E+0
13353730,1/10/2021,4:11:33 PM,1.6380466E+1,7.8648605E+1,3.8744795E+3,0.0000000E+0
13353731,1/10/2021,4:11:33 PM,1.4867353E+0,8.9212143E+1,3.8726936E+3,0.0000000E+0
13353732,1/10/2021,4:11:33 PM,-1.4841097E+1,9.9318726E+1,3.8762654E+3,0.0000000E+0
13353733,1/10/2021,4:11:33 PM,-2.6600639E+1,1.0808135E+2,3.8816230E+3,0.0000000E+0
13353734,1/10/2021,4:11:33 PM,-3.5405453E+1,1.0891460E+2,3.8798374E+3,0.0000000E+0
13353735,1/10/2021,4:11:33 PM,-4.0991585E+1,1.0227544E+2,3.8762654E+3,0.0000000E+0
13353736,1/10/2021,4:11:34 PM,-5.3121479E+1,9.3055862E+1,3.8637642E+3,0.0000000E+0
13353737,1/10/2021,4:11:34 PM,-6.4054337E+1,8.4185722E+1,3.8709080E+3,0.0000000E+0
13353738,1/10/2021,4:11:34 PM,-7.1529121E+1,7.3272758E+1,3.8655500E+3,0.0000000E+0
13353739,1/10/2021,4:11:34 PM,-7.8445282E+1,5.9725632E+1,3.8601924E+3,0.0000000E+0
13353740,1/10/2021,4:11:34 PM,-8.2701393E+1,4.4135685E+1,3.8592996E+3,0.0000000E+0
13353741,1/10/2021,4:11:34 PM,-8.6957489E+1,2.8357580E+1,3.8476914E+3,0.0000000E+0
13353742,1/10/2021,4:11:34 PM,-9.4591873E+1,1.5049705E+1,3.8459053E+3,0.0000000E+0
13353743,1/10/2021,4:11:34 PM,-9.9699196E+1,3.4434509E+0,3.8459053E+3,0.0000000E+0
13353744,1/10/2021,4:11:34 PM,-9.8688370E+1,-9.4233484E+0,3.8423335E+3,0.0000000E+0
13353745,1/10/2021,4:11:34 PM,-9.6427322E+1,-1.9383806E+1,3.8423335E+3,0.0000000E+0
13353746,1/10/2021,4:11:35 PM,-9.5948509E+1,-2.7228651E+1,3.8423335E+3,0.0000000E+0
13353747,1/10/2021,4:11:35 PM,-8.9883560E+1,-3.5292419E+1,3.8405476E+3,0.0000000E+0
13353748,1/10/2021,4:11:35 PM,-8.0014725E+1,-4.1850948E+1,3.8467981E+3,0.0000000E+0
13353749,1/10/2021,4:11:35 PM,-7.0757698E+1,-4.4968937E+1,3.8459053E+3,0.0000000E+0
13353750,1/10/2021,4:11:35 PM,-5.7723385E+1,-5.3704685E+1,3.8476914E+3,0.0000000E+0
13353751,1/10/2021,4:11:35 PM,-4.5540295E+1,-6.3676876E+1,3.8405476E+3,0.0000000E+0
13353752,1/10/2021,4:11:35 PM,-3.2053768E+1,-6.8461380E+1,3.8476914E+3,0.0000000E+0
13353753,1/10/2021,4:11:35 PM,-1.8130348E+1,-7.5154305E+1,3.8459053E+3,0.0000000E+0
13353754,1/10/2021,4:11:35 PM,-1.6182908E+0,-8.2465454E+1,3.8459053E+3,0.0000000E+0
13353755,1/10/2021,4:11:35 PM,1.1699205E+1,-8.6873642E+1,3.8476914E+3,0.0000000E+0
13353756,1/10/2021,4:11:36 PM,2.4924799E+1,-9.3244019E+1,3.8441196E+3,0.0000000E+0
13353757,1/10/2021,4:11:36 PM,3.1867567E+1,-9.4507347E+1,3.8476914E+3,0.0000000E+0
13353758,1/10/2021,4:11:36 PM,4.0831982E+1,-9.7356544E+1,3.8405476E+3,0.0000000E+0
13353759,1/10/2021,4:11:36 PM,4.7162933E+1,-9.5690033E+1,3.8494771E+3,0.0000000E+0
13353760,1/10/2021,4:11:36 PM,5.4611111E+1,-9.3862244E+1,3.8485842E+3,0.0000000E+0
13353761,1/10/2021,4:11:36 PM,5.9638634E+1,-8.9884125E+1,3.8441196E+3,0.0000000E+0
13353762,1/10/2021,4:11:36 PM,6.2006092E+1,-8.3218071E+1,3.8530491E+3,0.0000000E+0
13353763,1/10/2021,4:11:36 PM,6.5570580E+1,-7.5449974E+1,3.8476914E+3,0.0000000E+0
13353764,1/10/2021,4:11:36 PM,6.6714401E+1,-6.5746574E+1,3.8539419E+3,0.0000000E+0
13353765,1/10/2021,4:11:36 PM,6.4267143E+1,-5.3193981E+1,3.8566208E+3,0.0000000E+0
13353766,1/10/2021,4:11:37 PM,6.3389320E+1,-4.2979877E+1,3.8566208E+3,0.0000000E+0
13353767,1/10/2021,4:11:37 PM,5.8148998E+1,-3.0346642E+1,3.8584065E+3,0.0000000E+0
13353768,1/10/2021,4:11:37 PM,5.4690914E+1,-1.8955713E+1,3.8601924E+3,0.0000000E+0
13353769,1/10/2021,4:11:37 PM,4.8758972E+1,-6.5490141E+0,3.8619785E+3,0.0000000E+0
13353770,1/10/2021,4:11:37 PM,3.9900959E+1,6.7032337E+0,3.8646572E+3,0.0000000E+0
13353771,1/10/2021,4:11:37 PM,3.1734564E+1,1.7581032E+1,3.8601924E+3,0.0000000E+0
13353772,1/10/2021,4:11:37 PM,2.3860773E+1,3.2443222E+1,3.8691218E+3,0.0000000E+0
13353773,1/10/2021,4:11:37 PM,1.8469797E+1,4.4646389E+1,3.8726936E+3,0.0000000E+0
13353774,1/10/2021,4:11:37 PM,1.0257198E+1,5.3382133E+1,3.8637642E+3,0.0000000E+0
13353775,1/10/2021,4:11:37 PM,3.5773578E+0,6.1902851E+1,3.8709080E+3,0.0000000E+0
13353776,1/10/2021,4:11:38 PM,-2.6120894E+0,6.8595772E+1,3.8646572E+3,0.0000000E+0
13353777,1/10/2021,4:11:38 PM,-7.0047870E+0,7.2547020E+1,3.8691218E+3,0.0000000E+0
13353778,1/10/2021,4:11:38 PM,-7.0810976E+0,7.5127426E+1,3.8718008E+3,0.0000000E+0
13353779,1/10/2021,4:11:38 PM,-5.9838042E+0,7.9266823E+1,3.8780513E+3,0.0000000E+0
13353780,1/10/2021,4:11:38 PM,-1.2141281E+1,7.6901459E+1,3.8646572E+3,0.0000000E+0
13353781,1/10/2021,4:11:38 PM,-9.5730333E+0,7.1310577E+1,3.8646572E+3,0.0000000E+0
13353782,1/10/2021,4:11:38 PM,-1.5783139E+1,7.5154305E+1,3.8753723E+3,0.0000000E+0
13353783,1/10/2021,4:11:38 PM,-2.0040745E+1,7.2896454E+1,3.8709080E+3,0.0000000E+0
13353784,1/10/2021,4:11:38 PM,-2.1732723E+1,6.4133827E+1,3.8619785E+3,0.0000000E+0
13353785,1/10/2021,4:11:38 PM,-2.5244007E+1,5.8005363E+1,3.8655500E+3,0.0000000E+0
13353786,1/10/2021,4:11:39 PM,-3.2372978E+1,5.3113346E+1,3.8637642E+3,0.0000000E+0
13353787,1/10/2021,4:11:39 PM,-3.8411324E+1,4.8113808E+1,3.8601924E+3,0.0000000E+0
13353788,1/10/2021,4:11:39 PM,-4.7269337E+1,4.3840012E+1,3.8646572E+3,0.0000000E+0
13353789,1/10/2021,4:11:39 PM,-5.4717518E+1,3.3787182E+1,3.8575137E+3,0.0000000E+0
13353790,1/10/2021,4:11:39 PM,-6.1633678E+1,2.5320227E+1,3.8601924E+3,0.0000000E+0
13353791,1/10/2021,4:11:39 PM,-6.8044434E+1,1.7240685E+1,3.8530491E+3,0.0000000E+0
13353792,1/10/2021,4:11:39 PM,-7.2460136E+1,7.7561812E+0,3.8548347E+3,0.0000000E+0
13353793,1/10/2021,4:11:39 PM,-7.4987206E+1,-3.0918987E+0,3.8512629E+3,0.0000000E+0
13353794,1/10/2021,4:11:39 PM,-7.5146805E+1,-1.6020224E+1,3.8476914E+3,0.0000000E+0
13353795,1/10/2021,4:11:39 PM,-7.3258156E+1,-2.8035028E+1,3.8459053E+3,0.0000000E+0
13353796,1/10/2021,4:11:40 PM,-7.2752747E+1,-3.9404942E+1,3.8459053E+3,0.0000000E+0
13353797,1/10/2021,4:11:40 PM,-7.0491692E+1,-4.9054581E+1,3.8450125E+3,0.0000000E+0
13353798,1/10/2021,4:11:40 PM,-6.8017830E+1,-5.7575294E+1,3.8441196E+3,0.0000000E+0
13353799,1/10/2021,4:11:40 PM,-6.9454269E+1,-6.7816277E+1,3.8351899E+3,0.0000000E+0
13353800,1/10/2021,4:11:40 PM,-6.6581398E+1,-7.3138359E+1,3.8396548E+3,0.0000000E+0
13353801,1/10/2021,4:11:40 PM,-6.6528198E+1,-7.5906921E+1,3.8396548E+3,0.0000000E+0
13353802,1/10/2021,4:11:40 PM,-6.7565628E+1,-7.7224007E+1,3.8387620E+3,0.0000000E+0
13353803,1/10/2021,4:11:40 PM,-6.9055260E+1,-7.6901459E+1,3.8360830E+3,0.0000000E+0
13353804,1/10/2021,4:11:40 PM,-6.7831635E+1,-7.6041321E+1,3.8351899E+3,0.0000000E+0
13353805,1/10/2021,4:11:40 PM,-6.7432625E+1,-6.8138832E+1,3.8423335E+3,0.0000000E+0
13353806,1/10/2021,4:11:41 PM,-6.8549843E+1,-5.7145226E+1,3.8423335E+3,0.0000000E+0
13353807,1/10/2021,4:11:41 PM,-6.5011963E+1,-5.1204914E+1,3.8459053E+3,0.0000000E+0
13353808,1/10/2021,4:11:41 PM,-5.4398308E+1,-4.6501053E+1,3.8432266E+3,0.0000000E+0
13353809,1/10/2021,4:11:41 PM,-3.7373898E+1,-4.2926117E+1,3.8503701E+3,0.0000000E+0
13353810,1/10/2021,4:11:41 PM,-1.9456573E+1,-3.8867355E+1,3.8476914E+3,0.0000000E+0
13353811,1/10/2021,4:11:41 PM,-1.3910410E-1,-3.3034565E+1,3.8584065E+3,0.0000000E+0
13353812,1/10/2021,4:11:41 PM,1.3341199E+1,-2.4433212E+1,3.8575137E+3,0.0000000E+0
13353813,1/10/2021,4:11:41 PM,2.5350410E+1,-2.1180828E+1,3.8610852E+3,0.0000000E+0
13353814,1/10/2021,4:11:41 PM,4.4609272E+1,-1.9950165E+1,3.8557275E+3,0.0000000E+0
13353815,1/10/2021,4:11:41 PM,6.1075066E+1,-1.6209009E+1,3.8637642E+3,0.0000000E+0
13353816,1/10/2021,4:11:42 PM,7.0651299E+1,-7.9715567E+0,3.8673359E+3,0.0000000E+0
13353817,1/10/2021,4:11:42 PM,7.4774399E+1,-1.0463386E+0,3.8673359E+3,0.0000000E+0
13353818,1/10/2021,4:11:42 PM,7.5652222E+1,5.7433496E+0,3.8709080E+3,0.0000000E+0
13353819,1/10/2021,4:11:42 PM,7.4721199E+1,9.2957182E+0,3.8673359E+3,0.0000000E+0
13353820,1/10/2021,4:11:42 PM,7.9801918E+1,7.3839273E+0,3.8655500E+3,0.0000000E+0
13353821,1/10/2021,4:11:42 PM,8.3260002E+1,8.7054291E+0,3.8682290E+3,0.0000000E+0
13353822,1/10/2021,4:11:42 PM,8.4776237E+1,1.2055717E+1,3.8709080E+3,0.0000000E+0
13353823,1/10/2021,4:11:42 PM,8.2754585E+1,1.0872480E+1,3.8673359E+3,0.0000000E+0
13353824,1/10/2021,4:11:42 PM,8.1956573E+1,8.3810368E+0,3.8700146E+3,0.0000000E+0
13353825,1/10/2021,4:11:42 PM,8.3818611E+1,9.2813015E-1,3.8601924E+3,0.0000000E+0
13353826,1/10/2021,4:11:43 PM,8.2382179E+1,-1.8490531E+0,3.8673359E+3,0.0000000E+0
13353827,1/10/2021,4:11:43 PM,7.7461060E+1,-4.3980079E+0,3.8557275E+3,0.0000000E+0
13353828,1/10/2021,4:11:43 PM,7.2486740E+1,-1.9227269E+0,3.8619785E+3,0.0000000E+0
13353829,1/10/2021,4:11:43 PM,6.9294662E+1,5.6582632E+0,3.8762654E+3,0.0000000E+0
13353830,1/10/2021,4:11:43 PM,5.4185505E+1,2.7980042E+0,3.8530491E+3,0.0000000E+0
13353831,1/10/2021,4:11:43 PM,3.8836933E+1,3.0854924E+0,3.8548347E+3,0.0000000E+0
13353832,1/10/2021,4:11:43 PM,3.2532581E+1,5.2933049E+0,3.8548347E+3,0.0000000E+0
13353833,1/10/2021,4:11:43 PM,1.7398817E+1,1.2680573E+1,3.8557275E+3,0.0000000E+0
13353834,1/10/2021,4:11:43 PM,3.3633821E+0,2.2148479E+1,3.8637642E+3,0.0000000E+0
13353835,1/10/2021,4:11:43 PM,-1.0299301E+1,3.5749367E+1,3.8691218E+3,0.0000000E+0
13353836,1/10/2021,4:11:44 PM,-3.3516808E+1,4.5855953E+1,3.8601924E+3,0.0000000E+0
13353837,1/10/2021,4:11:44 PM,-5.3414082E+1,5.0129749E+1,3.8530491E+3,0.0000000E+0
13353838,1/10/2021,4:11:44 PM,-6.6847404E+1,6.1445900E+1,3.8691218E+3,0.0000000E+0
13353839,1/10/2021,4:11:44 PM,-7.6184235E+1,6.0370731E+1,3.8610852E+3,0.0000000E+0
13353840,1/10/2021,4:11:44 PM,-8.3446205E+1,5.8757980E+1,3.8584065E+3,0.0000000E+0
13353841,1/10/2021,4:11:44 PM,-8.4829437E+1,5.5693745E+1,3.8619785E+3,0.0000000E+0
13353842,1/10/2021,4:11:44 PM,-8.2195976E+1,4.7710621E+1,3.8601924E+3,0.0000000E+0
13353843,1/10/2021,4:11:44 PM,-8.7090492E+1,4.6662331E+1,3.8628713E+3,0.0000000E+0
13353844,1/10/2021,4:11:44 PM,-8.9936760E+1,3.9781250E+1,3.8610852E+3,0.0000000E+0
13353845,1/10/2021,4:11:44 PM,-9.1532799E+1,3.0346642E+1,3.8476914E+3,0.0000000E+0
13353846,1/10/2021,4:11:45 PM,-9.4990883E+1,2.3465561E+1,3.8530491E+3,0.0000000E+0
13353847,1/10/2021,4:11:45 PM,-9.4033257E+1,1.6198374E+1,3.8584065E+3,0.0000000E+0
13353848,1/10/2021,4:11:45 PM,-1.0150804E+2,1.2170052E+1,3.8512629E+3,0.0000000E+0
13353849,1/10/2021,4:11:45 PM,-1.0326369E+2,-6.0891938E-1,3.8459053E+3,0.0000000E+0
13353850,1/10/2021,4:11:45 PM,-1.0007160E+2,-1.1694098E+1,3.8432266E+3,0.0000000E+0
13353851,1/10/2021,4:11:45 PM,-9.1399796E+1,-2.1772169E+1,3.8503701E+3,0.0000000E+0
13353852,1/10/2021,4:11:45 PM,-8.1131950E+1,-3.1475569E+1,3.8405476E+3,0.0000000E+0
13353853,1/10/2021,4:11:45 PM,-7.4641396E+1,-3.8276012E+1,3.8512629E+3,0.0000000E+0
13353854,1/10/2021,4:11:45 PM,-6.4080940E+1,-4.6232262E+1,3.8450125E+3,0.0000000E+0
13353855,1/10/2021,4:11:45 PM,-5.4478107E+1,-5.5102406E+1,3.8432266E+3,0.0000000E+0
13353856,1/10/2021,4:11:46 PM,-4.3891052E+1,-6.1634056E+1,3.8405476E+3,0.0000000E+0
13353857,1/10/2021,4:11:46 PM,-3.2479382E+1,-6.3542480E+1,3.8459053E+3,0.0000000E+0
13353858,1/10/2021,4:11:46 PM,-2.6494238E+1,-6.4080063E+1,3.8512629E+3,0.0000000E+0
13353859,1/10/2021,4:11:46 PM,-2.0402689E+1,-6.6257286E+1,3.8467981E+3,0.0000000E+0
13353860,1/10/2021,4:11:46 PM,-1.4149039E+1,-7.2009438E+1,3.8405476E+3,0.0000000E+0
13353861,1/10/2021,4:11:46 PM,-2.2427831E+0,-7.7089607E+1,3.8423335E+3,0.0000000E+0
13353862,1/10/2021,4:11:46 PM,1.2988591E+1,-7.6175713E+1,3.8521558E+3,0.0000000E+0
13353863,1/10/2021,4:11:46 PM,2.0243361E+1,-7.3219002E+1,3.8494771E+3,0.0000000E+0
13353864,1/10/2021,4:11:46 PM,2.5696217E+1,-7.0235405E+1,3.8566208E+3,0.0000000E+0
13353865,1/10/2021,4:11:46 PM,2.9446909E+1,-7.0047256E+1,3.8441196E+3,0.0000000E+0
13353866,1/10/2021,4:11:47 PM,3.6788685E+1,-6.8542023E+1,3.8494771E+3,0.0000000E+0
13353867,1/10/2021,4:11:47 PM,5.0248608E+1,-6.5504662E+1,3.8530491E+3,0.0000000E+0
13353868,1/10/2021,4:11:47 PM,5.6951969E+1,-5.9080528E+1,3.8548347E+3,0.0000000E+0
13353869,1/10/2021,4:11:47 PM,5.8282001E+1,-5.0613575E+1,3.8566208E+3,0.0000000E+0
13353870,1/10/2021,4:11:47 PM,5.5595337E+1,-4.6097866E+1,3.8459053E+3,0.0000000E+0
13353871,1/10/2021,4:11:47 PM,5.8601208E+1,-3.8786716E+1,3.8566208E+3,0.0000000E+0
13353872,1/10/2021,4:11:47 PM,6.0436653E+1,-2.7416807E+1,3.8548347E+3,0.0000000E+0
13353873,1/10/2021,4:11:47 PM,5.8255398E+1,-1.3281497E+1,3.8601924E+3,0.0000000E+0
13353874,1/10/2021,4:11:47 PM,5.2722469E+1,3.5771852E+0,3.8646572E+3,0.0000000E+0
13353875,1/10/2021,4:11:47 PM,4.2082211E+1,1.8586119E+1,3.8619785E+3,0.0000000E+0
13353876,1/10/2021,4:11:48 PM,3.3836014E+1,3.3518387E+1,3.8673359E+3,0.0000000E+0
13353877,1/10/2021,4:11:48 PM,2.9978918E+1,4.7629982E+1,3.8700146E+3,0.0000000E+0
13353878,1/10/2021,4:11:48 PM,2.5669617E+1,6.0182583E+1,3.8744795E+3,0.0000000E+0
13353879,1/10/2021,4:11:48 PM,1.6677814E+1,7.2520142E+1,3.8753723E+3,0.0000000E+0
13353880,1/10/2021,4:11:48 PM,6.5811319E+0,7.9508736E+1,3.8709080E+3,0.0000000E+0
13353881,1/10/2021,4:11:48 PM,1.7807539E+0,8.4293236E+1,3.8753723E+3,0.0000000E+0
13353882,1/10/2021,4:11:48 PM,6.4985633E-1,8.4024445E+1,3.8744795E+3,0.0000000E+0
13353883,1/10/2021,4:11:48 PM,-3.3942895E+0,8.3164314E+1,3.8726936E+3,0.0000000E+0
13353884,1/10/2021,4:11:48 PM,-5.2336888E+0,8.1013977E+1,3.8753723E+3,0.0000000E+0
13353885,1/10/2021,4:11:48 PM,-1.2778079E+1,7.4132896E+1,3.8637642E+3,0.0000000E+0
13353886,1/10/2021,4:11:49 PM,-2.0269688E+1,6.8219467E+1,3.8682290E+3,0.0000000E+0
13353887,1/10/2021,4:11:49 PM,-2.3328760E+1,6.2628590E+1,3.8682290E+3,0.0000000E+0
13353888,1/10/2021,4:11:49 PM,-2.6095226E+1,5.1957539E+1,3.8628713E+3,0.0000000E+0
13353889,1/10/2021,4:11:49 PM,-3.2958191E+1,4.2549809E+1,3.8601924E+3,0.0000000E+0
13353890,1/10/2021,4:11:49 PM,-4.4130459E+1,3.4727955E+1,3.8566208E+3,0.0000000E+0
13353891,1/10/2021,4:11:49 PM,-5.0807217E+1,2.7416807E+1,3.8566208E+3,0.0000000E+0
13353892,1/10/2021,4:11:49 PM,-5.3174679E+1,2.0027275E+1,3.8601924E+3,0.0000000E+0
13353893,1/10/2021,4:11:49 PM,-5.4504707E+1,1.0348665E+1,3.8548347E+3,0.0000000E+0
13353894,1/10/2021,4:11:49 PM,-5.6340157E+1,-6.5719557E-1,3.8521558E+3,0.0000000E+0
13353895,1/10/2021,4:11:49 PM,-6.0676056E+1,-1.2898606E+1,3.8432266E+3,0.0000000E+0
13353896,1/10/2021,4:11:50 PM,-6.0543053E+1,-2.1691532E+1,3.8459053E+3,0.0000000E+0
13353897,1/10/2021,4:11:50 PM,-5.3626888E+1,-2.8680130E+1,3.8530491E+3,0.0000000E+0
13353898,1/10/2021,4:11:50 PM,-4.6444717E+1,-3.7711548E+1,3.8476914E+3,0.0000000E+0
13353899,1/10/2021,4:11:50 PM,-3.9847759E+1,-4.6447296E+1,3.8476914E+3,0.0000000E+0
13353900,1/10/2021,4:11:50 PM,-3.6203472E+1,-5.5398075E+1,3.8423335E+3,0.0000000E+0
13353901,1/10/2021,4:11:50 PM,-3.0643936E+1,-6.2332916E+1,3.8441196E+3,0.0000000E+0
13353902,1/10/2021,4:11:50 PM,-2.3514965E+1,-6.6983025E+1,3.8476914E+3,0.0000000E+0
13353903,1/10/2021,4:11:50 PM,-1.6562033E+1,-7.1095543E+1,3.8467981E+3,0.0000000E+0
13353904,1/10/2021,4:11:50 PM,-8.8993950E+0,-7.5718765E+1,3.8485842E+3,0.0000000E+0
13353905,1/10/2021,4:11:50 PM,-8.6309929E+0,-7.8299171E+1,3.8405476E+3,0.0000000E+0
13353906,1/10/2021,4:11:51 PM,-7.4126544E+0,-7.8084137E+1,3.8441196E+3,0.0000000E+0
13353907,1/10/2021,4:11:51 PM,-3.7794459E+0,-7.6444511E+1,3.8459053E+3,0.0000000E+0
13353908,1/10/2021,4:11:51 PM,-2.2700098E-1,-7.3864105E+1,3.8476914E+3,0.0000000E+0
13353909,1/10/2021,4:11:51 PM,6.4969273E+0,-6.9670944E+1,3.8512629E+3,0.0000000E+0
13353910,1/10/2021,4:11:51 PM,5.7759233E+0,-6.7063660E+1,3.8441196E+3,0.0000000E+0
13353911,1/10/2021,4:11:51 PM,2.6231844E+0,-6.2225403E+1,3.8423335E+3,0.0000000E+0
13353912,1/10/2021,4:11:51 PM,3.2754142E+0,-5.3355255E+1,3.8503701E+3,0.0000000E+0
13353913,1/10/2021,4:11:51 PM,7.1626711E+0,-4.5237728E+1,3.8539419E+3,0.0000000E+0
13353914,1/10/2021,4:11:51 PM,1.1993922E+1,-3.9378059E+1,3.8512629E+3,0.0000000E+0
13353915,1/10/2021,4:11:51 PM,9.1546412E+0,-3.0911106E+1,3.8521558E+3,0.0000000E+0
13353916,1/10/2021,4:11:52 PM,1.2156993E+0,-2.0965794E+1,3.8530491E+3,0.0000000E+0
13353917,1/10/2021,4:11:52 PM,-3.9022839E+0,-8.1151409E+0,3.8548347E+3,0.0000000E+0
13353918,1/10/2021,4:11:52 PM,-6.5048208E+0,4.5405507E+0,3.8610852E+3,0.0000000E+0
13353919,1/10/2021,4:11:52 PM,-5.9417019E+0,1.4911437E+1,3.8610852E+3,0.0000000E+0
13353920,1/10/2021,4:11:52 PM,-8.1336584E+0,2.5293346E+1,3.8619785E+3,0.0000000E+0
13353921,1/10/2021,4:11:52 PM,-1.4435862E+1,3.7039570E+1,3.8619785E+3,0.0000000E+0
13353922,1/10/2021,4:11:52 PM,-1.7267248E+1,4.8490116E+1,3.8655500E+3,0.0000000E+0
13353923,1/10/2021,4:11:52 PM,-1.4225349E+1,5.7064590E+1,3.8700146E+3,0.0000000E+0
13353924,1/10/2021,4:11:52 PM,-8.3310127E+0,6.0693283E+1,3.8709080E+3,0.0000000E+0
13353925,1/10/2021,4:11:52 PM,-1.2883625E+0,6.1634056E+1,3.8673359E+3,0.0000000E+0
13353926,1/10/2021,4:11:53 PM,2.8466702E+0,6.2762985E+1,3.8673359E+3,0.0000000E+0
13353927,1/10/2021,4:11:53 PM,3.8975291E+0,6.4510132E+1,3.8700146E+3,0.0000000E+0
13353928,1/10/2021,4:11:53 PM,9.4230442E+0,6.5316505E+1,3.8726936E+3,0.0000000E+0
13353929,1/10/2021,4:11:53 PM,1.3025431E+1,6.2601707E+1,3.8718008E+3,0.0000000E+0
13353930,1/10/2021,4:11:53 PM,1.2738608E+1,5.6849552E+1,3.8673359E+3,0.0000000E+0
13353931,1/10/2021,4:11:53 PM,1.2785973E+1,5.1285557E+1,3.8637642E+3,0.0000000E+0
13353932,1/10/2021,4:11:53 PM,8.4467945E+0,4.8732029E+1,3.8673359E+3,0.0000000E+0
13353933,1/10/2021,4:11:53 PM,1.9479719E+0,4.9296494E+1,3.8691218E+3,0.0000000E+0
13353934,1/10/2021,4:11:53 PM,-4.1677723E+0,4.5560284E+1,3.8682290E+3,0.0000000E+0
13353935,1/10/2021,4:11:53 PM,-1.0130891E+1,3.8356651E+1,3.8637642E+3,0.0000000E+0
13353936,1/10/2021,4:11:54 PM,-1.9896017E+1,3.2604496E+1,3.8601924E+3,0.0000000E+0
13353937,1/10/2021,4:11:54 PM,-2.9340504E+1,2.5320227E+1,3.8584065E+3,0.0000000E+0
13353938,1/10/2021,4:11:54 PM,-3.5352249E+1,2.0271898E+1,3.8637642E+3,0.0000000E+0
13353939,1/10/2021,4:11:54 PM,-4.0432972E+1,1.0930977E+1,3.8557275E+3,0.0000000E+0
13353940,1/10/2021,4:11:54 PM,-4.1044788E+1,-2.4776831E+0,3.8530491E+3,0.0000000E+0
13353941,1/10/2021,4:11:54 PM,-4.1683205E+1,-1.4384964E+1,3.8512629E+3,0.0000000E+0
13353942,1/10/2021,4:11:54 PM,-4.2720627E+1,-2.6072845E+1,3.8441196E+3,0.0000000E+0
13353943,1/10/2021,4:11:54 PM,-4.2933434E+1,-3.5184902E+1,3.8521558E+3,0.0000000E+0
13353944,1/10/2021,4:11:54 PM,-4.1896008E+1,-4.4807663E+1,3.8459053E+3,0.0000000E+0
13353945,1/10/2021,4:11:54 PM,-4.1443794E+1,-5.4054115E+1,3.8467981E+3,0.0000000E+0
13353946,1/10/2021,4:11:55 PM,-4.2720627E+1,-6.3865032E+1,3.8360830E+3,0.0000000E+0
13353947,1/10/2021,4:11:55 PM,-4.2667427E+1,-6.9267754E+1,3.8405476E+3,0.0000000E+0
13353948,1/10/2021,4:11:55 PM,-4.3119637E+1,-6.9859100E+1,3.8441196E+3,0.0000000E+0
13353949,1/10/2021,4:11:55 PM,-4.4157063E+1,-7.0396683E+1,3.8396548E+3,0.0000000E+0
13353950,1/10/2021,4:11:55 PM,-4.0140366E+1,-6.8864563E+1,3.8459053E+3,0.0000000E+0
13353951,1/10/2021,4:11:55 PM,-3.6496075E+1,-6.7144295E+1,3.8405476E+3,0.0000000E+0
13353952,1/10/2021,4:11:55 PM,-3.1149347E+1,-6.6606712E+1,3.8387620E+3,0.0000000E+0
13353953,1/10/2021,4:11:55 PM,-2.1679520E+1,-6.2306038E+1,3.8485842E+3,0.0000000E+0
13353954,1/10/2021,4:11:55 PM,-1.1570267E+1,-5.7575294E+1,3.8530491E+3,0.0000000E+0
13353955,1/10/2021,4:11:55 PM,2.6548846E+0,-5.6204453E+1,3.8512629E+3,0.0000000E+0
13353956,1/10/2021,4:11:56 PM,1.4606902E+1,-5.7145226E+1,3.8476914E+3,0.0000000E+0
13353957,1/10/2021,4:11:56 PM,2.7425261E+1,-5.5156166E+1,3.8557275E+3,0.0000000E+0
13353958,1/10/2021,4:11:56 PM,3.9741356E+1,-5.3032703E+1,3.8548347E+3,0.0000000E+0
13353959,1/10/2021,4:11:56 PM,4.7482140E+1,-4.9914715E+1,3.8566208E+3,0.0000000E+0
13353960,1/10/2021,4:11:56 PM,5.2775669E+1,-4.5829075E+1,3.8601924E+3,0.0000000E+0
13353961,1/10/2021,4:11:56 PM,5.3227875E+1,-4.2388531E+1,3.8512629E+3,0.0000000E+0
13353962,1/10/2021,4:11:56 PM,5.0381611E+1,-3.4593559E+1,3.8575137E+3,0.0000000E+0
13353963,1/10/2021,4:11:56 PM,4.5912701E+1,-2.4863279E+1,3.8575137E+3,0.0000000E+0
13353964,1/10/2021,4:11:56 PM,3.8916733E+1,-1.3733520E+1,3.8601924E+3,0.0000000E+0
13353965,1/10/2021,4:11:56 PM,3.0590736E+1,-2.8052113E+0,3.8610852E+3,0.0000000E+0
13353966,1/10/2021,4:11:57 PM,2.0130211E+1,7.4557185E+0,3.8566208E+3,0.0000000E+0
13353967,1/10/2021,4:11:57 PM,1.1604475E+1,1.8293633E+1,3.8592996E+3,0.0000000E+0
13353968,1/10/2021,4:11:57 PM,4.2565327E+0,2.9567144E+1,3.8619785E+3,0.0000000E+0
13353969,1/10/2021,4:11:57 PM,-1.7611053E+0,4.1501518E+1,3.8655500E+3,0.0000000E+0
13353970,1/10/2021,4:11:57 PM,-5.7390838E+0,5.0989883E+1,3.8655500E+3,0.0000000E+0
13353971,1/10/2021,4:11:57 PM,-5.2004037E+0,5.4752979E+1,3.8664431E+3,0.0000000E+0
13353972,1/10/2021,4:11:57 PM,-2.4678538E+0,5.8193516E+1,3.8682290E+3,0.0000000E+0
13353973,1/10/2021,4:11:57 PM,-3.0638161E+0,6.2279156E+1,3.8709080E+3,0.0000000E+0
13353974,1/10/2021,4:11:57 PM,-6.0916915E+0,6.5531540E+1,3.8709080E+3,0.0000000E+0
13353975,1/10/2021,4:11:57 PM,-1.1075563E+1,6.8138832E+1,3.8726936E+3,0.0000000E+0
13353976,1/10/2021,4:11:58 PM,-1.4927934E+1,6.9429031E+1,3.8718008E+3,0.0000000E+0
13353977,1/10/2021,4:11:58 PM,-1.5559470E+1,6.4510132E+1,3.8726936E+3,0.0000000E+0
13353978,1/10/2021,4:11:58 PM,-1.9227642E+1,5.8139755E+1,3.8619785E+3,0.0000000E+0
13353979,1/10/2021,4:11:58 PM,-2.9154301E+1,5.3919716E+1,3.8619785E+3,0.0000000E+0
13353980,1/10/2021,4:11:58 PM,-3.9874359E+1,5.2898308E+1,3.8682290E+3,0.0000000E+0
13353981,1/10/2021,4:11:58 PM,-4.9290985E+1,4.7603104E+1,3.8601924E+3,0.0000000E+0
13353982,1/10/2021,4:11:58 PM,-5.4105698E+1,3.7147083E+1,3.8575137E+3,0.0000000E+0
13353983,1/10/2021,4:11:58 PM,-5.6552959E+1,2.7846872E+1,3.8512629E+3,0.0000000E+0
13353984,1/10/2021,4:11:58 PM,-6.0117447E+1,2.0319759E+1,3.8548347E+3,0.0000000E+0
13353985,1/10/2021,4:11:58 PM,-6.2857311E+1,1.5605426E+1,3.8548347E+3,0.0000000E+0
13353986,1/10/2021,4:11:59 PM,-6.2990314E+1,8.8543310E+0,3.8548347E+3,0.0000000E+0
13353987,1/10/2021,4:11:59 PM,-6.0622856E+1,-3.0334401E+0,3.8467981E+3,0.0000000E+0
13353988,1/10/2021,4:11:59 PM,-5.3919498E+1,-1.3496872E+1,3.8485842E+3,0.0000000E+0
13353989,1/10/2021,4:11:59 PM,-4.8040756E+1,-2.0298487E+1,3.8467981E+3,0.0000000E+0
13353990,1/10/2021,4:11:59 PM,-4.6923527E+1,-2.2282875E+1,3.8548347E+3,0.0000000E+0
13353991,1/10/2021,4:11:59 PM,-4.5726498E+1,-2.6207241E+1,3.8530491E+3,0.0000000E+0
13353992,1/10/2021,4:11:59 PM,-4.0033962E+1,-3.4432281E+1,3.8494771E+3,0.0000000E+0
13353993,1/10/2021,4:11:59 PM,-3.7081291E+1,-4.1071453E+1,3.8512629E+3,0.0000000E+0
13353994,1/10/2021,4:11:59 PM,-3.5565056E+1,-4.6151623E+1,3.8441196E+3,0.0000000E+0
13353995,1/10/2021,4:11:59 PM,-3.3676407E+1,-4.7710621E+1,3.8548347E+3,0.0000000E+0
13353996,1/10/2021,4:12:00 PM,-3.2771988E+1,-4.8920185E+1,3.8467981E+3,0.0000000E+0
13353997,1/10/2021,4:12:00 PM,-2.8276480E+1,-5.4511063E+1,3.8476914E+3,0.0000000E+0
13353998,1/10/2021,4:12:00 PM,-2.0402689E+1,-6.1123348E+1,3.8423335E+3,0.0000000E+0
13353999,1/10/2021,4:12:00 PM,-1.3804325E+1,-6.4993958E+1,3.8423335E+3,0.0000000E+0
13354000,1/10/2021,4:12:00 PM,-7.5205421E+0,-6.4805809E+1,3.8485842E+3,0.0000000E+0
13354001,1/10/2021,4:12:00 PM,-3.1912115E-1,-6.6149765E+1,3.8423335E+3,0.0000000E+0
13354002,1/10/2021,4:12:00 PM,1.2799130E+1,-6.8649536E+1,3.8485842E+3,0.0000000E+0
13354003,1/10/2021,4:12:00 PM,2.5244007E+1,-6.9348389E+1,3.8459053E+3,0.0000000E+0
13354004,1/10/2021,4:12:00 PM,3.6522678E+1,-6.7224930E+1,3.8494771E+3,0.0000000E+0
13354005,1/10/2021,4:12:00 PM,4.4795475E+1,-6.2117882E+1,3.8548347E+3,0.0000000E+0
13354006,1/10/2021,4:12:01 PM,4.9743195E+1,-5.6768913E+1,3.8530491E+3,0.0000000E+0
13354007,1/10/2021,4:12:01 PM,5.5941147E+1,-5.0559818E+1,3.8601924E+3,0.0000000E+0
13354008,1/10/2021,4:12:01 PM,6.0250450E+1,-4.5694679E+1,3.8539419E+3,0.0000000E+0
13354009,1/10/2021,4:12:01 PM,6.1766682E+1,-3.8034100E+1,3.8601924E+3,0.0000000E+0
13354010,1/10/2021,4:12:01 PM,5.8814011E+1,-2.7927511E+1,3.8610852E+3,0.0000000E+0
13354011,1/10/2021,4:12:01 PM,5.3334282E+1,-1.8033056E+1,3.8619785E+3,0.0000000E+0
13354012,1/10/2021,4:12:01 PM,4.5832901E+1,-7.4025402E+0,3.8619785E+3,0.0000000E+0
13354013,1/10/2021,4:12:01 PM,3.9581753E+1,-3.4220046E-1,3.8619785E+3,0.0000000E+0
13354014,1/10/2021,4:12:01 PM,3.3117798E+1,5.9932923E+0,3.8601924E+3,0.0000000E+0
13354015,1/10/2021,4:12:01 PM,2.3913975E+1,1.3669704E+1,3.8601924E+3,0.0000000E+0
13354016,1/10/2021,4:12:02 PM,1.4088516E+1,2.2255997E+1,3.8628713E+3,0.0000000E+0
13354017,1/10/2021,4:12:02 PM,5.8496027E+0,3.0158489E+1,3.8610852E+3,0.0000000E+0
13354018,1/10/2021,4:12:02 PM,4.8066142E-1,3.6313831E+1,3.8646572E+3,0.0000000E+0
13354019,1/10/2021,4:12:02 PM,-7.0653095E+0,4.1555279E+1,3.8619785E+3,0.0000000E+0
13354020,1/10/2021,4:12:02 PM,-1.5264752E+1,4.6581692E+1,3.8619785E+3,0.0000000E+0
13354021,1/10/2021,4:12:02 PM,-2.0828300E+1,5.1419952E+1,3.8637642E+3,0.0000000E+0
13354022,1/10/2021,4:12:02 PM,-2.7717865E+1,5.8650463E+1,3.8673359E+3,0.0000000E+0
13354023,1/10/2021,4:12:02 PM,-3.1468557E+1,6.2682343E+1,3.8691218E+3,0.0000000E+0
13354024,1/10/2021,4:12:02 PM,-3.4607430E+1,6.5128357E+1,3.8709080E+3,0.0000000E+0
13354025,1/10/2021,4:12:02 PM,-4.5034882E+1,6.5047714E+1,3.8610852E+3,0.0000000E+0
13354026,1/10/2021,4:12:03 PM,-4.7375740E+1,6.0962074E+1,3.8646572E+3,0.0000000E+0
13354027,1/10/2021,4:12:03 PM,-4.8785572E+1,6.0209457E+1,3.8691218E+3,0.0000000E+0
13354028,1/10/2021,4:12:03 PM,-5.0594414E+1,5.3220860E+1,3.8601924E+3,0.0000000E+0
13354029,1/10/2021,4:12:03 PM,-5.3148075E+1,4.6447296E+1,3.8610852E+3,0.0000000E+0
13354030,1/10/2021,4:12:03 PM,-5.7483982E+1,3.9996281E+1,3.8584065E+3,0.0000000E+0
13354031,1/10/2021,4:12:03 PM,-6.0436653E+1,3.2980808E+1,3.8566208E+3,0.0000000E+0
13354032,1/10/2021,4:12:03 PM,-5.9053417E+1,2.5320227E+1,3.8548347E+3,0.0000000E+0
13354033,1/10/2021,4:12:03 PM,-5.7936188E+1,1.6940222E+1,3.8548347E+3,0.0000000E+0
13354034,1/10/2021,4:12:03 PM,-5.6606163E+1,1.1736642E+1,3.8584065E+3,0.0000000E+0
13354035,1/10/2021,4:12:03 PM,-5.5941147E+1,3.4282358E+0,3.8494771E+3,0.0000000E+0
13354036,1/10/2021,4:12:04 PM,-5.0594414E+1,-6.0384941E+0,3.8512629E+3,0.0000000E+0
13354037,1/10/2021,4:12:04 PM,-4.7189533E+1,-1.1866931E+1,3.8530491E+3,0.0000000E+0
13354038,1/10/2021,4:12:04 PM,-4.1204388E+1,-1.9758718E+1,3.8494771E+3,0.0000000E+0
13354039,1/10/2021,4:12:04 PM,-3.4447826E+1,-2.5723415E+1,3.8557275E+3,0.0000000E+0
13354040,1/10/2021,4:12:04 PM,-3.2931591E+1,-3.1690603E+1,3.8494771E+3,0.0000000E+0
13354041,1/10/2021,4:12:04 PM,-3.2904987E+1,-3.7926582E+1,3.8503701E+3,0.0000000E+0
13354042,1/10/2021,4:12:04 PM,-3.0005520E+1,-4.4055042E+1,3.8476914E+3,0.0000000E+0
13354043,1/10/2021,4:12:04 PM,-2.8702091E+1,-4.6205383E+1,3.8494771E+3,0.0000000E+0
13354044,1/10/2021,4:12:04 PM,-2.6494238E+1,-5.1903778E+1,3.8494771E+3,0.0000000E+0
13354045,1/10/2021,4:12:04 PM,-2.3621368E+1,-5.7387138E+1,3.8476914E+3,0.0000000E+0
13354046,1/10/2021,4:12:05 PM,-2.4100178E+1,-5.9725632E+1,3.8467981E+3,0.0000000E+0
13354047,1/10/2021,4:12:05 PM,-2.4259783E+1,-6.3327450E+1,3.8423335E+3,0.0000000E+0
13354048,1/10/2021,4:12:05 PM,-2.0349489E+1,-6.5020844E+1,3.8450125E+3,0.0000000E+0
13354049,1/10/2021,4:12:05 PM,-1.6651501E+1,-6.5612175E+1,3.8459053E+3,0.0000000E+0
13354050,1/10/2021,4:12:05 PM,-1.3199103E+1,-6.4913322E+1,3.8441196E+3,0.0000000E+0
13354051,1/10/2021,4:12:05 PM,-1.2267588E+1,-6.2010365E+1,3.8459053E+3,0.0000000E+0
13354052,1/10/2021,4:12:05 PM,-4.3793707E+0,-6.2225403E+1,3.8459053E+3,0.0000000E+0
13354053,1/10/2021,4:12:05 PM,8.1389208E+0,-6.0128822E+1,3.8494771E+3,0.0000000E+0
13354054,1/10/2021,4:12:05 PM,1.7875101E+1,-5.7951603E+1,3.8512629E+3,0.0000000E+0
13354055,1/10/2021,4:12:05 PM,3.0510933E+1,-5.5532471E+1,3.8548347E+3,0.0000000E+0
13354056,1/10/2021,4:12:06 PM,3.9209343E+1,-5.5021770E+1,3.8494771E+3,0.0000000E+0
13354057,1/10/2021,4:12:06 PM,4.6737324E+1,-5.2333843E+1,3.8512629E+3,0.0000000E+0
13354058,1/10/2021,4:12:06 PM,5.6020947E+1,-4.6554813E+1,3.8584065E+3,0.0000000E+0
13354059,1/10/2021,4:12:06 PM,6.3309521E+1,-4.1716553E+1,3.8584065E+3,0.0000000E+0
13354060,1/10/2021,4:12:06 PM,6.4533157E+1,-3.4378525E+1,3.8592996E+3,0.0000000E+0
13354061,1/10/2021,4:12:06 PM,6.1341072E+1,-2.5696535E+1,3.8566208E+3,0.0000000E+0
13354062,1/10/2021,4:12:06 PM,5.8015995E+1,-1.6001610E+1,3.8601924E+3,0.0000000E+0
13354063,1/10/2021,4:12:06 PM,5.4212101E+1,-3.4090164E+0,3.8601924E+3,0.0000000E+0
13354064,1/10/2021,4:12:06 PM,4.8093956E+1,7.7987247E+0,3.8646572E+3,0.0000000E+0
13354065,1/10/2021,4:12:06 PM,4.3625046E+1,1.9327967E+1,3.8673359E+3,0.0000000E+0
13354066,1/10/2021,4:12:07 PM,3.7506901E+1,2.7954391E+1,3.8619785E+3,0.0000000E+0
13354067,1/10/2021,4:12:07 PM,3.0936544E+1,3.5776245E+1,3.8601924E+3,0.0000000E+0
13354068,1/10/2021,4:12:07 PM,2.5643017E+1,4.6501053E+1,3.8673359E+3,0.0000000E+0
13354069,1/10/2021,4:12:07 PM,2.2078531E+1,5.7279625E+1,3.8691218E+3,0.0000000E+0
13354070,1/10/2021,4:12:07 PM,1.7385662E+1,6.5101479E+1,3.8682290E+3,0.0000000E+0
13354071,1/10/2021,4:12:07 PM,1.4109569E+1,7.2116951E+1,3.8718008E+3,0.0000000E+0
13354072,1/10/2021,4:12:07 PM,1.0586123E+1,7.7573433E+1,3.8726936E+3,0.0000000E+0
13354073,1/10/2021,4:12:07 PM,2.5304615E+0,8.5260895E+1,3.8726936E+3,0.0000000E+0
13354074,1/10/2021,4:12:07 PM,-7.9336715E+0,9.0233551E+1,3.8726936E+3,0.0000000E+0
13354075,1/10/2021,4:12:07 PM,-1.6154167E+1,9.4292305E+1,3.8780513E+3,0.0000000E+0
13354076,1/10/2021,4:12:08 PM,-2.2716946E+1,9.4157913E+1,3.8753723E+3,0.0000000E+0
13354077,1/10/2021,4:12:08 PM,-2.7159254E+1,8.7169319E+1,3.8691218E+3,0.0000000E+0
13354078,1/10/2021,4:12:08 PM,-3.7905910E+1,8.2599846E+1,3.8691218E+3,0.0000000E+0
13354079,1/10/2021,4:12:08 PM,-5.0381611E+1,7.8030380E+1,3.8700146E+3,0.0000000E+0
13354080,1/10/2021,4:12:08 PM,-5.9213020E+1,6.8461380E+1,3.8655500E+3,0.0000000E+0
13354081,1/10/2021,4:12:08 PM,-6.5517372E+1,5.6446369E+1,3.8610852E+3,0.0000000E+0
13354082,1/10/2021,4:12:08 PM,-6.9986282E+1,4.3194908E+1,3.8619785E+3,0.0000000E+0
13354083,1/10/2021,4:12:08 PM,-7.3204956E+1,2.9486507E+1,3.8548347E+3,0.0000000E+0
13354084,1/10/2021,4:12:08 PM,-7.4561592E+1,1.5632016E+1,3.8584065E+3,0.0000000E+0
13354085,1/10/2021,4:12:08 PM,-7.7673866E+1,-1.8406276E+0,3.8467981E+3,0.0000000E+0
13354086,1/10/2021,4:12:09 PM,-7.7141853E+1,-1.9756060E+1,3.8459053E+3,0.0000000E+0
13354087,1/10/2021,4:12:09 PM,-7.3683777E+1,-3.5346176E+1,3.8423335E+3,0.0000000E+0
13354088,1/10/2021,4:12:09 PM,-7.3976379E+1,-4.6796726E+1,3.8432266E+3,0.0000000E+0
13354089,1/10/2021,4:12:09 PM,-7.5944824E+1,-5.6876434E+1,3.8441196E+3,0.0000000E+0
13354090,1/10/2021,4:12:09 PM,-7.8285683E+1,-6.7977554E+1,3.8360830E+3,0.0000000E+0
13354091,1/10/2021,4:12:09 PM,-7.9775314E+1,-7.6605782E+1,3.8378687E+3,0.0000000E+0
13354092,1/10/2021,4:12:09 PM,-7.8525093E+1,-8.2599846E+1,3.8351899E+3,0.0000000E+0
13354093,1/10/2021,4:12:09 PM,-7.8551689E+1,-8.7061798E+1,3.8369758E+3,0.0000000E+0
13354094,1/10/2021,4:12:09 PM,-7.8977295E+1,-8.7814415E+1,3.8387620E+3,0.0000000E+0
13354095,1/10/2021,4:12:09 PM,-7.9908318E+1,-8.8567032E+1,3.8360830E+3,0.0000000E+0
13354096,1/10/2021,4:12:10 PM,-7.4401985E+1,-9.2437645E+1,3.8351899E+3,0.0000000E+0
13354097,1/10/2021,4:12:10 PM,-6.7113411E+1,-9.2921471E+1,3.8316182E+3,0.0000000E+0
13354098,1/10/2021,4:12:10 PM,-5.8042595E+1,-9.0394821E+1,3.8459053E+3,0.0000000E+0
13354099,1/10/2021,4:12:10 PM,-4.6577721E+1,-8.9158379E+1,3.8396548E+3,0.0000000E+0
13354100,1/10/2021,4:12:10 PM,-3.7719707E+1,-8.9319656E+1,3.8369758E+3,0.0000000E+0
13354101,1/10/2021,4:12:10 PM,-2.3621368E+1,-8.7518745E+1,3.8396548E+3,0.0000000E+0
13354102,1/10/2021,4:12:10 PM,-1.4068782E-1,-8.4615791E+1,3.8405476E+3,0.0000000E+0
13354103,1/10/2021,4:12:10 PM,2.1546516E+1,-7.6256355E+1,3.8530491E+3,0.0000000E+0
13354104,1/10/2021,4:12:10 PM,4.1550201E+1,-6.7816277E+1,3.8548347E+3,0.0000000E+0
13354105,1/10/2021,4:12:10 PM,5.6074150E+1,-6.2117882E+1,3.8512629E+3,0.0000000E+0
13354106,1/10/2021,4:12:11 PM,6.5144966E+1,-5.3919716E+1,3.8530491E+3,0.0000000E+0
13354107,1/10/2021,4:12:11 PM,7.5519218E+1,-4.3356186E+1,3.8548347E+3,0.0000000E+0
13354108,1/10/2021,4:12:11 PM,8.8101318E+1,-3.0749830E+1,3.8655500E+3,0.0000000E+0
13354109,1/10/2021,4:12:11 PM,9.4804680E+1,-1.4914098E+1,3.8673359E+3,0.0000000E+0
13354110,1/10/2021,4:12:11 PM,9.3926857E+1,1.0036635E+0,3.8709080E+3,0.0000000E+0
13354111,1/10/2021,4:12:11 PM,9.0016563E+1,1.4775831E+1,3.8691218E+3,0.0000000E+0
13354112,1/10/2021,4:12:11 PM,8.8021515E+1,2.6422277E+1,3.8691218E+3,0.0000000E+0
13354113,1/10/2021,4:12:11 PM,8.8101318E+1,4.0426350E+1,3.8771584E+3,0.0000000E+0
13354114,1/10/2021,4:12:11 PM,8.6531883E+1,4.9296494E+1,3.8789441E+3,0.0000000E+0
13354115,1/10/2021,4:12:11 PM,8.1903366E+1,5.6715160E+1,3.8780513E+3,0.0000000E+0
13354116,1/10/2021,4:12:12 PM,7.4481789E+1,6.1419025E+1,3.8726936E+3,0.0000000E+0
13354117,1/10/2021,4:12:12 PM,6.2192295E+1,6.2386673E+1,3.8673359E+3,0.0000000E+0
13354118,1/10/2021,4:12:12 PM,4.9636791E+1,6.8165710E+1,3.8709080E+3,0.0000000E+0
13354119,1/10/2021,4:12:12 PM,4.7561943E+1,7.5288704E+1,3.8843018E+3,0.0000000E+0
13354120,1/10/2021,4:12:12 PM,3.6043865E+1,7.8245415E+1,3.8718008E+3,0.0000000E+0
13354121,1/10/2021,4:12:12 PM,2.1918928E+1,7.6256355E+1,3.8709080E+3,0.0000000E+0
13354122,1/10/2021,4:12:12 PM,1.2078127E+1,7.3030846E+1,3.8673359E+3,0.0000000E+0
13354123,1/10/2021,4:12:12 PM,-9.5287621E-2,7.3057724E+1,3.8744795E+3,0.0000000E+0
13354124,1/10/2021,4:12:12 PM,-1.0772952E+1,6.8730171E+1,3.8655500E+3,0.0000000E+0
13354125,1/10/2021,4:12:12 PM,-2.4020378E+1,6.3703754E+1,3.8655500E+3,0.0000000E+0
13354126,1/10/2021,4:12:13 PM,-4.4050659E+1,6.0451366E+1,3.8673359E+3,0.0000000E+0
13354127,1/10/2021,4:12:13 PM,-5.9053417E+1,5.0506058E+1,3.8575137E+3,0.0000000E+0
13354128,1/10/2021,4:12:13 PM,-6.9028656E+1,3.9189903E+1,3.8575137E+3,0.0000000E+0
13354129,1/10/2021,4:12:13 PM,-8.0387131E+1,2.9835936E+1,3.8530491E+3,0.0000000E+0
13354130,1/10/2021,4:12:13 PM,-9.3474648E+1,1.9931553E+1,3.8521558E+3,0.0000000E+0
13354131,1/10/2021,4:12:13 PM,-1.0084303E+2,1.1800457E+1,3.8476914E+3,0.0000000E+0
13354132,1/10/2021,4:12:13 PM,-1.1164288E+2,6.7404590E+0,3.8494771E+3,0.0000000E+0
13354133,1/10/2021,4:12:13 PM,-1.1595219E+2,-3.5755832E+0,3.8423335E+3,0.0000000E+0
13354134,1/10/2021,4:12:13 PM,-1.0940842E+2,-1.4097796E+1,3.8423335E+3,0.0000000E+0
13354135,1/10/2021,4:12:13 PM,-1.0533853E+2,-2.2148479E+1,3.8423335E+3,0.0000000E+0
13354136,1/10/2021,4:12:14 PM,-1.0100263E+2,-2.7389927E+1,3.8432266E+3,0.0000000E+0
13354137,1/10/2021,4:12:14 PM,-9.4645073E+1,-3.3383991E+1,3.8396548E+3,0.0000000E+0
13354138,1/10/2021,4:12:14 PM,-8.4483627E+1,-3.9001751E+1,3.8405476E+3,0.0000000E+0
13354139,1/10/2021,4:12:14 PM,-7.0651299E+1,-4.2119743E+1,3.8459053E+3,0.0000000E+0
13354140,1/10/2021,4:12:14 PM,-5.7962795E+1,-4.4915180E+1,3.8405476E+3,0.0000000E+0
13354141,1/10/2021,4:12:14 PM,-4.6418114E+1,-4.4081924E+1,3.8485842E+3,0.0000000E+0
13354142,1/10/2021,4:12:14 PM,-3.6868484E+1,-4.2119743E+1,3.8530491E+3,0.0000000E+0
13354143,1/10/2021,4:12:14 PM,-2.5297207E+1,-4.3006756E+1,3.8512629E+3,0.0000000E+0
13354144,1/10/2021,4:12:14 PM,-5.5522542E+0,-4.6635448E+1,3.8566208E+3,0.0000000E+0
13354145,1/10/2021,4:12:14 PM,7.4942279E+0,-4.9404011E+1,3.8530491E+3,0.0000000E+0
13354146,1/10/2021,4:12:15 PM,1.9435522E+1,-5.1608105E+1,3.8539419E+3,0.0000000E+0
13354147,1/10/2021,4:12:15 PM,2.3674568E+1,-5.1500591E+1,3.8530491E+3,0.0000000E+0
13354148,1/10/2021,4:12:15 PM,2.5962223E+1,-4.8140686E+1,3.8601924E+3,0.0000000E+0
13354149,1/10/2021,4:12:15 PM,3.1521757E+1,-4.9135220E+1,3.8566208E+3,0.0000000E+0
13354150,1/10/2021,4:12:15 PM,3.3197598E+1,-5.1850021E+1,3.8476914E+3,0.0000000E+0
13354151,1/10/2021,4:12:15 PM,3.1707962E+1,-4.8893307E+1,3.8566208E+3,0.0000000E+0
13354152,1/10/2021,4:12:15 PM,2.6308031E+1,-4.5130215E+1,3.8494771E+3,0.0000000E+0
13354153,1/10/2021,4:12:15 PM,1.8035618E+1,-4.0910175E+1,3.8539419E+3,0.0000000E+0
13354154,1/10/2021,4:12:15 PM,1.7427763E+1,-3.6878292E+1,3.8539419E+3,0.0000000E+0
13354155,1/10/2021,4:12:15 PM,1.5291066E+1,-3.4996746E+1,3.8512629E+3,0.0000000E+0
13354156,1/10/2021,4:12:16 PM,1.4641110E+1,-3.1798120E+1,3.8530491E+3,0.0000000E+0
13354157,1/10/2021,4:12:16 PM,9.5493517E+0,-2.5158953E+1,3.8494771E+3,0.0000000E+0
13354158,1/10/2021,4:12:16 PM,4.7485435E-1,-1.5411323E+1,3.8566208E+3,0.0000000E+0
13354159,1/10/2021,4:12:16 PM,1.5382481E+0,-8.2028866E+0,3.8584065E+3,0.0000000E+0
13354160,1/10/2021,4:12:16 PM,6.4864011E+0,-6.0119047E+0,3.8575137E+3,0.0000000E+0
13354161,1/10/2021,4:12:16 PM,1.2028130E+1,-3.1279347E+0,3.8601924E+3,0.0000000E+0
13354162,1/10/2021,4:12:16 PM,1.3038588E+1,1.5775810E+0,3.8575137E+3,0.0000000E+0
13354163,1/10/2021,4:12:16 PM,1.3099110E+1,7.1552563E+0,3.8628713E+3,0.0000000E+0
13354164,1/10/2021,4:12:16 PM,1.7340927E+1,1.1813751E+1,3.8646572E+3,0.0000000E+0
13354165,1/10/2021,4:12:16 PM,2.3275558E+1,1.4329125E+1,3.8655500E+3,0.0000000E+0
13354166,1/10/2021,4:12:17 PM,2.9207502E+1,1.4225427E+1,3.8637642E+3,0.0000000E+0
13354167,1/10/2021,4:12:17 PM,2.9446909E+1,1.5820802E+1,3.8628713E+3,0.0000000E+0
13354168,1/10/2021,4:12:17 PM,2.1360313E+1,1.9787968E+1,3.8601924E+3,0.0000000E+0
13354169,1/10/2021,4:12:17 PM,1.4570063E+1,2.5911572E+1,3.8673359E+3,0.0000000E+0
13354170,1/10/2021,4:12:17 PM,1.0378242E+1,2.7846872E+1,3.8601924E+3,0.0000000E+0
13354171,1/10/2021,4:12:17 PM,9.2756853E+0,2.8814526E+1,3.8655500E+3,0.0000000E+0
13354172,1/10/2021,4:12:17 PM,6.0864286E+0,2.8868286E+1,3.8601924E+3,0.0000000E+0
13354173,1/10/2021,4:12:17 PM,1.2529470E+0,2.9190836E+1,3.8601924E+3,0.0000000E+0
13354174,1/10/2021,4:12:17 PM,-5.6275630E+0,3.2550739E+1,3.8655500E+3,0.0000000E+0
13354175,1/10/2021,4:12:17 PM,-7.5810637E+0,3.2846409E+1,3.8601924E+3,0.0000000E+0
13354176,1/10/2021,4:12:18 PM,-4.9301600E+0,3.0050970E+1,3.8691218E+3,0.0000000E+0
13354177,1/10/2021,4:12:18 PM,-3.3055294E+0,2.3169889E+1,3.8539419E+3,0.0000000E+0
13354178,1/10/2021,4:12:18 PM,-4.5814590E+0,1.9181726E+1,3.8637642E+3,0.0000000E+0
13354179,1/10/2021,4:12:18 PM,-1.0354559E+1,1.8716408E+1,3.8610852E+3,0.0000000E+0
13354180,1/10/2021,4:12:18 PM,-2.0402689E+1,1.7990511E+1,3.8584065E+3,0.0000000E+0
13354181,1/10/2021,4:12:18 PM,-2.5589815E+1,1.5522999E+1,3.8655500E+3,0.0000000E+0
13354182,1/10/2021,4:12:18 PM,-3.1202551E+1,8.7320185E+0,3.8566208E+3,0.0000000E+0
13354183,1/10/2021,4:12:18 PM,-3.5618256E+1,1.8122162E+0,3.8566208E+3,0.0000000E+0
13354184,1/10/2021,4:12:18 PM,-4.6976730E+1,-1.2018356E+0,3.8503701E+3,0.0000000E+0
13354185,1/10/2021,4:12:18 PM,-5.9638634E+1,-2.7891953E+0,3.8539419E+3,0.0000000E+0
13354186,1/10/2021,4:12:19 PM,-6.6474998E+1,-5.2172289E+0,3.8539419E+3,0.0000000E+0
13354187,1/10/2021,4:12:19 PM,-7.2300537E+1,-1.0593289E+1,3.8512629E+3,0.0000000E+0
13354188,1/10/2021,4:12:19 PM,-7.6530037E+1,-1.7618258E+1,3.8450125E+3,0.0000000E+0
13354189,1/10/2021,4:12:19 PM,-8.2355576E+1,-2.1395861E+1,3.8423335E+3,0.0000000E+0
13354190,1/10/2021,4:12:19 PM,-8.5574257E+1,-2.3895628E+1,3.8405476E+3,0.0000000E+0
13354191,1/10/2021,4:12:19 PM,-8.5255051E+1,-2.1987204E+1,3.8476914E+3,0.0000000E+0
13354192,1/10/2021,4:12:19 PM,-8.2275772E+1,-2.2471031E+1,3.8459053E+3,0.0000000E+0
13354193,1/10/2021,4:12:19 PM,-7.3231560E+1,-2.4352575E+1,3.8476914E+3,0.0000000E+0
13354194,1/10/2021,4:12:19 PM,-6.5464172E+1,-2.6287880E+1,3.8459053E+3,0.0000000E+0
13354195,1/10/2021,4:12:19 PM,-6.0915466E+1,-2.6744825E+1,3.8423335E+3,0.0000000E+0
13354196,1/10/2021,4:12:20 PM,-5.3068275E+1,-2.1906565E+1,3.8512629E+3,0.0000000E+0
13354197,1/10/2021,4:12:20 PM,-4.7216133E+1,-1.7796408E+1,3.8548347E+3,0.0000000E+0
13354198,1/10/2021,4:12:20 PM,-3.7746307E+1,-1.5400685E+1,3.8566208E+3,0.0000000E+0
13354199,1/10/2021,4:12:20 PM,-2.7531662E+1,-1.7974558E+1,3.8503701E+3,0.0000000E+0
13354200,1/10/2021,4:12:20 PM,-1.6604136E+1,-1.9272129E+1,3.8557275E+3,0.0000000E+0
13354201,1/10/2021,4:12:20 PM,-3.8079762E+0,-1.9569933E+1,3.8548347E+3,0.0000000E+0
13354202,1/10/2021,4:12:20 PM,8.3783779E+0,-1.9282766E+1,3.8610852E+3,0.0000000E+0
13354203,1/10/2021,4:12:20 PM,2.0464399E+1,-2.0247967E+1,3.8619785E+3,0.0000000E+0
13354204,1/10/2021,4:12:20 PM,3.0005520E+1,-2.5293346E+1,3.8557275E+3,0.0000000E+0
13354205,1/10/2021,4:12:20 PM,3.8012314E+1,-2.9271471E+1,3.8539419E+3,0.0000000E+0
13354206,1/10/2021,4:12:21 PM,4.8040756E+1,-3.0749830E+1,3.8566208E+3,0.0000000E+0
13354207,1/10/2021,4:12:21 PM,5.7031769E+1,-3.1179899E+1,3.8619785E+3,0.0000000E+0
13354208,1/10/2021,4:12:21 PM,6.3442524E+1,-3.2066914E+1,3.8584065E+3,0.0000000E+0
13354209,1/10/2021,4:12:21 PM,6.7831635E+1,-3.5184902E+1,3.8557275E+3,0.0000000E+0
13354210,1/10/2021,4:12:21 PM,7.1342918E+1,-3.4996746E+1,3.8566208E+3,0.0000000E+0
13354211,1/10/2021,4:12:21 PM,7.2140938E+1,-3.1717482E+1,3.8584065E+3,0.0000000E+0
13354212,1/10/2021,4:12:21 PM,7.1050308E+1,-2.8169424E+1,3.8584065E+3,0.0000000E+0
13354213,1/10/2021,4:12:21 PM,6.9613869E+1,-2.2927977E+1,3.8628713E+3,0.0000000E+0
13354214,1/10/2021,4:12:21 PM,6.4745956E+1,-1.8828083E+1,3.8584065E+3,0.0000000E+0
13354215,1/10/2021,4:12:21 PM,5.9691837E+1,-1.5283691E+1,3.8601924E+3,0.0000000E+0
13354216,1/10/2021,4:12:22 PM,5.4025898E+1,-1.0867162E+1,3.8557275E+3,0.0000000E+0
13354217,1/10/2021,4:12:22 PM,4.7375740E+1,-2.7235296E+0,3.8601924E+3,0.0000000E+0
13354218,1/10/2021,4:12:22 PM,4.1097988E+1,5.9294767E+0,3.8646572E+3,0.0000000E+0
13354219,1/10/2021,4:12:22 PM,3.2399578E+1,1.3515485E+1,3.8619785E+3,0.0000000E+0
13354220,1/10/2021,4:12:22 PM,2.1839125E+1,2.0553747E+1,3.8592996E+3,0.0000000E+0
13354221,1/10/2021,4:12:22 PM,1.5543681E+1,2.7712479E+1,3.8628713E+3,0.0000000E+0
13354222,1/10/2021,4:12:22 PM,8.4046926E+0,3.6071918E+1,3.8637642E+3,0.0000000E+0
13354223,1/10/2021,4:12:22 PM,4.2496696E-2,4.3275551E+1,3.8664431E+3,0.0000000E+0
13354224,1/10/2021,4:12:22 PM,-1.1962345E+1,5.2978951E+1,3.8691218E+3,0.0000000E+0
13354225,1/10/2021,4:12:22 PM,-2.8090275E+1,6.0881439E+1,3.8664431E+3,0.0000000E+0
13354226,1/10/2021,4:12:23 PM,-4.5433891E+1,6.5854095E+1,3.8655500E+3,0.0000000E+0
13354227,1/10/2021,4:12:23 PM,-5.3547085E+1,7.0342926E+1,3.8682290E+3,0.0000000E+0
13354228,1/10/2021,4:12:23 PM,-6.4400146E+1,7.2385742E+1,3.8744795E+3,0.0000000E+0
13354229,1/10/2021,4:12:23 PM,-7.4135979E+1,6.7144295E+1,3.8575137E+3,0.0000000E+0
13354230,1/10/2021,4:12:23 PM,-8.5707260E+1,6.2413551E+1,3.8619785E+3,0.0000000E+0
13354231,1/10/2021,4:12:23 PM,-9.5469688E+1,5.7602177E+1,3.8619785E+3,0.0000000E+0
13354232,1/10/2021,4:12:23 PM,-9.8448967E+1,4.7495586E+1,3.8601924E+3,0.0000000E+0
13354233,1/10/2021,4:12:23 PM,-9.6852928E+1,3.2765770E+1,3.8521558E+3,0.0000000E+0
13354234,1/10/2021,4:12:23 PM,-9.5815506E+1,1.9803921E+1,3.8557275E+3,0.0000000E+0
13354235,1/10/2021,4:12:23 PM,-9.6640121E+1,1.0170515E+1,3.8503701E+3,0.0000000E+0
13354236,1/10/2021,4:12:24 PM,-9.5123886E+1,-3.5083158E+0,3.8459053E+3,0.0000000E+0
13354237,1/10/2021,4:12:24 PM,-9.0388969E+1,-1.5834097E+1,3.8441196E+3,0.0000000E+0
13354238,1/10/2021,4:12:24 PM,-8.6718079E+1,-2.4191299E+1,3.8467981E+3,0.0000000E+0
13354239,1/10/2021,4:12:24 PM,-8.1318153E+1,-3.3383991E+1,3.8414407E+3,0.0000000E+0
13354240,1/10/2021,4:12:24 PM,-7.5891624E+1,-3.7926582E+1,3.8494771E+3,0.0000000E+0
13354241,1/10/2021,4:12:24 PM,-7.7407860E+1,-4.4135685E+1,3.8405476E+3,0.0000000E+0
13354242,1/10/2021,4:12:24 PM,-7.4135979E+1,-5.1473709E+1,3.8405476E+3,0.0000000E+0
13354243,1/10/2021,4:12:24 PM,-6.4400146E+1,-5.7467781E+1,3.8459053E+3,0.0000000E+0
13354244,1/10/2021,4:12:24 PM,-5.3360878E+1,-6.4133827E+1,3.8414407E+3,0.0000000E+0
13354245,1/10/2021,4:12:24 PM,-4.2800430E+1,-6.9590309E+1,3.8432266E+3,0.0000000E+0
13354246,1/10/2021,4:12:25 PM,-3.0377930E+1,-7.2842690E+1,3.8459053E+3,0.0000000E+0
13354247,1/10/2021,4:12:25 PM,-1.6243633E+1,-7.9320587E+1,3.8476914E+3,0.0000000E+0
13354248,1/10/2021,4:12:25 PM,-1.2432263E-1,-8.6443581E+1,3.8396548E+3,0.0000000E+0
13354249,1/10/2021,4:12:25 PM,1.9082914E+1,-9.3620331E+1,3.8459053E+3,0.0000000E+0
13354250,1/10/2021,4:12:25 PM,4.2614223E+1,-9.6308250E+1,3.8485842E+3,0.0000000E+0
13354251,1/10/2021,4:12:25 PM,6.0596256E+1,-9.9533760E+1,3.8512629E+3,0.0000000E+0
13354252,1/10/2021,4:12:25 PM,7.3923172E+1,-9.9829430E+1,3.8459053E+3,0.0000000E+0
13354253,1/10/2021,4:12:25 PM,8.5201851E+1,-9.6872711E+1,3.8521558E+3,0.0000000E+0
13354254,1/10/2021,4:12:25 PM,9.7571144E+1,-9.2706436E+1,3.8476914E+3,0.0000000E+0
13354255,1/10/2021,4:12:25 PM,1.0603014E+2,-8.5798477E+1,3.8539419E+3,0.0000000E+0
13354256,1/10/2021,4:12:26 PM,1.0967443E+2,-7.5100548E+1,3.8539419E+3,0.0000000E+0
13354257,1/10/2021,4:12:26 PM,1.0834440E+2,-6.1445900E+1,3.8601924E+3,0.0000000E+0
13354258,1/10/2021,4:12:26 PM,1.0289127E+2,-4.8355721E+1,3.8575137E+3,0.0000000E+0
13354259,1/10/2021,4:12:26 PM,9.2729828E+1,-3.3679665E+1,3.8566208E+3,0.0000000E+0
13354260,1/10/2021,4:12:26 PM,8.1052147E+1,-1.5328895E+1,3.8619785E+3,0.0000000E+0
13354261,1/10/2021,4:12:26 PM,6.6155792E+1,4.3659754E+0,3.8637642E+3,0.0000000E+0
13354262,1/10/2021,4:12:26 PM,5.2057449E+1,2.3304287E+1,3.8655500E+3,0.0000000E+0
13354263,1/10/2021,4:12:26 PM,4.0486172E+1,3.9163029E+1,3.8682290E+3,0.0000000E+0
13354264,1/10/2021,4:12:26 PM,3.1495157E+1,5.2925190E+1,3.8655500E+3,0.0000000E+0
13354265,1/10/2021,4:12:26 PM,1.9990747E+1,6.8542023E+1,3.8726936E+3,0.0000000E+0
13354266,1/10/2021,4:12:27 PM,3.9799492E+0,8.3782539E+1,3.8709080E+3,0.0000000E+0
13354267,1/10/2021,4:12:27 PM,-9.8335419E+0,9.8485466E+1,3.8771584E+3,0.0000000E+0
13354268,1/10/2021,4:12:27 PM,-2.8409483E+1,1.1316153E+2,3.8798374E+3,0.0000000E+0
13354269,1/10/2021,4:12:27 PM,-3.9129543E+1,1.1783851E+2,3.8726936E+3,0.0000000E+0
13354270,1/10/2021,4:12:27 PM,-4.3997456E+1,1.1974693E+2,3.8816230E+3,0.0000000E+0
13354271,1/10/2021,4:12:27 PM,-5.6739166E+1,1.2195103E+2,3.8744795E+3,0.0000000E+0
13354272,1/10/2021,4:12:27 PM,-7.1502518E+1,1.1990821E+2,3.8735867E+3,0.0000000E+0
13354273,1/10/2021,4:12:27 PM,-8.1424561E+1,1.1353783E+2,3.8726936E+3,0.0000000E+0
13354274,1/10/2021,4:12:27 PM,-8.8367325E+1,1.0058205E+2,3.8619785E+3,0.0000000E+0
13354275,1/10/2021,4:12:27 PM,-9.0841187E+1,8.6147911E+1,3.8646572E+3,0.0000000E+0
13354276,1/10/2021,4:12:28 PM,-9.4379066E+1,7.2896454E+1,3.8584065E+3,0.0000000E+0
13354277,1/10/2021,4:12:28 PM,-9.6693329E+1,5.9833145E+1,3.8601924E+3,0.0000000E+0
13354278,1/10/2021,4:12:28 PM,-9.6640121E+1,4.6393536E+1,3.8557275E+3,0.0000000E+0
13354279,1/10/2021,4:12:28 PM,-9.3315041E+1,2.8357580E+1,3.8485842E+3,0.0000000E+0
13354280,1/10/2021,4:12:28 PM,-8.8500328E+1,1.2478491E+1,3.8459053E+3,0.0000000E+0
13354281,1/10/2021,4:12:28 PM,-8.5893463E+1,2.1284173E-1,3.8441196E+3,0.0000000E+0
13354282,1/10/2021,4:12:28 PM,-8.3605812E+1,-5.4903026E+0,3.8512629E+3,0.0000000E+0
13354283,1/10/2021,4:12:28 PM,-8.1052147E+1,-1.2074329E+1,3.8459053E+3,0.0000000E+0
13354284,1/10/2021,4:12:28 PM,-7.3470963E+1,-2.4540730E+1,3.8459053E+3,0.0000000E+0
13354285,1/10/2021,4:12:28 PM,-6.7299622E+1,-3.2120670E+1,3.8441196E+3,0.0000000E+0
13354286,1/10/2021,4:12:29 PM,-6.0356850E+1,-3.2658253E+1,3.8459053E+3,0.0000000E+0
13354287,1/10/2021,4:12:29 PM,-5.0700821E+1,-3.9619972E+1,3.8512629E+3,0.0000000E+0
13354288,1/10/2021,4:12:29 PM,-3.5378849E+1,-5.0586693E+1,3.8432266E+3,0.0000000E+0
13354289,1/10/2021,4:12:29 PM,-2.0668695E+1,-5.5209919E+1,3.8610852E+3,0.0000000E+0
13354290,1/10/2021,4:12:29 PM,-6.6048141E+0,-6.5719696E+1,3.8414407E+3,0.0000000E+0
13354291,1/10/2021,4:12:29 PM,4.8263421E+0,-7.6578903E+1,3.8530491E+3,0.0000000E+0
13354292,1/10/2021,4:12:29 PM,2.1732723E+1,-8.5583443E+1,3.8467981E+3,0.0000000E+0
13354293,1/10/2021,4:12:29 PM,3.5112843E+1,-9.5501877E+1,3.8459053E+3,0.0000000E+0
13354294,1/10/2021,4:12:29 PM,4.2800430E+1,-9.7490944E+1,3.8575137E+3,0.0000000E+0
13354295,1/10/2021,4:12:29 PM,4.4848679E+1,-1.0364629E+2,3.8423335E+3,0.0000000E+0
13354296,1/10/2021,4:12:30 PM,4.8865376E+1,-1.0751689E+2,3.8423335E+3,0.0000000E+0
13354297,1/10/2021,4:12:30 PM,4.8679173E+1,-1.1009729E+2,3.8423335E+3,0.0000000E+0
13354298,1/10/2021,4:12:30 PM,5.2509663E+1,-1.0880710E+2,3.8351899E+3,0.0000000E+0
13354299,1/10/2021,4:12:30 PM,5.6632759E+1,-1.0114651E+2,3.8557275E+3,0.0000000E+0
13354300,1/10/2021,4:12:30 PM,5.7563786E+1,-9.4346069E+1,3.8441196E+3,0.0000000E+0
13354301,1/10/2021,4:12:30 PM,5.2988476E+1,-8.6094147E+1,3.8494771E+3,0.0000000E+0
13354302,1/10/2021,4:12:30 PM,5.1232834E+1,-7.9159309E+1,3.8387620E+3,0.0000000E+0
13354303,1/10/2021,4:12:30 PM,5.2483059E+1,-6.8058189E+1,3.8530491E+3,0.0000000E+0
13354304,1/10/2021,4:12:30 PM,5.4823917E+1,-5.4215393E+1,3.8584065E+3,0.0000000E+0
13354305,1/10/2021,4:12:30 PM,5.3094872E+1,-4.3087395E+1,3.8566208E+3,0.0000000E+0
13354306,1/10/2021,4:12:31 PM,5.2642666E+1,-3.1448689E+1,3.8619785E+3,0.0000000E+0
13354307,1/10/2021,4:12:31 PM,4.6285110E+1,-2.0912035E+1,3.8575137E+3,0.0000000E+0
13354308,1/10/2021,4:12:31 PM,4.3997456E+1,-1.1603694E+1,3.8637642E+3,0.0000000E+0
13354309,1/10/2021,4:12:31 PM,4.3917656E+1,-2.4352405E+0,3.8628713E+3,0.0000000E+0
13354310,1/10/2021,4:12:31 PM,4.0486172E+1,8.9367590E+0,3.8726936E+3,0.0000000E+0
13354311,1/10/2021,4:12:31 PM,3.0750338E+1,1.4640224E+1,3.8584065E+3,0.0000000E+0
13354312,1/10/2021,4:12:31 PM,1.5109499E+1,2.6153484E+1,3.8601924E+3,0.0000000E+0
13354313,1/10/2021,4:12:31 PM,6.5671915E-1,4.0238194E+1,3.8691218E+3,0.0000000E+0
13354314,1/10/2021,4:12:31 PM,-7.7626309E+0,4.8570755E+1,3.8646572E+3,0.0000000E+0
13354315,1/10/2021,4:12:31 PM,-1.9351316E+1,5.8811737E+1,3.8718008E+3,0.0000000E+0
13354316,1/10/2021,4:12:32 PM,-3.3224197E+1,6.2521072E+1,3.8575137E+3,0.0000000E+0
13354317,1/10/2021,4:12:32 PM,-4.5008282E+1,6.7198059E+1,3.8575137E+3,0.0000000E+0
13354318,1/10/2021,4:12:32 PM,-6.0782463E+1,7.8487328E+1,3.8619785E+3,0.0000000E+0
13354319,1/10/2021,4:12:32 PM,-7.2859146E+1,8.8593918E+1,3.8726936E+3,0.0000000E+0
13354320,1/10/2021,4:12:32 PM,-7.7328056E+1,9.0932411E+1,3.8637642E+3,0.0000000E+0
13354321,1/10/2021,4:12:32 PM,-8.1238350E+1,9.0475456E+1,3.8673359E+3,0.0000000E+0
13354322,1/10/2021,4:12:32 PM,-8.1052147E+1,8.7276833E+1,3.8646572E+3,0.0000000E+0
13354323,1/10/2021,4:12:32 PM,-7.9323105E+1,8.2734245E+1,3.8628713E+3,0.0000000E+0
13354324,1/10/2021,4:12:32 PM,-7.7088654E+1,8.0046326E+1,3.8709080E+3,0.0000000E+0
13354325,1/10/2021,4:12:32 PM,-7.3683777E+1,7.3165245E+1,3.8610852E+3,0.0000000E+0
13354326,1/10/2021,4:12:33 PM,-6.6395195E+1,6.2359798E+1,3.8646572E+3,0.0000000E+0
13354327,1/10/2021,4:12:33 PM,-6.4001137E+1,5.3731567E+1,3.8548347E+3,0.0000000E+0
13354328,1/10/2021,4:12:33 PM,-6.0250450E+1,4.6259140E+1,3.8619785E+3,0.0000000E+0
13354329,1/10/2021,4:12:33 PM,-5.9053417E+1,4.1716553E+1,3.8619785E+3,0.0000000E+0
13354330,1/10/2021,4:12:33 PM,-5.3307682E+1,3.2873287E+1,3.8584065E+3,0.0000000E+0
13354331,1/10/2021,4:12:33 PM,-4.2960030E+1,2.1261463E+1,3.8575137E+3,0.0000000E+0
13354332,1/10/2021,4:12:33 PM,-4.0911785E+1,1.2959764E+1,3.8521558E+3,0.0000000E+0
13354333,1/10/2021,4:12:33 PM,-3.5618256E+1,3.7309389E+0,3.8512629E+3,0.0000000E+0
13354334,1/10/2021,4:12:33 PM,-3.2984795E+1,-1.2013023E+0,3.8584065E+3,0.0000000E+0
13354335,1/10/2021,4:12:33 PM,-3.1920767E+1,-5.1067181E+0,3.8548347E+3,0.0000000E+0
13354336,1/10/2021,4:12:34 PM,-2.5909021E+1,-1.6025541E+1,3.8521558E+3,0.0000000E+0
13354337,1/10/2021,4:12:34 PM,-1.9635509E+1,-2.6395397E+1,3.8530491E+3,0.0000000E+0
13354338,1/10/2021,4:12:34 PM,-1.4791101E+1,-3.4217251E+1,3.8459053E+3,0.0000000E+0
13354339,1/10/2021,4:12:34 PM,-1.4206930E+1,-3.8087856E+1,3.8575137E+3,0.0000000E+0
13354340,1/10/2021,4:12:34 PM,-4.6583319E+0,-5.1151161E+1,3.8459053E+3,0.0000000E+0
13354341,1/10/2021,4:12:34 PM,4.6694264E+0,-5.8569824E+1,3.8530491E+3,0.0000000E+0
13354342,1/10/2021,4:12:34 PM,6.8547974E+0,-6.1392139E+1,3.8512629E+3,0.0000000E+0
13354343,1/10/2021,4:12:34 PM,6.0074868E+0,-6.7224930E+1,3.8459053E+3,0.0000000E+0
13354344,1/10/2021,4:12:34 PM,5.7996058E+0,-6.9079597E+1,3.8503701E+3,0.0000000E+0
13354345,1/10/2021,4:12:34 PM,8.4336376E+0,-7.2735176E+1,3.8494771E+3,0.0000000E+0
13354346,1/10/2021,4:12:35 PM,1.6380466E+1,-7.9105553E+1,3.8503701E+3,0.0000000E+0
13354347,1/10/2021,4:12:35 PM,1.8106665E+1,-8.2035385E+1,3.8450125E+3,0.0000000E+0
13354348,1/10/2021,4:12:35 PM,1.6772545E+1,-8.6228546E+1,3.8459053E+3,0.0000000E+0
13354349,1/10/2021,4:12:35 PM,1.5746299E+1,-8.8029449E+1,3.8387620E+3,0.0000000E+0
13354350,1/10/2021,4:12:35 PM,2.0164419E+1,-8.9373413E+1,3.8485842E+3,0.0000000E+0
13354351,1/10/2021,4:12:35 PM,2.7265656E+1,-9.2733322E+1,3.8405476E+3,0.0000000E+0
13354352,1/10/2021,4:12:35 PM,3.4660633E+1,-9.1738785E+1,3.8512629E+3,0.0000000E+0
13354353,1/10/2021,4:12:35 PM,3.7560104E+1,-8.9937874E+1,3.8396548E+3,0.0000000E+0
13354354,1/10/2021,4:12:35 PM,3.4793636E+1,-8.3352463E+1,3.8459053E+3,0.0000000E+0
13354355,1/10/2021,4:12:35 PM,3.6123669E+1,-7.5423096E+1,3.8459053E+3,0.0000000E+0
13354356,1/10/2021,4:12:36 PM,3.7107891E+1,-6.5155235E+1,3.8485842E+3,0.0000000E+0
13354357,1/10/2021,4:12:36 PM,3.3676407E+1,-5.1500591E+1,3.8575137E+3,0.0000000E+0
13354358,1/10/2021,4:12:36 PM,2.9207502E+1,-3.9216785E+1,3.8494771E+3,0.0000000E+0
13354359,1/10/2021,4:12:36 PM,2.2397738E+1,-2.4863279E+1,3.8619785E+3,0.0000000E+0
13354360,1/10/2021,4:12:36 PM,1.9553934E+1,-1.3446351E+1,3.8539419E+3,0.0000000E+0
13354361,1/10/2021,4:12:36 PM,1.3088585E+1,3.4353405E-1,3.8610852E+3,0.0000000E+0
13354362,1/10/2021,4:12:36 PM,6.4548244E+0,1.6626467E+1,3.8673359E+3,0.0000000E+0
13354363,1/10/2021,4:12:36 PM,9.7715598E-1,2.7604959E+1,3.8637642E+3,0.0000000E+0
13354364,1/10/2021,4:12:36 PM,-9.7282867E+0,3.6609501E+1,3.8548347E+3,0.0000000E+0
13354365,1/10/2021,4:12:36 PM,-1.4675319E+1,5.4000359E+1,3.8753723E+3,0.0000000E+0
13354366,1/10/2021,4:12:37 PM,-1.1593949E+1,5.9161171E+1,3.8673359E+3,0.0000000E+0
13354367,1/10/2021,4:12:37 PM,-1.2891230E+1,6.4080063E+1,3.8673359E+3,0.0000000E+0
13354368,1/10/2021,4:12:37 PM,-2.0429291E+1,6.8273224E+1,3.8628713E+3,0.0000000E+0
13354369,1/10/2021,4:12:37 PM,-2.0455893E+1,7.2654533E+1,3.8655500E+3,0.0000000E+0
13354370,1/10/2021,4:12:37 PM,-2.2184933E+1,7.7600319E+1,3.8718008E+3,0.0000000E+0
13354371,1/10/2021,4:12:37 PM,-2.3302160E+1,7.8917397E+1,3.8726936E+3,0.0000000E+0
13354372,1/10/2021,4:12:37 PM,-2.3967175E+1,7.9374344E+1,3.8709080E+3,0.0000000E+0
13354373,1/10/2021,4:12:37 PM,-3.2452778E+1,7.9428101E+1,3.8673359E+3,0.0000000E+0
13354374,1/10/2021,4:12:37 PM,-3.7826111E+1,7.7788467E+1,3.8691218E+3,0.0000000E+0
13354375,1/10/2021,4:12:37 PM,-3.6682281E+1,7.1767525E+1,3.8619785E+3,0.0000000E+0
13354376,1/10/2021,4:12:38 PM,-3.3942413E+1,6.9133354E+1,3.8762654E+3,0.0000000E+0
13354377,1/10/2021,4:12:38 PM,-3.2160172E+1,6.1150230E+1,3.8646572E+3,0.0000000E+0
13354378,1/10/2021,4:12:38 PM,-3.2612385E+1,4.7791256E+1,3.8566208E+3,0.0000000E+0
13354379,1/10/2021,4:12:38 PM,-3.7028088E+1,3.9458698E+1,3.8584065E+3,0.0000000E+0
13354380,1/10/2021,4:12:38 PM,-3.9528549E+1,3.1932516E+1,3.8584065E+3,0.0000000E+0
13354381,1/10/2021,4:12:38 PM,-3.5086243E+1,2.2444151E+1,3.8548347E+3,0.0000000E+0
13354382,1/10/2021,4:12:38 PM,-3.4607430E+1,1.6240917E+1,3.8628713E+3,0.0000000E+0
13354383,1/10/2021,4:12:38 PM,-3.2053768E+1,4.8504610E+0,3.8494771E+3,0.0000000E+0
13354384,1/10/2021,4:12:38 PM,-3.1122746E+1,-5.1619735E+0,3.8494771E+3,0.0000000E+0
13354385,1/10/2021,4:12:38 PM,-3.0324730E+1,-1.0768781E+1,3.8494771E+3,0.0000000E+0
13354386,1/10/2021,4:12:39 PM,-2.3993776E+1,-1.5339530E+1,3.8575137E+3,0.0000000E+0
13354387,1/10/2021,4:12:39 PM,-1.8719780E+1,-1.9256176E+1,3.8566208E+3,0.0000000E+0
13354388,1/10/2021,4:12:39 PM,-1.5093712E+1,-2.5938448E+1,3.8503701E+3,0.0000000E+0
13354389,1/10/2021,4:12:39 PM,-1.7401449E+1,-3.0319761E+1,3.8539419E+3,0.0000000E+0
13354390,1/10/2021,4:12:39 PM,-1.8632944E+1,-3.5238659E+1,3.8450125E+3,0.0000000E+0
13354391,1/10/2021,4:12:39 PM,-1.6209425E+1,-3.7765305E+1,3.8566208E+3,0.0000000E+0
13354392,1/10/2021,4:12:39 PM,-1.5141076E+1,-3.9485577E+1,3.8548347E+3,0.0000000E+0
13354393,1/10/2021,4:12:39 PM,-1.5301593E+1,-4.3732494E+1,3.8530491E+3,0.0000000E+0
13354394,1/10/2021,4:12:39 PM,-1.5627885E+1,-5.2548878E+1,3.8459053E+3,0.0000000E+0
13354395,1/10/2021,4:12:39 PM,-1.6925165E+1,-5.7494656E+1,3.8441196E+3,0.0000000E+0
13354396,1/10/2021,4:12:40 PM,-1.4399021E+1,-5.5559357E+1,3.8530491E+3,0.0000000E+0
13354397,1/10/2021,4:12:40 PM,-1.3138580E+1,-5.8973015E+1,3.8476914E+3,0.0000000E+0
13354398,1/10/2021,4:12:40 PM,-9.8361740E+0,-6.1526539E+1,3.8476914E+3,0.0000000E+0
13354399,1/10/2021,4:12:40 PM,-1.0799266E+1,-6.3381207E+1,3.8441196E+3,0.0000000E+0
13354400,1/10/2021,4:12:40 PM,-1.2701769E+1,-6.3757515E+1,3.8432266E+3,0.0000000E+0
13354401,1/10/2021,4:12:40 PM,-8.1862860E+0,-6.2494194E+1,3.8494771E+3,0.0000000E+0
13354402,1/10/2021,4:12:40 PM,-7.4284430E+0,-5.7655930E+1,3.8521558E+3,0.0000000E+0
13354403,1/10/2021,4:12:40 PM,-7.4652824E+0,-5.6096935E+1,3.8512629E+3,0.0000000E+0
13354404,1/10/2021,4:12:40 PM,-8.6178360E+0,-5.4242268E+1,3.8494771E+3,0.0000000E+0
13354405,1/10/2021,4:12:40 PM,-1.2309690E+1,-5.1769382E+1,3.8476914E+3,0.0000000E+0
13354406,1/10/2021,4:12:41 PM,-1.2333372E+1,-4.7280552E+1,3.8503701E+3,0.0000000E+0
13354407,1/10/2021,4:12:41 PM,-1.4941090E+1,-4.1125210E+1,3.8548347E+3,0.0000000E+0
13354408,1/10/2021,4:12:41 PM,-1.3530659E+1,-3.8329769E+1,3.8503701E+3,0.0000000E+0
13354409,1/10/2021,4:12:41 PM,-1.7075155E+1,-3.4109734E+1,3.8512629E+3,0.0000000E+0
13354410,1/10/2021,4:12:41 PM,-2.2158333E+1,-3.1368052E+1,3.8423335E+3,0.0000000E+0
13354411,1/10/2021,4:12:41 PM,-2.1067707E+1,-2.3761232E+1,3.8548347E+3,0.0000000E+0
13354412,1/10/2021,4:12:41 PM,-2.1546516E+1,-1.7370974E+1,3.8521558E+3,0.0000000E+0
13354413,1/10/2021,4:12:41 PM,-2.0695297E+1,-1.2082307E+1,3.8530491E+3,0.0000000E+0
13354414,1/10/2021,4:12:41 PM,-1.8196133E+1,-7.2935224E+0,3.8512629E+3,0.0000000E+0
13354415,1/10/2021,4:12:41 PM,-1.8519794E+1,-4.7636008E-1,3.8521558E+3,0.0000000E+0
13354416,1/10/2021,4:12:42 PM,-1.4112200E+1,7.9263549E+0,3.8584065E+3,0.0000000E+0
13354417,1/10/2021,4:12:42 PM,-1.1280812E+1,1.5770282E+1,3.8575137E+3,0.0000000E+0
13354418,1/10/2021,4:12:42 PM,-6.7969069E+0,2.4594488E+1,3.8691218E+3,0.0000000E+0
13354419,1/10/2021,4:12:42 PM,-3.3134544E+0,3.0400402E+1,3.8628713E+3,0.0000000E+0
13354420,1/10/2021,4:12:42 PM,-1.7950190E+0,3.3545269E+1,3.8601924E+3,0.0000000E+0
13354421,1/10/2021,4:12:42 PM,-9.2199349E-1,4.0318836E+1,3.8673359E+3,0.0000000E+0
13354422,1/10/2021,4:12:42 PM,9.2014587E-1,4.5076458E+1,3.8673359E+3,0.0000000E+0
13354423,1/10/2021,4:12:42 PM,3.5940003E+0,4.7710621E+1,3.8691218E+3,0.0000000E+0
13354424,1/10/2021,4:12:42 PM,5.6390905E+0,4.9807198E+1,3.8682290E+3,0.0000000E+0
13354425,1/10/2021,4:12:42 PM,6.0864286E+0,4.8382599E+1,3.8655500E+3,0.0000000E+0
13354426,1/10/2021,4:12:43 PM,8.6520433E+0,4.8167568E+1,3.8655500E+3,0.0000000E+0
13354427,1/10/2021,4:12:43 PM,7.3205552E+0,4.7845016E+1,3.8655500E+3,0.0000000E+0
13354428,1/10/2021,4:12:43 PM,1.0865051E+1,4.4565750E+1,3.8664431E+3,0.0000000E+0
13354429,1/10/2021,4:12:43 PM,1.3609602E+1,4.1501518E+1,3.8637642E+3,0.0000000E+0
13354430,1/10/2021,4:12:43 PM,1.2949120E+1,3.6770775E+1,3.8601924E+3,0.0000000E+0
13354431,1/10/2021,4:12:43 PM,1.4622690E+1,3.2066914E+1,3.8610852E+3,0.0000000E+0
13354432,1/10/2021,4:12:43 PM,1.4654267E+1,2.9271471E+1,3.8601924E+3,0.0000000E+0
13354433,1/10/2021,4:12:43 PM,1.5554206E+1,2.6502913E+1,3.8628713E+3,0.0000000E+0
13354434,1/10/2021,4:12:43 PM,1.9267113E+1,2.4379454E+1,3.8628713E+3,0.0000000E+0
13354435,1/10/2021,4:12:43 PM,2.0695297E+1,2.0885155E+1,3.8601924E+3,0.0000000E+0
13354436,1/10/2021,4:12:44 PM,2.4578991E+1,1.8107506E+1,3.8610852E+3,0.0000000E+0
13354437,1/10/2021,4:12:44 PM,2.5004601E+1,1.6833866E+1,3.8619785E+3,0.0000000E+0
13354438,1/10/2021,4:12:44 PM,2.9287304E+1,1.3669704E+1,3.8655500E+3,0.0000000E+0
13354439,1/10/2021,4:12:44 PM,3.0856743E+1,1.1872249E+1,3.8619785E+3,0.0000000E+0
13354440,1/10/2021,4:12:44 PM,3.2160172E+1,9.5988388E+0,3.8682290E+3,0.0000000E+0
13354441,1/10/2021,4:12:44 PM,3.0989746E+1,4.8424530E+0,3.8601924E+3,0.0000000E+0
13354442,1/10/2021,4:12:44 PM,2.8329679E+1,4.6435773E-1,3.8601924E+3,0.0000000E+0
13354443,1/10/2021,4:12:44 PM,2.7584862E+1,-3.5771852E+0,3.8655500E+3,0.0000000E+0
13354444,1/10/2021,4:12:44 PM,2.3647968E+1,-8.9394178E+0,3.8601924E+3,0.0000000E+0
13354445,1/10/2021,4:12:44 PM,1.7548809E+1,-1.4775831E+1,3.8601924E+3,0.0000000E+0
13354446,1/10/2021,4:12:45 PM,9.2862120E+0,-2.0535727E+1,3.8584065E+3,0.0000000E+0
13354447,1/10/2021,4:12:45 PM,-1.0325905E+0,-2.7793116E+1,3.8494771E+3,0.0000000E+0
13354448,1/10/2021,4:12:45 PM,-9.2020063E+0,-3.4297886E+1,3.8503701E+3,0.0000000E+0
13354449,1/10/2021,4:12:45 PM,-1.9185539E+1,-3.6501984E+1,3.8521558E+3,0.0000000E+0
13354450,1/10/2021,4:12:45 PM,-2.9340504E+1,-3.8786716E+1,3.8485842E+3,0.0000000E+0
13354451,1/10/2021,4:12:45 PM,-4.1097988E+1,-4.2200378E+1,3.8476914E+3,0.0000000E+0
13354452,1/10/2021,4:12:45 PM,-5.4398308E+1,-4.4485111E+1,3.8423335E+3,0.0000000E+0
13354453,1/10/2021,4:12:45 PM,-6.2458302E+1,-4.5829075E+1,3.8459053E+3,0.0000000E+0
13354454,1/10/2021,4:12:45 PM,-7.1954727E+1,-4.5694679E+1,3.8432266E+3,0.0000000E+0
13354455,1/10/2021,4:12:45 PM,-8.0307327E+1,-4.4995819E+1,3.8459053E+3,0.0000000E+0
13354456,1/10/2021,4:12:46 PM,-8.8713135E+1,-4.4081924E+1,3.8441196E+3,0.0000000E+0
13354457,1/10/2021,4:12:46 PM,-9.8847977E+1,-4.2845482E+1,3.8423335E+3,0.0000000E+0
13354458,1/10/2021,4:12:46 PM,-1.0443410E+2,-4.2764843E+1,3.8441196E+3,0.0000000E+0
13354459,1/10/2021,4:12:46 PM,-1.0983405E+2,-4.0318836E+1,3.8441196E+3,0.0000000E+0
13354460,1/10/2021,4:12:46 PM,-1.1297292E+2,-3.8302891E+1,3.8485842E+3,0.0000000E+0
13354461,1/10/2021,4:12:46 PM,-1.1619160E+2,-3.7496513E+1,3.8423335E+3,0.0000000E+0
13354462,1/10/2021,4:12:46 PM,-1.2039449E+2,-3.6206310E+1,3.8405476E+3,0.0000000E+0
13354463,1/10/2021,4:12:46 PM,-1.1861225E+2,-3.5238659E+1,3.8441196E+3,0.0000000E+0
13354464,1/10/2021,4:12:46 PM,-1.1619160E+2,-3.4324768E+1,3.8450125E+3,0.0000000E+0
13354465,1/10/2021,4:12:46 PM,-1.1635120E+2,-3.4217251E+1,3.8369758E+3,0.0000000E+0
13354466,1/10/2021,4:12:47 PM,-1.1390394E+2,-3.2550739E+1,3.8405476E+3,0.0000000E+0
13354467,1/10/2021,4:12:47 PM,-1.0879662E+2,-3.0454159E+1,3.8405476E+3,0.0000000E+0
13354468,1/10/2021,4:12:47 PM,-9.4937683E+1,-2.7766235E+1,3.8423335E+3,0.0000000E+0
13354469,1/10/2021,4:12:47 PM,-7.8019676E+1,-2.4298817E+1,3.8476914E+3,0.0000000E+0
13354470,1/10/2021,4:12:47 PM,-5.7138176E+1,-2.4621367E+1,3.8423335E+3,0.0000000E+0
13354471,1/10/2021,4:12:47 PM,-3.4155220E+1,-2.1234585E+1,3.8503701E+3,0.0000000E+0
13354472,1/10/2021,4:12:47 PM,-4.9198575E+0,-1.7647507E+1,3.8566208E+3,0.0000000E+0
13354473,1/10/2021,4:12:47 PM,2.4100178E+1,-1.5844732E+1,3.8566208E+3,0.0000000E+0
13354474,1/10/2021,4:12:47 PM,5.0913624E+1,-1.2366815E+1,3.8601924E+3,0.0000000E+0
13354475,1/10/2021,4:12:47 PM,7.4109383E+1,-7.1738691E+0,3.8673359E+3,0.0000000E+0
13354476,1/10/2021,4:12:48 PM,9.6001701E+1,-1.7962000E+0,3.8691218E+3,0.0000000E+0
13354477,1/10/2021,4:12:48 PM,1.1150988E+2,3.5683761E+0,3.8726936E+3,0.0000000E+0
13354478,1/10/2021,4:12:48 PM,1.2230974E+2,8.3464699E+0,3.8744795E+3,0.0000000E+0
13354479,1/10/2021,4:12:48 PM,1.3287019E+2,1.1707394E+1,3.8726936E+3,0.0000000E+0
13354480,1/10/2021,4:12:48 PM,1.3696669E+2,1.7767159E+1,3.8753723E+3,0.0000000E+0
13354481,1/10/2021,4:12:48 PM,1.3561006E+2,2.4728884E+1,3.8744795E+3,0.0000000E+0
13354482,1/10/2021,4:12:48 PM,1.3185936E+2,3.0319761E+1,3.8762654E+3,0.0000000E+0
13354483,1/10/2021,4:12:48 PM,1.2715105E+2,3.6421345E+1,3.8762654E+3,0.0000000E+0
13354484,1/10/2021,4:12:48 PM,1.1837284E+2,4.2469170E+1,3.8753723E+3,0.0000000E+0
13354485,1/10/2021,4:12:48 PM,1.0156124E+2,4.4942062E+1,3.8682290E+3,0.0000000E+0
13354486,1/10/2021,4:12:49 PM,8.3845215E+1,4.8570755E+1,3.8682290E+3,0.0000000E+0
13354487,1/10/2021,4:12:49 PM,7.0544899E+1,5.5048645E+1,3.8726936E+3,0.0000000E+0
13354488,1/10/2021,4:12:49 PM,5.9984444E+1,5.9860027E+1,3.8691218E+3,0.0000000E+0
13354489,1/10/2021,4:12:49 PM,5.9745033E+1,6.0558887E+1,3.8735867E+3,0.0000000E+0
13354490,1/10/2021,4:12:49 PM,4.0831982E+1,6.0101940E+1,3.8619785E+3,0.0000000E+0
13354491,1/10/2021,4:12:49 PM,2.4552389E+1,6.1768452E+1,3.8691218E+3,0.0000000E+0
13354492,1/10/2021,4:12:49 PM,2.8595686E+1,6.2547947E+1,3.8744795E+3,0.0000000E+0
13354493,1/10/2021,4:12:49 PM,1.7888258E+1,5.7978481E+1,3.8655500E+3,0.0000000E+0
13354494,1/10/2021,4:12:49 PM,9.5309315E+0,5.4645458E+1,3.8798374E+3,0.0000000E+0
13354495,1/10/2021,4:12:49 PM,-1.5916464E-1,4.8490116E+1,3.8646572E+3,0.0000000E+0
13354496,1/10/2021,4:12:50 PM,-2.4046978E+1,3.9378059E+1,3.8575137E+3,0.0000000E+0
13354497,1/10/2021,4:12:50 PM,-4.2295017E+1,3.5211781E+1,3.8619785E+3,0.0000000E+0
13354498,1/10/2021,4:12:50 PM,-5.5010124E+1,2.9325232E+1,3.8691218E+3,0.0000000E+0
13354499,1/10/2021,4:12:50 PM,-6.3602131E+1,1.3592594E+1,3.8566208E+3,0.0000000E+0
13354500,1/10/2021,4:12:50 PM,-7.6184235E+1,1.9683860E-1,3.8539419E+3,0.0000000E+0
13354501,1/10/2021,4:12:50 PM,-9.4246063E+1,-1.4177565E+1,3.8387620E+3,0.0000000E+0
13354502,1/10/2021,4:12:50 PM,-1.0597695E+2,-2.5911572E+1,3.8405476E+3,0.0000000E+0
13354503,1/10/2021,4:12:50 PM,-1.1036604E+2,-3.3599030E+1,3.8441196E+3,0.0000000E+0
13354504,1/10/2021,4:12:50 PM,-1.1315912E+2,-4.4861420E+1,3.8405476E+3,0.0000000E+0
13354505,1/10/2021,4:12:50 PM,-1.1214830E+2,-5.7844086E+1,3.8334043E+3,0.0000000E+0
13354506,1/10/2021,4:12:51 PM,-1.1714922E+2,-6.8380737E+1,3.8253677E+3,0.0000000E+0
13354507,1/10/2021,4:12:51 PM,-1.1696301E+2,-7.4777992E+1,3.8334043E+3,0.0000000E+0
13354508,1/10/2021,4:12:51 PM,-1.1358472E+2,-7.7949745E+1,3.8298325E+3,0.0000000E+0
13354509,1/10/2021,4:12:51 PM,-1.0360949E+2,-7.9213074E+1,3.8414407E+3,0.0000000E+0
13354510,1/10/2021,4:12:51 PM,-9.5762299E+1,-7.9132431E+1,3.8360830E+3,0.0000000E+0
13354511,1/10/2021,4:12:51 PM,-8.8473724E+1,-7.8809883E+1,3.8360830E+3,0.0000000E+0
13354512,1/10/2021,4:12:51 PM,-8.0653137E+1,-7.5288704E+1,3.8369758E+3,0.0000000E+0
13354513,1/10/2021,4:12:51 PM,-7.1529121E+1,-6.6848625E+1,3.8459053E+3,0.0000000E+0
13354514,1/10/2021,4:12:51 PM,-6.2511501E+1,-5.8731098E+1,3.8539419E+3,0.0000000E+0
13354515,1/10/2021,4:12:51 PM,-5.4611111E+1,-5.3274620E+1,3.8557275E+3,0.0000000E+0
13354516,1/10/2021,4:12:52 PM,-5.4504707E+1,-5.2710155E+1,3.8441196E+3,0.0000000E+0
13354517,1/10/2021,4:12:52 PM,-5.2057449E+1,-5.1957539E+1,3.8450125E+3,0.0000000E+0
13354518,1/10/2021,4:12:52 PM,-4.9290985E+1,-4.7468708E+1,3.8494771E+3,0.0000000E+0
13354519,1/10/2021,4:12:52 PM,-4.2295017E+1,-4.2522926E+1,3.8530491E+3,0.0000000E+0
13354520,1/10/2021,4:12:52 PM,-3.8517723E+1,-4.0211315E+1,3.8494771E+3,0.0000000E+0
13354521,1/10/2021,4:12:52 PM,-3.4341423E+1,-4.0103798E+1,3.8423335E+3,0.0000000E+0
13354522,1/10/2021,4:12:52 PM,-2.8781893E+1,-3.7254601E+1,3.8441196E+3,0.0000000E+0
13354523,1/10/2021,4:12:52 PM,-2.2504141E+1,-3.0561674E+1,3.8423335E+3,0.0000000E+0
13354524,1/10/2021,4:12:52 PM,-9.0888557E+0,-2.2901098E+1,3.8566208E+3,0.0000000E+0
13354525,1/10/2021,4:12:52 PM,6.7363844E+0,-1.4523231E+1,3.8566208E+3,0.0000000E+0
13354526,1/10/2021,4:12:53 PM,1.6904116E+1,-1.0821960E+1,3.8512629E+3,0.0000000E+0
13354527,1/10/2021,4:12:53 PM,3.0351330E+1,-3.2112184E+0,3.8557275E+3,0.0000000E+0
13354528,1/10/2021,4:12:53 PM,4.3119637E+1,7.1738691E+0,3.8628713E+3,0.0000000E+0
13354529,1/10/2021,4:12:53 PM,5.6792362E+1,1.8421263E+1,3.8709080E+3,0.0000000E+0
13354530,1/10/2021,4:12:53 PM,7.1156708E+1,2.6341637E+1,3.8726936E+3,0.0000000E+0
13354531,1/10/2021,4:12:53 PM,8.2062973E+1,3.1636845E+1,3.8726936E+3,0.0000000E+0
13354532,1/10/2021,4:12:53 PM,8.7436302E+1,3.8947990E+1,3.8753723E+3,0.0000000E+0
13354533,1/10/2021,4:12:53 PM,9.1559395E+1,4.5264610E+1,3.8762654E+3,0.0000000E+0
13354534,1/10/2021,4:12:53 PM,9.4059860E+1,5.2172573E+1,3.8816230E+3,0.0000000E+0
13354535,1/10/2021,4:12:53 PM,9.2064812E+1,5.7172104E+1,3.8807302E+3,0.0000000E+0
13354536,1/10/2021,4:12:54 PM,8.9484550E+1,5.6849552E+1,3.8744795E+3,0.0000000E+0
13354537,1/10/2021,4:12:54 PM,8.3366409E+1,5.8650463E+1,3.8771584E+3,0.0000000E+0
13354538,1/10/2021,4:12:54 PM,7.3497566E+1,5.7790325E+1,3.8691218E+3,0.0000000E+0
13354539,1/10/2021,4:12:54 PM,6.6368599E+1,5.5156166E+1,3.8726936E+3,0.0000000E+0
13354540,1/10/2021,4:12:54 PM,5.6153950E+1,5.5720627E+1,3.8700146E+3,0.0000000E+0
13354541,1/10/2021,4:12:54 PM,4.7827950E+1,5.2011292E+1,3.8655500E+3,0.0000000E+0
13354542,1/10/2021,4:12:54 PM,4.2082211E+1,4.7441826E+1,3.8655500E+3,0.0000000E+0
13354543,1/10/2021,4:12:54 PM,3.3037994E+1,4.4485111E+1,3.8610852E+3,0.0000000E+0
13354544,1/10/2021,4:12:54 PM,2.6467636E+1,4.1689674E+1,3.8682290E+3,0.0000000E+0
13354545,1/10/2021,4:12:54 PM,1.8735569E+1,3.8840477E+1,3.8655500E+3,0.0000000E+0
13354546,1/10/2021,4:12:55 PM,1.0751901E+1,3.1986273E+1,3.8610852E+3,0.0000000E+0
13354547,1/10/2021,4:12:55 PM,1.0778215E+1,2.4702005E+1,3.8682290E+3,0.0000000E+0
13354548,1/10/2021,4:12:55 PM,6.2390499E+0,1.6291437E+1,3.8584065E+3,0.0000000E+0
13354549,1/10/2021,4:12:55 PM,-4.8215876E+0,1.1375023E+1,3.8637642E+3,0.0000000E+0
13354550,1/10/2021,4:12:55 PM,-1.3835902E+1,5.0858970E+0,3.8628713E+3,0.0000000E+0
13354551,1/10/2021,4:12:55 PM,-2.5084402E+1,-3.2344418E+0,3.8548347E+3,0.0000000E+0
13354552,1/10/2021,4:12:55 PM,-3.9342346E+1,-1.0197104E+1,3.8584065E+3,0.0000000E+0
13354553,1/10/2021,4:12:55 PM,-5.3387486E+1,-1.9035482E+1,3.8503701E+3,0.0000000E+0
13354554,1/10/2021,4:12:55 PM,-7.1263115E+1,-2.7148014E+1,3.8441196E+3,0.0000000E+0
13354555,1/10/2021,4:12:55 PM,-8.8792931E+1,-3.2335705E+1,3.8450125E+3,0.0000000E+0
13354556,1/10/2021,4:12:56 PM,-1.0039081E+2,-3.9619972E+1,3.8423335E+3,0.0000000E+0
13354557,1/10/2021,4:12:56 PM,-1.0661536E+2,-4.8812664E+1,3.8351899E+3,0.0000000E+0
13354558,1/10/2021,4:12:56 PM,-1.1339852E+2,-5.4618580E+1,3.8351899E+3,0.0000000E+0
13354559,1/10/2021,4:12:56 PM,-1.1760143E+2,-5.9940666E+1,3.8316182E+3,0.0000000E+0
13354560,1/10/2021,4:12:56 PM,-1.1595219E+2,-6.2252277E+1,3.8369758E+3,0.0000000E+0
13354561,1/10/2021,4:12:56 PM,-1.1185569E+2,-6.5504662E+1,3.8342971E+3,0.0000000E+0
13354562,1/10/2021,4:12:56 PM,-1.0456711E+2,-6.8595772E+1,3.8369758E+3,0.0000000E+0
13354563,1/10/2021,4:12:56 PM,-9.3660851E+1,-6.9724701E+1,3.8360830E+3,0.0000000E+0
13354564,1/10/2021,4:12:56 PM,-8.4696434E+1,-6.6660469E+1,3.8396548E+3,0.0000000E+0
13354565,1/10/2021,4:12:56 PM,-7.9429512E+1,-5.9564354E+1,3.8459053E+3,0.0000000E+0
13354566,1/10/2021,4:12:57 PM,-7.2486740E+1,-5.3435890E+1,3.8459053E+3,0.0000000E+0
13354567,1/10/2021,4:12:57 PM,-6.6102592E+1,-4.7952530E+1,3.8512629E+3,0.0000000E+0
13354568,1/10/2021,4:12:57 PM,-6.3149918E+1,-4.3678734E+1,3.8476914E+3,0.0000000E+0
13354569,1/10/2021,4:12:57 PM,-6.2724308E+1,-4.0291954E+1,3.8441196E+3,0.0000000E+0
13354570,1/10/2021,4:12:57 PM,-5.9878036E+1,-3.3410873E+1,3.8512629E+3,0.0000000E+0
13354571,1/10/2021,4:12:57 PM,-5.4504707E+1,-2.7228651E+1,3.8566208E+3,0.0000000E+0
13354572,1/10/2021,4:12:57 PM,-4.8918575E+1,-2.4594488E+1,3.8503701E+3,0.0000000E+0
13354573,1/10/2021,4:12:57 PM,-4.1975807E+1,-2.4325697E+1,3.8485842E+3,0.0000000E+0
13354574,1/10/2021,4:12:57 PM,-3.4394627E+1,-2.3976265E+1,3.8423335E+3,0.0000000E+0
13354575,1/10/2021,4:12:57 PM,-2.1413515E+1,-1.9500801E+1,3.8494771E+3,0.0000000E+0
13354576,1/10/2021,4:12:58 PM,-3.7635961E+0,-1.5347507E+1,3.8512629E+3,0.0000000E+0
13354577,1/10/2021,4:12:58 PM,1.3967472E+1,-9.7769890E+0,3.8566208E+3,0.0000000E+0
13354578,1/10/2021,4:12:58 PM,3.3756210E+1,-5.9906330E+0,3.8557275E+3,0.0000000E+0
13354579,1/10/2021,4:12:58 PM,5.3972694E+1,-2.6362419E+0,3.8566208E+3,0.0000000E+0
13354580,1/10/2021,4:12:58 PM,7.2885750E+1,6.5064707E+0,3.8682290E+3,0.0000000E+0
13354581,1/10/2021,4:12:58 PM,8.7489502E+1,1.4313173E+1,3.8673359E+3,0.0000000E+0
13354582,1/10/2021,4:12:58 PM,9.7198738E+1,2.4594488E+1,3.8762654E+3,0.0000000E+0
13354583,1/10/2021,4:12:58 PM,1.0456711E+2,3.2550739E+1,3.8753723E+3,0.0000000E+0
13354584,1/10/2021,4:12:58 PM,1.0791879E+2,3.8114738E+1,3.8753723E+3,0.0000000E+0
13354585,1/10/2021,4:12:58 PM,1.0685477E+2,4.7576221E+1,3.8798374E+3,0.0000000E+0
13354586,1/10/2021,4:12:59 PM,1.0411490E+2,5.4726093E+1,3.8816230E+3,0.0000000E+0
13354587,1/10/2021,4:12:59 PM,1.0126864E+2,5.9429958E+1,3.8834089E+3,0.0000000E+0
13354588,1/10/2021,4:12:59 PM,9.1532799E+1,5.9779392E+1,3.8753723E+3,0.0000000E+0
13354589,1/10/2021,4:12:59 PM,7.9509308E+1,5.9510601E+1,3.8780513E+3,0.0000000E+0
13354590,1/10/2021,4:12:59 PM,6.6315392E+1,5.9268684E+1,3.8700146E+3,0.0000000E+0
13354591,1/10/2021,4:12:59 PM,5.2110653E+1,5.7333382E+1,3.8673359E+3,0.0000000E+0
13354592,1/10/2021,4:12:59 PM,3.8491127E+1,5.7225864E+1,3.8709080E+3,0.0000000E+0
13354593,1/10/2021,4:12:59 PM,2.3807571E+1,5.3946602E+1,3.8646572E+3,0.0000000E+0
13354594,1/10/2021,4:12:59 PM,7.4784393E+0,5.2065052E+1,3.8646572E+3,0.0000000E+0
13354595,1/10/2021,4:12:59 PM,-7.5600128E+0,4.7441826E+1,3.8584065E+3,0.0000000E+0
13354596,1/10/2021,4:13:00 PM,-1.9482887E+1,4.2711082E+1,3.8601924E+3,0.0000000E+0
13354597,1/10/2021,4:13:00 PM,-3.0377930E+1,4.1582157E+1,3.8619785E+3,0.0000000E+0
13354598,1/10/2021,4:13:00 PM,-4.0246769E+1,3.8356651E+1,3.8619785E+3,0.0000000E+0
13354599,1/10/2021,4:13:00 PM,-5.1552036E+1,3.5238659E+1,3.8655500E+3,0.0000000E+0
13354600,1/10/2021,4:13:00 PM,-5.9479027E+1,2.6529793E+1,3.8610852E+3,0.0000000E+0
13354601,1/10/2021,4:13:00 PM,-6.3974537E+1,1.2770977E+1,3.8566208E+3,0.0000000E+0
13354602,1/10/2021,4:13:00 PM,-6.4107536E+1,-1.3869386E+0,3.8539419E+3,0.0000000E+0
13354603,1/10/2021,4:13:00 PM,-6.9002060E+1,-1.4164271E+1,3.8512629E+3,0.0000000E+0
13354604,1/10/2021,4:13:00 PM,-7.0518295E+1,-2.6610430E+1,3.8539419E+3,0.0000000E+0
13354605,1/10/2021,4:13:00 PM,-7.4322189E+1,-4.1582157E+1,3.8432266E+3,0.0000000E+0
13354606,1/10/2021,4:13:01 PM,-7.2140938E+1,-5.8220398E+1,3.8369758E+3,0.0000000E+0
13354607,1/10/2021,4:13:01 PM,-6.8390244E+1,-7.2735176E+1,3.8334043E+3,0.0000000E+0
13354608,1/10/2021,4:13:01 PM,-6.6129189E+1,-8.2895523E+1,3.8351899E+3,0.0000000E+0
13354609,1/10/2021,4:13:01 PM,-7.0066086E+1,-8.6201660E+1,3.8369758E+3,0.0000000E+0
13354610,1/10/2021,4:13:01 PM,-7.2912354E+1,-8.9400291E+1,3.8360830E+3,0.0000000E+0
13354611,1/10/2021,4:13:01 PM,-7.4641396E+1,-9.4749260E+1,3.8289392E+3,0.0000000E+0
13354612,1/10/2021,4:13:01 PM,-7.0651299E+1,-9.6335136E+1,3.8316182E+3,0.0000000E+0
13354613,1/10/2021,4:13:01 PM,-6.7592224E+1,-9.1900063E+1,3.8369758E+3,0.0000000E+0
13354614,1/10/2021,4:13:01 PM,-6.2963711E+1,-8.2465454E+1,3.8459053E+3,0.0000000E+0
13354615,1/10/2021,4:13:01 PM,-6.1580482E+1,-7.6578903E+1,3.8432266E+3,0.0000000E+0
13354616,1/10/2021,4:13:02 PM,-5.2403259E+1,-7.5234940E+1,3.8423335E+3,0.0000000E+0
13354617,1/10/2021,4:13:02 PM,-4.1337391E+1,-7.2762054E+1,3.8459053E+3,0.0000000E+0
13354618,1/10/2021,4:13:02 PM,-3.1867567E+1,-6.9240875E+1,3.8441196E+3,0.0000000E+0
13354619,1/10/2021,4:13:02 PM,-2.4605591E+1,-6.1284626E+1,3.8512629E+3,0.0000000E+0
13354620,1/10/2021,4:13:02 PM,-2.0881502E+1,-5.3650925E+1,3.8512629E+3,0.0000000E+0
13354621,1/10/2021,4:13:02 PM,-1.6998846E+1,-4.9162098E+1,3.8494771E+3,0.0000000E+0
13354622,1/10/2021,4:13:02 PM,-1.5151603E+1,-4.3813129E+1,3.8459053E+3,0.0000000E+0
13354623,1/10/2021,4:13:02 PM,-1.8146135E+1,-3.5373055E+1,3.8476914E+3,0.0000000E+0
13354624,1/10/2021,4:13:02 PM,-2.0562294E+1,-2.1261463E+1,3.8530491E+3,0.0000000E+0
13354625,1/10/2021,4:13:02 PM,-2.5137606E+1,-7.3599963E+0,3.8512629E+3,0.0000000E+0
13354626,1/10/2021,4:13:03 PM,-2.7691263E+1,6.1102858E+0,3.8548347E+3,0.0000000E+0
13354627,1/10/2021,4:13:03 PM,-2.7185852E+1,1.8397333E+1,3.8521558E+3,0.0000000E+0
13354628,1/10/2021,4:13:03 PM,-2.2956350E+1,3.0696070E+1,3.8584065E+3,0.0000000E+0
13354629,1/10/2021,4:13:03 PM,-1.4264820E+1,4.3974407E+1,3.8655500E+3,0.0000000E+0
13354630,1/10/2021,4:13:03 PM,-4.4364309E+0,5.4027237E+1,3.8637642E+3,0.0000000E+0
13354631,1/10/2021,4:13:03 PM,8.5204735E+0,6.2494194E+1,3.8744795E+3,0.0000000E+0
13354632,1/10/2021,4:13:03 PM,2.4738594E+1,6.6660469E+1,3.8718008E+3,0.0000000E+0
13354633,1/10/2021,4:13:03 PM,4.1975807E+1,6.7117416E+1,3.8744795E+3,0.0000000E+0
13354634,1/10/2021,4:13:03 PM,6.0064243E+1,6.7681885E+1,3.8771584E+3,0.0000000E+0
13354635,1/10/2021,4:13:03 PM,7.4721199E+1,6.8461380E+1,3.8780513E+3,0.0000000E+0
13354636,1/10/2021,4:13:04 PM,8.6186066E+1,6.9187119E+1,3.8816230E+3,0.0000000E+0
13354637,1/10/2021,4:13:04 PM,9.4751480E+1,6.8219467E+1,3.8807302E+3,0.0000000E+0
13354638,1/10/2021,4:13:04 PM,1.0078982E+2,6.2306038E+1,3.8798374E+3,0.0000000E+0
13354639,1/10/2021,4:13:04 PM,1.0496612E+2,5.2871429E+1,3.8709080E+3,0.0000000E+0
13354640,1/10/2021,4:13:04 PM,9.9858803E+1,5.0210388E+1,3.8744795E+3,0.0000000E+0
13354641,1/10/2021,4:13:04 PM,8.8287521E+1,5.0291023E+1,3.8753723E+3,0.0000000E+0
13354642,1/10/2021,4:13:04 PM,7.5333008E+1,4.7764378E+1,3.8726936E+3,0.0000000E+0
13354643,1/10/2021,4:13:04 PM,6.1873089E+1,4.3786255E+1,3.8637642E+3,0.0000000E+0
13354644,1/10/2021,4:13:04 PM,5.1206230E+1,3.9969402E+1,3.8682290E+3,0.0000000E+0
13354645,1/10/2021,4:13:04 PM,3.7373898E+1,3.7469635E+1,3.8619785E+3,0.0000000E+0
13354646,1/10/2021,4:13:05 PM,2.3195759E+1,3.3007683E+1,3.8628713E+3,0.0000000E+0
13354647,1/10/2021,4:13:05 PM,1.2809656E+1,2.9540264E+1,3.8673359E+3,0.0000000E+0
13354648,1/10/2021,4:13:05 PM,1.9749171E+0,2.3223648E+1,3.8601924E+3,0.0000000E+0
13354649,1/10/2021,4:13:05 PM,-6.1127429E+0,1.3092711E+1,3.8584065E+3,0.0000000E+0
13354650,1/10/2021,4:13:05 PM,-1.7040947E+1,4.5093193E+0,3.8539419E+3,0.0000000E+0
13354651,1/10/2021,4:13:05 PM,-2.5536612E+1,-3.5867949E+0,3.8601924E+3,0.0000000E+0
13354652,1/10/2021,4:13:05 PM,-3.4687233E+1,-1.0298145E+1,3.8566208E+3,0.0000000E+0
13354653,1/10/2021,4:13:05 PM,-4.6098907E+1,-2.0535727E+1,3.8530491E+3,0.0000000E+0
13354654,1/10/2021,4:13:05 PM,-5.9186420E+1,-3.0830467E+1,3.8467981E+3,0.0000000E+0
13354655,1/10/2021,4:13:05 PM,-7.0571495E+1,-3.8034100E+1,3.8459053E+3,0.0000000E+0
13354656,1/10/2021,4:13:06 PM,-8.3233406E+1,-4.2684204E+1,3.8432266E+3,0.0000000E+0
13354657,1/10/2021,4:13:06 PM,-9.5735695E+1,-4.5399006E+1,3.8459053E+3,0.0000000E+0
13354658,1/10/2021,4:13:06 PM,-1.0765279E+2,-4.9592163E+1,3.8378687E+3,0.0000000E+0
13354659,1/10/2021,4:13:06 PM,-1.1768123E+2,-5.4161633E+1,3.8369758E+3,0.0000000E+0
13354660,1/10/2021,4:13:06 PM,-1.2379937E+2,-5.8784859E+1,3.8334043E+3,0.0000000E+0
13354661,1/10/2021,4:13:06 PM,-1.2622003E+2,-6.3300564E+1,3.8298325E+3,0.0000000E+0
13354662,1/10/2021,4:13:06 PM,-1.2675204E+2,-6.3246811E+1,3.8351899E+3,0.0000000E+0
13354663,1/10/2021,4:13:06 PM,-1.2209694E+2,-6.3515606E+1,3.8342971E+3,0.0000000E+0
13354664,1/10/2021,4:13:06 PM,-1.1116406E+2,-6.3703754E+1,3.8360830E+3,0.0000000E+0
13354665,1/10/2021,4:13:06 PM,-9.5017487E+1,-6.3300564E+1,3.8369758E+3,0.0000000E+0
13354666,1/10/2021,4:13:07 PM,-7.8152679E+1,-6.2332916E+1,3.8405476E+3,0.0000000E+0
13354667,1/10/2021,4:13:07 PM,-6.3522324E+1,-5.6177578E+1,3.8494771E+3,0.0000000E+0
13354668,1/10/2021,4:13:07 PM,-4.7668346E+1,-5.2091930E+1,3.8530491E+3,0.0000000E+0
13354669,1/10/2021,4:13:07 PM,-3.1894165E+1,-5.2280087E+1,3.8512629E+3,0.0000000E+0
13354670,1/10/2021,4:13:07 PM,-1.7743532E+1,-5.1419952E+1,3.8512629E+3,0.0000000E+0
13354671,1/10/2021,4:13:07 PM,-6.2179985E+0,-4.9968472E+1,3.8512629E+3,0.0000000E+0
13354672,1/10/2021,4:13:07 PM,8.7520370E+0,-4.7226795E+1,3.8584065E+3,0.0000000E+0
13354673,1/10/2021,4:13:07 PM,1.6883064E+1,-4.3544338E+1,3.8584065E+3,0.0000000E+0
13354674,1/10/2021,4:13:07 PM,1.9888123E+1,-4.2173500E+1,3.8539419E+3,0.0000000E+0
13354675,1/10/2021,4:13:07 PM,2.3275558E+1,-4.0157558E+1,3.8521558E+3,0.0000000E+0
13354676,1/10/2021,4:13:08 PM,2.5483414E+1,-3.8195374E+1,3.8494771E+3,0.0000000E+0
13354677,1/10/2021,4:13:08 PM,2.5988825E+1,-3.1421812E+1,3.8539419E+3,0.0000000E+0
13354678,1/10/2021,4:13:08 PM,2.6308031E+1,-2.3949387E+1,3.8566208E+3,0.0000000E+0
13354679,1/10/2021,4:13:08 PM,2.4286383E+1,-1.7107737E+1,3.8530491E+3,0.0000000E+0
13354680,1/10/2021,4:13:08 PM,2.1599720E+1,-8.6549091E+0,3.8566208E+3,0.0000000E+0
13354681,1/10/2021,4:13:08 PM,2.1839125E+1,-2.7659721E+0,3.8539419E+3,0.0000000E+0
13354682,1/10/2021,4:13:08 PM,2.4073580E+1,6.2033496E+0,3.8584065E+3,0.0000000E+0
13354683,1/10/2021,4:13:08 PM,2.8090275E+1,1.7019993E+1,3.8673359E+3,0.0000000E+0
13354684,1/10/2021,4:13:08 PM,3.2692184E+1,2.3976265E+1,3.8655500E+3,0.0000000E+0
13354685,1/10/2021,4:13:08 PM,3.4261623E+1,3.0319761E+1,3.8628713E+3,0.0000000E+0
13354686,1/10/2021,4:13:09 PM,3.4075417E+1,3.8437286E+1,3.8655500E+3,0.0000000E+0
13354687,1/10/2021,4:13:09 PM,3.7772907E+1,4.6474174E+1,3.8718008E+3,0.0000000E+0
13354688,1/10/2021,4:13:09 PM,4.0539375E+1,5.4591698E+1,3.8709080E+3,0.0000000E+0
13354689,1/10/2021,4:13:09 PM,4.0007362E+1,6.2440434E+1,3.8762654E+3,0.0000000E+0
13354690,1/10/2021,4:13:09 PM,4.0539375E+1,6.5289635E+1,3.8726936E+3,0.0000000E+0
13354691,1/10/2021,4:13:09 PM,3.5751259E+1,6.9644066E+1,3.8718008E+3,0.0000000E+0
13354692,1/10/2021,4:13:09 PM,2.9393705E+1,7.2627663E+1,3.8718008E+3,0.0000000E+0
13354693,1/10/2021,4:13:09 PM,2.8143476E+1,7.1203064E+1,3.8744795E+3,0.0000000E+0
13354694,1/10/2021,4:13:09 PM,2.3355362E+1,6.9455910E+1,3.8726936E+3,0.0000000E+0
13354695,1/10/2021,4:13:09 PM,1.7301456E+1,6.5639061E+1,3.8655500E+3,0.0000000E+0
13354696,1/10/2021,4:13:10 PM,7.9573545E+0,6.3488720E+1,3.8682290E+3,0.0000000E+0
13354697,1/10/2021,4:13:10 PM,7.6071727E-1,5.9483715E+1,3.8637642E+3,0.0000000E+0
13354698,1/10/2021,4:13:10 PM,-1.9725395E+0,5.2710155E+1,3.8646572E+3,0.0000000E+0
13354699,1/10/2021,4:13:10 PM,-7.0916238E+0,4.8732029E+1,3.8673359E+3,0.0000000E+0
13354700,1/10/2021,4:13:10 PM,-1.1588686E+1,4.0560749E+1,3.8601924E+3,0.0000000E+0
13354701,1/10/2021,4:13:10 PM,-1.1696574E+1,3.0911106E+1,3.8601924E+3,0.0000000E+0
13354702,1/10/2021,4:13:10 PM,-1.4209561E+1,2.5589020E+1,3.8655500E+3,0.0000000E+0
13354703,1/10/2021,4:13:10 PM,-1.6440989E+1,1.5504386E+1,3.8548347E+3,0.0000000E+0
13354704,1/10/2021,4:13:10 PM,-1.5683145E+1,4.5581679E+0,3.8619785E+3,0.0000000E+0
13354705,1/10/2021,4:13:10 PM,-1.7935623E+1,-5.2997112E+0,3.8548347E+3,0.0000000E+0
13354706,1/10/2021,4:13:11 PM,-2.2397738E+1,-1.7017332E+1,3.8521558E+3,0.0000000E+0
13354707,1/10/2021,4:13:11 PM,-2.6946447E+1,-2.6395397E+1,3.8530491E+3,0.0000000E+0
13354708,1/10/2021,4:13:11 PM,-3.2399578E+1,-3.5050503E+1,3.8503701E+3,0.0000000E+0
13354709,1/10/2021,4:13:11 PM,-4.0273369E+1,-4.3436821E+1,3.8494771E+3,0.0000000E+0
13354710,1/10/2021,4:13:11 PM,-4.5247688E+1,-5.3435890E+1,3.8441196E+3,0.0000000E+0
13354711,1/10/2021,4:13:11 PM,-5.0488014E+1,-6.3004894E+1,3.8396548E+3,0.0000000E+0
13354712,1/10/2021,4:13:11 PM,-5.2935272E+1,-6.9939735E+1,3.8423335E+3,0.0000000E+0
13354713,1/10/2021,4:13:11 PM,-5.6792362E+1,-7.6310112E+1,3.8351899E+3,0.0000000E+0
13354714,1/10/2021,4:13:11 PM,-5.8521404E+1,-8.0341995E+1,3.8369758E+3,0.0000000E+0
13354715,1/10/2021,4:13:11 PM,-5.6499756E+1,-8.3567505E+1,3.8387620E+3,0.0000000E+0
13354716,1/10/2021,4:13:12 PM,-5.5435730E+1,-8.6094147E+1,3.8325112E+3,0.0000000E+0
13354717,1/10/2021,4:13:12 PM,-5.3573689E+1,-8.4024445E+1,3.8369758E+3,0.0000000E+0
13354718,1/10/2021,4:13:12 PM,-4.9131382E+1,-7.8541092E+1,3.8423335E+3,0.0000000E+0
13354719,1/10/2021,4:13:12 PM,-4.4529469E+1,-7.1444969E+1,3.8441196E+3,0.0000000E+0
13354720,1/10/2021,4:13:12 PM,-4.2720627E+1,-6.4805809E+1,3.8423335E+3,0.0000000E+0
13354721,1/10/2021,4:13:12 PM,-4.0486172E+1,-5.7924721E+1,3.8441196E+3,0.0000000E+0
13354722,1/10/2021,4:13:12 PM,-3.4394627E+1,-4.6420418E+1,3.8539419E+3,0.0000000E+0
13354723,1/10/2021,4:13:12 PM,-3.2559181E+1,-3.6851414E+1,3.8521558E+3,0.0000000E+0
13354724,1/10/2021,4:13:12 PM,-3.2426178E+1,-2.8599493E+1,3.8494771E+3,0.0000000E+0
13354725,1/10/2021,4:13:12 PM,-3.2718788E+1,-2.0374451E+1,3.8530491E+3,0.0000000E+0
13354726,1/10/2021,4:13:13 PM,-3.0909943E+1,-1.1494677E+1,3.8539419E+3,0.0000000E+0
13354727,1/10/2021,4:13:13 PM,-3.0165125E+1,-1.4760228E+0,3.8601924E+3,0.0000000E+0
13354728,1/10/2021,4:13:13 PM,-3.0697138E+1,6.8601122E+0,3.8584065E+3,0.0000000E+0
13354729,1/10/2021,4:13:13 PM,-2.9712915E+1,1.3499531E+1,3.8601924E+3,0.0000000E+0
13354730,1/10/2021,4:13:13 PM,-2.8595686E+1,1.8814789E+1,3.8530491E+3,0.0000000E+0
13354731,1/10/2021,4:13:13 PM,-2.6813444E+1,2.4997677E+1,3.8584065E+3,0.0000000E+0
13354732,1/10/2021,4:13:13 PM,-2.0003681E+1,3.2281944E+1,3.8655500E+3,0.0000000E+0
13354733,1/10/2021,4:13:13 PM,-1.0196675E+1,3.5292419E+1,3.8637642E+3,0.0000000E+0
13354734,1/10/2021,4:13:13 PM,-3.0075481E+0,3.7630909E+1,3.8637642E+3,0.0000000E+0
13354735,1/10/2021,4:13:13 PM,7.4468627E+0,3.8060978E+1,3.8637642E+3,0.0000000E+0
13354736,1/10/2021,4:13:14 PM,1.9130280E+1,3.8813595E+1,3.8655500E+3,0.0000000E+0
13354737,1/10/2021,4:13:14 PM,3.0111923E+1,3.9915646E+1,3.8682290E+3,0.0000000E+0
13354738,1/10/2021,4:13:14 PM,4.1816204E+1,4.0103798E+1,3.8726936E+3,0.0000000E+0
13354739,1/10/2021,4:13:14 PM,5.2323456E+1,3.6098793E+1,3.8709080E+3,0.0000000E+0
13354740,1/10/2021,4:13:14 PM,6.0250450E+1,3.0454159E+1,3.8682290E+3,0.0000000E+0
13354741,1/10/2021,4:13:14 PM,6.7725227E+1,2.5158953E+1,3.8664431E+3,0.0000000E+0
13354742,1/10/2021,4:13:14 PM,7.1715324E+1,2.1745291E+1,3.8691218E+3,0.0000000E+0
13354743,1/10/2021,4:13:14 PM,7.6051231E+1,1.9617794E+1,3.8718008E+3,0.0000000E+0
13354744,1/10/2021,4:13:14 PM,7.3284760E+1,1.5015138E+1,3.8691218E+3,0.0000000E+0
13354745,1/10/2021,4:13:14 PM,6.5251366E+1,8.9021921E+0,3.8637642E+3,0.0000000E+0
13354746,1/10/2021,4:13:15 PM,5.9319424E+1,4.5309410E+0,3.8628713E+3,0.0000000E+0
13354747,1/10/2021,4:13:15 PM,5.0301807E+1,9.9139357E-1,3.8601924E+3,0.0000000E+0
13354748,1/10/2021,4:13:15 PM,4.2534424E+1,-1.3610669E+0,3.8637642E+3,0.0000000E+0
13354749,1/10/2021,4:13:15 PM,3.5485252E+1,-5.6432557E+0,3.8601924E+3,0.0000000E+0
13354750,1/10/2021,4:13:15 PM,2.3248959E+1,-1.0151902E+1,3.8539419E+3,0.0000000E+0
13354751,1/10/2021,4:13:15 PM,1.3678018E+1,-1.4751901E+1,3.8521558E+3,0.0000000E+0
13354752,1/10/2021,4:13:15 PM,6.0864286E+0,-1.6504154E+1,3.8548347E+3,0.0000000E+0
13354753,1/10/2021,4:13:15 PM,-1.6059000E+0,-1.7846928E+1,3.8530491E+3,0.0000000E+0
13354754,1/10/2021,4:13:15 PM,-1.1009778E+1,-1.8602072E+1,3.8530491E+3,0.0000000E+0
13354755,1/10/2021,4:13:15 PM,-2.3062756E+1,-1.9450279E+1,3.8494771E+3,0.0000000E+0
13354756,1/10/2021,4:13:16 PM,-3.4846836E+1,-1.9362534E+1,3.8494771E+3,0.0000000E+0
13354757,1/10/2021,4:13:16 PM,-4.3864452E+1,-1.6924271E+1,3.8539419E+3,0.0000000E+0
13354758,1/10/2021,4:13:16 PM,-5.4052502E+1,-1.5328895E+1,3.8503701E+3,0.0000000E+0
13354759,1/10/2021,4:13:16 PM,-6.5171570E+1,-1.2848087E+1,3.8548347E+3,0.0000000E+0
13354760,1/10/2021,4:13:16 PM,-8.1344749E+1,-1.0024273E+1,3.8476914E+3,0.0000000E+0
13354761,1/10/2021,4:13:16 PM,-9.2676628E+1,-8.8569908E+0,3.8503701E+3,0.0000000E+0
13354762,1/10/2021,4:13:16 PM,-1.0331688E+2,-5.8816156E+0,3.8476914E+3,0.0000000E+0
13354763,1/10/2021,4:13:16 PM,-1.1124387E+2,-6.0464711E+0,3.8503701E+3,0.0000000E+0
13354764,1/10/2021,4:13:16 PM,-1.1448915E+2,-7.2722511E+0,3.8494771E+3,0.0000000E+0
13354765,1/10/2021,4:13:16 PM,-1.2100631E+2,-9.9577990E+0,3.8423335E+3,0.0000000E+0
13354766,1/10/2021,4:13:17 PM,-1.2342697E+2,-1.3068779E+1,3.8423335E+3,0.0000000E+0
13354767,1/10/2021,4:13:17 PM,-1.1967628E+2,-1.3613866E+1,3.8441196E+3,0.0000000E+0
13354768,1/10/2021,4:13:17 PM,-1.0988725E+2,-1.7583693E+1,3.8423335E+3,0.0000000E+0
13354769,1/10/2021,4:13:17 PM,-9.6187912E+1,-2.0777639E+1,3.8459053E+3,0.0000000E+0
13354770,1/10/2021,4:13:17 PM,-8.4244225E+1,-2.3573076E+1,3.8423335E+3,0.0000000E+0
13354771,1/10/2021,4:13:17 PM,-7.1688721E+1,-2.4675125E+1,3.8432266E+3,0.0000000E+0
13354772,1/10/2021,4:13:17 PM,-5.5648533E+1,-2.2901098E+1,3.8494771E+3,0.0000000E+0
13354773,1/10/2021,4:13:17 PM,-3.9076340E+1,-2.1315224E+1,3.8512629E+3,0.0000000E+0
13354774,1/10/2021,4:13:17 PM,-2.1626320E+1,-1.8224501E+1,3.8566208E+3,0.0000000E+0
13354775,1/10/2021,4:13:17 PM,-8.4467945E+0,-1.4509935E+1,3.8548347E+3,0.0000000E+0
13354776,1/10/2021,4:13:18 PM,7.8130573E-2,-1.0311440E+1,3.8566208E+3,0.0000000E+0
13354777,1/10/2021,4:13:18 PM,1.0604543E+1,-5.3581700E+0,3.8637642E+3,0.0000000E+0
13354778,1/10/2021,4:13:18 PM,2.4046978E+1,-4.0592680E+0,3.8619785E+3,0.0000000E+0
13354779,1/10/2021,4:13:18 PM,3.6469475E+1,-3.0214281E+0,3.8628713E+3,0.0000000E+0
13354780,1/10/2021,4:13:18 PM,4.2241814E+1,-7.1960777E-1,3.8628713E+3,0.0000000E+0
13354781,1/10/2021,4:13:18 PM,4.7402340E+1,4.1181412E-1,3.8646572E+3,0.0000000E+0
13354782,1/10/2021,4:13:18 PM,5.4451511E+1,6.5292805E-1,3.8619785E+3,0.0000000E+0
13354783,1/10/2021,4:13:18 PM,6.1447479E+1,6.2518930E-1,3.8655500E+3,0.0000000E+0
13354784,1/10/2021,4:13:18 PM,7.0385292E+1,-9.0417737E-1,3.8637642E+3,0.0000000E+0
13354785,1/10/2021,4:13:18 PM,7.4614792E+1,-2.6034091E+0,3.8628713E+3,0.0000000E+0
13354786,1/10/2021,4:13:19 PM,7.6077827E+1,-2.1357403E+0,3.8628713E+3,0.0000000E+0
13354787,1/10/2021,4:13:19 PM,7.4242386E+1,-1.2370427E+0,3.8628713E+3,0.0000000E+0
13354788,1/10/2021,4:13:19 PM,7.4295586E+1,-1.6016475E+0,3.8637642E+3,0.0000000E+0
13354789,1/10/2021,4:13:19 PM,7.5865021E+1,-1.7193232E+0,3.8646572E+3,0.0000000E+0
13354790,1/10/2021,4:13:19 PM,7.1422714E+1,-1.8850893E+0,3.8637642E+3,0.0000000E+0
13354791,1/10/2021,4:13:19 PM,6.3016914E+1,-1.1159521E+0,3.8637642E+3,0.0000000E+0
13354792,1/10/2021,4:13:19 PM,5.4371704E+1,-6.0385174E-1,3.8619785E+3,0.0000000E+0
13354793,1/10/2021,4:13:19 PM,4.6019104E+1,-1.0266013E+0,3.8601924E+3,0.0000000E+0
13354794,1/10/2021,4:13:19 PM,4.2268417E+1,-4.6142381E-1,3.8655500E+3,0.0000000E+0
13354795,1/10/2021,4:13:19 PM,3.5964062E+1,-1.2421103E+0,3.8584065E+3,0.0000000E+0
13354796,1/10/2021,4:13:20 PM,2.6467636E+1,-5.0676603E-2,3.8637642E+3,0.0000000E+0
13354797,1/10/2021,4:13:20 PM,1.7035616E+1,-1.3389218E+0,3.8575137E+3,0.0000000E+0
13354798,1/10/2021,4:13:20 PM,8.1231003E+0,-3.7885277E+0,3.8548347E+3,0.0000000E+0
13354799,1/10/2021,4:13:20 PM,2.9615290E+0,-5.1722894E+0,3.8584065E+3,0.0000000E+0
13354800,1/10/2021,4:13:20 PM,-3.1184416E+0,-5.9773145E+0,3.8530491E+3,0.0000000E+0
13354801,1/10/2021,4:13:20 PM,-1.2014925E+1,-5.5566673E+0,3.8584065E+3,0.0000000E+0
13354802,1/10/2021,4:13:20 PM,-2.3408323E+1,-6.5489879E+0,3.8485842E+3,0.0000000E+0
13354803,1/10/2021,4:13:20 PM,-3.2505650E+1,-6.2804341E+0,3.8512629E+3,0.0000000E+0
13354804,1/10/2021,4:13:20 PM,-4.2214783E+1,-1.1986284E+0,3.8557275E+3,0.0000000E+0
13354805,1/10/2021,4:13:20 PM,-5.5275570E+1,2.5425017E+0,3.8459053E+3,0.0000000E+0
13354806,1/10/2021,4:13:21 PM,-6.6820122E+1,7.8173056E+0,3.8512629E+3,0.0000000E+0
13354807,1/10/2021,4:13:21 PM,-7.0597374E+1,1.2856012E+1,3.8584065E+3,0.0000000E+0
13354808,1/10/2021,4:13:21 PM,-7.0943184E+1,1.4015312E+1,3.8530491E+3,0.0000000E+0
13354809,1/10/2021,4:13:21 PM,-7.1209183E+1,1.4041903E+1,3.8539419E+3,0.0000000E+0
13354810,1/10/2021,4:13:21 PM,-7.4161827E+1,1.6179697E+1,3.8530491E+3,0.0000000E+0
13354811,1/10/2021,4:13:21 PM,-7.5092834E+1,1.8126045E+1,3.8601924E+3,0.0000000E+0
13354812,1/10/2021,4:13:21 PM,-7.3576614E+1,1.6995993E+1,3.8539419E+3,0.0000000E+0
13354813,1/10/2021,4:13:21 PM,-6.8389549E+1,1.3611153E+1,3.8566208E+3,0.0000000E+0
13354814,1/10/2021,4:13:21 PM,-6.4080284E+1,9.7636557E+0,3.8530491E+3,0.0000000E+0
13354815,1/10/2021,4:13:21 PM,-6.1819260E+1,8.7319841E+0,3.8566208E+3,0.0000000E+0
13354816,1/10/2021,4:13:22 PM,-6.2005459E+1,8.7665501E+0,3.8566208E+3,0.0000000E+0
13354817,1/10/2021,4:13:22 PM,-6.1207451E+1,6.0225163E+0,3.8566208E+3,0.0000000E+0
13354818,1/10/2021,4:13:22 PM,-6.1234047E+1,2.6297874E+0,3.8539419E+3,0.0000000E+0
13354819,1/10/2021,4:13:22 PM,-5.6738586E+1,-3.5763187E+0,3.8530491E+3,0.0000000E+0
13354820,1/10/2021,4:13:22 PM,-5.5195763E+1,-6.5410109E+0,3.8548347E+3,0.0000000E+0
13354821,1/10/2021,4:13:22 PM,-5.6286381E+1,-1.1483994E+1,3.8503701E+3,0.0000000E+0
13354822,1/10/2021,4:13:22 PM,-5.4583954E+1,-1.6267441E+1,3.8539419E+3,0.0000000E+0
13354823,1/10/2021,4:13:22 PM,-5.2003716E+1,-2.0114939E+1,3.8521558E+3,0.0000000E+0
13354824,1/10/2021,4:13:22 PM,-4.9210682E+1,-2.6663918E+1,3.8494771E+3,0.0000000E+0
13354825,1/10/2021,4:13:22 PM,-4.4475815E+1,-3.2711681E+1,3.8494771E+3,0.0000000E+0
13354826,1/10/2021,4:13:23 PM,-4.3438400E+1,-3.8168106E+1,3.8441196E+3,0.0000000E+0
13354827,1/10/2021,4:13:23 PM,-4.2347786E+1,-4.1339825E+1,3.8476914E+3,0.0000000E+0
13354828,1/10/2021,4:13:23 PM,-3.8517334E+1,-4.4269627E+1,3.8459053E+3,0.0000000E+0
13354829,1/10/2021,4:13:23 PM,-3.1574636E+1,-4.8489624E+1,3.8459053E+3,0.0000000E+0
13354830,1/10/2021,4:13:23 PM,-2.2051706E+1,-5.2145157E+1,3.8459053E+3,0.0000000E+0
13354831,1/10/2021,4:13:23 PM,-1.3120109E+1,-5.5746937E+1,3.8450125E+3,0.0000000E+0
13354832,1/10/2021,4:13:23 PM,-2.2387798E+0,-5.7090889E+1,3.8459053E+3,0.0000000E+0
13354833,1/10/2021,4:13:23 PM,5.1345320E+0,-5.5155598E+1,3.8459053E+3,0.0000000E+0
13354834,1/10/2021,4:13:23 PM,1.3609547E+1,-4.9779812E+1,3.8548347E+3,0.0000000E+0
13354835,1/10/2021,4:13:23 PM,2.5935360E+1,-4.6204914E+1,3.8530491E+3,0.0000000E+0
13354836,1/10/2021,4:13:24 PM,3.6947914E+1,-4.6581215E+1,3.8521558E+3,0.0000000E+0
13354837,1/10/2021,4:13:24 PM,4.4688618E+1,-4.2092434E+1,3.8512629E+3,0.0000000E+0
13354838,1/10/2021,4:13:24 PM,5.1657917E+1,-3.4458813E+1,3.8557275E+3,0.0000000E+0
13354839,1/10/2021,4:13:24 PM,5.7962204E+1,-2.5750032E+1,3.8619785E+3,0.0000000E+0
13354840,1/10/2021,4:13:24 PM,6.3548279E+1,-1.8588703E+1,3.8584065E+3,0.0000000E+0
13354841,1/10/2021,4:13:24 PM,6.5170906E+1,-1.0369895E+1,3.8655500E+3,0.0000000E+0
13354842,1/10/2021,4:13:24 PM,6.6075317E+1,-3.5931354E+0,3.8575137E+3,0.0000000E+0
13354843,1/10/2021,4:13:24 PM,6.3814285E+1,7.1924534E+0,3.8655500E+3,0.0000000E+0
13354844,1/10/2021,4:13:24 PM,5.8893215E+1,2.0029852E+1,3.8664431E+3,0.0000000E+0
13354845,1/10/2021,4:13:24 PM,5.1950520E+1,3.0937670E+1,3.8673359E+3,0.0000000E+0
13354846,1/10/2021,4:13:25 PM,4.7162453E+1,4.1124790E+1,3.8718008E+3,0.0000000E+0
13354847,1/10/2021,4:13:25 PM,4.3012794E+1,4.7199436E+1,3.8655500E+3,0.0000000E+0
13354848,1/10/2021,4:13:25 PM,3.7666119E+1,5.4752419E+1,3.8709080E+3,0.0000000E+0
13354849,1/10/2021,4:13:25 PM,3.1175632E+1,6.2654827E+1,3.8718008E+3,0.0000000E+0
13354850,1/10/2021,4:13:25 PM,2.7823984E+1,6.6041573E+1,3.8744795E+3,0.0000000E+0
13354851,1/10/2021,4:13:25 PM,2.4126534E+1,6.8030617E+1,3.8726936E+3,0.0000000E+0
13354852,1/10/2021,4:13:25 PM,2.1626101E+1,6.5853424E+1,3.8726936E+3,0.0000000E+0
13354853,1/10/2021,4:13:25 PM,1.9211775E+1,6.3810623E+1,3.8709080E+3,0.0000000E+0
13354854,1/10/2021,4:13:25 PM,1.6280409E+1,5.9617512E+1,3.8682290E+3,0.0000000E+0
13354855,1/10/2021,4:13:25 PM,9.0967140E+0,5.5639423E+1,3.8744795E+3,0.0000000E+0
13354856,1/10/2021,4:13:26 PM,-1.5293447E+0,4.9941086E+1,3.8655500E+3,0.0000000E+0
13354857,1/10/2021,4:13:26 PM,-1.1409706E+1,3.9565811E+1,3.8601924E+3,0.0000000E+0
13354858,1/10/2021,4:13:26 PM,-2.0138025E+1,3.0588243E+1,3.8601924E+3,0.0000000E+0
13354859,1/10/2021,4:13:26 PM,-3.2612049E+1,2.5615637E+1,3.8619785E+3,0.0000000E+0
13354860,1/10/2021,4:13:26 PM,-4.4316216E+1,1.6748713E+1,3.8548347E+3,0.0000000E+0
13354861,1/10/2021,4:13:26 PM,-5.9345421E+1,1.0750125E+1,3.8521558E+3,0.0000000E+0
13354862,1/10/2021,4:13:26 PM,-7.2086998E+1,4.2417736E+0,3.8476914E+3,0.0000000E+0
13354863,1/10/2021,4:13:26 PM,-7.4427834E+1,-4.5901165E+0,3.8521558E+3,0.0000000E+0
13354864,1/10/2021,4:13:26 PM,-7.3762825E+1,-1.6091949E+1,3.8432266E+3,0.0000000E+0
13354865,1/10/2021,4:13:26 PM,-7.4161827E+1,-2.5185574E+1,3.8423335E+3,0.0000000E+0
13354866,1/10/2021,4:13:27 PM,-7.3576614E+1,-3.2227859E+1,3.8459053E+3,0.0000000E+0
13354867,1/10/2021,4:13:27 PM,-6.7378731E+1,-4.0533455E+1,3.8405476E+3,0.0000000E+0
13354868,1/10/2021,4:13:27 PM,-5.8201607E+1,-4.7575737E+1,3.8494771E+3,0.0000000E+0
13354869,1/10/2021,4:13:27 PM,-4.8731876E+1,-5.6015732E+1,3.8396548E+3,0.0000000E+0
13354870,1/10/2021,4:13:27 PM,-4.0538960E+1,-6.1230247E+1,3.8441196E+3,0.0000000E+0
13354871,1/10/2021,4:13:27 PM,-3.5272087E+1,-6.2547314E+1,3.8459053E+3,0.0000000E+0
13354872,1/10/2021,4:13:27 PM,-3.3835670E+1,-6.2708588E+1,3.8459053E+3,0.0000000E+0
13354873,1/10/2021,4:13:27 PM,-2.7823984E+1,-6.1257126E+1,3.8512629E+3,0.0000000E+0
13354874,1/10/2021,4:13:27 PM,-2.6467367E+1,-6.0504513E+1,3.8476914E+3,0.0000000E+0
13354875,1/10/2021,4:13:27 PM,-2.4153135E+1,-5.9375595E+1,3.8476914E+3,0.0000000E+0
13354876,1/10/2021,4:13:28 PM,-2.6174763E+1,-5.5263119E+1,3.8476914E+3,0.0000000E+0
13354877,1/10/2021,4:13:28 PM,-2.8568796E+1,-4.9806690E+1,3.8494771E+3,0.0000000E+0
13354878,1/10/2021,4:13:28 PM,-2.8089987E+1,-4.4296509E+1,3.8530491E+3,0.0000000E+0
13354879,1/10/2021,4:13:28 PM,-2.7611183E+1,-4.2630013E+1,3.8476914E+3,0.0000000E+0
13354880,1/10/2021,4:13:28 PM,-2.4286137E+1,-4.0909760E+1,3.8503701E+3,0.0000000E+0
13354881,1/10/2021,4:13:28 PM,-2.3035919E+1,-3.8893837E+1,3.8467981E+3,0.0000000E+0
13354882,1/10/2021,4:13:28 PM,-2.2716715E+1,-3.5856518E+1,3.8476914E+3,0.0000000E+0
13354883,1/10/2021,4:13:28 PM,-1.8532877E+1,-2.9970028E+1,3.8548347E+3,0.0000000E+0
13354884,1/10/2021,4:13:28 PM,-1.7006672E+1,-2.7255253E+1,3.8503701E+3,0.0000000E+0
13354885,1/10/2021,4:13:28 PM,-1.2712243E+1,-2.4137297E+1,3.8512629E+3,0.0000000E+0
13354886,1/10/2021,4:13:29 PM,-1.2822762E+1,-1.9875633E+1,3.8494771E+3,0.0000000E+0
13354887,1/10/2021,4:13:29 PM,-1.4464749E+1,-1.1534514E+1,3.8548347E+3,0.0000000E+0
13354888,1/10/2021,4:13:29 PM,-1.4062146E+1,-1.7481200E+0,3.8592996E+3,0.0000000E+0
13354889,1/10/2021,4:13:29 PM,-1.6490919E+1,5.9161582E+0,3.8592996E+3,0.0000000E+0
13354890,1/10/2021,4:13:29 PM,-1.5977798E+1,1.2196592E+1,3.8610852E+3,0.0000000E+0
13354891,1/10/2021,4:13:29 PM,-1.6101473E+1,1.8091478E+1,3.8584065E+3,0.0000000E+0
13354892,1/10/2021,4:13:29 PM,-1.7793457E+1,2.4137297E+1,3.8619785E+3,0.0000000E+0
13354893,1/10/2021,4:13:29 PM,-1.5904119E+1,3.0668880E+1,3.8646572E+3,0.0000000E+0
13354894,1/10/2021,4:13:29 PM,-1.5398892E+1,3.3867474E+1,3.8619785E+3,0.0000000E+0
13354895,1/10/2021,4:13:29 PM,-1.1462334E+1,3.5775879E+1,3.8646572E+3,0.0000000E+0
13354896,1/10/2021,4:13:30 PM,-9.1467104E+0,3.7496132E+1,3.8601924E+3,0.0000000E+0
13354897,1/10/2021,4:13:30 PM,-7.1521173E+0,3.7549889E+1,3.8619785E+3,0.0000000E+0
13354898,1/10/2021,4:13:30 PM,-2.6025317E+0,4.0130268E+1,3.8655500E+3,0.0000000E+0
13354899,1/10/2021,4:13:30 PM,-1.1914847E+0,3.9807724E+1,3.8637642E+3,0.0000000E+0
13354900,1/10/2021,4:13:30 PM,4.1898861E+0,3.6125305E+1,3.8637642E+3,0.0000000E+0
13354901,1/10/2021,4:13:30 PM,7.9020629E+0,3.4136265E+1,3.8601924E+3,0.0000000E+0
13354902,1/10/2021,4:13:30 PM,9.6387806E+0,3.1797794E+1,3.8619785E+3,0.0000000E+0
13354903,1/10/2021,4:13:30 PM,1.4719994E+1,3.1529005E+1,3.8655500E+3,0.0000000E+0
13354904,1/10/2021,4:13:30 PM,1.5780443E+1,3.2738560E+1,3.8646572E+3,0.0000000E+0
13354905,1/10/2021,4:13:30 PM,1.8296051E+1,3.0023785E+1,3.8655500E+3,0.0000000E+0
13354906,1/10/2021,4:13:31 PM,2.2424110E+1,2.6341370E+1,3.8619785E+3,0.0000000E+0
13354907,1/10/2021,4:13:31 PM,2.4658541E+1,2.1986980E+1,3.8619785E+3,0.0000000E+0
13354908,1/10/2021,4:13:31 PM,2.9579611E+1,1.8718990E+1,3.8673359E+3,0.0000000E+0
13354909,1/10/2021,4:13:31 PM,3.2532249E+1,1.3007571E+1,3.8601924E+3,0.0000000E+0
13354910,1/10/2021,4:13:31 PM,3.5937099E+1,7.3014703E+0,3.8655500E+3,0.0000000E+0
13354911,1/10/2021,4:13:31 PM,4.2427589E+1,-5.3610218E-1,3.8610852E+3,0.0000000E+0
13354912,1/10/2021,4:13:31 PM,4.7082649E+1,-1.0042845E+1,3.8584065E+3,0.0000000E+0
13354913,1/10/2021,4:13:31 PM,5.2030323E+1,-1.8134024E+1,3.8601924E+3,0.0000000E+0
13354914,1/10/2021,4:13:31 PM,5.4716957E+1,-2.5454363E+1,3.8566208E+3,0.0000000E+0
13354915,1/10/2021,4:13:31 PM,5.4131748E+1,-3.0238817E+1,3.8601924E+3,0.0000000E+0
13354916,1/10/2021,4:13:32 PM,5.0115097E+1,-3.3061104E+1,3.8584065E+3,0.0000000E+0
13354917,1/10/2021,4:13:32 PM,4.2374386E+1,-3.7549889E+1,3.8548347E+3,0.0000000E+0
13354918,1/10/2021,4:13:32 PM,3.6761711E+1,-4.1608612E+1,3.8557275E+3,0.0000000E+0
13354919,1/10/2021,4:13:32 PM,2.7930386E+1,-4.4457779E+1,3.8494771E+3,0.0000000E+0
13354920,1/10/2021,4:13:32 PM,1.7051405E+1,-4.5613575E+1,3.8512629E+3,0.0000000E+0
13354921,1/10/2021,4:13:32 PM,6.6232080E+0,-4.5022240E+1,3.8539419E+3,0.0000000E+0
13354922,1/10/2021,4:13:32 PM,-6.4416418E+0,-4.4135235E+1,3.8459053E+3,0.0000000E+0
13354923,1/10/2021,4:13:32 PM,-1.6417240E+1,-4.3006317E+1,3.8512629E+3,0.0000000E+0
13354924,1/10/2021,4:13:32 PM,-2.5296951E+1,-4.0936638E+1,3.8432266E+3,0.0000000E+0
13354925,1/10/2021,4:13:32 PM,-3.8198128E+1,-3.4378178E+1,3.8503701E+3,0.0000000E+0
13354926,1/10/2021,4:13:33 PM,-4.9769287E+1,-2.7309010E+1,3.8512629E+3,0.0000000E+0
13354927,1/10/2021,4:13:33 PM,-6.2431065E+1,-2.1960100E+1,3.8476914E+3,0.0000000E+0
13354928,1/10/2021,4:13:33 PM,-7.3177612E+1,-1.6735416E+1,3.8494771E+3,0.0000000E+0
13354929,1/10/2021,4:13:33 PM,-7.9774506E+1,-1.3055433E+1,3.8485842E+3,0.0000000E+0
13354930,1/10/2021,4:13:33 PM,-8.8765427E+1,-7.5966134E+0,3.8512629E+3,0.0000000E+0
13354931,1/10/2021,4:13:33 PM,-9.9166168E+1,-1.4872167E+0,3.8494771E+3,0.0000000E+0
13354932,1/10/2021,4:13:33 PM,-1.0821030E+2,3.1238737E+0,3.8512629E+3,0.0000000E+0
13354933,1/10/2021,4:13:33 PM,-1.1499339E+2,6.4452891E+0,3.8503701E+3,0.0000000E+0
13354934,1/10/2021,4:13:33 PM,-1.1845143E+2,8.3092117E+0,3.8512629E+3,0.0000000E+0
13354935,1/10/2021,4:13:33 PM,-1.1967506E+2,1.0093365E+1,3.8503701E+3,0.0000000E+0
13354936,1/10/2021,4:13:34 PM,-1.2188289E+2,1.2100870E+1,3.8530491E+3,0.0000000E+0
13354937,1/10/2021,4:13:34 PM,-1.2220209E+2,1.0811281E+1,3.8467981E+3,0.0000000E+0
13354938,1/10/2021,4:13:34 PM,-1.1810563E+2,7.6949944E+0,3.8494771E+3,0.0000000E+0
13354939,1/10/2021,4:13:34 PM,-1.1044473E+2,3.9847207E+0,3.8485842E+3,0.0000000E+0
13354940,1/10/2021,4:13:34 PM,-1.0563006E+2,1.0025865E+0,3.8441196E+3,0.0000000E+0
13354941,1/10/2021,4:13:34 PM,-9.4670708E+1,-2.8980515E+0,3.8459053E+3,0.0000000E+0
13354942,1/10/2021,4:13:34 PM,-7.9215897E+1,-4.2553868E+0,3.8494771E+3,0.0000000E+0
13354943,1/10/2021,4:13:34 PM,-6.2617268E+1,-4.0399752E+0,3.8503701E+3,0.0000000E+0
13354944,1/10/2021,4:13:34 PM,-4.5646233E+1,-2.4656260E+0,3.8521558E+3,0.0000000E+0
13354945,1/10/2021,4:13:34 PM,-3.0191420E+1,-6.7852932E-1,3.8512629E+3,0.0000000E+0
13354946,1/10/2021,4:13:35 PM,-1.3114846E+1,2.2446086E+0,3.8566208E+3,0.0000000E+0
13354947,1/10/2021,4:13:35 PM,1.0954475E+1,2.8540082E+0,3.8601924E+3,0.0000000E+0
13354948,1/10/2021,4:13:35 PM,3.5431690E+1,5.8124595E+0,3.8673359E+3,0.0000000E+0
13354949,1/10/2021,4:13:35 PM,5.6153378E+1,4.9849052E+0,3.8691218E+3,0.0000000E+0
13354950,1/10/2021,4:13:35 PM,7.2964806E+1,4.0031390E+0,3.8682290E+3,0.0000000E+0
13354951,1/10/2021,4:13:35 PM,8.5679787E+1,2.1629283E+0,3.8691218E+3,0.0000000E+0
13354952,1/10/2021,4:13:35 PM,9.7570152E+1,-1.3701278E+0,3.8691218E+3,0.0000000E+0
13354953,1/10/2021,4:13:35 PM,1.1174815E+2,-5.5214329E+0,3.8709080E+3,0.0000000E+0
13354954,1/10/2021,4:13:35 PM,1.1978146E+2,-8.2081718E+0,3.8718008E+3,0.0000000E+0
13354955,1/10/2021,4:13:35 PM,1.2100507E+2,-1.0970818E+1,3.8682290E+3,0.0000000E+0
13354956,1/10/2021,4:13:36 PM,1.1813223E+2,-1.4533808E+1,3.8655500E+3,0.0000000E+0
13354957,1/10/2021,4:13:36 PM,1.1621701E+2,-1.8952978E+1,3.8637642E+3,0.0000000E+0
13354958,1/10/2021,4:13:36 PM,1.1334417E+2,-2.1395643E+1,3.8619785E+3,0.0000000E+0
13354959,1/10/2021,4:13:36 PM,1.1102994E+2,-2.6852068E+1,3.8619785E+3,0.0000000E+0
13354960,1/10/2021,4:13:36 PM,1.0281042E+2,-2.8034742E+1,3.8575137E+3,0.0000000E+0
13354961,1/10/2021,4:13:36 PM,9.1239265E+1,-2.7201496E+1,3.8619785E+3,0.0000000E+0
13354962,1/10/2021,4:13:36 PM,8.1104523E+1,-2.6959585E+1,3.8557275E+3,0.0000000E+0
13354963,1/10/2021,4:13:36 PM,7.4028824E+1,-2.4513601E+1,3.8539419E+3,0.0000000E+0
13354964,1/10/2021,4:13:36 PM,7.1395393E+1,-2.2121376E+1,3.8619785E+3,0.0000000E+0
13354965,1/10/2021,4:13:36 PM,5.4051945E+1,-1.6038773E+1,3.8539419E+3,0.0000000E+0
13354966,1/10/2021,4:13:37 PM,3.7559719E+1,-6.3123417E+0,3.8619785E+3,0.0000000E+0
13354967,1/10/2021,4:13:37 PM,2.9287006E+1,-1.5816348E+0,3.8601924E+3,0.0000000E+0
13354968,1/10/2021,4:13:37 PM,1.0720282E+1,3.0654163E+0,3.8548347E+3,0.0000000E+0
13354969,1/10/2021,4:13:37 PM,-5.7883348E+0,1.1914743E+1,3.8619785E+3,0.0000000E+0
13354970,1/10/2021,4:13:37 PM,-2.9154003E+1,2.4029779E+1,3.8664431E+3,0.0000000E+0
13354971,1/10/2021,4:13:37 PM,-6.1101044E+1,3.1502129E+1,3.8530491E+3,0.0000000E+0
13354972,1/10/2021,4:13:37 PM,-7.7407074E+1,3.4297535E+1,3.8566208E+3,0.0000000E+0
13354973,1/10/2021,4:13:37 PM,-9.3101288E+1,4.1420460E+1,3.8646572E+3,0.0000000E+0
13354974,1/10/2021,4:13:37 PM,-1.0727929E+2,4.1420460E+1,3.8503701E+3,0.0000000E+0
13354975,1/10/2021,4:13:37 PM,-1.2507493E+2,4.2173073E+1,3.8557275E+3,0.0000000E+0
13354976,1/10/2021,4:13:38 PM,-1.4478581E+2,4.3705170E+1,3.8485842E+3,0.0000000E+0
13354977,1/10/2021,4:13:38 PM,-1.4941426E+2,3.9028233E+1,3.8548347E+3,0.0000000E+0
13354978,1/10/2021,4:13:38 PM,-1.5050488E+2,3.2120342E+1,3.8467981E+3,0.0000000E+0
13354979,1/10/2021,4:13:38 PM,-1.4587642E+2,2.3062138E+1,3.8503701E+3,0.0000000E+0
13354980,1/10/2021,4:13:38 PM,-1.4553062E+2,1.7354950E+1,3.8467981E+3,0.0000000E+0
13354981,1/10/2021,4:13:38 PM,-1.4704684E+2,1.1949310E+1,3.8432266E+3,0.0000000E+0
13354982,1/10/2021,4:13:38 PM,-1.3723129E+2,3.0910416E+0,3.8476914E+3,0.0000000E+0
13354983,1/10/2021,4:13:38 PM,-1.2462273E+2,-1.8538241E+0,3.8494771E+3,0.0000000E+0
13354984,1/10/2021,4:13:38 PM,-1.1118954E+2,-8.2826214E+0,3.8503701E+3,0.0000000E+0
13354985,1/10/2021,4:13:38 PM,-9.8979973E+1,-1.8229744E+1,3.8459053E+3,0.0000000E+0
13354986,1/10/2021,4:13:39 PM,-9.7117943E+1,-2.1691311E+1,3.8396548E+3,0.0000000E+0
13354987,1/10/2021,4:13:39 PM,-8.7488609E+1,-2.4997421E+1,3.8459053E+3,0.0000000E+0
13354988,1/10/2021,4:13:39 PM,-7.8524284E+1,-2.3895386E+1,3.8512629E+3,0.0000000E+0
13354989,1/10/2021,4:13:39 PM,-6.8362946E+1,-2.3707232E+1,3.8512629E+3,0.0000000E+0
13354990,1/10/2021,4:13:39 PM,-5.6685383E+1,-2.9674358E+1,3.8512629E+3,0.0000000E+0
13354991,1/10/2021,4:13:39 PM,-4.4475815E+1,-3.7576771E+1,3.8369758E+3,0.0000000E+0
13354992,1/10/2021,4:13:39 PM,-2.0429083E+1,-4.3678291E+1,3.8566208E+3,0.0000000E+0
13354993,1/10/2021,4:13:39 PM,-4.3269863E+0,-4.5613575E+1,3.8441196E+3,0.0000000E+0
13354994,1/10/2021,4:13:39 PM,1.5112071E+1,-4.7925163E+1,3.8655500E+3,0.0000000E+0
13354995,1/10/2021,4:13:39 PM,3.7586319E+1,-5.4913689E+1,3.8494771E+3,0.0000000E+0
13354996,1/10/2021,4:13:40 PM,5.7031193E+1,-6.7009216E+1,3.8467981E+3,0.0000000E+0
13354997,1/10/2021,4:13:40 PM,8.1237526E+1,-7.4535324E+1,3.8485842E+3,0.0000000E+0
13354998,1/10/2021,4:13:40 PM,1.0501825E+2,-7.7357613E+1,3.8548347E+3,0.0000000E+0
13354999,1/10/2021,4:13:40 PM,1.2329270E+2,-7.5476089E+1,3.8655500E+3,0.0000000E+0
13355000,1/10/2021,4:13:40 PM,1.3579489E+2,-7.7411369E+1,3.8557275E+3,0.0000000E+0
13355001,1/10/2021,4:13:40 PM,1.4486560E+2,-7.9104744E+1,3.8610852E+3,0.0000000E+0
13355002,1/10/2021,4:13:40 PM,1.4912166E+2,-7.8755318E+1,3.8476914E+3,0.0000000E+0
13355003,1/10/2021,4:13:40 PM,1.4768524E+2,-7.1094818E+1,3.8584065E+3,0.0000000E+0
13355004,1/10/2021,4:13:40 PM,1.4308339E+2,-5.7117764E+1,3.8619785E+3,0.0000000E+0
13355005,1/10/2021,4:13:40 PM,1.3483727E+2,-4.3355743E+1,3.8700146E+3,0.0000000E+0
13355006,1/10/2021,4:13:41 PM,1.1922285E+2,-3.2738560E+1,3.8584065E+3,0.0000000E+0
13355007,1/10/2021,4:13:41 PM,9.5628326E+1,-2.1261248E+1,3.8530491E+3,0.0000000E+0
13355008,1/10/2021,4:13:41 PM,7.4028824E+1,-4.5749016E+0,3.8584065E+3,0.0000000E+0
13355009,1/10/2021,4:13:41 PM,6.1313850E+1,1.8782804E+1,3.8691218E+3,0.0000000E+0
13355010,1/10/2021,4:13:41 PM,4.3172398E+1,3.5614609E+1,3.8735867E+3,0.0000000E+0
13355011,1/10/2021,4:13:41 PM,1.6343561E+1,4.6178032E+1,3.8575137E+3,0.0000000E+0
13355012,1/10/2021,4:13:41 PM,1.4659472E+1,5.3274075E+1,3.8682290E+3,0.0000000E+0
13355013,1/10/2021,4:13:41 PM,2.1785505E+0,6.6767311E+1,3.8646572E+3,0.0000000E+0
13355014,1/10/2021,4:13:41 PM,-1.7753986E+1,8.1873276E+1,3.8718008E+3,0.0000000E+0
13355015,1/10/2021,4:13:41 PM,-3.1521437E+1,9.5151474E+1,3.8869807E+3,0.0000000E+0
13355016,1/10/2021,4:13:42 PM,-5.2695332E+1,9.8914528E+1,3.8619785E+3,0.0000000E+0
13355017,1/10/2021,4:13:42 PM,-6.1127647E+1,9.7489944E+1,3.8691218E+3,0.0000000E+0
13355018,1/10/2021,4:13:42 PM,-7.5465240E+1,1.0391402E+2,3.8771584E+3,0.0000000E+0
13355019,1/10/2021,4:13:42 PM,-9.5867729E+1,1.0509668E+2,3.8682290E+3,0.0000000E+0
13355020,1/10/2021,4:13:42 PM,-1.1055114E+2,1.0176370E+2,3.8664431E+3,0.0000000E+0
13355021,1/10/2021,4:13:42 PM,-1.2760197E+2,9.5151474E+1,3.8628713E+3,0.0000000E+0
13355022,1/10/2021,4:13:42 PM,-1.3239003E+2,8.2222702E+1,3.8619785E+3,0.0000000E+0
13355023,1/10/2021,4:13:42 PM,-1.3265604E+2,6.8568199E+1,3.8548347E+3,0.0000000E+0
13355024,1/10/2021,4:13:42 PM,-1.3608749E+2,5.4053566E+1,3.8557275E+3,0.0000000E+0
13355025,1/10/2021,4:13:42 PM,-1.2722956E+2,3.5157665E+1,3.8539419E+3,0.0000000E+0
13355026,1/10/2021,4:13:43 PM,-1.2190948E+2,1.9043383E+1,3.8459053E+3,0.0000000E+0
13355027,1/10/2021,4:13:43 PM,-1.0876891E+2,-1.9259671E+0,3.8459053E+3,0.0000000E+0
13355028,1/10/2021,4:13:43 PM,-9.6133728E+1,-2.1046217E+1,3.8369758E+3,0.0000000E+0
13355029,1/10/2021,4:13:43 PM,-8.3870964E+1,-3.7388618E+1,3.8396548E+3,0.0000000E+0
13355030,1/10/2021,4:13:43 PM,-7.3284019E+1,-4.7118793E+1,3.8387620E+3,0.0000000E+0
13355031,1/10/2021,4:13:43 PM,-6.5357101E+1,-5.1123760E+1,3.8476914E+3,0.0000000E+0
13355032,1/10/2021,4:13:43 PM,-6.2165058E+1,-5.5074963E+1,3.8387620E+3,0.0000000E+0
13355033,1/10/2021,4:13:43 PM,-5.3280537E+1,-6.2574192E+1,3.8405476E+3,0.0000000E+0
13355034,1/10/2021,4:13:43 PM,-4.8944675E+1,-6.3918140E+1,3.8423335E+3,0.0000000E+0
13355035,1/10/2021,4:13:43 PM,-4.4449215E+1,-6.0988331E+1,3.8476914E+3,0.0000000E+0
13355036,1/10/2021,4:13:44 PM,-3.5830696E+1,-6.1364635E+1,3.8539419E+3,0.0000000E+0
13355037,1/10/2021,4:13:44 PM,-2.3621128E+1,-6.9293930E+1,3.8432266E+3,0.0000000E+0
13355038,1/10/2021,4:13:44 PM,-1.2270169E+1,-7.4535324E+1,3.8476914E+3,0.0000000E+0
13355039,1/10/2021,4:13:44 PM,1.8227233E+0,-7.9104744E+1,3.8432266E+3,0.0000000E+0
13355040,1/10/2021,4:13:44 PM,1.1807045E+1,-7.8594048E+1,3.8539419E+3,0.0000000E+0
13355041,1/10/2021,4:13:44 PM,2.5722555E+1,-8.0824997E+1,3.8512629E+3,0.0000000E+0
13355042,1/10/2021,4:13:44 PM,3.9075943E+1,-8.5421303E+1,3.8459053E+3,0.0000000E+0
13355043,1/10/2021,4:13:44 PM,5.1657917E+1,-9.0904602E+1,3.8459053E+3,0.0000000E+0
13355044,1/10/2021,4:13:44 PM,6.3202477E+1,-8.9695045E+1,3.8396548E+3,0.0000000E+0
13355045,1/10/2021,4:13:44 PM,7.1368790E+1,-8.3620407E+1,3.8584065E+3,0.0000000E+0
13355046,1/10/2021,4:13:45 PM,7.7859276E+1,-7.6766273E+1,3.8494771E+3,0.0000000E+0
13355047,1/10/2021,4:13:45 PM,7.8524284E+1,-6.9508957E+1,3.8503701E+3,0.0000000E+0
13355048,1/10/2021,4:13:45 PM,7.6502663E+1,-6.0773304E+1,3.8459053E+3,0.0000000E+0
13355049,1/10/2021,4:13:45 PM,7.2831810E+1,-4.6688732E+1,3.8548347E+3,0.0000000E+0
13355050,1/10/2021,4:13:45 PM,6.7697937E+1,-2.6986464E+1,3.8601924E+3,0.0000000E+0
13355051,1/10/2021,4:13:45 PM,6.0941444E+1,-9.0351038E+0,3.8646572E+3,0.0000000E+0
13355052,1/10/2021,4:13:45 PM,5.6977989E+1,6.4319940E+0,3.8700146E+3,0.0000000E+0
13355053,1/10/2021,4:13:45 PM,5.1604713E+1,1.6783278E+1,3.8619785E+3,0.0000000E+0
13355054,1/10/2021,4:13:45 PM,5.2030323E+1,2.7120857E+1,3.8726936E+3,0.0000000E+0
13355055,1/10/2021,4:13:45 PM,5.2056919E+1,3.5964035E+1,3.8709080E+3,0.0000000E+0
13355056,1/10/2021,4:13:46 PM,5.3759346E+1,4.3248230E+1,3.8780513E+3,0.0000000E+0
13355057,1/10/2021,4:13:46 PM,5.4690357E+1,4.5667336E+1,3.8744795E+3,0.0000000E+0
13355058,1/10/2021,4:13:46 PM,5.1019505E+1,4.5963001E+1,3.8709080E+3,0.0000000E+0
13355059,1/10/2021,4:13:46 PM,4.6391041E+1,4.5855488E+1,3.8700146E+3,0.0000000E+0
13355060,1/10/2021,4:13:46 PM,4.4901421E+1,4.4000839E+1,3.8673359E+3,0.0000000E+0
13355061,1/10/2021,4:13:46 PM,3.7639523E+1,4.6312428E+1,3.8726936E+3,0.0000000E+0
13355062,1/10/2021,4:13:46 PM,2.3913731E+1,4.8086441E+1,3.8619785E+3,0.0000000E+0
13355063,1/10/2021,4:13:46 PM,9.6466742E+0,4.8489624E+1,3.8691218E+3,0.0000000E+0
13355064,1/10/2021,4:13:46 PM,-1.0430829E+1,5.4429871E+1,3.8646572E+3,0.0000000E+0
13355065,1/10/2021,4:13:46 PM,-3.6149902E+1,5.8192924E+1,3.8592996E+3,0.0000000E+0
13355066,1/10/2021,4:13:47 PM,-5.4344551E+1,5.8004772E+1,3.8557275E+3,0.0000000E+0
13355067,1/10/2021,4:13:47 PM,-6.6341316E+1,6.1794704E+1,3.8709080E+3,0.0000000E+0
13355068,1/10/2021,4:13:47 PM,-8.1769531E+1,5.9751900E+1,3.8601924E+3,0.0000000E+0
13355069,1/10/2021,4:13:47 PM,-9.6798737E+1,5.2091400E+1,3.8530491E+3,0.0000000E+0
13355070,1/10/2021,4:13:47 PM,-1.1153535E+2,4.4135235E+1,3.8512629E+3,0.0000000E+0
13355071,1/10/2021,4:13:47 PM,-1.1954206E+2,3.7711163E+1,3.8548347E+3,0.0000000E+0
13355072,1/10/2021,4:13:47 PM,-1.2297350E+2,3.2604164E+1,3.8530491E+3,0.0000000E+0
13355073,1/10/2021,4:13:47 PM,-1.2789458E+2,2.5669397E+1,3.8530491E+3,0.0000000E+0
13355074,1/10/2021,4:13:47 PM,-1.3113982E+2,1.2518326E+1,3.8459053E+3,0.0000000E+0
13355075,1/10/2021,4:13:47 PM,-1.2637836E+2,1.6824554E+0,3.8459053E+3,0.0000000E+0
13355076,1/10/2021,4:13:48 PM,-1.2284049E+2,-6.4878321E+0,3.8459053E+3,0.0000000E+0
13355077,1/10/2021,4:13:48 PM,-1.1347717E+2,-1.7269865E+1,3.8459053E+3,0.0000000E+0
13355078,1/10/2021,4:13:48 PM,-1.0924771E+2,-2.5588760E+1,3.8423335E+3,0.0000000E+0
13355079,1/10/2021,4:13:48 PM,-1.0563006E+2,-3.2200981E+1,3.8387620E+3,0.0000000E+0
13355080,1/10/2021,4:13:48 PM,-1.0283703E+2,-3.4485691E+1,3.8405476E+3,0.0000000E+0
13355081,1/10/2021,4:13:48 PM,-1.0326263E+2,-3.2657925E+1,3.8351899E+3,0.0000000E+0
13355082,1/10/2021,4:13:48 PM,-9.3181091E+1,-3.4324417E+1,3.8494771E+3,0.0000000E+0
13355083,1/10/2021,4:13:48 PM,-7.7486877E+1,-3.6555370E+1,3.8423335E+3,0.0000000E+0
13355084,1/10/2021,4:13:48 PM,-5.2961334E+1,-4.4699688E+1,3.8405476E+3,0.0000000E+0
13355085,1/10/2021,4:13:48 PM,-2.5935360E+1,-4.6742493E+1,3.8459053E+3,0.0000000E+0
13355086,1/10/2021,4:13:49 PM,4.3024192E+0,-5.1607578E+1,3.8476914E+3,0.0000000E+0
13355087,1/10/2021,4:13:49 PM,3.2612049E+1,-4.7978924E+1,3.8619785E+3,0.0000000E+0
13355088,1/10/2021,4:13:49 PM,5.8015408E+1,-4.9457264E+1,3.8619785E+3,0.0000000E+0
13355089,1/10/2021,4:13:49 PM,8.1929131E+1,-5.6123245E+1,3.8584065E+3,0.0000000E+0
13355090,1/10/2021,4:13:49 PM,9.9112968E+1,-5.8407955E+1,3.8512629E+3,0.0000000E+0
13355091,1/10/2021,4:13:49 PM,1.1190775E+2,-5.6418915E+1,3.8601924E+3,0.0000000E+0
13355092,1/10/2021,4:13:49 PM,1.2608575E+2,-4.7038158E+1,3.8780513E+3,0.0000000E+0
13355093,1/10/2021,4:13:49 PM,1.3246983E+2,-4.2818165E+1,3.8709080E+3,0.0000000E+0
13355094,1/10/2021,4:13:49 PM,1.2909160E+2,-4.2898804E+1,3.8610852E+3,0.0000000E+0
13355095,1/10/2021,4:13:49 PM,1.2661775E+2,-4.1151669E+1,3.8601924E+3,0.0000000E+0
13355096,1/10/2021,4:13:50 PM,1.2127108E+2,-3.5614609E+1,3.8619785E+3,0.0000000E+0
13355097,1/10/2021,4:13:50 PM,1.0906152E+2,-2.6959585E+1,3.8673359E+3,0.0000000E+0
13355098,1/10/2021,4:13:50 PM,9.4351509E+1,-2.3465322E+1,3.8610852E+3,0.0000000E+0
13355099,1/10/2021,4:13:50 PM,7.9774506E+1,-1.9548582E+1,3.8566208E+3,0.0000000E+0
13355100,1/10/2021,4:13:50 PM,6.7352127E+1,-1.6166401E+1,3.8566208E+3,0.0000000E+0
13355101,1/10/2021,4:13:50 PM,4.7056053E+1,-7.1818175E+0,3.8548347E+3,0.0000000E+0
13355102,1/10/2021,4:13:50 PM,3.5059284E+1,1.5759506E+0,3.8619785E+3,0.0000000E+0
13355103,1/10/2021,4:13:50 PM,2.4286137E+1,9.7875862E+0,3.8637642E+3,0.0000000E+0
13355104,1/10/2021,4:13:50 PM,7.0573869E+0,1.5857965E+1,3.8584065E+3,0.0000000E+0
13355105,1/10/2021,4:13:50 PM,-3.0954597E+0,1.8083502E+1,3.8584065E+3,0.0000000E+0
13355106,1/10/2021,4:13:51 PM,-1.4141088E+1,2.2363285E+1,3.8584065E+3,0.0000000E+0
13355107,1/10/2021,4:13:51 PM,-2.6201365E+1,3.0211937E+1,3.8673359E+3,0.0000000E+0
13355108,1/10/2021,4:13:51 PM,-4.0671963E+1,3.5695244E+1,3.8655500E+3,0.0000000E+0
13355109,1/10/2021,4:13:51 PM,-5.9345421E+1,3.8786320E+1,3.8610852E+3,0.0000000E+0
13355110,1/10/2021,4:13:51 PM,-8.1237526E+1,4.1931160E+1,3.8566208E+3,0.0000000E+0
13355111,1/10/2021,4:13:51 PM,-9.4856911E+1,4.2441860E+1,3.8637642E+3,0.0000000E+0
13355112,1/10/2021,4:13:51 PM,-1.0810389E+2,4.0049633E+1,3.8494771E+3,0.0000000E+0
13355113,1/10/2021,4:13:51 PM,-1.1887704E+2,3.6662884E+1,3.8566208E+3,0.0000000E+0
13355114,1/10/2021,4:13:51 PM,-1.3039500E+2,3.1717157E+1,3.8476914E+3,0.0000000E+0
13355115,1/10/2021,4:13:51 PM,-1.3473087E+2,2.4217934E+1,3.8476914E+3,0.0000000E+0
13355116,1/10/2021,4:13:52 PM,-1.3645988E+2,1.4932651E+1,3.8414407E+3,0.0000000E+0
13355117,1/10/2021,4:13:52 PM,-1.2839998E+2,5.4907269E+0,3.8423335E+3,0.0000000E+0
13355118,1/10/2021,4:13:52 PM,-1.2196269E+2,-1.2375692E-1,3.8423335E+3,0.0000000E+0
13355119,1/10/2021,4:13:52 PM,-1.1063093E+2,-2.9781303E+0,3.8459053E+3,0.0000000E+0
13355120,1/10/2021,4:13:52 PM,-1.0105480E+2,-6.4293351E+0,3.8405476E+3,0.0000000E+0
13355121,1/10/2021,4:13:52 PM,-8.6131996E+1,-1.0335329E+1,3.8423335E+3,0.0000000E+0
13355122,1/10/2021,4:13:52 PM,-6.7245728E+1,-1.0104001E+1,3.8566208E+3,0.0000000E+0
13355123,1/10/2021,4:13:52 PM,-4.7162453E+1,-9.5270090E+0,3.8512629E+3,0.0000000E+0
13355124,1/10/2021,4:13:52 PM,-3.2133244E+1,-1.0242266E+1,3.8557275E+3,0.0000000E+0
13355125,1/10/2021,4:13:52 PM,-1.4593686E+1,-8.9500179E+0,3.8584065E+3,0.0000000E+0
13355126,1/10/2021,4:13:53 PM,-1.0505337E-1,-8.7186890E+0,3.8601924E+3,0.0000000E+0
13355127,1/10/2021,4:13:53 PM,1.8659184E+1,-1.2289656E+1,3.8619785E+3,0.0000000E+0
13355128,1/10/2021,4:13:53 PM,3.8198128E+1,-1.6543972E+1,3.8628713E+3,0.0000000E+0
13355129,1/10/2021,4:13:53 PM,5.2934734E+1,-2.1798828E+1,3.8646572E+3,0.0000000E+0
13355130,1/10/2021,4:13:53 PM,6.3707878E+1,-2.8357292E+1,3.8601924E+3,0.0000000E+0
13355131,1/10/2021,4:13:53 PM,7.4241631E+1,-3.4969513E+1,3.8575137E+3,0.0000000E+0
13355132,1/10/2021,4:13:53 PM,8.0811920E+1,-3.9915237E+1,3.8637642E+3,0.0000000E+0
13355133,1/10/2021,4:13:53 PM,8.4722176E+1,-4.4215870E+1,3.8539419E+3,0.0000000E+0
13355134,1/10/2021,4:13:53 PM,8.5360580E+1,-4.7226311E+1,3.8566208E+3,0.0000000E+0
13355135,1/10/2021,4:13:53 PM,8.0492714E+1,-4.6500580E+1,3.8521558E+3,0.0000000E+0
13355136,1/10/2021,4:13:54 PM,7.4614037E+1,-4.2388100E+1,3.8548347E+3,0.0000000E+0
13355137,1/10/2021,4:13:54 PM,6.8017143E+1,-3.6259701E+1,3.8530491E+3,0.0000000E+0
13355138,1/10/2021,4:13:54 PM,6.0994644E+1,-2.9862513E+1,3.8548347E+3,0.0000000E+0
13355139,1/10/2021,4:13:54 PM,5.7243992E+1,-2.3169653E+1,3.8584065E+3,0.0000000E+0
13355140,1/10/2021,4:13:54 PM,4.9423485E+1,-1.6163742E+1,3.8548347E+3,0.0000000E+0
13355141,1/10/2021,4:13:54 PM,4.2507389E+1,-8.7745275E+0,3.8592996E+3,0.0000000E+0
13355142,1/10/2021,4:13:54 PM,3.8863136E+1,-2.5471523E-1,3.8610852E+3,0.0000000E+0
13355143,1/10/2021,4:13:54 PM,3.3888870E+1,6.8866744E+0,3.8655500E+3,0.0000000E+0
13355144,1/10/2021,4:13:54 PM,2.7584581E+1,1.3991382E+1,3.8637642E+3,0.0000000E+0
13355145,1/10/2021,4:13:54 PM,1.7088245E+1,2.0561642E+1,3.8673359E+3,0.0000000E+0
13355146,1/10/2021,4:13:55 PM,3.9759140E+0,2.7309010E+1,3.8637642E+3,0.0000000E+0
13355147,1/10/2021,4:13:55 PM,-1.4006886E+1,3.4566326E+1,3.8655500E+3,0.0000000E+0
13355148,1/10/2021,4:13:55 PM,-3.2665253E+1,4.0237785E+1,3.8673359E+3,0.0000000E+0
13355149,1/10/2021,4:13:55 PM,-5.1684513E+1,4.4941601E+1,3.8637642E+3,0.0000000E+0
13355150,1/10/2021,4:13:55 PM,-7.1209183E+1,4.7011280E+1,3.8619785E+3,0.0000000E+0
13355151,1/10/2021,4:13:55 PM,-9.0148643E+1,4.7172554E+1,3.8592996E+3,0.0000000E+0
13355152,1/10/2021,4:13:55 PM,-1.0560346E+2,4.3490139E+1,3.8521558E+3,0.0000000E+0
13355153,1/10/2021,4:13:55 PM,-1.1685542E+2,3.8436893E+1,3.8566208E+3,0.0000000E+0
13355154,1/10/2021,4:13:55 PM,-1.2696356E+2,3.3598686E+1,3.8494771E+3,0.0000000E+0
13355155,1/10/2021,4:13:55 PM,-1.3313484E+2,2.5212454E+1,3.8476914E+3,0.0000000E+0
13355156,1/10/2021,4:13:56 PM,-1.3486386E+2,1.6498770E+1,3.8441196E+3,0.0000000E+0
13355157,1/10/2021,4:13:56 PM,-1.3246983E+2,7.9688663E+0,3.8414407E+3,0.0000000E+0
13355158,1/10/2021,4:13:56 PM,-1.2095187E+2,-8.0281965E-2,3.8459053E+3,0.0000000E+0
13355159,1/10/2021,4:13:56 PM,-1.0589606E+2,-7.1711817E+0,3.8467981E+3,0.0000000E+0
13355160,1/10/2021,4:13:56 PM,-8.6743805E+1,-1.6626398E+1,3.8441196E+3,0.0000000E+0
13355161,1/10/2021,4:13:56 PM,-6.9666367E+1,-2.4513601E+1,3.8414407E+3,0.0000000E+0
13355162,1/10/2021,4:13:56 PM,-5.3280537E+1,-2.9190536E+1,3.8467981E+3,0.0000000E+0
13355163,1/10/2021,4:13:56 PM,-3.2292847E+1,-3.0615124E+1,3.8512629E+3,0.0000000E+0
13355164,1/10/2021,4:13:56 PM,-1.3299043E+1,-3.0937670E+1,3.8601924E+3,0.0000000E+0
13355165,1/10/2021,4:13:56 PM,3.3791702E+0,-3.2899834E+1,3.8566208E+3,0.0000000E+0
13355166,1/10/2021,4:13:57 PM,1.6448816E+1,-3.7926197E+1,3.8575137E+3,0.0000000E+0
13355167,1/10/2021,4:13:57 PM,2.6360966E+1,-4.1635490E+1,3.8521558E+3,0.0000000E+0
13355168,1/10/2021,4:13:57 PM,3.4899685E+1,-4.1958038E+1,3.8619785E+3,0.0000000E+0
13355169,1/10/2021,4:13:57 PM,4.4236412E+1,-4.4000839E+1,3.8601924E+3,0.0000000E+0
13355170,1/10/2021,4:13:57 PM,5.2801731E+1,-5.0048603E+1,3.8566208E+3,0.0000000E+0
13355171,1/10/2021,4:13:57 PM,5.9318825E+1,-5.5827576E+1,3.8530491E+3,0.0000000E+0
13355172,1/10/2021,4:13:57 PM,6.4000481E+1,-6.0880817E+1,3.8512629E+3,0.0000000E+0
13355173,1/10/2021,4:13:57 PM,7.0038773E+1,-6.4670746E+1,3.8494771E+3,0.0000000E+0
13355174,1/10/2021,4:13:57 PM,7.5518448E+1,-6.4509476E+1,3.8512629E+3,0.0000000E+0
13355175,1/10/2021,4:13:57 PM,7.9801102E+1,-6.3219284E+1,3.8539419E+3,0.0000000E+0
13355176,1/10/2021,4:13:58 PM,8.3259155E+1,-5.9993809E+1,3.8512629E+3,0.0000000E+0
13355177,1/10/2021,4:13:58 PM,8.2354744E+1,-5.6526428E+1,3.8476914E+3,0.0000000E+0
13355178,1/10/2021,4:13:58 PM,7.9668106E+1,-4.8462742E+1,3.8512629E+3,0.0000000E+0
13355179,1/10/2021,4:13:58 PM,7.6183456E+1,-3.6743523E+1,3.8557275E+3,0.0000000E+0
13355180,1/10/2021,4:13:58 PM,6.8495949E+1,-2.3277170E+1,3.8601924E+3,0.0000000E+0
13355181,1/10/2021,4:13:58 PM,5.8893215E+1,-8.0885191E+0,3.8655500E+3,0.0000000E+0
13355182,1/10/2021,4:13:58 PM,4.7667862E+1,5.8682971E+0,3.8619785E+3,0.0000000E+0
13355183,1/10/2021,4:13:58 PM,3.5298687E+1,1.9072632E+1,3.8673359E+3,0.0000000E+0
13355184,1/10/2021,4:13:58 PM,2.2370911E+1,3.0964550E+1,3.8655500E+3,0.0000000E+0
13355185,1/10/2021,4:13:58 PM,1.0525558E+1,4.2307465E+1,3.8709080E+3,0.0000000E+0
13355186,1/10/2021,4:13:59 PM,-4.1914711E+0,5.2198917E+1,3.8709080E+3,0.0000000E+0
13355187,1/10/2021,4:13:59 PM,-1.8214478E+1,5.9106808E+1,3.8682290E+3,0.0000000E+0
13355188,1/10/2021,4:13:59 PM,-3.4633682E+1,6.5826546E+1,3.8753723E+3,0.0000000E+0
13355189,1/10/2021,4:13:59 PM,-5.5248962E+1,6.7842468E+1,3.8566208E+3,0.0000000E+0
13355190,1/10/2021,4:13:59 PM,-7.0437775E+1,6.7842468E+1,3.8601924E+3,0.0000000E+0
13355191,1/10/2021,4:13:59 PM,-8.4003967E+1,7.1121696E+1,3.8673359E+3,0.0000000E+0
13355192,1/10/2021,4:13:59 PM,-9.6213531E+1,7.0019661E+1,3.8584065E+3,0.0000000E+0
13355193,1/10/2021,4:13:59 PM,-1.0552366E+2,6.2439796E+1,3.8548347E+3,0.0000000E+0
13355194,1/10/2021,4:13:59 PM,-1.1467419E+2,5.5908211E+1,3.8494771E+3,0.0000000E+0
13355195,1/10/2021,4:13:59 PM,-1.1890364E+2,5.1903248E+1,3.8566208E+3,0.0000000E+0
13355196,1/10/2021,4:14:00 PM,-1.1783962E+2,4.4108353E+1,3.8512629E+3,0.0000000E+0
13355197,1/10/2021,4:14:00 PM,-1.1273236E+2,3.6205944E+1,3.8548347E+3,0.0000000E+0
13355198,1/10/2021,4:14:00 PM,-1.0650787E+2,2.6690794E+1,3.8476914E+3,0.0000000E+0
13355199,1/10/2021,4:14:00 PM,-9.7703156E+1,1.7878765E+1,3.8503701E+3,0.0000000E+0
13355200,1/10/2021,4:14:00 PM,-8.4482773E+1,1.1603647E+1,3.8530491E+3,0.0000000E+0
13355201,1/10/2021,4:14:00 PM,-7.0570778E+1,5.9134998E+0,3.8566208E+3,0.0000000E+0
13355202,1/10/2021,4:14:00 PM,-5.4690357E+1,-4.9096308E+0,3.8539419E+3,0.0000000E+0
13355203,1/10/2021,4:14:00 PM,-3.9953754E+1,-1.5796807E+1,3.8485842E+3,0.0000000E+0
13355204,1/10/2021,4:14:00 PM,-3.2026844E+1,-2.2524559E+1,3.8485842E+3,0.0000000E+0
13355205,1/10/2021,4:14:00 PM,-2.2078304E+1,-2.4567358E+1,3.8539419E+3,0.0000000E+0
13355206,1/10/2021,4:14:01 PM,-1.1920196E+1,-2.7658440E+1,3.8575137E+3,0.0000000E+0
13355207,1/10/2021,4:14:01 PM,-3.1961057E+0,-3.2765438E+1,3.8548347E+3,0.0000000E+0
13355208,1/10/2021,4:14:01 PM,4.0155387E+0,-4.0963516E+1,3.8530491E+3,0.0000000E+0
13355209,1/10/2021,4:14:01 PM,1.3296412E+1,-5.0398029E+1,3.8423335E+3,0.0000000E+0
13355210,1/10/2021,4:14:01 PM,2.2956118E+1,-5.4806175E+1,3.8566208E+3,0.0000000E+0
13355211,1/10/2021,4:14:01 PM,3.0936228E+1,-5.7628468E+1,3.8512629E+3,0.0000000E+0
13355212,1/10/2021,4:14:01 PM,3.8357731E+1,-6.1284000E+1,3.8566208E+3,0.0000000E+0
13355213,1/10/2021,4:14:01 PM,4.4342812E+1,-6.5450233E+1,3.8512629E+3,0.0000000E+0
13355214,1/10/2021,4:14:01 PM,5.1179111E+1,-7.4669724E+1,3.8423335E+3,0.0000000E+0
13355215,1/10/2021,4:14:01 PM,6.0622238E+1,-7.7357613E+1,3.8476914E+3,0.0000000E+0
13355216,1/10/2021,4:14:02 PM,6.7405334E+1,-7.4266533E+1,3.8548347E+3,0.0000000E+0
13355217,1/10/2021,4:14:02 PM,7.3124413E+1,-7.0826035E+1,3.8601924E+3,0.0000000E+0
13355218,1/10/2021,4:14:02 PM,7.7194267E+1,-7.0557236E+1,3.8494771E+3,0.0000000E+0
13355219,1/10/2021,4:14:02 PM,7.5811050E+1,-6.7546799E+1,3.8494771E+3,0.0000000E+0
13355220,1/10/2021,4:14:02 PM,7.3257416E+1,-6.0343239E+1,3.8530491E+3,0.0000000E+0
13355221,1/10/2021,4:14:02 PM,7.1927399E+1,-5.1768852E+1,3.8584065E+3,0.0000000E+0
13355222,1/10/2021,4:14:02 PM,6.3229073E+1,-4.0022755E+1,3.8566208E+3,0.0000000E+0
13355223,1/10/2021,4:14:02 PM,4.9529888E+1,-2.8626081E+1,3.8584065E+3,0.0000000E+0
13355224,1/10/2021,4:14:02 PM,3.7293716E+1,-1.8535524E+1,3.8548347E+3,0.0000000E+0
13355225,1/10/2021,4:14:02 PM,2.4153135E+1,-5.9400887E+0,3.8584065E+3,0.0000000E+0
13355226,1/10/2021,4:14:03 PM,9.5940466E+0,7.4636664E+0,3.8601924E+3,0.0000000E+0
13355227,1/10/2021,4:14:03 PM,-3.5931423E+0,2.1852585E+1,3.8673359E+3,0.0000000E+0
13355228,1/10/2021,4:14:03 PM,-1.8472355E+1,3.2711681E+1,3.8575137E+3,0.0000000E+0
13355229,1/10/2021,4:14:03 PM,-3.2638653E+1,4.3866444E+1,3.8637642E+3,0.0000000E+0
13355230,1/10/2021,4:14:03 PM,-4.7401855E+1,5.5343754E+1,3.8619785E+3,0.0000000E+0
13355231,1/10/2021,4:14:03 PM,-5.5381966E+1,6.3192406E+1,3.8646572E+3,0.0000000E+0
13355232,1/10/2021,4:14:03 PM,-6.0542439E+1,7.0369087E+1,3.8709080E+3,0.0000000E+0
13355233,1/10/2021,4:14:03 PM,-6.9825966E+1,7.5610481E+1,3.8646572E+3,0.0000000E+0
13355234,1/10/2021,4:14:03 PM,-7.5252441E+1,7.6389969E+1,3.8673359E+3,0.0000000E+0
13355235,1/10/2021,4:14:03 PM,-7.6050453E+1,7.4185898E+1,3.8646572E+3,0.0000000E+0
13355236,1/10/2021,4:14:04 PM,-7.7114471E+1,6.8111252E+1,3.8619785E+3,0.0000000E+0
13355237,1/10/2021,4:14:04 PM,-7.1714592E+1,5.9214321E+1,3.8637642E+3,0.0000000E+0
13355238,1/10/2021,4:14:04 PM,-6.8283150E+1,5.0209877E+1,3.8619785E+3,0.0000000E+0
13355239,1/10/2021,4:14:04 PM,-6.6500916E+1,3.8813202E+1,3.8584065E+3,0.0000000E+0
13355240,1/10/2021,4:14:04 PM,-6.2032055E+1,2.4889906E+1,3.8566208E+3,0.0000000E+0
13355241,1/10/2021,4:14:04 PM,-5.8414410E+1,1.2247112E+1,3.8530491E+3,0.0000000E+0
13355242,1/10/2021,4:14:04 PM,-5.6312977E+1,3.4441891E+0,3.8548347E+3,0.0000000E+0
13355243,1/10/2021,4:14:04 PM,-5.5275570E+1,-3.5378811E+0,3.8557275E+3,0.0000000E+0
13355244,1/10/2021,4:14:04 PM,-5.4344551E+1,-1.3597857E+1,3.8494771E+3,0.0000000E+0
13355245,1/10/2021,4:14:04 PM,-5.5355370E+1,-2.1530039E+1,3.8467981E+3,0.0000000E+0
13355246,1/10/2021,4:14:05 PM,-5.6206581E+1,-2.9916269E+1,3.8459053E+3,0.0000000E+0
13355247,1/10/2021,4:14:05 PM,-5.3918949E+1,-3.6877918E+1,3.8441196E+3,0.0000000E+0
13355248,1/10/2021,4:14:05 PM,-5.5089363E+1,-3.9404537E+1,3.8476914E+3,0.0000000E+0
13355249,1/10/2021,4:14:05 PM,-5.1338711E+1,-4.4188992E+1,3.8459053E+3,0.0000000E+0
13355250,1/10/2021,4:14:05 PM,-4.3438400E+1,-4.9833569E+1,3.8467981E+3,0.0000000E+0
13355251,1/10/2021,4:14:05 PM,-3.3330261E+1,-5.9402477E+1,3.8414407E+3,0.0000000E+0
13355252,1/10/2021,4:14:05 PM,-2.0774887E+1,-6.7949982E+1,3.8405476E+3,0.0000000E+0
13355253,1/10/2021,4:14:05 PM,-7.4941978E+0,-7.2707558E+1,3.8459053E+3,0.0000000E+0
13355254,1/10/2021,4:14:05 PM,4.5877151E+0,-7.7250099E+1,3.8423335E+3,0.0000000E+0
13355255,1/10/2021,4:14:05 PM,1.7701357E+1,-7.8943466E+1,3.8467981E+3,0.0000000E+0
13355256,1/10/2021,4:14:06 PM,3.0723427E+1,-7.8540291E+1,3.8441196E+3,0.0000000E+0
13355257,1/10/2021,4:14:06 PM,4.1416771E+1,-7.5744881E+1,3.8476914E+3,0.0000000E+0
13355258,1/10/2021,4:14:06 PM,5.0593903E+1,-6.7896225E+1,3.8503701E+3,0.0000000E+0
13355259,1/10/2021,4:14:06 PM,5.4849960E+1,-5.8407955E+1,3.8512629E+3,0.0000000E+0
13355260,1/10/2021,4:14:06 PM,5.6605583E+1,-4.5936123E+1,3.8539419E+3,0.0000000E+0
13355261,1/10/2021,4:14:06 PM,5.6791782E+1,-3.2469769E+1,3.8548347E+3,0.0000000E+0
13355262,1/10/2021,4:14:06 PM,5.4929760E+1,-1.8671131E+1,3.8584065E+3,0.0000000E+0
13355263,1/10/2021,4:14:06 PM,5.2961334E+1,-3.9230602E+0,3.8619785E+3,0.0000000E+0
13355264,1/10/2021,4:14:06 PM,5.2083519E+1,1.0327353E+1,3.8655500E+3,0.0000000E+0
13355265,1/10/2021,4:14:06 PM,4.9184082E+1,2.3438442E+1,3.8673359E+3,0.0000000E+0
13355266,1/10/2021,4:14:07 PM,4.7348656E+1,3.4620087E+1,3.8682290E+3,0.0000000E+0
13355267,1/10/2021,4:14:07 PM,4.4768417E+1,4.4511539E+1,3.8718008E+3,0.0000000E+0
13355268,1/10/2021,4:14:07 PM,4.2640388E+1,5.2790257E+1,3.8726936E+3,0.0000000E+0
13355269,1/10/2021,4:14:07 PM,4.0618763E+1,5.8864899E+1,3.8726936E+3,0.0000000E+0
13355270,1/10/2021,4:14:07 PM,3.3037659E+1,6.3918140E+1,3.8744795E+3,0.0000000E+0
13355271,1/10/2021,4:14:07 PM,2.7079176E+1,6.7412399E+1,3.8744795E+3,0.0000000E+0
13355272,1/10/2021,4:14:07 PM,1.9956459E+1,6.9186409E+1,3.8744795E+3,0.0000000E+0
13355273,1/10/2021,4:14:07 PM,1.2872757E+1,6.9401443E+1,3.8726936E+3,0.0000000E+0
13355274,1/10/2021,4:14:07 PM,3.6723912E+0,6.7519913E+1,3.8682290E+3,0.0000000E+0
13355275,1/10/2021,4:14:07 PM,-6.5811052E+0,6.3622471E+1,3.8655500E+3,0.0000000E+0
13355276,1/10/2021,4:14:08 PM,-1.7519793E+1,6.1122726E+1,3.8691218E+3,0.0000000E+0
13355277,1/10/2021,4:14:08 PM,-2.8302792E+1,5.5773815E+1,3.8637642E+3,0.0000000E+0
13355278,1/10/2021,4:14:08 PM,-3.6681908E+1,4.7602619E+1,3.8610852E+3,0.0000000E+0
13355279,1/10/2021,4:14:08 PM,-4.6976254E+1,3.9028233E+1,3.8584065E+3,0.0000000E+0
13355280,1/10/2021,4:14:08 PM,-5.7536594E+1,2.9593723E+1,3.8503701E+3,0.0000000E+0
13355281,1/10/2021,4:14:08 PM,-6.3096069E+1,2.3142775E+1,3.8601924E+3,0.0000000E+0
13355282,1/10/2021,4:14:08 PM,-6.8096939E+1,1.5711721E+1,3.8539419E+3,0.0000000E+0
13355283,1/10/2021,4:14:08 PM,-7.0331375E+1,6.5808949E+0,3.8539419E+3,0.0000000E+0
13355284,1/10/2021,4:14:08 PM,-7.3949020E+1,-3.8742120E+0,3.8467981E+3,0.0000000E+0
13355285,1/10/2021,4:14:08 PM,-7.5864250E+1,-1.3068728E+1,3.8467981E+3,0.0000000E+0
13355286,1/10/2021,4:14:09 PM,-7.6901665E+1,-1.9272053E+1,3.8485842E+3,0.0000000E+0
13355287,1/10/2021,4:14:09 PM,-7.7566673E+1,-2.5131817E+1,3.8459053E+3,0.0000000E+0
13355288,1/10/2021,4:14:09 PM,-7.7274071E+1,-2.9808756E+1,3.8512629E+3,0.0000000E+0
13355289,1/10/2021,4:14:09 PM,-7.5757851E+1,-3.7012310E+1,3.8432266E+3,0.0000000E+0
13355290,1/10/2021,4:14:09 PM,-7.2459404E+1,-4.3947083E+1,3.8414407E+3,0.0000000E+0
13355291,1/10/2021,4:14:09 PM,-6.7192528E+1,-4.7333828E+1,3.8423335E+3,0.0000000E+0
13355292,1/10/2021,4:14:09 PM,-5.9505024E+1,-5.0236755E+1,3.8476914E+3,0.0000000E+0
13355293,1/10/2021,4:14:09 PM,-4.9875690E+1,-5.2252678E+1,3.8485842E+3,0.0000000E+0
13355294,1/10/2021,4:14:09 PM,-4.1336971E+1,-5.8219799E+1,3.8459053E+3,0.0000000E+0
13355295,1/10/2021,4:14:09 PM,-2.9898813E+1,-6.6310364E+1,3.8405476E+3,0.0000000E+0
13355296,1/10/2021,4:14:10 PM,-1.6167257E+1,-7.0503479E+1,3.8423335E+3,0.0000000E+0
13355297,1/10/2021,4:14:10 PM,-1.5033504E+0,-7.0826035E+1,3.8512629E+3,0.0000000E+0
13355298,1/10/2021,4:14:10 PM,1.0370306E+1,-6.9858391E+1,3.8512629E+3,0.0000000E+0
13355299,1/10/2021,4:14:10 PM,1.8690762E+1,-7.0799149E+1,3.8476914E+3,0.0000000E+0
13355300,1/10/2021,4:14:10 PM,2.5882158E+1,-7.0664749E+1,3.8494771E+3,0.0000000E+0
13355301,1/10/2021,4:14:10 PM,3.3277061E+1,-6.9159538E+1,3.8494771E+3,0.0000000E+0
13355302,1/10/2021,4:14:10 PM,4.1203972E+1,-6.4240685E+1,3.8530491E+3,0.0000000E+0
13355303,1/10/2021,4:14:10 PM,4.4954620E+1,-5.7037128E+1,3.8584065E+3,0.0000000E+0
13355304,1/10/2021,4:14:10 PM,4.4529015E+1,-5.0962486E+1,3.8548347E+3,0.0000000E+0
13355305,1/10/2021,4:14:10 PM,4.2400986E+1,-4.6500580E+1,3.8512629E+3,0.0000000E+0
13355306,1/10/2021,4:14:11 PM,4.1070969E+1,-3.9619568E+1,3.8548347E+3,0.0000000E+0
13355307,1/10/2021,4:14:11 PM,3.9687752E+1,-3.1206459E+1,3.8566208E+3,0.0000000E+0
13355308,1/10/2021,4:14:11 PM,3.6123299E+1,-2.2255770E+1,3.8601924E+3,0.0000000E+0
13355309,1/10/2021,4:14:11 PM,2.8675198E+1,-1.2385378E+1,3.8619785E+3,0.0000000E+0
13355310,1/10/2021,4:14:11 PM,1.9809101E+1,-7.1764994E+0,3.8539419E+3,0.0000000E+0
13355311,1/10/2021,4:14:11 PM,1.3109584E+1,-1.1186132E+0,3.8566208E+3,0.0000000E+0
13355312,1/10/2021,4:14:11 PM,7.9336395E+0,7.3360367E+0,3.8548347E+3,0.0000000E+0
13355313,1/10/2021,4:14:11 PM,3.0835721E+0,1.6559925E+1,3.8655500E+3,0.0000000E+0
13355314,1/10/2021,4:14:11 PM,-2.0034106E+0,2.5239332E+1,3.8637642E+3,0.0000000E+0
13355315,1/10/2021,4:14:11 PM,-1.1686002E+1,3.1313976E+1,3.8566208E+3,0.0000000E+0
13355316,1/10/2021,4:14:12 PM,-1.4654208E+1,3.7576771E+1,3.8637642E+3,0.0000000E+0
13355317,1/10/2021,4:14:12 PM,-1.5214695E+1,4.4000839E+1,3.8646572E+3,0.0000000E+0
13355318,1/10/2021,4:14:12 PM,-1.8777596E+1,4.8516502E+1,3.8610852E+3,0.0000000E+0
13355319,1/10/2021,4:14:12 PM,-2.0349281E+1,5.4295475E+1,3.8709080E+3,0.0000000E+0
13355320,1/10/2021,4:14:12 PM,-2.5961958E+1,5.7655346E+1,3.8655500E+3,0.0000000E+0
13355321,1/10/2021,4:14:12 PM,-3.1893843E+1,5.5531906E+1,3.8610852E+3,0.0000000E+0
13355322,1/10/2021,4:14:12 PM,-3.3543064E+1,5.4806175E+1,3.8637642E+3,0.0000000E+0
13355323,1/10/2021,4:14:12 PM,-3.4287876E+1,5.5531906E+1,3.8673359E+3,0.0000000E+0
13355324,1/10/2021,4:14:12 PM,-3.6415905E+1,5.2333313E+1,3.8619785E+3,0.0000000E+0
13355325,1/10/2021,4:14:12 PM,-4.0326157E+1,4.8758411E+1,3.8610852E+3,0.0000000E+0
13355326,1/10/2021,4:14:13 PM,-4.5353630E+1,4.4753448E+1,3.8548347E+3,0.0000000E+0
13355327,1/10/2021,4:14:13 PM,-4.3677807E+1,4.0425938E+1,3.8619785E+3,0.0000000E+0
13355328,1/10/2021,4:14:13 PM,-4.2241386E+1,3.6152187E+1,3.8566208E+3,0.0000000E+0
13355329,1/10/2021,4:14:13 PM,-3.9155743E+1,3.0131302E+1,3.8566208E+3,0.0000000E+0
13355330,1/10/2021,4:14:13 PM,-3.5697697E+1,2.5776911E+1,3.8601924E+3,0.0000000E+0
13355331,1/10/2021,4:14:13 PM,-3.2612049E+1,1.9117832E+1,3.8503701E+3,0.0000000E+0
13355332,1/10/2021,4:14:13 PM,-2.6733372E+1,1.3079363E+1,3.8601924E+3,0.0000000E+0
13355333,1/10/2021,4:14:13 PM,-1.5846228E+1,8.6336031E+0,3.8575137E+3,0.0000000E+0
13355334,1/10/2021,4:14:13 PM,-7.1652741E+0,2.3318944E+0,3.8566208E+3,0.0000000E+0
13355335,1/10/2021,4:14:13 PM,-1.8853298E+0,-1.5917701E+0,3.8601924E+3,0.0000000E+0
13355336,1/10/2021,4:14:14 PM,7.4302816E-1,-5.5238352E+0,3.8530491E+3,0.0000000E+0
13355337,1/10/2021,4:14:14 PM,3.8863630E+0,-8.6708288E+0,3.8566208E+3,0.0000000E+0
13355338,1/10/2021,4:14:14 PM,6.6889920E+0,-9.1228495E+0,3.8637642E+3,0.0000000E+0
13355339,1/10/2021,4:14:14 PM,6.9047661E+0,-1.2037056E+1,3.8566208E+3,0.0000000E+0
13355340,1/10/2021,4:14:14 PM,3.2484100E+0,-1.4818315E+1,3.8575137E+3,0.0000000E+0
13355341,1/10/2021,4:14:14 PM,5.5430168E-1,-1.9567196E+1,3.8539419E+3,0.0000000E+0
13355342,1/10/2021,4:14:14 PM,-1.8005337E+0,-2.2658955E+1,3.8539419E+3,0.0000000E+0
13355343,1/10/2021,4:14:14 PM,-3.0201731E+0,-2.3653475E+1,3.8548347E+3,0.0000000E+0
13355344,1/10/2021,4:14:14 PM,-3.2167103E+0,-2.8464808E+1,3.8530491E+3,0.0000000E+0
13355345,1/10/2021,4:14:14 PM,-3.6335592E+0,-3.3303017E+1,3.8503701E+3,0.0000000E+0
13355346,1/10/2021,4:14:15 PM,-3.8522859E+0,-3.6259701E+1,3.8503701E+3,0.0000000E+0
13355347,1/10/2021,4:14:15 PM,-1.8005337E+0,-4.0103394E+1,3.8476914E+3,0.0000000E+0
13355348,1/10/2021,4:14:15 PM,1.5833917E+0,-4.1071033E+1,3.8512629E+3,0.0000000E+0
13355349,1/10/2021,4:14:15 PM,4.1027122E+0,-4.1689247E+1,3.8503701E+3,0.0000000E+0
13355350,1/10/2021,4:14:15 PM,5.9364152E+0,-4.2710651E+1,3.8539419E+3,0.0000000E+0
13355351,1/10/2021,4:14:15 PM,5.0204139E+0,-4.2522495E+1,3.8494771E+3,0.0000000E+0
13355352,1/10/2021,4:14:15 PM,5.3350315E+0,-4.2576252E+1,3.8512629E+3,0.0000000E+0
13355353,1/10/2021,4:14:15 PM,5.2557826E+0,-3.9431416E+1,3.8566208E+3,0.0000000E+0
13355354,1/10/2021,4:14:15 PM,2.0771120E+0,-3.6420975E+1,3.8539419E+3,0.0000000E+0
13355355,1/10/2021,4:14:15 PM,-2.6484962E+0,-3.2389133E+1,3.8584065E+3,0.0000000E+0
13355356,1/10/2021,4:14:16 PM,-1.1193931E+1,-2.9566843E+1,3.8530491E+3,0.0000000E+0
13355357,1/10/2021,4:14:16 PM,-1.9135466E+1,-2.8491684E+1,3.8512629E+3,0.0000000E+0
13355358,1/10/2021,4:14:16 PM,-2.5137348E+1,-2.5803789E+1,3.8548347E+3,0.0000000E+0
13355359,1/10/2021,4:14:16 PM,-3.2186443E+1,-2.4298569E+1,3.8521558E+3,0.0000000E+0
13355360,1/10/2021,4:14:16 PM,-3.6203102E+1,-2.3841627E+1,3.8521558E+3,0.0000000E+0
13355361,1/10/2021,4:14:16 PM,-4.0459160E+1,-2.4889906E+1,3.8485842E+3,0.0000000E+0
13355362,1/10/2021,4:14:16 PM,-4.0272957E+1,-2.6448885E+1,3.8476914E+3,0.0000000E+0
13355363,1/10/2021,4:14:16 PM,-3.6415905E+1,-2.7174618E+1,3.8512629E+3,0.0000000E+0
13355364,1/10/2021,4:14:16 PM,-3.3835670E+1,-2.9459326E+1,3.8467981E+3,0.0000000E+0
13355365,1/10/2021,4:14:16 PM,-2.6733372E+1,-3.0534485E+1,3.8512629E+3,0.0000000E+0
13355366,1/10/2021,4:14:17 PM,-2.3142321E+1,-3.0830153E+1,3.8476914E+3,0.0000000E+0
13355367,1/10/2021,4:14:17 PM,-1.6301458E+1,-3.1367733E+1,3.8494771E+3,0.0000000E+0
13355368,1/10/2021,4:14:17 PM,-8.5651731E+0,-2.9002386E+1,3.8530491E+3,0.0000000E+0
13355369,1/10/2021,4:14:17 PM,-2.6698933E+0,-2.8303532E+1,3.8494771E+3,0.0000000E+0
13355370,1/10/2021,4:14:17 PM,1.7086049E+0,-2.4379206E+1,3.8539419E+3,0.0000000E+0
13355371,1/10/2021,4:14:17 PM,5.1369095E+0,-2.0091009E+1,3.8512629E+3,0.0000000E+0
13355372,1/10/2021,4:14:17 PM,6.9179235E+0,-1.2590117E+1,3.8584065E+3,0.0000000E+0
13355373,1/10/2021,4:14:17 PM,9.6571999E+0,-3.9655015E+0,3.8584065E+3,0.0000000E+0
13355374,1/10/2021,4:14:17 PM,8.3336105E+0,4.2657976E+0,3.8584065E+3,0.0000000E+0
13355375,1/10/2021,4:14:17 PM,6.7310948E+0,1.1922721E+1,3.8601924E+3,0.0000000E+0
13355376,1/10/2021,4:14:18 PM,3.5685754E+0,2.1906342E+1,3.8601924E+3,0.0000000E+0
13355377,1/10/2021,4:14:18 PM,4.7405991E-1,2.9781876E+1,3.8619785E+3,0.0000000E+0
13355378,1/10/2021,4:14:18 PM,-2.2040090E-1,3.6447853E+1,3.8655500E+3,0.0000000E+0
13355379,1/10/2021,4:14:18 PM,-1.8179682E+0,4.4377144E+1,3.8655500E+3,0.0000000E+0
13355380,1/10/2021,4:14:18 PM,-2.2760265E+0,4.6661854E+1,3.8646572E+3,0.0000000E+0
13355381,1/10/2021,4:14:18 PM,1.1221635E+0,4.8408985E+1,3.8646572E+3,0.0000000E+0
13355382,1/10/2021,4:14:18 PM,2.2799890E+0,5.1634464E+1,3.8691218E+3,0.0000000E+0
13355383,1/10/2021,4:14:18 PM,5.7390609E+0,5.0424908E+1,3.8655500E+3,0.0000000E+0
13355384,1/10/2021,4:14:18 PM,6.7337260E+0,5.1285034E+1,3.8691218E+3,0.0000000E+0
13355385,1/10/2021,4:14:18 PM,4.2746820E+0,5.0263634E+1,3.8655500E+3,0.0000000E+0
13355386,1/10/2021,4:14:19 PM,3.0938747E+0,4.8624020E+1,3.8673359E+3,0.0000000E+0
13355387,1/10/2021,4:14:19 PM,-2.7887666E+0,4.7011280E+1,3.8619785E+3,0.0000000E+0
13355388,1/10/2021,4:14:19 PM,-8.9888268E+0,4.5452301E+1,3.8637642E+3,0.0000000E+0
13355389,1/10/2021,4:14:19 PM,-1.4148982E+1,4.6688732E+1,3.8700146E+3,0.0000000E+0
13355390,1/10/2021,4:14:19 PM,-2.2902918E+1,4.2898804E+1,3.8610852E+3,0.0000000E+0
13355391,1/10/2021,4:14:19 PM,-2.9473209E+1,3.7415497E+1,3.8619785E+3,0.0000000E+0
13355392,1/10/2021,4:14:19 PM,-3.5458290E+1,3.1717157E+1,3.8584065E+3,0.0000000E+0
13355393,1/10/2021,4:14:19 PM,-4.0645363E+1,2.4621117E+1,3.8566208E+3,0.0000000E+0
13355394,1/10/2021,4:14:19 PM,-4.2666992E+1,2.1207491E+1,3.8655500E+3,0.0000000E+0
13355395,1/10/2021,4:14:19 PM,-4.4023609E+1,1.2874624E+1,3.8557275E+3,0.0000000E+0
13355396,1/10/2021,4:14:20 PM,-4.4289612E+1,1.2083889E+0,3.8512629E+3,0.0000000E+0
13355397,1/10/2021,4:14:20 PM,-4.3119198E+1,-7.6604276E+0,3.8512629E+3,0.0000000E+0
13355398,1/10/2021,4:14:20 PM,-4.1789177E+1,-1.7285818E+1,3.8459053E+3,0.0000000E+0
13355399,1/10/2021,4:14:20 PM,-3.8038525E+1,-2.2927744E+1,3.8548347E+3,0.0000000E+0
13355400,1/10/2021,4:14:20 PM,-3.6735107E+1,-2.9862513E+1,3.8467981E+3,0.0000000E+0
13355401,1/10/2021,4:14:20 PM,-3.1973644E+1,-3.8356258E+1,3.8476914E+3,0.0000000E+0
13355402,1/10/2021,4:14:20 PM,-2.8834799E+1,-4.4377144E+1,3.8441196E+3,0.0000000E+0
13355403,1/10/2021,4:14:20 PM,-2.8116589E+1,-4.9349751E+1,3.8432266E+3,0.0000000E+0
13355404,1/10/2021,4:14:20 PM,-2.5642756E+1,-4.9591660E+1,3.8503701E+3,0.0000000E+0
13355405,1/10/2021,4:14:20 PM,-2.5110748E+1,-4.9779812E+1,3.8485842E+3,0.0000000E+0
13355406,1/10/2021,4:14:21 PM,-2.5589556E+1,-4.9403507E+1,3.8512629E+3,0.0000000E+0
13355407,1/10/2021,4:14:21 PM,-2.1652700E+1,-5.3999805E+1,3.8441196E+3,0.0000000E+0
13355408,1/10/2021,4:14:21 PM,-2.0907890E+1,-5.4161079E+1,3.8450125E+3,0.0000000E+0
13355409,1/10/2021,4:14:21 PM,-1.7111927E+1,-5.0854969E+1,3.8512629E+3,0.0000000E+0
13355410,1/10/2021,4:14:21 PM,-1.4638421E+1,-4.8355228E+1,3.8485842E+3,0.0000000E+0
13355411,1/10/2021,4:14:21 PM,-1.1283399E+1,-4.6500580E+1,3.8521558E+3,0.0000000E+0
13355412,1/10/2021,4:14:21 PM,-5.4496078E+0,-4.6204914E+1,3.8503701E+3,0.0000000E+0
13355413,1/10/2021,4:14:21 PM,2.4837993E-1,-4.5640453E+1,3.8494771E+3,0.0000000E+0
13355414,1/10/2021,4:14:21 PM,4.7287779E+0,-4.1984917E+1,3.8530491E+3,0.0000000E+0
13355415,1/10/2021,4:14:21 PM,9.0309296E+0,-3.8248741E+1,3.8548347E+3,0.0000000E+0
13355416,1/10/2021,4:14:22 PM,1.0343993E+1,-3.2872952E+1,3.8539419E+3,0.0000000E+0
13355417,1/10/2021,4:14:22 PM,1.4275289E+1,-3.1448368E+1,3.8566208E+3,0.0000000E+0
13355418,1/10/2021,4:14:22 PM,1.9674900E+1,-3.0238817E+1,3.8539419E+3,0.0000000E+0
13355419,1/10/2021,4:14:22 PM,1.9927513E+1,-2.5938187E+1,3.8566208E+3,0.0000000E+0
13355420,1/10/2021,4:14:22 PM,1.8930218E+1,-2.0884943E+1,3.8566208E+3,0.0000000E+0
13355421,1/10/2021,4:14:22 PM,1.8135536E+1,-1.5541550E+1,3.8619785E+3,0.0000000E+0
13355422,1/10/2021,4:14:22 PM,1.4927873E+1,-1.3919591E+1,3.8548347E+3,0.0000000E+0
13355423,1/10/2021,4:14:22 PM,1.4717362E+1,-1.2406650E+1,3.8557275E+3,0.0000000E+0
13355424,1/10/2021,4:14:22 PM,1.3012222E+1,-9.3515186E+0,3.8584065E+3,0.0000000E+0
13355425,1/10/2021,4:14:22 PM,1.2796449E+1,-6.5064449E+0,3.8584065E+3,0.0000000E+0
13355426,1/10/2021,4:14:23 PM,1.1378128E+1,-3.7677073E+0,3.8584065E+3,0.0000000E+0
13355427,1/10/2021,4:14:23 PM,9.7150898E+0,-4.0279632E+0,3.8584065E+3,0.0000000E+0
13355428,1/10/2021,4:14:23 PM,1.1225509E+1,-3.7380779E+0,3.8566208E+3,0.0000000E+0
13355429,1/10/2021,4:14:23 PM,8.9993525E+0,-2.9693215E+0,3.8539419E+3,0.0000000E+0
13355430,1/10/2021,4:14:23 PM,9.8308716E+0,4.5928755E-1,3.8619785E+3,0.0000000E+0
13355431,1/10/2021,4:14:23 PM,8.7598963E+0,3.1182683E+0,3.8601924E+3,0.0000000E+0
13355432,1/10/2021,4:14:23 PM,6.6995177E+0,3.5587015E+0,3.8548347E+3,0.0000000E+0
13355433,1/10/2021,4:14:23 PM,6.7600403E+0,6.5569649E+0,3.8601924E+3,0.0000000E+0
13355434,1/10/2021,4:14:23 PM,7.1836939E+0,8.4235468E+0,3.8575137E+3,0.0000000E+0
13355435,1/10/2021,4:14:23 PM,7.0837011E+0,1.2975664E+1,3.8601924E+3,0.0000000E+0
13355436,1/10/2021,4:14:24 PM,7.8704863E+0,1.6256805E+1,3.8619785E+3,0.0000000E+0
13355437,1/10/2021,4:14:24 PM,7.1389599E+0,1.8463732E+1,3.8566208E+3,0.0000000E+0
13355438,1/10/2021,4:14:24 PM,1.3188525E+1,2.1476280E+1,3.8673359E+3,0.0000000E+0
13355439,1/10/2021,4:14:24 PM,8.4993887E+0,2.5776911E+1,3.8584065E+3,0.0000000E+0
13355440,1/10/2021,4:14:24 PM,5.0599825E-1,3.0991426E+1,3.8584065E+3,0.0000000E+0
13355441,1/10/2021,4:14:24 PM,-7.2521100E+0,3.9619568E+1,3.8637642E+3,0.0000000E+0
13355442,1/10/2021,4:14:24 PM,-1.0654496E+1,4.6231789E+1,3.8709080E+3,0.0000000E+0
13355443,1/10/2021,4:14:24 PM,-1.0538715E+1,4.5532940E+1,3.8619785E+3,0.0000000E+0
13355444,1/10/2021,4:14:24 PM,-1.3733222E+1,4.6178032E+1,3.8619785E+3,0.0000000E+0
13355445,1/10/2021,4:14:24 PM,-2.4126534E+1,5.0828091E+1,3.8673359E+3,0.0000000E+0
13355446,1/10/2021,4:14:25 PM,-2.8754999E+1,5.1177521E+1,3.8610852E+3,0.0000000E+0
13355447,1/10/2021,4:14:25 PM,-3.1734238E+1,5.0774330E+1,3.8691218E+3,0.0000000E+0
13355448,1/10/2021,4:14:25 PM,-3.1973644E+1,4.5156631E+1,3.8601924E+3,0.0000000E+0
13355449,1/10/2021,4:14:25 PM,-3.3356861E+1,3.9323898E+1,3.8637642E+3,0.0000000E+0
13355450,1/10/2021,4:14:25 PM,-3.9288742E+1,3.4996391E+1,3.8566208E+3,0.0000000E+0
13355451,1/10/2021,4:14:25 PM,-4.6071838E+1,3.0803274E+1,3.8637642E+3,0.0000000E+0
13355452,1/10/2021,4:14:25 PM,-5.0487495E+1,2.4244812E+1,3.8575137E+3,0.0000000E+0
13355453,1/10/2021,4:14:25 PM,-5.1551510E+1,1.3579245E+1,3.8566208E+3,0.0000000E+0
13355454,1/10/2021,4:14:25 PM,-5.3573139E+1,5.9693375E+0,3.8575137E+3,0.0000000E+0
13355455,1/10/2021,4:14:25 PM,-6.1367050E+1,-3.4586029E+0,3.8476914E+3,0.0000000E+0
13355456,1/10/2021,4:14:26 PM,-6.8070343E+1,-1.0085388E+1,3.8512629E+3,0.0000000E+0
13355457,1/10/2021,4:14:26 PM,-7.0756981E+1,-1.6198309E+1,3.8530491E+3,0.0000000E+0
13355458,1/10/2021,4:14:26 PM,-7.3177612E+1,-2.5266211E+1,3.8476914E+3,0.0000000E+0
13355459,1/10/2021,4:14:26 PM,-7.6050453E+1,-3.1797794E+1,3.8467981E+3,0.0000000E+0
13355460,1/10/2021,4:14:26 PM,-8.1476929E+1,-3.9108871E+1,3.8423335E+3,0.0000000E+0
13355461,1/10/2021,4:14:26 PM,-8.5812782E+1,-4.4753448E+1,3.8423335E+3,0.0000000E+0
13355462,1/10/2021,4:14:26 PM,-8.7169403E+1,-5.1258156E+1,3.8378687E+3,0.0000000E+0
13355463,1/10/2021,4:14:26 PM,-8.5759590E+1,-5.5343754E+1,3.8387620E+3,0.0000000E+0
13355464,1/10/2021,4:14:26 PM,-8.0253311E+1,-5.8649864E+1,3.8405476E+3,0.0000000E+0
13355465,1/10/2021,4:14:26 PM,-7.3151016E+1,-6.1767826E+1,3.8369758E+3,0.0000000E+0
13355466,1/10/2021,4:14:27 PM,-6.3654682E+1,-6.3568714E+1,3.8378687E+3,0.0000000E+0
13355467,1/10/2021,4:14:27 PM,-4.4954620E+1,-6.8756355E+1,3.8360830E+3,0.0000000E+0
13355468,1/10/2021,4:14:27 PM,-2.6121563E+1,-6.8487556E+1,3.8441196E+3,0.0000000E+0
13355469,1/10/2021,4:14:27 PM,-5.9864116E+0,-6.4778267E+1,3.8476914E+3,0.0000000E+0
13355470,1/10/2021,4:14:27 PM,8.4151840E+0,-5.9698147E+1,3.8494771E+3,0.0000000E+0
13355471,1/10/2021,4:14:27 PM,2.3966932E+1,-5.3650383E+1,3.8557275E+3,0.0000000E+0
13355472,1/10/2021,4:14:27 PM,3.9661148E+1,-5.0075478E+1,3.8512629E+3,0.0000000E+0
13355473,1/10/2021,4:14:27 PM,5.5621368E+1,-4.5694210E+1,3.8601924E+3,0.0000000E+0
13355474,1/10/2021,4:14:27 PM,6.8469345E+1,-3.6662884E+1,3.8628713E+3,0.0000000E+0
13355475,1/10/2021,4:14:27 PM,7.8497688E+1,-3.0158180E+1,3.8655500E+3,0.0000000E+0
13355476,1/10/2021,4:14:28 PM,8.2620743E+1,-2.4164175E+1,3.8655500E+3,0.0000000E+0
13355477,1/10/2021,4:14:28 PM,8.2939949E+1,-1.9787888E+1,3.8610852E+3,0.0000000E+0
13355478,1/10/2021,4:14:28 PM,8.4801971E+1,-1.3446299E+1,3.8637642E+3,0.0000000E+0
13355479,1/10/2021,4:14:28 PM,8.8020615E+1,-8.3331413E+0,3.8673359E+3,0.0000000E+0
13355480,1/10/2021,4:14:28 PM,9.0787056E+1,-3.3176644E+0,3.8673359E+3,0.0000000E+0
13355481,1/10/2021,4:14:28 PM,8.5360580E+1,1.7593311E+0,3.8664431E+3,0.0000000E+0
13355482,1/10/2021,4:14:28 PM,7.6263260E+1,4.8848066E+0,3.8628713E+3,0.0000000E+0
13355483,1/10/2021,4:14:28 PM,6.9772766E+1,7.0541878E+0,3.8601924E+3,0.0000000E+0
13355484,1/10/2021,4:14:28 PM,6.5250702E+1,1.2885260E+1,3.8646572E+3,0.0000000E+0
13355485,1/10/2021,4:14:28 PM,6.1260647E+1,1.8032982E+1,3.8655500E+3,0.0000000E+0
13355486,1/10/2021,4:14:29 PM,4.6869850E+1,2.4406086E+1,3.8646572E+3,0.0000000E+0
13355487,1/10/2021,4:14:29 PM,3.8091728E+1,2.8249775E+1,3.8673359E+3,0.0000000E+0
13355488,1/10/2021,4:14:29 PM,3.3037659E+1,3.1394611E+1,3.8655500E+3,0.0000000E+0
13355489,1/10/2021,4:14:29 PM,1.8490774E+1,3.4646965E+1,3.8619785E+3,0.0000000E+0
13355490,1/10/2021,4:14:29 PM,1.4412121E+1,3.6555370E+1,3.8673359E+3,0.0000000E+0
13355491,1/10/2021,4:14:29 PM,6.4284849E+0,3.9512054E+1,3.8637642E+3,0.0000000E+0
13355492,1/10/2021,4:14:29 PM,-1.9923159E+0,4.0479694E+1,3.8691218E+3,0.0000000E+0
13355493,1/10/2021,4:14:29 PM,-1.0399252E+1,4.0748486E+1,3.8646572E+3,0.0000000E+0
13355494,1/10/2021,4:14:29 PM,-2.2051706E+1,3.7738045E+1,3.8601924E+3,0.0000000E+0
13355495,1/10/2021,4:14:29 PM,-3.3277061E+1,3.7092949E+1,3.8655500E+3,0.0000000E+0
13355496,1/10/2021,4:14:30 PM,-4.1735977E+1,3.4539448E+1,3.8619785E+3,0.0000000E+0
13355497,1/10/2021,4:14:30 PM,-5.7722801E+1,2.9808756E+1,3.8521558E+3,0.0000000E+0
13355498,1/10/2021,4:14:30 PM,-6.9027962E+1,2.4406086E+1,3.8521558E+3,0.0000000E+0
13355499,1/10/2021,4:14:30 PM,-7.9508499E+1,2.3035259E+1,3.8575137E+3,0.0000000E+0
13355500,1/10/2021,4:14:30 PM,-8.4855179E+1,1.5371376E+1,3.8503701E+3,0.0000000E+0
13355501,1/10/2021,4:14:30 PM,-9.2010674E+1,8.1204262E+0,3.8459053E+3,0.0000000E+0
13355502,1/10/2021,4:14:30 PM,-9.8341560E+1,2.9589114E+0,3.8459053E+3,0.0000000E+0
13355503,1/10/2021,4:14:30 PM,-9.9166168E+1,-1.2839780E+0,3.8503701E+3,0.0000000E+0
13355504,1/10/2021,4:14:30 PM,-9.6798737E+1,-7.3679438E+0,3.8459053E+3,0.0000000E+0
13355505,1/10/2021,4:14:30 PM,-9.2994888E+1,-1.3531384E+1,3.8450125E+3,0.0000000E+0
13355506,1/10/2021,4:14:31 PM,-8.7169403E+1,-2.0399446E+1,3.8459053E+3,0.0000000E+0
13355507,1/10/2021,4:14:31 PM,-7.8843491E+1,-2.3330927E+1,3.8476914E+3,0.0000000E+0
13355508,1/10/2021,4:14:31 PM,-7.1927399E+1,-2.6422005E+1,3.8467981E+3,0.0000000E+0
13355509,1/10/2021,4:14:31 PM,-6.4000481E+1,-2.8867990E+1,3.8494771E+3,0.0000000E+0
13355510,1/10/2021,4:14:31 PM,-5.4530758E+1,-3.1340853E+1,3.8494771E+3,0.0000000E+0
13355511,1/10/2021,4:14:31 PM,-4.5061024E+1,-3.2792316E+1,3.8476914E+3,0.0000000E+0
13355512,1/10/2021,4:14:31 PM,-4.1070969E+1,-3.2631042E+1,3.8503701E+3,0.0000000E+0
13355513,1/10/2021,4:14:31 PM,-3.9448345E+1,-3.2416012E+1,3.8476914E+3,0.0000000E+0
13355514,1/10/2021,4:14:31 PM,-3.7799122E+1,-2.9808756E+1,3.8539419E+3,0.0000000E+0
13355515,1/10/2021,4:14:31 PM,-3.3649467E+1,-2.9459326E+1,3.8521558E+3,0.0000000E+0
13355516,1/10/2021,4:14:32 PM,-3.3197262E+1,-3.0507607E+1,3.8485842E+3,0.0000000E+0
13355517,1/10/2021,4:14:32 PM,-3.1707640E+1,-2.9513086E+1,3.8494771E+3,0.0000000E+0
13355518,1/10/2021,4:14:32 PM,-3.0324419E+1,-2.8007866E+1,3.8494771E+3,0.0000000E+0
13355519,1/10/2021,4:14:32 PM,-2.7212175E+1,-2.5051180E+1,3.8512629E+3,0.0000000E+0
13355520,1/10/2021,4:14:32 PM,-2.3700928E+1,-2.1126854E+1,3.8539419E+3,0.0000000E+0
13355521,1/10/2021,4:14:32 PM,-1.9367027E+1,-1.8657835E+1,3.8521558E+3,0.0000000E+0
13355522,1/10/2021,4:14:32 PM,-1.3901631E+1,-1.6918884E+1,3.8521558E+3,0.0000000E+0
13355523,1/10/2021,4:14:32 PM,-9.8492908E+0,-1.3874388E+1,3.8512629E+3,0.0000000E+0
13355524,1/10/2021,4:14:32 PM,1.8892922E+0,-1.3060750E+1,3.8548347E+3,0.0000000E+0
13355525,1/10/2021,4:14:32 PM,1.4522639E+1,-1.0090706E+1,3.8619785E+3,0.0000000E+0
13355526,1/10/2021,4:14:33 PM,2.1200493E+1,-7.5141864E+0,3.8601924E+3,0.0000000E+0
13355527,1/10/2021,4:14:33 PM,3.0563824E+1,-9.4419231E+0,3.8548347E+3,0.0000000E+0
13355528,1/10/2021,4:14:33 PM,3.2452450E+1,-3.3905361E+0,3.8655500E+3,0.0000000E+0
13355529,1/10/2021,4:14:33 PM,3.3383461E+1,1.3335876E-1,3.8601924E+3,0.0000000E+0
13355530,1/10/2021,4:14:33 PM,4.0778362E+1,-1.2421035E+0,3.8646572E+3,0.0000000E+0
13355531,1/10/2021,4:14:33 PM,4.6949650E+1,-1.0522006E+0,3.8601924E+3,0.0000000E+0
13355532,1/10/2021,4:14:33 PM,4.6018635E+1,1.7229950E-1,3.8610852E+3,0.0000000E+0
13355533,1/10/2021,4:14:33 PM,4.6284641E+1,2.2069714E+0,3.8655500E+3,0.0000000E+0
13355534,1/10/2021,4:14:33 PM,4.6311241E+1,2.9116650E+0,3.8601924E+3,0.0000000E+0
13355535,1/10/2021,4:14:33 PM,4.5220627E+1,3.4185636E+0,3.8655500E+3,0.0000000E+0
13355536,1/10/2021,4:14:34 PM,4.5273827E+1,4.2381412E-1,3.8584065E+3,0.0000000E+0
13355537,1/10/2021,4:14:34 PM,4.8173267E+1,-4.5692959E+0,3.8584065E+3,0.0000000E+0
13355538,1/10/2021,4:14:34 PM,4.7588058E+1,-4.2281599E+0,3.8601924E+3,0.0000000E+0
13355539,1/10/2021,4:14:34 PM,4.5034424E+1,-3.2840314E+0,3.8601924E+3,0.0000000E+0
13355540,1/10/2021,4:14:34 PM,4.7322056E+1,-3.4537983E+0,3.8610852E+3,0.0000000E+0
13355541,1/10/2021,4:14:34 PM,4.6976254E+1,-5.0705891E+0,3.8601924E+3,0.0000000E+0
13355542,1/10/2021,4:14:34 PM,4.5353630E+1,-4.9024239E+0,3.8584065E+3,0.0000000E+0
13355543,1/10/2021,4:14:34 PM,4.5406826E+1,-4.3362665E+0,3.8584065E+3,0.0000000E+0
13355544,1/10/2021,4:14:34 PM,3.9368546E+1,-1.2642410E-1,3.8610852E+3,0.0000000E+0
13355545,1/10/2021,4:14:34 PM,3.3330261E+1,4.1552882E+0,3.8637642E+3,0.0000000E+0
13355546,1/10/2021,4:14:35 PM,2.7664383E+1,5.9347711E+0,3.8601924E+3,0.0000000E+0
13355547,1/10/2021,4:14:35 PM,1.6851419E+1,8.3544140E+0,3.8619785E+3,0.0000000E+0
13355548,1/10/2021,4:14:35 PM,6.0574589E+0,1.1045269E+1,3.8601924E+3,0.0000000E+0
13355549,1/10/2021,4:14:35 PM,-5.3492961E+0,1.4440744E+1,3.8628713E+3,0.0000000E+0
13355550,1/10/2021,4:14:35 PM,-1.8506563E+1,1.7384199E+1,3.8619785E+3,0.0000000E+0
13355551,1/10/2021,4:14:35 PM,-3.3356861E+1,1.8636564E+1,3.8601924E+3,0.0000000E+0
13355552,1/10/2021,4:14:35 PM,-4.7534859E+1,1.7203392E+1,3.8548347E+3,0.0000000E+0
13355553,1/10/2021,4:14:35 PM,-6.0303036E+1,1.4358317E+1,3.8548347E+3,0.0000000E+0
13355554,1/10/2021,4:14:35 PM,-7.1820992E+1,1.2917168E+1,3.8512629E+3,0.0000000E+0
13355555,1/10/2021,4:14:35 PM,-8.0758720E+1,1.1656826E+1,3.8566208E+3,0.0000000E+0
13355556,1/10/2021,4:14:36 PM,-9.2276672E+1,1.0638449E+1,3.8485842E+3,0.0000000E+0
13355557,1/10/2021,4:14:36 PM,-1.0480546E+2,6.3096828E+0,3.8423335E+3,0.0000000E+0
13355558,1/10/2021,4:14:36 PM,-1.0493846E+2,3.3528991E+0,3.8459053E+3,0.0000000E+0
13355559,1/10/2021,4:14:36 PM,-9.8713966E+1,1.7993705E+0,3.8539419E+3,0.0000000E+0
13355560,1/10/2021,4:14:36 PM,-9.2303276E+1,-3.3048518E+0,3.8467981E+3,0.0000000E+0
13355561,1/10/2021,4:14:36 PM,-8.7861015E+1,-9.7370663E+0,3.8476914E+3,0.0000000E+0
13355562,1/10/2021,4:14:36 PM,-8.0732117E+1,-1.3858435E+1,3.8450125E+3,0.0000000E+0
13355563,1/10/2021,4:14:36 PM,-7.0065369E+1,-1.7081079E+1,3.8476914E+3,0.0000000E+0
13355564,1/10/2021,4:14:36 PM,-5.2801731E+1,-2.1261248E+1,3.8512629E+3,0.0000000E+0
13355565,1/10/2021,4:14:36 PM,-3.6974510E+1,-2.4836149E+1,3.8512629E+3,0.0000000E+0
13355566,1/10/2021,4:14:37 PM,-2.9579611E+1,-2.6502642E+1,3.8530491E+3,0.0000000E+0
13355567,1/10/2021,4:14:37 PM,-2.3381723E+1,-2.8007866E+1,3.8476914E+3,0.0000000E+0
13355568,1/10/2021,4:14:37 PM,-1.1883355E+1,-2.9244297E+1,3.8530491E+3,0.0000000E+0
13355569,1/10/2021,4:14:37 PM,-1.6444135E+0,-2.7685316E+1,3.8548347E+3,0.0000000E+0
13355570,1/10/2021,4:14:37 PM,6.3521748E+0,-2.5776911E+1,3.8566208E+3,0.0000000E+0
13355571,1/10/2021,4:14:37 PM,1.1457070E+1,-2.5158695E+1,3.8566208E+3,0.0000000E+0
13355572,1/10/2021,4:14:37 PM,1.2320167E+1,-2.3357805E+1,3.8530491E+3,0.0000000E+0
13355573,1/10/2021,4:14:37 PM,1.5462046E+1,-2.1771948E+1,3.8548347E+3,0.0000000E+0
13355574,1/10/2021,4:14:37 PM,2.6440765E+1,-2.0562395E+1,3.8584065E+3,0.0000000E+0
13355575,1/10/2021,4:14:37 PM,3.2106644E+1,-1.8386621E+1,3.8610852E+3,0.0000000E+0
13355576,1/10/2021,4:14:38 PM,3.4314476E+1,-1.7796337E+1,3.8575137E+3,0.0000000E+0
13355577,1/10/2021,4:14:38 PM,3.8490734E+1,-1.7267206E+1,3.8575137E+3,0.0000000E+0
13355578,1/10/2021,4:14:38 PM,4.0751766E+1,-1.5424556E+1,3.8575137E+3,0.0000000E+0
13355579,1/10/2021,4:14:38 PM,4.4635418E+1,-1.2829421E+1,3.8628713E+3,0.0000000E+0
13355580,1/10/2021,4:14:38 PM,4.7880661E+1,-1.0787351E+1,3.8610852E+3,0.0000000E+0
13355581,1/10/2021,4:14:38 PM,4.2693592E+1,-8.2826214E+0,3.8584065E+3,0.0000000E+0
13355582,1/10/2021,4:14:38 PM,3.3968670E+1,-3.8966339E+0,3.8601924E+3,0.0000000E+0
13355583,1/10/2021,4:14:38 PM,1.9959089E+1,-4.0007625E-2,3.8539419E+3,0.0000000E+0
13355584,1/10/2021,4:14:38 PM,9.9019184E+0,7.7614684E+0,3.8646572E+3,0.0000000E+0
13355585,1/10/2021,4:14:38 PM,-1.5245936E+0,1.6530678E+1,3.8646572E+3,0.0000000E+0
13355586,1/10/2021,4:14:39 PM,-2.1838903E+1,2.3653475E+1,3.8584065E+3,0.0000000E+0
13355587,1/10/2021,4:14:39 PM,-4.1629578E+1,2.9459326E+1,3.8584065E+3,0.0000000E+0
13355588,1/10/2021,4:14:39 PM,-5.9398624E+1,3.4216900E+1,3.8584065E+3,0.0000000E+0
13355589,1/10/2021,4:14:39 PM,-7.1767799E+1,3.5722122E+1,3.8628713E+3,0.0000000E+0
13355590,1/10/2021,4:14:39 PM,-8.0572510E+1,3.4216900E+1,3.8610852E+3,0.0000000E+0
13355591,1/10/2021,4:14:39 PM,-9.2728882E+1,2.8626081E+1,3.8530491E+3,0.0000000E+0
13355592,1/10/2021,4:14:39 PM,-1.0312963E+2,2.1341885E+1,3.8485842E+3,0.0000000E+0
13355593,1/10/2021,4:14:39 PM,-1.0483205E+2,1.4400861E+1,3.8494771E+3,0.0000000E+0
13355594,1/10/2021,4:14:39 PM,-9.7729752E+1,4.9720922E+0,3.8459053E+3,0.0000000E+0
13355595,1/10/2021,4:14:39 PM,-8.9669838E+1,-1.1426178E+0,3.8476914E+3,0.0000000E+0
13355596,1/10/2021,4:14:40 PM,-8.3232552E+1,-5.7645984E+0,3.8432266E+3,0.0000000E+0
13355597,1/10/2021,4:14:40 PM,-7.0810181E+1,-1.0808622E+1,3.8512629E+3,0.0000000E+0
13355598,1/10/2021,4:14:40 PM,-5.6206581E+1,-1.7448015E+1,3.8432266E+3,0.0000000E+0
13355599,1/10/2021,4:14:40 PM,-3.3968670E+1,-2.4567358E+1,3.8459053E+3,0.0000000E+0
13355600,1/10/2021,4:14:40 PM,-1.1859673E+1,-2.6610159E+1,3.8530491E+3,0.0000000E+0
13355601,1/10/2021,4:14:40 PM,4.9379950E+0,-2.7550922E+1,3.8566208E+3,0.0000000E+0
13355602,1/10/2021,4:14:40 PM,2.1253695E+1,-2.8921747E+1,3.8566208E+3,0.0000000E+0
13355603,1/10/2021,4:14:40 PM,3.6947914E+1,-3.4270660E+1,3.8548347E+3,0.0000000E+0
13355604,1/10/2021,4:14:40 PM,5.3998749E+1,-3.8866959E+1,3.8539419E+3,0.0000000E+0
13355605,1/10/2021,4:14:40 PM,7.6715462E+1,-4.1769886E+1,3.8584065E+3,0.0000000E+0
13355606,1/10/2021,4:14:41 PM,9.5681526E+1,-3.9807724E+1,3.8691218E+3,0.0000000E+0
13355607,1/10/2021,4:14:41 PM,1.0453945E+2,-3.7845558E+1,3.8646572E+3,0.0000000E+0
13355608,1/10/2021,4:14:41 PM,1.1230676E+2,-4.0184029E+1,3.8655500E+3,0.0000000E+0
13355609,1/10/2021,4:14:41 PM,1.1831844E+2,-4.4672813E+1,3.8584065E+3,0.0000000E+0
13355610,1/10/2021,4:14:41 PM,1.1911645E+2,-4.4484661E+1,3.8601924E+3,0.0000000E+0
13355611,1/10/2021,4:14:41 PM,1.1259936E+2,-4.0103394E+1,3.8601924E+3,0.0000000E+0
13355612,1/10/2021,4:14:41 PM,1.0363503E+2,-3.4351295E+1,3.8619785E+3,0.0000000E+0
13355613,1/10/2021,4:14:41 PM,9.6426331E+1,-3.0695761E+1,3.8566208E+3,0.0000000E+0
13355614,1/10/2021,4:14:41 PM,8.2487747E+1,-2.5588760E+1,3.8530491E+3,0.0000000E+0
13355615,1/10/2021,4:14:41 PM,6.8150146E+1,-1.6208944E+1,3.8557275E+3,0.0000000E+0
13355616,1/10/2021,4:14:42 PM,5.4876556E+1,-3.5282714E+0,3.8548347E+3,0.0000000E+0
13355617,1/10/2021,4:14:42 PM,3.9368546E+1,1.2781561E+1,3.8637642E+3,0.0000000E+0
13355618,1/10/2021,4:14:42 PM,2.8488995E+1,2.3223412E+1,3.8637642E+3,0.0000000E+0
13355619,1/10/2021,4:14:42 PM,2.2450710E+1,3.1287096E+1,3.8619785E+3,0.0000000E+0
13355620,1/10/2021,4:14:42 PM,7.0231786E+0,4.3570774E+1,3.8718008E+3,0.0000000E+0
13355621,1/10/2021,4:14:42 PM,-1.7277704E+1,5.5666302E+1,3.8601924E+3,0.0000000E+0
13355622,1/10/2021,4:14:42 PM,-3.7958725E+1,6.5665268E+1,3.8673359E+3,0.0000000E+0
13355623,1/10/2021,4:14:42 PM,-4.8359470E+1,7.6228699E+1,3.8816230E+3,0.0000000E+0
13355624,1/10/2021,4:14:42 PM,-5.9239021E+1,7.9346649E+1,3.8753723E+3,0.0000000E+0
13355625,1/10/2021,4:14:42 PM,-7.6289856E+1,7.4454689E+1,3.8637642E+3,0.0000000E+0
13355626,1/10/2021,4:14:43 PM,-9.5122917E+1,7.0046539E+1,3.8637642E+3,0.0000000E+0
13355627,1/10/2021,4:14:43 PM,-1.1257276E+2,6.5396484E+1,3.8619785E+3,0.0000000E+0
13355628,1/10/2021,4:14:43 PM,-1.2488873E+2,5.7789742E+1,3.8628713E+3,0.0000000E+0
13355629,1/10/2021,4:14:43 PM,-1.3712489E+2,4.5694210E+1,3.8575137E+3,0.0000000E+0
13355630,1/10/2021,4:14:43 PM,-1.4491881E+2,2.5750032E+1,3.8432266E+3,0.0000000E+0
13355631,1/10/2021,4:14:43 PM,-1.5547916E+2,9.9072390E+0,3.8414407E+3,0.0000000E+0
13355632,1/10/2021,4:14:43 PM,-1.6066621E+2,-1.9242935E+0,3.8369758E+3,0.0000000E+0
13355633,1/10/2021,4:14:43 PM,-1.5917661E+2,-1.3475546E+1,3.8405476E+3,0.0000000E+0
13355634,1/10/2021,4:14:43 PM,-1.4816405E+2,-2.8518564E+1,3.8369758E+3,0.0000000E+0
13355635,1/10/2021,4:14:43 PM,-1.3760371E+2,-4.2388100E+1,3.8298325E+3,0.0000000E+0
13355636,1/10/2021,4:14:44 PM,-1.2589955E+2,-5.1580704E+1,3.8298325E+3,0.0000000E+0
13355637,1/10/2021,4:14:44 PM,-1.1520619E+2,-5.5343754E+1,3.8298325E+3,0.0000000E+0
13355638,1/10/2021,4:14:44 PM,-9.9166168E+1,-5.5961971E+1,3.8405476E+3,0.0000000E+0
13355639,1/10/2021,4:14:44 PM,-8.3737961E+1,-5.2494587E+1,3.8432266E+3,0.0000000E+0
13355640,1/10/2021,4:14:44 PM,-6.5064499E+1,-5.2682739E+1,3.8459053E+3,0.0000000E+0
13355641,1/10/2021,4:14:44 PM,-5.2588928E+1,-5.0156120E+1,3.8450125E+3,0.0000000E+0
13355642,1/10/2021,4:14:44 PM,-4.7960464E+1,-4.2683769E+1,3.8494771E+3,0.0000000E+0
13355643,1/10/2021,4:14:44 PM,-3.4128273E+1,-3.9216389E+1,3.8566208E+3,0.0000000E+0
13355644,1/10/2021,4:14:44 PM,-1.5019972E+1,-3.7845558E+1,3.8601924E+3,0.0000000E+0
13355645,1/10/2021,4:14:44 PM,-1.1877893E-1,-4.0963516E+1,3.8566208E+3,0.0000000E+0
13355646,1/10/2021,4:14:45 PM,1.4969976E+1,-4.4887844E+1,3.8557275E+3,0.0000000E+0
13355647,1/10/2021,4:14:45 PM,2.4791542E+1,-4.7468224E+1,3.8512629E+3,0.0000000E+0
13355648,1/10/2021,4:14:45 PM,2.9233807E+1,-4.7333828E+1,3.8539419E+3,0.0000000E+0
13355649,1/10/2021,4:14:45 PM,4.1469975E+1,-5.0156120E+1,3.8512629E+3,0.0000000E+0
13355650,1/10/2021,4:14:45 PM,6.2750271E+1,-5.4053566E+1,3.8548347E+3,0.0000000E+0
13355651,1/10/2021,4:14:45 PM,8.2088737E+1,-5.7655346E+1,3.8575137E+3,0.0000000E+0
13355652,1/10/2021,4:14:45 PM,9.2542679E+1,-5.8381073E+1,3.8459053E+3,0.0000000E+0
13355653,1/10/2021,4:14:45 PM,9.7410545E+1,-5.1473183E+1,3.8566208E+3,0.0000000E+0
13355654,1/10/2021,4:14:45 PM,9.9751381E+1,-4.2307465E+1,3.8575137E+3,0.0000000E+0
13355655,1/10/2021,4:14:45 PM,1.0624187E+2,-3.8168106E+1,3.8646572E+3,0.0000000E+0
13355656,1/10/2021,4:14:46 PM,1.2036667E+2,-3.8114349E+1,3.8619785E+3,0.0000000E+0
13355657,1/10/2021,4:14:46 PM,1.3217723E+2,-3.8006832E+1,3.8601924E+3,0.0000000E+0
13355658,1/10/2021,4:14:46 PM,1.3153882E+2,-2.8249775E+1,3.8709080E+3,0.0000000E+0
13355659,1/10/2021,4:14:46 PM,1.2486213E+2,-1.7107670E+1,3.8664431E+3,0.0000000E+0
13355660,1/10/2021,4:14:46 PM,1.2169669E+2,-1.1090470E+1,3.8744795E+3,0.0000000E+0
13355661,1/10/2021,4:14:46 PM,1.1744063E+2,-6.8494487E+0,3.8655500E+3,0.0000000E+0
13355662,1/10/2021,4:14:46 PM,1.0892851E+2,-3.3120589E+0,3.8655500E+3,0.0000000E+0
13355663,1/10/2021,4:14:46 PM,1.0092180E+2,2.0083828E-1,3.8566208E+3,0.0000000E+0
13355664,1/10/2021,4:14:46 PM,7.9189293E+1,1.9133787E+1,3.8789441E+3,0.0000000E+0
13355665,1/10/2021,4:14:46 PM,5.5328766E+1,2.7685316E+1,3.8637642E+3,0.0000000E+0
13355666,1/10/2021,4:14:47 PM,4.7295456E+1,3.0910789E+1,3.8566208E+3,0.0000000E+0
13355667,1/10/2021,4:14:47 PM,4.1257172E+1,3.6851040E+1,3.8610852E+3,0.0000000E+0
13355668,1/10/2021,4:14:47 PM,6.8310876E+0,5.1553822E+1,3.8494771E+3,0.0000000E+0
13355669,1/10/2021,4:14:47 PM,-2.9195271E+0,6.5342720E+1,3.8744795E+3,0.0000000E+0
13355670,1/10/2021,4:14:47 PM,-1.9230196E+1,8.4104225E+1,3.8762654E+3,0.0000000E+0
13355671,1/10/2021,4:14:47 PM,-5.5621368E+1,1.0404842E+2,3.8700146E+3,0.0000000E+0
13355672,1/10/2021,4:14:47 PM,-7.4826836E+1,1.0482790E+2,3.8494771E+3,0.0000000E+0
13355673,1/10/2021,4:14:47 PM,-8.0599113E+1,1.1302598E+2,3.8896597E+3,0.0000000E+0
13355674,1/10/2021,4:14:47 PM,-8.6105392E+1,1.1154763E+2,3.8744795E+3,0.0000000E+0
13355675,1/10/2021,4:14:47 PM,-1.0243802E+2,1.0525796E+2,3.8619785E+3,0.0000000E+0
13355676,1/10/2021,4:14:48 PM,-1.2701676E+2,1.0251631E+2,3.8718008E+3,0.0000000E+0
13355677,1/10/2021,4:14:48 PM,-1.2015387E+2,8.2061432E+1,3.8601924E+3,0.0000000E+0
13355678,1/10/2021,4:14:48 PM,-1.2480892E+2,6.8621956E+1,3.8601924E+3,0.0000000E+0
13355679,1/10/2021,4:14:48 PM,-1.2156368E+2,5.4537384E+1,3.8619785E+3,0.0000000E+0
13355680,1/10/2021,4:14:48 PM,-1.2135088E+2,4.1097912E+1,3.8673359E+3,0.0000000E+0
13355681,1/10/2021,4:14:48 PM,-1.3212402E+2,2.8411049E+1,3.8530491E+3,0.0000000E+0
13355682,1/10/2021,4:14:48 PM,-1.3680569E+2,2.2846479E+0,3.8369758E+3,0.0000000E+0
13355683,1/10/2021,4:14:48 PM,-1.3568848E+2,-1.8671131E+1,3.8369758E+3,0.0000000E+0
13355684,1/10/2021,4:14:48 PM,-1.3082062E+2,-3.6609127E+1,3.8360830E+3,0.0000000E+0
13355685,1/10/2021,4:14:48 PM,-1.3074080E+2,-5.2360191E+1,3.8217959E+3,0.0000000E+0
13355686,1/10/2021,4:14:49 PM,-1.2943739E+2,-5.8166046E+1,3.8467981E+3,0.0000000E+0
13355687,1/10/2021,4:14:49 PM,-1.1435499E+2,-7.1901192E+1,3.8235820E+3,0.0000000E+0
13355688,1/10/2021,4:14:49 PM,-9.9538574E+1,-8.7759766E+1,3.8209031E+3,0.0000000E+0
13355689,1/10/2021,4:14:49 PM,-7.5890854E+1,-9.3108681E+1,3.8360830E+3,0.0000000E+0
13355690,1/10/2021,4:14:49 PM,-5.2136719E+1,-9.6495422E+1,3.8334043E+3,0.0000000E+0
13355691,1/10/2021,4:14:49 PM,-3.6229702E+1,-9.5366508E+1,3.8459053E+3,0.0000000E+0
13355692,1/10/2021,4:14:49 PM,-1.4020043E+1,-9.6925484E+1,3.8423335E+3,0.0000000E+0
13355693,1/10/2021,4:14:49 PM,7.6599751E+0,-9.9909050E+1,3.8459053E+3,0.0000000E+0
13355694,1/10/2021,4:14:49 PM,2.4897945E+1,-9.8538223E+1,3.8450125E+3,0.0000000E+0
13355695,1/10/2021,4:14:49 PM,3.4367676E+1,-9.2194794E+1,3.8548347E+3,0.0000000E+0
13355696,1/10/2021,4:14:50 PM,4.8705273E+1,-8.7490982E+1,3.8566208E+3,0.0000000E+0
13355697,1/10/2021,4:14:50 PM,6.1766056E+1,-8.5044991E+1,3.8637642E+3,0.0000000E+0
13355698,1/10/2021,4:14:50 PM,6.9559967E+1,-8.8673653E+1,3.8432266E+3,0.0000000E+0
13355699,1/10/2021,4:14:50 PM,7.5199242E+1,-8.6120155E+1,3.8584065E+3,0.0000000E+0
13355700,1/10/2021,4:14:50 PM,7.5279045E+1,-7.9266014E+1,3.8476914E+3,0.0000000E+0
13355701,1/10/2021,4:14:50 PM,7.1820992E+1,-7.2223740E+1,3.8566208E+3,0.0000000E+0
13355702,1/10/2021,4:14:50 PM,7.4028824E+1,-6.5208328E+1,3.8494771E+3,0.0000000E+0
13355703,1/10/2021,4:14:50 PM,6.7192528E+1,-5.8649864E+1,3.8405476E+3,0.0000000E+0
13355704,1/10/2021,4:14:50 PM,6.2617268E+1,-4.5882362E+1,3.8566208E+3,0.0000000E+0
13355705,1/10/2021,4:14:50 PM,5.6791782E+1,-3.2200981E+1,3.8467981E+3,0.0000000E+0
13355706,1/10/2021,4:14:51 PM,4.8066864E+1,-1.5057620E+1,3.8539419E+3,0.0000000E+0
13355707,1/10/2021,4:14:51 PM,3.7426716E+1,5.8071413E+0,3.8601924E+3,0.0000000E+0
13355708,1/10/2021,4:14:51 PM,3.3569664E+1,2.3357805E+1,3.8637642E+3,0.0000000E+0
13355709,1/10/2021,4:14:51 PM,2.8302792E+1,4.1447338E+1,3.8682290E+3,0.0000000E+0
13355710,1/10/2021,4:14:51 PM,1.8577610E+1,5.8166046E+1,3.8700146E+3,0.0000000E+0
13355711,1/10/2021,4:14:51 PM,1.0015069E+1,7.5287933E+1,3.8753723E+3,0.0000000E+0
13355712,1/10/2021,4:14:51 PM,9.9334965E+0,8.9076836E+1,3.8834089E+3,0.0000000E+0
13355713,1/10/2021,4:14:51 PM,7.5810332E+0,9.8376945E+1,3.8843018E+3,0.0000000E+0
13355714,1/10/2021,4:14:51 PM,6.5153213E+0,1.0367210E+2,3.8860879E+3,0.0000000E+0
13355715,1/10/2021,4:14:51 PM,6.3416491E+0,9.9505867E+1,3.8771584E+3,0.0000000E+0
13355716,1/10/2021,4:14:52 PM,1.4130068E+0,9.3861290E+1,3.8762654E+3,0.0000000E+0
13355717,1/10/2021,4:14:52 PM,-3.7468851E+0,8.4749329E+1,3.8744795E+3,0.0000000E+0
13355718,1/10/2021,4:14:52 PM,-1.9067271E+0,7.2841949E+1,3.8709080E+3,0.0000000E+0
13355719,1/10/2021,4:14:52 PM,7.0258107E+0,5.5478153E+1,3.8637642E+3,0.0000000E+0
13355720,1/10/2021,4:14:52 PM,8.0231075E+0,3.9404537E+1,3.8610852E+3,0.0000000E+0
13355721,1/10/2021,4:14:52 PM,2.0145054E+0,2.5373728E+1,3.8503701E+3,0.0000000E+0
13355722,1/10/2021,4:14:52 PM,1.1681278E+0,1.3869071E+1,3.8512629E+3,0.0000000E+0
13355723,1/10/2021,4:14:52 PM,-1.3651658E+0,8.3304825E+0,3.8575137E+3,0.0000000E+0
13355724,1/10/2021,4:14:52 PM,-1.8988022E+0,3.2886270E-1,3.8530491E+3,0.0000000E+0
13355725,1/10/2021,4:14:52 PM,-2.4796960E+0,-7.7641273E+0,3.8476914E+3,0.0000000E+0
13355726,1/10/2021,4:14:53 PM,-1.1617585E+1,-5.6688762E+0,3.8512629E+3,0.0000000E+0
13355727,1/10/2021,4:14:53 PM,-2.5509752E+1,3.9420849E-1,3.8566208E+3,0.0000000E+0
13355728,1/10/2021,4:14:53 PM,-3.2266247E+1,3.2519999E+0,3.8566208E+3,0.0000000E+0
13355729,1/10/2021,4:14:53 PM,-3.6522305E+1,3.7669063E+0,3.8637642E+3,0.0000000E+0
13355730,1/10/2021,4:14:53 PM,-3.7320316E+1,9.7696126E-1,3.8566208E+3,0.0000000E+0
13355731,1/10/2021,4:14:53 PM,-4.1709377E+1,-3.0109627E+0,3.8548347E+3,0.0000000E+0
13355732,1/10/2021,4:14:53 PM,-4.8864876E+1,-4.7286525E+0,3.8566208E+3,0.0000000E+0
13355733,1/10/2021,4:14:53 PM,-5.2881531E+1,-9.9683952E+0,3.8557275E+3,0.0000000E+0
13355734,1/10/2021,4:14:53 PM,-4.9689487E+1,-1.7950554E+1,3.8584065E+3,0.0000000E+0
13355735,1/10/2021,4:14:53 PM,-4.6896446E+1,-3.1394611E+1,3.8485842E+3,0.0000000E+0
13355736,1/10/2021,4:14:54 PM,-4.8864876E+1,-4.3275105E+1,3.8414407E+3,0.0000000E+0
13355737,1/10/2021,4:14:54 PM,-5.3253937E+1,-5.0182995E+1,3.8405476E+3,0.0000000E+0
13355738,1/10/2021,4:14:54 PM,-5.8042004E+1,-5.2440826E+1,3.8441196E+3,0.0000000E+0
13355739,1/10/2021,4:14:54 PM,-6.2590668E+1,-5.2897770E+1,3.8459053E+3,0.0000000E+0
13355740,1/10/2021,4:14:54 PM,-6.6101913E+1,-5.7628468E+1,3.8342971E+3,0.0000000E+0
13355741,1/10/2021,4:14:54 PM,-6.9347160E+1,-5.9053047E+1,3.8369758E+3,0.0000000E+0
13355742,1/10/2021,4:14:54 PM,-7.5066238E+1,-5.3623501E+1,3.8334043E+3,0.0000000E+0
13355743,1/10/2021,4:14:54 PM,-7.9269096E+1,-4.2764408E+1,3.8459053E+3,0.0000000E+0
13355744,1/10/2021,4:14:54 PM,-7.6023857E+1,-3.2416012E+1,3.8512629E+3,0.0000000E+0
13355745,1/10/2021,4:14:54 PM,-7.2086998E+1,-2.7550922E+1,3.8476914E+3,0.0000000E+0
13355746,1/10/2021,4:14:55 PM,-6.8495949E+1,-2.4217934E+1,3.8476914E+3,0.0000000E+0
13355747,1/10/2021,4:14:55 PM,-6.4186691E+1,-1.9014133E+1,3.8467981E+3,0.0000000E+0
13355748,1/10/2021,4:14:55 PM,-6.0702042E+1,-1.1571740E+1,3.8557275E+3,0.0000000E+0
13355749,1/10/2021,4:14:55 PM,-5.1285511E+1,-7.7322197E+0,3.8584065E+3,0.0000000E+0
13355750,1/10/2021,4:14:55 PM,-3.8331131E+1,-8.6841230E+0,3.8584065E+3,0.0000000E+0
13355751,1/10/2021,4:14:55 PM,-2.7557980E+1,-1.1473359E+1,3.8530491E+3,0.0000000E+0
13355752,1/10/2021,4:14:55 PM,-1.4498958E+1,-1.4480629E+1,3.8539419E+3,0.0000000E+0
13355753,1/10/2021,4:14:55 PM,-2.6278913E+0,-1.5052302E+1,3.8584065E+3,0.0000000E+0
13355754,1/10/2021,4:14:55 PM,8.6914797E+0,-1.5895188E+1,3.8601924E+3,0.0000000E+0
13355755,1/10/2021,4:14:55 PM,1.8906534E+1,-1.7705933E+1,3.8584065E+3,0.0000000E+0
13355756,1/10/2021,4:14:56 PM,2.4312737E+1,-2.2255770E+1,3.8512629E+3,0.0000000E+0
13355757,1/10/2021,4:14:56 PM,3.2266247E+1,-2.3411564E+1,3.8539419E+3,0.0000000E+0
13355758,1/10/2021,4:14:56 PM,3.6548904E+1,-2.0696791E+1,3.8530491E+3,0.0000000E+0
13355759,1/10/2021,4:14:56 PM,3.8623737E+1,-1.7017265E+1,3.8584065E+3,0.0000000E+0
13355760,1/10/2021,4:14:56 PM,4.2347786E+1,-1.1428157E+1,3.8610852E+3,0.0000000E+0
13355761,1/10/2021,4:14:56 PM,4.2001984E+1,-8.7452784E+0,3.8530491E+3,0.0000000E+0
13355762,1/10/2021,4:14:56 PM,4.2507389E+1,-5.0834017E+0,3.8575137E+3,0.0000000E+0
13355763,1/10/2021,4:14:56 PM,4.6337841E+1,1.3661442E+0,3.8584065E+3,0.0000000E+0
13355764,1/10/2021,4:14:56 PM,4.8838276E+1,8.3756847E+0,3.8655500E+3,0.0000000E+0
13355765,1/10/2021,4:14:56 PM,5.1923916E+1,1.4454040E+1,3.8700146E+3,0.0000000E+0
13355766,1/10/2021,4:14:57 PM,5.5355370E+1,1.5238428E+1,3.8637642E+3,0.0000000E+0
13355767,1/10/2021,4:14:57 PM,5.6525784E+1,1.6594492E+1,3.8655500E+3,0.0000000E+0
13355768,1/10/2021,4:14:57 PM,5.9717827E+1,1.8288240E+1,3.8655500E+3,0.0000000E+0
13355769,1/10/2021,4:14:57 PM,5.9318825E+1,2.0644068E+1,3.8709080E+3,0.0000000E+0
13355770,1/10/2021,4:14:57 PM,5.8441010E+1,2.2013859E+1,3.8700146E+3,0.0000000E+0
13355771,1/10/2021,4:14:57 PM,5.7376995E+1,1.9210896E+1,3.8655500E+3,0.0000000E+0
13355772,1/10/2021,4:14:57 PM,5.4610558E+1,1.5831374E+1,3.8619785E+3,0.0000000E+0
13355773,1/10/2021,4:14:57 PM,4.9450085E+1,1.6405706E+1,3.8619785E+3,0.0000000E+0
13355774,1/10/2021,4:14:57 PM,4.4582218E+1,1.7769747E+1,3.8646572E+3,0.0000000E+0
13355775,1/10/2021,4:14:57 PM,3.6788307E+1,2.0508463E+1,3.8655500E+3,0.0000000E+0
13355776,1/10/2021,4:14:58 PM,2.8675198E+1,2.0669912E+1,3.8610852E+3,0.0000000E+0
13355777,1/10/2021,4:14:58 PM,2.1652700E+1,1.9226851E+1,3.8566208E+3,0.0000000E+0
13355778,1/10/2021,4:14:58 PM,1.5317319E+1,1.8939684E+1,3.8539419E+3,0.0000000E+0
13355779,1/10/2021,4:14:58 PM,2.2110426E+0,2.5696274E+1,3.8566208E+3,0.0000000E+0
13355780,1/10/2021,4:14:58 PM,-7.1521173E+0,3.4136265E+1,3.8664431E+3,0.0000000E+0
13355781,1/10/2021,4:14:58 PM,-1.6572491E+1,3.8329380E+1,3.8691218E+3,0.0000000E+0
13355782,1/10/2021,4:14:58 PM,-3.3702667E+1,4.1984917E+1,3.8548347E+3,0.0000000E+0
13355783,1/10/2021,4:14:58 PM,-4.8572273E+1,4.2522495E+1,3.8548347E+3,0.0000000E+0
13355784,1/10/2021,4:14:58 PM,-6.1553253E+1,4.8355228E+1,3.8655500E+3,0.0000000E+0
13355785,1/10/2021,4:14:58 PM,-7.3337212E+1,5.3032166E+1,3.8718008E+3,0.0000000E+0
13355786,1/10/2021,4:14:59 PM,-7.9375504E+1,4.7441345E+1,3.8655500E+3,0.0000000E+0
13355787,1/10/2021,4:14:59 PM,-9.1026459E+1,3.8813202E+1,3.8512629E+3,0.0000000E+0
13355788,1/10/2021,4:14:59 PM,-1.0142720E+2,2.9109900E+1,3.8548347E+3,0.0000000E+0
13355789,1/10/2021,4:14:59 PM,-1.0084200E+2,2.0589275E+1,3.8584065E+3,0.0000000E+0
13355790,1/10/2021,4:14:59 PM,-1.0307642E+2,1.1739254E+1,3.8601924E+3,0.0000000E+0
13355791,1/10/2021,4:14:59 PM,-1.0390104E+2,-3.2584062E+0,3.8503701E+3,0.0000000E+0
13355792,1/10/2021,4:14:59 PM,-1.0169321E+2,-2.4486723E+1,3.8423335E+3,0.0000000E+0
13355793,1/10/2021,4:14:59 PM,-9.6426331E+1,-4.4350266E+1,3.8351899E+3,0.0000000E+0
13355794,1/10/2021,4:14:59 PM,-9.3447098E+1,-5.5451267E+1,3.8369758E+3,0.0000000E+0
13355795,1/10/2021,4:14:59 PM,-8.6318192E+1,-6.5181450E+1,3.8405476E+3,0.0000000E+0
13355796,1/10/2021,4:15:00 PM,-7.6343056E+1,-7.4374054E+1,3.8387620E+3,0.0000000E+0
13355797,1/10/2021,4:15:00 PM,-7.1076180E+1,-8.1577614E+1,3.8351899E+3,0.0000000E+0
13355798,1/10/2021,4:15:00 PM,-6.4319695E+1,-8.7706009E+1,3.8262605E+3,0.0000000E+0
13355799,1/10/2021,4:15:00 PM,-5.2056919E+1,-8.9910080E+1,3.8351899E+3,0.0000000E+0
13355800,1/10/2021,4:15:00 PM,-4.0991169E+1,-8.6926521E+1,3.8423335E+3,0.0000000E+0
13355801,1/10/2021,4:15:00 PM,-2.9154003E+1,-8.3002190E+1,3.8503701E+3,0.0000000E+0
13355802,1/10/2021,4:15:00 PM,-1.7090876E+1,-8.4292381E+1,3.8432266E+3,0.0000000E+0
13355803,1/10/2021,4:15:00 PM,-5.1067948E+0,-8.5690086E+1,3.8423335E+3,0.0000000E+0
13355804,1/10/2021,4:15:00 PM,7.2547412E+0,-8.3835442E+1,3.8459053E+3,0.0000000E+0
13355805,1/10/2021,4:15:00 PM,2.0022243E+1,-7.7841438E+1,3.8530491E+3,0.0000000E+0
13355806,1/10/2021,4:15:01 PM,3.4766682E+1,-7.1820549E+1,3.8619785E+3,0.0000000E+0
13355807,1/10/2021,4:15:01 PM,4.5566429E+1,-7.1309853E+1,3.8512629E+3,0.0000000E+0
13355808,1/10/2021,4:15:01 PM,5.3573139E+1,-7.0852905E+1,3.8512629E+3,0.0000000E+0
13355809,1/10/2021,4:15:01 PM,5.8919811E+1,-6.8326286E+1,3.8441196E+3,0.0000000E+0
13355810,1/10/2021,4:15:01 PM,5.7749397E+1,-5.9483112E+1,3.8494771E+3,0.0000000E+0
13355811,1/10/2021,4:15:01 PM,5.5727768E+1,-4.4726570E+1,3.8584065E+3,0.0000000E+0
13355812,1/10/2021,4:15:01 PM,5.1019505E+1,-3.2953590E+1,3.8539419E+3,0.0000000E+0
13355813,1/10/2021,4:15:01 PM,4.2640388E+1,-1.8766853E+1,3.8530491E+3,0.0000000E+0
13355814,1/10/2021,4:15:01 PM,2.9872213E+1,-3.8213601E+0,3.8512629E+3,0.0000000E+0
13355815,1/10/2021,4:15:01 PM,2.0122236E+1,1.4137625E+1,3.8566208E+3,0.0000000E+0
13355816,1/10/2021,4:15:02 PM,1.0646603E+1,3.7092949E+1,3.8673359E+3,0.0000000E+0
13355817,1/10/2021,4:15:02 PM,1.9225768E+0,5.5666302E+1,3.8691218E+3,0.0000000E+0
13355818,1/10/2021,4:15:02 PM,-3.8554559E+0,6.9347687E+1,3.8691218E+3,0.0000000E+0
13355819,1/10/2021,4:15:02 PM,-1.2209648E+1,8.3432259E+1,3.8718008E+3,0.0000000E+0
13355820,1/10/2021,4:15:02 PM,-1.9417025E+1,9.6119118E+1,3.8735867E+3,0.0000000E+0
13355821,1/10/2021,4:15:02 PM,-1.6567228E+1,1.0283886E+2,3.8798374E+3,0.0000000E+0
13355822,1/10/2021,4:15:02 PM,-1.6040951E+1,1.0875222E+2,3.8825161E+3,0.0000000E+0
13355823,1/10/2021,4:15:02 PM,-1.5488359E+1,1.0775771E+2,3.8789441E+3,0.0000000E+0
13355824,1/10/2021,4:15:02 PM,-1.5293636E+1,1.0197873E+2,3.8762654E+3,0.0000000E+0
13355825,1/10/2021,4:15:02 PM,-1.4922610E+1,9.4560143E+1,3.8726936E+3,0.0000000E+0
13355826,1/10/2021,4:15:03 PM,-1.4364757E+1,8.2948433E+1,3.8691218E+3,0.0000000E+0
13355827,1/10/2021,4:15:03 PM,-1.0296628E+1,7.0557236E+1,3.8709080E+3,0.0000000E+0
13355828,1/10/2021,4:15:03 PM,-9.1624985E+0,5.8058529E+1,3.8637642E+3,0.0000000E+0
13355829,1/10/2021,4:15:03 PM,-1.2525415E+1,4.4753448E+1,3.8575137E+3,0.0000000E+0
13355830,1/10/2021,4:15:03 PM,-1.4054253E+1,3.4190022E+1,3.8566208E+3,0.0000000E+0
13355831,1/10/2021,4:15:03 PM,-1.4433172E+1,2.4809271E+1,3.8530491E+3,0.0000000E+0
13355832,1/10/2021,4:15:03 PM,-1.3620073E+1,1.7328362E+1,3.8566208E+3,0.0000000E+0
13355833,1/10/2021,4:15:03 PM,-1.6580387E+1,1.0401803E+1,3.8503701E+3,0.0000000E+0
13355834,1/10/2021,4:15:03 PM,-1.9403868E+1,5.4162765E+0,3.8503701E+3,0.0000000E+0
13355835,1/10/2021,4:15:03 PM,-1.7585577E+1,5.7114196E+0,3.8584065E+3,0.0000000E+0
13355836,1/10/2021,4:15:04 PM,-1.1720209E+1,7.6635408E-1,3.8548347E+3,0.0000000E+0
13355837,1/10/2021,4:15:04 PM,-3.6208794E+0,-5.3692832E+0,3.8584065E+3,0.0000000E+0
13355838,1/10/2021,4:15:04 PM,7.4284129E+0,-1.2622025E+1,3.8566208E+3,0.0000000E+0
13355839,1/10/2021,4:15:04 PM,1.3433244E+1,-1.8923731E+1,3.8601924E+3,0.0000000E+0
13355840,1/10/2021,4:15:04 PM,2.1759102E+1,-2.9029264E+1,3.8557275E+3,0.0000000E+0
13355841,1/10/2021,4:15:04 PM,3.2053444E+1,-3.9135746E+1,3.8592996E+3,0.0000000E+0
13355842,1/10/2021,4:15:04 PM,4.2108383E+1,-4.7253193E+1,3.8646572E+3,0.0000000E+0
13355843,1/10/2021,4:15:04 PM,4.6896446E+1,-6.0047569E+1,3.8530491E+3,0.0000000E+0
13355844,1/10/2021,4:15:04 PM,4.7508259E+1,-7.0960419E+1,3.8503701E+3,0.0000000E+0
13355845,1/10/2021,4:15:04 PM,4.4130013E+1,-7.8110222E+1,3.8503701E+3,0.0000000E+0
13355846,1/10/2021,4:15:05 PM,4.0139957E+1,-8.4238625E+1,3.8494771E+3,0.0000000E+0
13355847,1/10/2021,4:15:05 PM,3.3144058E+1,-8.9399376E+1,3.8423335E+3,0.0000000E+0
13355848,1/10/2021,4:15:05 PM,2.1147293E+1,-9.0770210E+1,3.8459053E+3,0.0000000E+0
13355849,1/10/2021,4:15:05 PM,9.4203749E+0,-9.2167908E+1,3.8369758E+3,0.0000000E+0
13355850,1/10/2021,4:15:05 PM,-4.6859837E+0,-8.9990715E+1,3.8369758E+3,0.0000000E+0
13355851,1/10/2021,4:15:05 PM,-1.7435589E+1,-8.1738884E+1,3.8396548E+3,0.0000000E+0
13355852,1/10/2021,4:15:05 PM,-2.8648596E+1,-7.1175453E+1,3.8476914E+3,0.0000000E+0
13355853,1/10/2021,4:15:05 PM,-3.7506519E+1,-6.4133171E+1,3.8423335E+3,0.0000000E+0
13355854,1/10/2021,4:15:05 PM,-4.4741821E+1,-5.9187447E+1,3.8396548E+3,0.0000000E+0
13355855,1/10/2021,4:15:05 PM,-5.3307140E+1,-4.8462742E+1,3.8476914E+3,0.0000000E+0
13355856,1/10/2021,4:15:06 PM,-5.6871590E+1,-3.9807724E+1,3.8467981E+3,0.0000000E+0
13355857,1/10/2021,4:15:06 PM,-6.2590668E+1,-2.9728115E+1,3.8503701E+3,0.0000000E+0
13355858,1/10/2021,4:15:06 PM,-6.7591537E+1,-1.8889164E+1,3.8539419E+3,0.0000000E+0
13355859,1/10/2021,4:15:06 PM,-7.2539207E+1,-1.0500184E+1,3.8521558E+3,0.0000000E+0
13355860,1/10/2021,4:15:06 PM,-7.7939079E+1,-4.0079436E+0,3.8476914E+3,0.0000000E+0
13355861,1/10/2021,4:15:06 PM,-8.5599991E+1,6.5622826E+0,3.8584065E+3,0.0000000E+0
13355862,1/10/2021,4:15:06 PM,-9.5601723E+1,1.6004206E+1,3.8494771E+3,0.0000000E+0
13355863,1/10/2021,4:15:06 PM,-1.0286362E+2,2.5454363E+1,3.8557275E+3,0.0000000E+0
13355864,1/10/2021,4:15:06 PM,-1.0570987E+2,3.4566326E+1,3.8575137E+3,0.0000000E+0
13355865,1/10/2021,4:15:06 PM,-1.0964672E+2,4.0425938E+1,3.8530491E+3,0.0000000E+0
13355866,1/10/2021,4:15:07 PM,-1.0677388E+2,4.4592175E+1,3.8566208E+3,0.0000000E+0
13355867,1/10/2021,4:15:07 PM,-1.0403404E+2,4.7521980E+1,3.8494771E+3,0.0000000E+0
13355868,1/10/2021,4:15:07 PM,-9.5974129E+1,4.8758411E+1,3.8584065E+3,0.0000000E+0
13355869,1/10/2021,4:15:07 PM,-8.1663132E+1,4.9322872E+1,3.8539419E+3,0.0000000E+0
13355870,1/10/2021,4:15:07 PM,-6.4452690E+1,4.8865929E+1,3.8601924E+3,0.0000000E+0
13355871,1/10/2021,4:15:07 PM,-4.3651203E+1,4.7468224E+1,3.8619785E+3,0.0000000E+0
13355872,1/10/2021,4:15:07 PM,-2.4179735E+1,4.4619053E+1,3.8584065E+3,0.0000000E+0
13355873,1/10/2021,4:15:07 PM,-4.0527859E+0,4.2065556E+1,3.8655500E+3,0.0000000E+0
13355874,1/10/2021,4:15:07 PM,1.7093508E+1,3.9646450E+1,3.8637642E+3,0.0000000E+0
13355875,1/10/2021,4:15:07 PM,3.2771656E+1,3.9081989E+1,3.8709080E+3,0.0000000E+0
13355876,1/10/2021,4:15:08 PM,4.6284641E+1,3.7388618E+1,3.8673359E+3,0.0000000E+0
13355877,1/10/2021,4:15:08 PM,5.7909325E+1,3.5292255E+1,3.8726936E+3,0.0000000E+0
13355878,1/10/2021,4:15:08 PM,6.5304268E+1,3.3948299E+1,3.8655500E+3,0.0000000E+0
13355879,1/10/2021,4:15:08 PM,6.9640152E+1,3.5480412E+1,3.8789441E+3,0.0000000E+0
13355880,1/10/2021,4:15:08 PM,6.9826355E+1,3.2308678E+1,3.8709080E+3,0.0000000E+0
13355881,1/10/2021,4:15:08 PM,6.9054947E+1,2.7739229E+1,3.8718008E+3,0.0000000E+0
13355882,1/10/2021,4:15:08 PM,6.8895340E+1,2.1180729E+1,3.8682290E+3,0.0000000E+0
13355883,1/10/2021,4:15:08 PM,6.9480553E+1,1.1398884E+1,3.8637642E+3,0.0000000E+0
13355884,1/10/2021,4:15:08 PM,7.0863777E+1,2.3999908E+0,3.8691218E+3,0.0000000E+0
13355885,1/10/2021,4:15:08 PM,6.9028343E+1,-7.3386798E+0,3.8601924E+3,0.0000000E+0
13355886,1/10/2021,4:15:09 PM,6.4000839E+1,-1.8394560E+1,3.8610852E+3,0.0000000E+0
13355887,1/10/2021,4:15:09 PM,6.1447193E+1,-2.8115536E+1,3.8557275E+3,0.0000000E+0
13355888,1/10/2021,4:15:09 PM,5.8840347E+1,-3.9807945E+1,3.8539419E+3,0.0000000E+0
13355889,1/10/2021,4:15:09 PM,5.5329075E+1,-4.8624290E+1,3.8512629E+3,0.0000000E+0
13355890,1/10/2021,4:15:09 PM,4.7215916E+1,-5.3032463E+1,3.8512629E+3,0.0000000E+0
13355891,1/10/2021,4:15:09 PM,3.8198341E+1,-5.6876175E+1,3.8485842E+3,0.0000000E+0
13355892,1/10/2021,4:15:09 PM,2.7398531E+1,-5.7601910E+1,3.8503701E+3,0.0000000E+0
13355893,1/10/2021,4:15:09 PM,1.6498777E+1,-5.8677074E+1,3.8441196E+3,0.0000000E+0
13355894,1/10/2021,4:15:09 PM,4.2414498E+0,-5.5801006E+1,3.8476914E+3,0.0000000E+0
13355895,1/10/2021,4:15:09 PM,-7.5415468E+0,-5.0640217E+1,3.8476914E+3,0.0000000E+0
13355896,1/10/2021,4:15:10 PM,-2.2211432E+1,-4.4296753E+1,3.8476914E+3,0.0000000E+0
13355897,1/10/2021,4:15:10 PM,-3.1973824E+1,-3.7496342E+1,3.8530491E+3,0.0000000E+0
13355898,1/10/2021,4:15:10 PM,-4.2108616E+1,-3.5238499E+1,3.8450125E+3,0.0000000E+0
13355899,1/10/2021,4:15:10 PM,-4.6949913E+1,-3.2093643E+1,3.8503701E+3,0.0000000E+0
13355900,1/10/2021,4:15:10 PM,-5.2110416E+1,-2.7282284E+1,3.8503701E+3,0.0000000E+0
13355901,1/10/2021,4:15:10 PM,-5.3600044E+1,-2.7282284E+1,3.8521558E+3,0.0000000E+0
13355902,1/10/2021,4:15:10 PM,-5.2748829E+1,-2.6556549E+1,3.8512629E+3,0.0000000E+0
13355903,1/10/2021,4:15:10 PM,-5.1817802E+1,-2.7604834E+1,3.8459053E+3,0.0000000E+0
13355904,1/10/2021,4:15:10 PM,-5.1498600E+1,-2.6072727E+1,3.8503701E+3,0.0000000E+0
13355905,1/10/2021,4:15:10 PM,-5.0274979E+1,-2.2820354E+1,3.8476914E+3,0.0000000E+0
13355906,1/10/2021,4:15:11 PM,-4.8306538E+1,-1.8064850E+1,3.8548347E+3,0.0000000E+0
13355907,1/10/2021,4:15:11 PM,-4.5885891E+1,-1.5198512E+1,3.8521558E+3,0.0000000E+0
13355908,1/10/2021,4:15:11 PM,-4.3332241E+1,-1.5581399E+1,3.8459053E+3,0.0000000E+0
13355909,1/10/2021,4:15:11 PM,-4.2853432E+1,-1.2111481E+1,3.8494771E+3,0.0000000E+0
13355910,1/10/2021,4:15:11 PM,-3.9927376E+1,-6.1820402E+0,3.8548347E+3,0.0000000E+0
13355911,1/10/2021,4:15:11 PM,-3.5671295E+1,-2.5489395E+0,3.8539419E+3,0.0000000E+0
13355912,1/10/2021,4:15:11 PM,-2.9898981E+1,-1.2482488E-1,3.8575137E+3,0.0000000E+0
13355913,1/10/2021,4:15:11 PM,-2.0721802E+1,-6.9373828E-1,3.8521558E+3,0.0000000E+0
13355914,1/10/2021,4:15:11 PM,-1.5048885E+1,2.2830744E+0,3.8601924E+3,0.0000000E+0
13355915,1/10/2021,4:15:11 PM,-1.8767031E+1,8.8330050E+0,3.8530491E+3,0.0000000E+0
13355916,1/10/2021,4:15:12 PM,-1.9509081E+1,1.4323721E+1,3.8584065E+3,0.0000000E+0
13355917,1/10/2021,4:15:12 PM,-1.7188200E+1,2.3384815E+1,3.8726936E+3,0.0000000E+0
13355918,1/10/2021,4:15:12 PM,-1.4625232E+1,2.6449034E+1,3.8637642E+3,0.0000000E+0
13355919,1/10/2021,4:15:12 PM,-1.6943481E+1,2.2900991E+1,3.8512629E+3,0.0000000E+0
13355920,1/10/2021,4:15:12 PM,-2.4711882E+1,2.8653120E+1,3.8601924E+3,0.0000000E+0
13355921,1/10/2021,4:15:12 PM,-3.0484194E+1,3.6179268E+1,3.8655500E+3,0.0000000E+0
13355922,1/10/2021,4:15:12 PM,-3.0590593E+1,3.8168320E+1,3.8655500E+3,0.0000000E+0
13355923,1/10/2021,4:15:12 PM,-3.2692036E+1,3.7093155E+1,3.8628713E+3,0.0000000E+0
13355924,1/10/2021,4:15:12 PM,-3.5245686E+1,3.2120522E+1,3.8512629E+3,0.0000000E+0
13355925,1/10/2021,4:15:12 PM,-3.2160027E+1,2.8787514E+1,3.8584065E+3,0.0000000E+0
13355926,1/10/2021,4:15:13 PM,-3.1441809E+1,3.0158350E+1,3.8584065E+3,0.0000000E+0
13355927,1/10/2021,4:15:13 PM,-2.8542355E+1,2.6690945E+1,3.8601924E+3,0.0000000E+0
13355928,1/10/2021,4:15:13 PM,-2.2397635E+1,2.2067741E+1,3.8566208E+3,0.0000000E+0
13355929,1/10/2021,4:15:13 PM,-1.9314360E+1,1.8538143E+1,3.8584065E+3,0.0000000E+0
13355930,1/10/2021,4:15:13 PM,-1.5317286E+1,1.5294233E+1,3.8548347E+3,0.0000000E+0
13355931,1/10/2021,4:15:13 PM,-1.2380662E+1,1.4392853E+1,3.8566208E+3,0.0000000E+0
13355932,1/10/2021,4:15:13 PM,-1.4654177E+1,1.7386822E+1,3.8619785E+3,0.0000000E+0
13355933,1/10/2021,4:15:13 PM,-1.3530577E+1,1.9588425E+1,3.8664431E+3,0.0000000E+0
13355934,1/10/2021,4:15:13 PM,-1.4664703E+1,1.6823124E+1,3.8610852E+3,0.0000000E+0
13355935,1/10/2021,4:15:13 PM,-1.5580424E+1,1.1991828E+1,3.8619785E+3,0.0000000E+0
13355936,1/10/2021,4:15:14 PM,-1.2035951E+1,4.3443279E+0,3.8530491E+3,0.0000000E+0
13355937,1/10/2021,4:15:14 PM,-6.3626866E+0,-1.1068873E+0,3.8548347E+3,0.0000000E+0
13355938,1/10/2021,4:15:14 PM,1.6254135E+0,-2.0059984E+0,3.8726936E+3,0.0000000E+0
13355939,1/10/2021,4:15:14 PM,4.9016535E-1,-8.7665310E+0,3.8530491E+3,0.0000000E+0
13355940,1/10/2021,4:15:14 PM,-2.3122503E-1,-2.0616268E+1,3.8494771E+3,0.0000000E+0
13355941,1/10/2021,4:15:14 PM,5.1274629E+0,-2.9486372E+1,3.8476914E+3,0.0000000E+0
13355942,1/10/2021,4:15:14 PM,1.7251352E+1,-3.5614807E+1,3.8566208E+3,0.0000000E+0
13355943,1/10/2021,4:15:14 PM,2.5669500E+1,-4.1528210E+1,3.8530491E+3,0.0000000E+0
13355944,1/10/2021,4:15:14 PM,2.7504936E+1,-4.7172817E+1,3.8494771E+3,0.0000000E+0
13355945,1/10/2021,4:15:14 PM,2.8116747E+1,-5.0720860E+1,3.8512629E+3,0.0000000E+0
13355946,1/10/2021,4:15:15 PM,3.1149204E+1,-5.7144962E+1,3.8441196E+3,0.0000000E+0
13355947,1/10/2021,4:15:15 PM,3.9209164E+1,-5.8811466E+1,3.8530491E+3,0.0000000E+0
13355948,1/10/2021,4:15:15 PM,4.2747028E+1,-5.8569553E+1,3.8548347E+3,0.0000000E+0
13355949,1/10/2021,4:15:15 PM,3.9980576E+1,-5.6714897E+1,3.8521558E+3,0.0000000E+0
13355950,1/10/2021,4:15:15 PM,3.5032883E+1,-5.3623802E+1,3.8548347E+3,0.0000000E+0
13355951,1/10/2021,4:15:15 PM,2.9260569E+1,-5.1285324E+1,3.8503701E+3,0.0000000E+0
13355952,1/10/2021,4:15:15 PM,2.6839922E+1,-4.7414730E+1,3.8539419E+3,0.0000000E+0
13355953,1/10/2021,4:15:15 PM,2.6999523E+1,-4.3194710E+1,3.8566208E+3,0.0000000E+0
13355954,1/10/2021,4:15:15 PM,2.2078428E+1,-3.7953285E+1,3.8566208E+3,0.0000000E+0
13355955,1/10/2021,4:15:15 PM,1.2209621E+1,-3.3948299E+1,3.8548347E+3,0.0000000E+0
13355956,1/10/2021,4:15:16 PM,1.2299570E+0,-3.0937841E+1,3.8467981E+3,0.0000000E+0
13355957,1/10/2021,4:15:16 PM,-2.7761209E+0,-2.6771582E+1,3.8566208E+3,0.0000000E+0
13355958,1/10/2021,4:15:16 PM,-6.9679050E+0,-2.3142904E+1,3.8494771E+3,0.0000000E+0
13355959,1/10/2021,4:15:16 PM,-1.2057001E+1,-1.8522190E+1,3.8566208E+3,0.0000000E+0
13355960,1/10/2021,4:15:16 PM,-2.1652821E+1,-1.1959921E+1,3.8530491E+3,0.0000000E+0
13355961,1/10/2021,4:15:16 PM,-3.1840820E+1,-8.8622532E+0,3.8494771E+3,0.0000000E+0
13355962,1/10/2021,4:15:16 PM,-4.0831791E+1,-1.2677195E+0,3.8530491E+3,0.0000000E+0
13355963,1/10/2021,4:15:16 PM,-4.3624847E+1,3.8214071E+0,3.8548347E+3,0.0000000E+0
13355964,1/10/2021,4:15:16 PM,-4.7774529E+1,9.7662935E+0,3.8566208E+3,0.0000000E+0
13355965,1/10/2021,4:15:16 PM,-5.5807884E+1,1.7275146E+1,3.8566208E+3,0.0000000E+0
13355966,1/10/2021,4:15:17 PM,-6.3069824E+1,2.0858181E+1,3.8548347E+3,0.0000000E+0
13355967,1/10/2021,4:15:17 PM,-6.3867840E+1,2.5320108E+1,3.8566208E+3,0.0000000E+0
13355968,1/10/2021,4:15:17 PM,-6.3974243E+1,2.8733757E+1,3.8584065E+3,0.0000000E+0
13355969,1/10/2021,4:15:17 PM,-5.8467934E+1,2.9325096E+1,3.8584065E+3,0.0000000E+0
13355970,1/10/2021,4:15:17 PM,-5.4584263E+1,3.0964722E+1,3.8610852E+3,0.0000000E+0
13355971,1/10/2021,4:15:17 PM,-5.2163612E+1,2.9217579E+1,3.8557275E+3,0.0000000E+0
13355972,1/10/2021,4:15:17 PM,-4.6311501E+1,2.8357449E+1,3.8584065E+3,0.0000000E+0
13355973,1/10/2021,4:15:17 PM,-3.9421967E+1,2.8814394E+1,3.8601924E+3,0.0000000E+0
13355974,1/10/2021,4:15:17 PM,-3.5830894E+1,2.5992088E+1,3.8566208E+3,0.0000000E+0
13355975,1/10/2021,4:15:17 PM,-2.5642899E+1,2.2229013E+1,3.8592996E+3,0.0000000E+0
13355976,1/10/2021,4:15:18 PM,-1.6732971E+1,1.9739985E+1,3.8601924E+3,0.0000000E+0
13355977,1/10/2021,4:15:18 PM,-1.2238567E+1,1.5626602E+1,3.8566208E+3,0.0000000E+0
13355978,1/10/2021,4:15:18 PM,-9.3150997E+0,1.4568343E+1,3.8575137E+3,0.0000000E+0
13355979,1/10/2021,4:15:18 PM,-8.6598845E+0,1.4839555E+1,3.8584065E+3,0.0000000E+0
13355980,1/10/2021,4:15:18 PM,-5.1345954E+0,1.4291813E+1,3.8619785E+3,0.0000000E+0
13355981,1/10/2021,4:15:18 PM,-3.2228968E-1,1.1654142E+1,3.8584065E+3,0.0000000E+0
13355982,1/10/2021,4:15:18 PM,2.4488192E+0,1.0287446E+1,3.8601924E+3,0.0000000E+0
13355983,1/10/2021,4:15:18 PM,3.1565201E+0,9.9471016E+0,3.8628713E+3,0.0000000E+0
13355984,1/10/2021,4:15:18 PM,4.5212016E+0,7.3599510E+0,3.8566208E+3,0.0000000E+0
13355985,1/10/2021,4:15:18 PM,8.9230232E+0,3.3185060E+0,3.8610852E+3,0.0000000E+0
13355986,1/10/2021,4:15:19 PM,1.3172709E+1,-8.5723758E-1,3.8557275E+3,0.0000000E+0
13355987,1/10/2021,4:15:19 PM,1.5596212E+1,-4.2121964E+0,3.8619785E+3,0.0000000E+0
13355988,1/10/2021,4:15:19 PM,1.6088282E+1,-6.4984536E+0,3.8548347E+3,0.0000000E+0
13355989,1/10/2021,4:15:19 PM,1.5548848E+1,-8.8117332E+0,3.8584065E+3,0.0000000E+0
13355990,1/10/2021,4:15:19 PM,1.4514713E+1,-1.0268834E+1,3.8548347E+3,0.0000000E+0
13355991,1/10/2021,4:15:19 PM,1.4256839E+1,-1.0739467E+1,3.8601924E+3,0.0000000E+0
13355992,1/10/2021,4:15:19 PM,1.2941146E+1,-1.1473334E+1,3.8575137E+3,0.0000000E+0
13355993,1/10/2021,4:15:19 PM,6.0153437E+0,-1.2358762E+1,3.8548347E+3,0.0000000E+0
13355994,1/10/2021,4:15:19 PM,9.9854767E-1,-1.2058302E+1,3.8566208E+3,0.0000000E+0
13355995,1/10/2021,4:15:19 PM,-4.0124178E+0,-1.2127434E+1,3.8548347E+3,0.0000000E+0
13355996,1/10/2021,4:15:20 PM,-7.8704691E+0,-1.2486391E+1,3.8575137E+3,0.0000000E+0
13355997,1/10/2021,4:15:20 PM,-1.1799126E+1,-1.3547308E+1,3.8530491E+3,0.0000000E+0
13355998,1/10/2021,4:15:20 PM,-1.6577719E+1,-1.4461985E+1,3.8512629E+3,0.0000000E+0
13355999,1/10/2021,4:15:20 PM,-2.0908007E+1,-1.4299788E+1,3.8548347E+3,0.0000000E+0
13356000,1/10/2021,4:15:20 PM,-2.4951284E+1,-1.4060485E+1,3.8494771E+3,0.0000000E+0
13356001,1/10/2021,4:15:20 PM,-2.6733521E+1,-1.4081757E+1,3.8548347E+3,0.0000000E+0
13356002,1/10/2021,4:15:20 PM,-2.7425133E+1,-1.4964525E+1,3.8530491E+3,0.0000000E+0
13356003,1/10/2021,4:15:20 PM,-2.9207369E+1,-1.5911109E+1,3.8530491E+3,0.0000000E+0
13356004,1/10/2021,4:15:20 PM,-2.8329552E+1,-1.7679304E+1,3.8530491E+3,0.0000000E+0
13356005,1/10/2021,4:15:20 PM,-3.0803396E+1,-1.9123110E+1,3.8494771E+3,0.0000000E+0
13356006,1/10/2021,4:15:21 PM,-2.9739376E+1,-1.8615252E+1,3.8539419E+3,0.0000000E+0
13356007,1/10/2021,4:15:21 PM,-2.6733521E+1,-1.8782766E+1,3.8521558E+3,0.0000000E+0
13356008,1/10/2021,4:15:21 PM,-2.4898085E+1,-1.8086123E+1,3.8557275E+3,0.0000000E+0
13356009,1/10/2021,4:15:21 PM,-2.1174011E+1,-1.8168549E+1,3.8548347E+3,0.0000000E+0
13356010,1/10/2021,4:15:21 PM,-2.0508997E+1,-1.8841263E+1,3.8512629E+3,0.0000000E+0
13356011,1/10/2021,4:15:21 PM,-2.0269594E+1,-1.7979765E+1,3.8548347E+3,0.0000000E+0
13356012,1/10/2021,4:15:21 PM,-1.9269625E+1,-1.6397696E+1,3.8530491E+3,0.0000000E+0
13356013,1/10/2021,4:15:21 PM,-1.7872360E+1,-1.6288677E+1,3.8557275E+3,0.0000000E+0
13356014,1/10/2021,4:15:21 PM,-1.0630791E+1,-1.9319872E+1,3.8548347E+3,0.0000000E+0
13356015,1/10/2021,4:15:21 PM,-6.7810764E+0,-2.2094620E+1,3.8530491E+3,0.0000000E+0
13356016,1/10/2021,4:15:22 PM,-2.3537192E+0,-2.5131956E+1,3.8521558E+3,0.0000000E+0
13356017,1/10/2021,4:15:22 PM,3.6803613E+0,-2.8545601E+1,3.8530491E+3,0.0000000E+0
13356018,1/10/2021,4:15:22 PM,1.0120303E+1,-3.0158350E+1,3.8548347E+3,0.0000000E+0
13356019,1/10/2021,4:15:22 PM,1.9009119E+1,-3.2201157E+1,3.8557275E+3,0.0000000E+0
13356020,1/10/2021,4:15:22 PM,2.6201509E+1,-3.4969707E+1,3.8530491E+3,0.0000000E+0
13356021,1/10/2021,4:15:22 PM,2.9978783E+1,-3.3948299E+1,3.8566208E+3,0.0000000E+0
13356022,1/10/2021,4:15:22 PM,3.0883202E+1,-3.1824852E+1,3.8539419E+3,0.0000000E+0
13356023,1/10/2021,4:15:22 PM,2.7371933E+1,-2.8679996E+1,3.8575137E+3,0.0000000E+0
13356024,1/10/2021,4:15:22 PM,2.4366074E+1,-2.5400749E+1,3.8539419E+3,0.0000000E+0
13356025,1/10/2021,4:15:22 PM,1.9888000E+1,-2.0186203E+1,3.8566208E+3,0.0000000E+0
13356026,1/10/2021,4:15:23 PM,1.4201579E+1,-1.4703948E+1,3.8584065E+3,0.0000000E+0
13356027,1/10/2021,4:15:23 PM,7.4757619E+0,-1.0984089E+1,3.8539419E+3,0.0000000E+0
13356028,1/10/2021,4:15:23 PM,2.8117833E+0,-6.3229637E+0,3.8539419E+3,0.0000000E+0
13356029,1/10/2021,4:15:23 PM,-2.4194965E+0,-2.5605103E-1,3.8548347E+3,0.0000000E+0
13356030,1/10/2021,4:15:23 PM,-5.1131978E+0,6.5064306E+0,3.8601924E+3,0.0000000E+0
13356031,1/10/2021,4:15:23 PM,-1.0675525E+1,1.2489050E+1,3.8557275E+3,0.0000000E+0
13356032,1/10/2021,4:15:23 PM,-1.5730413E+1,1.7219309E+1,3.8584065E+3,0.0000000E+0
13356033,1/10/2021,4:15:23 PM,-2.3142450E+1,2.3814880E+1,3.8566208E+3,0.0000000E+0
13356034,1/10/2021,4:15:23 PM,-3.1761019E+1,3.0212107E+1,3.8584065E+3,0.0000000E+0
13356035,1/10/2021,4:15:23 PM,-3.7586533E+1,3.7953285E+1,3.8619785E+3,0.0000000E+0
13356036,1/10/2021,4:15:24 PM,-4.3837650E+1,4.3517262E+1,3.8646572E+3,0.0000000E+0
13356037,1/10/2021,4:15:24 PM,-4.8093735E+1,4.8140465E+1,3.8628713E+3,0.0000000E+0
13356038,1/10/2021,4:15:24 PM,-5.2482819E+1,4.9887608E+1,3.8601924E+3,0.0000000E+0
13356039,1/10/2021,4:15:24 PM,-5.4797062E+1,5.1150928E+1,3.8601924E+3,0.0000000E+0
13356040,1/10/2021,4:15:24 PM,-5.7058105E+1,5.3919472E+1,3.8655500E+3,0.0000000E+0
13356041,1/10/2021,4:15:24 PM,-5.5382278E+1,5.1097168E+1,3.8637642E+3,0.0000000E+0
13356042,1/10/2021,4:15:24 PM,-5.1232594E+1,4.3571018E+1,3.8601924E+3,0.0000000E+0
13356043,1/10/2021,4:15:24 PM,-4.7827728E+1,3.7335068E+1,3.8601924E+3,0.0000000E+0
13356044,1/10/2021,4:15:24 PM,-4.3864254E+1,2.9755161E+1,3.8566208E+3,0.0000000E+0
13356045,1/10/2021,4:15:24 PM,-3.6841717E+1,2.2094620E+1,3.8584065E+3,0.0000000E+0
13356046,1/10/2021,4:15:25 PM,-3.0457592E+1,1.5568106E+1,3.8566208E+3,0.0000000E+0
13356047,1/10/2021,4:15:25 PM,-2.3674459E+1,7.5593719E+0,3.8566208E+3,0.0000000E+0
13356048,1/10/2021,4:15:25 PM,-1.8953859E+1,4.1261560E-1,3.8566208E+3,0.0000000E+0
13356049,1/10/2021,4:15:25 PM,-1.6432993E+1,-6.4638877E+0,3.8485842E+3,0.0000000E+0
13356050,1/10/2021,4:15:25 PM,-1.2135943E+1,-1.1281890E+1,3.8548347E+3,0.0000000E+0
13356051,1/10/2021,4:15:25 PM,-8.0283527E+0,-1.3502107E+1,3.8566208E+3,0.0000000E+0
13356052,1/10/2021,4:15:25 PM,-6.8284416E+0,-1.6780582E+1,3.8557275E+3,0.0000000E+0
13356053,1/10/2021,4:15:25 PM,-3.8491635E+0,-2.1019455E+1,3.8557275E+3,0.0000000E+0
13356054,1/10/2021,4:15:25 PM,-3.5075967E+0,-2.5158836E+1,3.8530491E+3,0.0000000E+0
13356055,1/10/2021,4:15:25 PM,-2.0113602E+0,-2.9325096E+1,3.8512629E+3,0.0000000E+0
13356056,1/10/2021,4:15:26 PM,1.1736897E+0,-3.2066765E+1,3.8557275E+3,0.0000000E+0
13356057,1/10/2021,4:15:26 PM,3.4156668E+0,-3.4996586E+1,3.8566208E+3,0.0000000E+0
13356058,1/10/2021,4:15:26 PM,4.9237905E+0,-4.1178780E+1,3.8530491E+3,0.0000000E+0
13356059,1/10/2021,4:15:26 PM,4.6131315E+0,-4.7764160E+1,3.8459053E+3,0.0000000E+0
13356060,1/10/2021,4:15:26 PM,4.0821576E+0,-5.2387363E+1,3.8494771E+3,0.0000000E+0
13356061,1/10/2021,4:15:26 PM,6.3311100E+0,-5.4134502E+1,3.8503701E+3,0.0000000E+0
13356062,1/10/2021,4:15:26 PM,6.4126830E+0,-5.5801006E+1,3.8485842E+3,0.0000000E+0
13356063,1/10/2021,4:15:26 PM,5.5548515E+0,-5.6903053E+1,3.8476914E+3,0.0000000E+0
13356064,1/10/2021,4:15:26 PM,5.3706546E+0,-5.7171844E+1,3.8459053E+3,0.0000000E+0
13356065,1/10/2021,4:15:26 PM,7.6046996E+0,-5.7171844E+1,3.8441196E+3,0.0000000E+0
13356066,1/10/2021,4:15:27 PM,1.0951820E+1,-5.2844307E+1,3.8476914E+3,0.0000000E+0
13356067,1/10/2021,4:15:27 PM,1.2893782E+1,-4.5049370E+1,3.8530491E+3,0.0000000E+0
13356068,1/10/2021,4:15:27 PM,1.0480802E+1,-3.8652142E+1,3.8530491E+3,0.0000000E+0
13356069,1/10/2021,4:15:27 PM,1.1004447E+1,-3.3464478E+1,3.8539419E+3,0.0000000E+0
13356070,1/10/2021,4:15:27 PM,1.0425544E+1,-2.9029427E+1,3.8503701E+3,0.0000000E+0
13356071,1/10/2021,4:15:27 PM,1.0707102E+1,-2.1610796E+1,3.8548347E+3,0.0000000E+0
13356072,1/10/2021,4:15:27 PM,1.2667482E+1,-1.2598067E+1,3.8601924E+3,0.0000000E+0
13356073,1/10/2021,4:15:27 PM,8.5125275E+0,-2.7731626E+0,3.8619785E+3,0.0000000E+0
13356074,1/10/2021,4:15:27 PM,5.8074646E+0,4.4820652E+0,3.8601924E+3,0.0000000E+0
13356075,1/10/2021,4:15:27 PM,5.3259211E+0,9.0723095E+0,3.8592996E+3,0.0000000E+0
13356076,1/10/2021,4:15:28 PM,3.9109781E+0,1.5509608E+1,3.8601924E+3,0.0000000E+0
13356077,1/10/2021,4:15:28 PM,4.9697556E+0,2.1879585E+1,3.8637642E+3,0.0000000E+0
13356078,1/10/2021,4:15:28 PM,6.7493421E-1,2.9002546E+1,3.8637642E+3,0.0000000E+0
13356079,1/10/2021,4:15:28 PM,-5.5142016E+0,3.5802959E+1,3.8646572E+3,0.0000000E+0
13356080,1/10/2021,4:15:28 PM,-7.9573050E+0,3.9673550E+1,3.8646572E+3,0.0000000E+0
13356081,1/10/2021,4:15:28 PM,-9.1151142E+0,4.0022980E+1,3.8601924E+3,0.0000000E+0
13356082,1/10/2021,4:15:28 PM,-9.7782230E+0,4.1823875E+1,3.8664431E+3,0.0000000E+0
13356083,1/10/2021,4:15:28 PM,-1.2728004E+1,4.3140953E+1,3.8637642E+3,0.0000000E+0
13356084,1/10/2021,4:15:28 PM,-1.6864540E+1,4.1743240E+1,3.8655500E+3,0.0000000E+0
13356085,1/10/2021,4:15:28 PM,-1.5809356E+1,3.8060802E+1,3.8655500E+3,0.0000000E+0
13356086,1/10/2021,4:15:29 PM,-1.6311949E+1,3.1744217E+1,3.8601924E+3,0.0000000E+0
13356087,1/10/2021,4:15:29 PM,-1.4209473E+1,2.4459980E+1,3.8601924E+3,0.0000000E+0
13356088,1/10/2021,4:15:29 PM,-1.4264732E+1,2.0032469E+1,3.8610852E+3,0.0000000E+0
13356089,1/10/2021,4:15:29 PM,-1.8664406E+1,1.6054691E+1,3.8601924E+3,0.0000000E+0
13356090,1/10/2021,4:15:29 PM,-2.0775003E+1,1.0337966E+1,3.8575137E+3,0.0000000E+0
13356091,1/10/2021,4:15:29 PM,-2.2929646E+1,2.8628519E+0,3.8557275E+3,0.0000000E+0
13356092,1/10/2021,4:15:29 PM,-2.5376894E+1,-4.8960776E+0,3.8494771E+3,0.0000000E+0
13356093,1/10/2021,4:15:29 PM,-2.6706919E+1,-8.6708097E+0,3.8557275E+3,0.0000000E+0
13356094,1/10/2021,4:15:29 PM,-3.3702854E+1,-1.0380509E+1,3.8521558E+3,0.0000000E+0
13356095,1/10/2021,4:15:29 PM,-3.7958939E+1,-1.3661643E+1,3.8530491E+3,0.0000000E+0
13356096,1/10/2021,4:15:30 PM,-4.1284000E+1,-1.7963810E+1,3.8503701E+3,0.0000000E+0
13356097,1/10/2021,4:15:30 PM,-4.1284000E+1,-2.3304178E+1,3.8494771E+3,0.0000000E+0
13356098,1/10/2021,4:15:30 PM,-3.9395367E+1,-2.7604834E+1,3.8476914E+3,0.0000000E+0
13356099,1/10/2021,4:15:30 PM,-3.8171741E+1,-3.0454020E+1,3.8494771E+3,0.0000000E+0
13356100,1/10/2021,4:15:30 PM,-3.8091942E+1,-3.1314150E+1,3.8512629E+3,0.0000000E+0
13356101,1/10/2021,4:15:30 PM,-3.6921516E+1,-3.5023464E+1,3.8459053E+3,0.0000000E+0
13356102,1/10/2021,4:15:30 PM,-3.3942261E+1,-3.7872650E+1,3.8476914E+3,0.0000000E+0
13356103,1/10/2021,4:15:30 PM,-2.9898981E+1,-3.8517750E+1,3.8476914E+3,0.0000000E+0
13356104,1/10/2021,4:15:30 PM,-2.8010345E+1,-3.7146912E+1,3.8494771E+3,0.0000000E+0
13356105,1/10/2021,4:15:30 PM,-2.6946323E+1,-3.3276321E+1,3.8512629E+3,0.0000000E+0
13356106,1/10/2021,4:15:31 PM,-2.7903942E+1,-3.0910961E+1,3.8503701E+3,0.0000000E+0
13356107,1/10/2021,4:15:31 PM,-2.6281311E+1,-2.9486372E+1,3.8512629E+3,0.0000000E+0
13356108,1/10/2021,4:15:31 PM,-2.6041904E+1,-2.7201647E+1,3.8512629E+3,0.0000000E+0
13356109,1/10/2021,4:15:31 PM,-2.6893122E+1,-2.3626726E+1,3.8512629E+3,0.0000000E+0
13356110,1/10/2021,4:15:31 PM,-2.8063545E+1,-1.9194902E+1,3.8539419E+3,0.0000000E+0
13356111,1/10/2021,4:15:31 PM,-2.9499973E+1,-1.6498734E+1,3.8512629E+3,0.0000000E+0
13356112,1/10/2021,4:15:31 PM,-2.8489153E+1,-1.4376899E+1,3.8503701E+3,0.0000000E+0
13356113,1/10/2021,4:15:31 PM,-2.6361111E+1,-1.0704901E+1,3.8548347E+3,0.0000000E+0
13356114,1/10/2021,4:15:31 PM,-2.4472475E+1,-7.2589111E+0,3.8539419E+3,0.0000000E+0
13356115,1/10/2021,4:15:31 PM,-2.0349396E+1,-3.7957814E+0,3.8566208E+3,0.0000000E+0
13356116,1/10/2021,4:15:32 PM,-1.7359241E+1,-2.1517437E+0,3.8539419E+3,0.0000000E+0
13356117,1/10/2021,4:15:32 PM,-1.1462309E+1,-5.9318495E-1,3.8548347E+3,0.0000000E+0
13356118,1/10/2021,4:15:32 PM,-3.6169615E+0,2.7459357E+0,3.8566208E+3,0.0000000E+0
13356119,1/10/2021,4:15:32 PM,1.7617232E+0,6.1262021E+0,3.8584065E+3,0.0000000E+0
13356120,1/10/2021,4:15:32 PM,8.4151659E+0,1.0284787E+1,3.8619785E+3,0.0000000E+0
13356121,1/10/2021,4:15:32 PM,1.3780558E+1,1.2659223E+1,3.8601924E+3,0.0000000E+0
13356122,1/10/2021,4:15:32 PM,1.7175043E+1,1.5161287E+1,3.8619785E+3,0.0000000E+0
13356123,1/10/2021,4:15:32 PM,2.2264633E+1,1.8171209E+1,3.8610852E+3,0.0000000E+0
13356124,1/10/2021,4:15:32 PM,2.4898085E+1,2.2040861E+1,3.8637642E+3,0.0000000E+0
13356125,1/10/2021,4:15:32 PM,2.6201509E+1,2.7470438E+1,3.8682290E+3,0.0000000E+0
13356126,1/10/2021,4:15:33 PM,2.7132526E+1,2.9351976E+1,3.8646572E+3,0.0000000E+0
13356127,1/10/2021,4:15:33 PM,2.6813320E+1,3.0722809E+1,3.8673359E+3,0.0000000E+0
13356128,1/10/2021,4:15:33 PM,2.8143349E+1,3.1771093E+1,3.8673359E+3,0.0000000E+0
13356129,1/10/2021,4:15:33 PM,2.7930544E+1,3.0185226E+1,3.8637642E+3,0.0000000E+0
13356130,1/10/2021,4:15:33 PM,2.9233967E+1,2.7255404E+1,3.8655500E+3,0.0000000E+0
13356131,1/10/2021,4:15:33 PM,3.1548214E+1,2.3223541E+1,3.8646572E+3,0.0000000E+0
13356132,1/10/2021,4:15:33 PM,3.1973824E+1,1.8939642E+1,3.8637642E+3,0.0000000E+0
13356133,1/10/2021,4:15:33 PM,3.3968861E+1,1.2544888E+1,3.8619785E+3,0.0000000E+0
13356134,1/10/2021,4:15:33 PM,3.2798439E+1,7.1312823E+0,3.8601924E+3,0.0000000E+0
13356135,1/10/2021,4:15:33 PM,3.1495012E+1,2.7379277E+0,3.8619785E+3,0.0000000E+0
13356136,1/10/2021,4:15:34 PM,3.4075264E+1,-3.8246100E+0,3.8601924E+3,0.0000000E+0
13356137,1/10/2021,4:15:34 PM,3.1468410E+1,-8.4501171E+0,3.8601924E+3,0.0000000E+0
13356138,1/10/2021,4:15:34 PM,2.8302950E+1,-1.3523378E+1,3.8584065E+3,0.0000000E+0
13356139,1/10/2021,4:15:34 PM,2.3488256E+1,-1.9402300E+1,3.8548347E+3,0.0000000E+0
13356140,1/10/2021,4:15:34 PM,1.7932882E+1,-2.3599848E+1,3.8548347E+3,0.0000000E+0
13356141,1/10/2021,4:15:34 PM,1.3449004E+1,-2.5078199E+1,3.8557275E+3,0.0000000E+0
13356142,1/10/2021,4:15:34 PM,5.1575127E+0,-2.5830814E+1,3.8566208E+3,0.0000000E+0
13356143,1/10/2021,4:15:34 PM,-3.3181894E+0,-2.9029427E+1,3.8539419E+3,0.0000000E+0
13356144,1/10/2021,4:15:34 PM,-1.3983174E+1,-3.1367907E+1,3.8503701E+3,0.0000000E+0
13356145,1/10/2021,4:15:34 PM,-2.2956245E+1,-3.4002060E+1,3.8476914E+3,0.0000000E+0
13356146,1/10/2021,4:15:35 PM,-3.0723597E+1,-3.4996586E+1,3.8503701E+3,0.0000000E+0
13356147,1/10/2021,4:15:35 PM,-4.0964794E+1,-3.3840786E+1,3.8503701E+3,0.0000000E+0
13356148,1/10/2021,4:15:35 PM,-5.2429619E+1,-3.3706387E+1,3.8459053E+3,0.0000000E+0
13356149,1/10/2021,4:15:35 PM,-6.2591015E+1,-3.3222565E+1,3.8467981E+3,0.0000000E+0
13356150,1/10/2021,4:15:35 PM,-7.1555389E+1,-3.2308678E+1,3.8423335E+3,0.0000000E+0
13356151,1/10/2021,4:15:35 PM,-7.5944481E+1,-3.0050831E+1,3.8476914E+3,0.0000000E+0
13356152,1/10/2021,4:15:35 PM,-8.3525627E+1,-2.6852219E+1,3.8441196E+3,0.0000000E+0
13356153,1/10/2021,4:15:35 PM,-8.9138336E+1,-2.2578444E+1,3.8485842E+3,0.0000000E+0
13356154,1/10/2021,4:15:35 PM,-9.4990448E+1,-1.9032705E+1,3.8441196E+3,0.0000000E+0
13356155,1/10/2021,4:15:35 PM,-9.9273132E+1,-1.5775502E+1,3.8459053E+3,0.0000000E+0
13356156,1/10/2021,4:15:36 PM,-1.0134796E+2,-1.1055881E+1,3.8503701E+3,0.0000000E+0
13356157,1/10/2021,4:15:36 PM,-9.9991348E+1,-7.9156704E+0,3.8459053E+3,0.0000000E+0
13356158,1/10/2021,4:15:36 PM,-9.8368713E+1,-6.2378778E+0,3.8503701E+3,0.0000000E+0
13356159,1/10/2021,4:15:36 PM,-9.4245636E+1,-4.8127947E+0,3.8503701E+3,0.0000000E+0
13356160,1/10/2021,4:15:36 PM,-8.8446716E+1,-4.1112957E+0,3.8512629E+3,0.0000000E+0
13356161,1/10/2021,4:15:36 PM,-8.0998573E+1,-5.6954536E+0,3.8494771E+3,0.0000000E+0
13356162,1/10/2021,4:15:36 PM,-7.4853851E+1,-7.3519740E+0,3.8476914E+3,0.0000000E+0
13356163,1/10/2021,4:15:36 PM,-6.3389034E+1,-8.6016769E+0,3.8503701E+3,0.0000000E+0
13356164,1/10/2021,4:15:36 PM,-4.9955769E+1,-9.3062963E+0,3.8503701E+3,0.0000000E+0
13356165,1/10/2021,4:15:36 PM,-3.7533329E+1,-9.4844456E+0,3.8530491E+3,0.0000000E+0
13356166,1/10/2021,4:15:37 PM,-2.3568058E+1,-9.0935812E+0,3.8530491E+3,0.0000000E+0
13356167,1/10/2021,4:15:37 PM,-9.7808542E+0,-8.8356638E+0,3.8512629E+3,0.0000000E+0
13356168,1/10/2021,4:15:37 PM,5.2447524E+0,-7.8624907E+0,3.8548347E+3,0.0000000E+0
13356169,1/10/2021,4:15:37 PM,2.0908007E+1,-4.2482324E+0,3.8584065E+3,0.0000000E+0
13356170,1/10/2021,4:15:37 PM,3.5671295E+1,-1.5320388E+0,3.8619785E+3,0.0000000E+0
13356171,1/10/2021,4:15:37 PM,4.9955769E+1,5.8678370E-2,3.8619785E+3,0.0000000E+0
13356172,1/10/2021,4:15:37 PM,5.9452156E+1,1.9971896E+0,3.8610852E+3,0.0000000E+0
13356173,1/10/2021,4:15:37 PM,7.0704178E+1,3.3145022E+0,3.8673359E+3,0.0000000E+0
13356174,1/10/2021,4:15:37 PM,8.2701004E+1,5.1347151E+0,3.8700146E+3,0.0000000E+0
13356175,1/10/2021,4:15:37 PM,8.9484138E+1,6.0889769E+0,3.8691218E+3,0.0000000E+0
13356176,1/10/2021,4:15:38 PM,9.4272232E+1,5.4960327E+0,3.8709080E+3,0.0000000E+0
13356177,1/10/2021,4:15:38 PM,9.6879082E+1,5.1154962E+0,3.8673359E+3,0.0000000E+0
13356178,1/10/2021,4:15:38 PM,9.3766823E+1,5.7060890E+0,3.8655500E+3,0.0000000E+0
13356179,1/10/2021,4:15:38 PM,8.9164932E+1,6.8520932E+0,3.8655500E+3,0.0000000E+0
13356180,1/10/2021,4:15:38 PM,8.4456642E+1,9.2345047E+0,3.8673359E+3,0.0000000E+0
13356181,1/10/2021,4:15:38 PM,7.1635193E+1,1.0436347E+1,3.8601924E+3,0.0000000E+0
13356182,1/10/2021,4:15:38 PM,6.0755577E+1,1.3467542E+1,3.8637642E+3,0.0000000E+0
13356183,1/10/2021,4:15:38 PM,4.7614925E+1,1.8474329E+1,3.8601924E+3,0.0000000E+0
13356184,1/10/2021,4:15:38 PM,3.4341267E+1,2.3922398E+1,3.8601924E+3,0.0000000E+0
13356185,1/10/2021,4:15:38 PM,2.3860664E+1,2.9997074E+1,3.8628713E+3,0.0000000E+0
13356186,1/10/2021,4:15:39 PM,1.3796347E+1,3.4700916E+1,3.8619785E+3,0.0000000E+0
13356187,1/10/2021,4:15:39 PM,3.8975055E+0,3.9539154E+1,3.8637642E+3,0.0000000E+0
13356188,1/10/2021,4:15:39 PM,-7.0284266E+0,4.3463505E+1,3.8619785E+3,0.0000000E+0
13356189,1/10/2021,4:15:39 PM,-1.5927768E+1,4.5533192E+1,3.8673359E+3,0.0000000E+0
13356190,1/10/2021,4:15:39 PM,-2.0987808E+1,4.5210644E+1,3.8637642E+3,0.0000000E+0
13356191,1/10/2021,4:15:39 PM,-2.6893122E+1,4.1796997E+1,3.8655500E+3,0.0000000E+0
13356192,1/10/2021,4:15:39 PM,-3.3809258E+1,3.7738255E+1,3.8655500E+3,0.0000000E+0
13356193,1/10/2021,4:15:39 PM,-4.2108616E+1,3.2281799E+1,3.8637642E+3,0.0000000E+0
13356194,1/10/2021,4:15:39 PM,-5.0673981E+1,2.6045847E+1,3.8584065E+3,0.0000000E+0
13356195,1/10/2021,4:15:39 PM,-5.8467934E+1,1.7166128E+1,3.8619785E+3,0.0000000E+0
13356196,1/10/2021,4:15:40 PM,-6.4825462E+1,5.9852781E+0,3.8512629E+3,0.0000000E+0
13356197,1/10/2021,4:15:40 PM,-6.9347549E+1,-3.3297172E+0,3.8566208E+3,0.0000000E+0
13356198,1/10/2021,4:15:40 PM,-7.4454849E+1,-1.6073305E+1,3.8459053E+3,0.0000000E+0
13356199,1/10/2021,4:15:40 PM,-7.8976929E+1,-2.8411207E+1,3.8459053E+3,0.0000000E+0
13356200,1/10/2021,4:15:40 PM,-8.1184776E+1,-3.9485397E+1,3.8405476E+3,0.0000000E+0
13356201,1/10/2021,4:15:40 PM,-7.9588745E+1,-4.9887608E+1,3.8369758E+3,0.0000000E+0
13356202,1/10/2021,4:15:40 PM,-7.8099121E+1,-5.7951332E+1,3.8396548E+3,0.0000000E+0
13356203,1/10/2021,4:15:40 PM,-7.3284424E+1,-6.5800034E+1,3.8360830E+3,0.0000000E+0
13356204,1/10/2021,4:15:40 PM,-6.6820496E+1,-7.1686554E+1,3.8405476E+3,0.0000000E+0
13356205,1/10/2021,4:15:40 PM,-6.1606792E+1,-7.6901100E+1,3.8351899E+3,0.0000000E+0
13356206,1/10/2021,4:15:41 PM,-5.3679844E+1,-7.9185829E+1,3.8396548E+3,0.0000000E+0
13356207,1/10/2021,4:15:41 PM,-4.4023853E+1,-7.8379456E+1,3.8432266E+3,0.0000000E+0
13356208,1/10/2021,4:15:41 PM,-3.5112682E+1,-7.7116135E+1,3.8441196E+3,0.0000000E+0
13356209,1/10/2021,4:15:41 PM,-2.7504936E+1,-7.4992683E+1,3.8459053E+3,0.0000000E+0
13356210,1/10/2021,4:15:41 PM,-2.2903046E+1,-7.2277893E+1,3.8494771E+3,0.0000000E+0
13356211,1/10/2021,4:15:41 PM,-1.9032801E+1,-6.7950363E+1,3.8494771E+3,0.0000000E+0
13356212,1/10/2021,4:15:41 PM,-1.8656513E+1,-6.4509834E+1,3.8459053E+3,0.0000000E+0
13356213,1/10/2021,4:15:41 PM,-1.7153992E+1,-6.0128544E+1,3.8494771E+3,0.0000000E+0
13356214,1/10/2021,4:15:41 PM,-1.4062116E+1,-5.4994633E+1,3.8512629E+3,0.0000000E+0
13356215,1/10/2021,4:15:41 PM,-1.3675303E+1,-5.0290791E+1,3.8476914E+3,0.0000000E+0
13356216,1/10/2021,4:15:42 PM,-1.3359536E+1,-4.5613831E+1,3.8467981E+3,0.0000000E+0
13356217,1/10/2021,4:15:42 PM,-1.4359463E+1,-4.0022980E+1,3.8432266E+3,0.0000000E+0
13356218,1/10/2021,4:15:42 PM,-1.4535766E+1,-3.1744217E+1,3.8441196E+3,0.0000000E+0
13356219,1/10/2021,4:15:42 PM,-1.0843934E+1,-2.0723783E+1,3.8503701E+3,0.0000000E+0
13356220,1/10/2021,4:15:42 PM,-8.0073013E+0,-8.6548557E+0,3.8530491E+3,0.0000000E+0
13356221,1/10/2021,4:15:42 PM,-5.6574755E+0,5.4902697E+0,3.8575137E+3,0.0000000E+0
13356222,1/10/2021,4:15:42 PM,-4.6242266E+0,1.6985321E+1,3.8557275E+3,0.0000000E+0
13356223,1/10/2021,4:15:42 PM,-6.2926990E-1,2.9835798E+1,3.8637642E+3,0.0000000E+0
13356224,1/10/2021,4:15:42 PM,4.8096709E+0,4.3839809E+1,3.8673359E+3,0.0000000E+0
13356225,1/10/2021,4:15:42 PM,7.3915577E+0,5.4322659E+1,3.8691218E+3,0.0000000E+0
13356226,1/10/2021,4:15:43 PM,1.2638536E+1,6.4160408E+1,3.8780513E+3,0.0000000E+0
13356227,1/10/2021,4:15:43 PM,1.2838522E+1,7.2788605E+1,3.8753723E+3,0.0000000E+0
13356228,1/10/2021,4:15:43 PM,1.5096250E+1,7.3863762E+1,3.8744795E+3,0.0000000E+0
13356229,1/10/2021,4:15:43 PM,1.9011749E+1,7.5745300E+1,3.8762654E+3,0.0000000E+0
13356230,1/10/2021,4:15:43 PM,2.0093248E+1,7.5342110E+1,3.8753723E+3,0.0000000E+0
13356231,1/10/2021,4:15:43 PM,2.4605478E+1,6.9213684E+1,3.8744795E+3,0.0000000E+0
13356232,1/10/2021,4:15:43 PM,2.4951284E+1,6.2655178E+1,3.8682290E+3,0.0000000E+0
13356233,1/10/2021,4:15:43 PM,2.5110888E+1,5.2709911E+1,3.8655500E+3,0.0000000E+0
13356234,1/10/2021,4:15:43 PM,2.7345331E+1,4.3302227E+1,3.8637642E+3,0.0000000E+0
13356235,1/10/2021,4:15:43 PM,2.8515755E+1,3.4727795E+1,3.8637642E+3,0.0000000E+0
13356236,1/10/2021,4:15:44 PM,2.9420174E+1,2.5803934E+1,3.8584065E+3,0.0000000E+0
13356237,1/10/2021,4:15:44 PM,2.5243891E+1,1.9920794E+1,3.8566208E+3,0.0000000E+0
13356238,1/10/2021,4:15:44 PM,2.3887264E+1,1.4422100E+1,3.8584065E+3,0.0000000E+0
13356239,1/10/2021,4:15:44 PM,2.0908007E+1,1.2385351E+1,3.8584065E+3,0.0000000E+0
13356240,1/10/2021,4:15:44 PM,1.7501335E+1,1.0367215E+1,3.8619785E+3,0.0000000E+0
13356241,1/10/2021,4:15:44 PM,1.4356832E+1,7.8332434E+0,3.8575137E+3,0.0000000E+0
13356242,1/10/2021,4:15:44 PM,1.0257134E+1,6.7324405E+0,3.8610852E+3,0.0000000E+0
13356243,1/10/2021,4:15:44 PM,7.9967761E+0,3.4097967E+0,3.8566208E+3,0.0000000E+0
13356244,1/10/2021,4:15:44 PM,8.5230522E+0,-4.9289826E-1,3.8628713E+3,0.0000000E+0
13356245,1/10/2021,4:15:44 PM,6.2626939E+0,-2.5409312E+0,3.8610852E+3,0.0000000E+0
13356246,1/10/2021,4:15:45 PM,5.8706179E+0,-9.3488398E+0,3.8592996E+3,0.0000000E+0
13356247,1/10/2021,4:15:45 PM,4.0306454E+0,-1.6817808E+1,3.8566208E+3,0.0000000E+0
13356248,1/10/2021,4:15:45 PM,1.6095636E+0,-2.3976156E+1,3.8530491E+3,0.0000000E+0
13356249,1/10/2021,4:15:45 PM,-1.8504832E+0,-2.9513252E+1,3.8530491E+3,0.0000000E+0
13356250,1/10/2021,4:15:45 PM,-7.0547400E+0,-3.5292255E+1,3.8512629E+3,0.0000000E+0
13356251,1/10/2021,4:15:45 PM,-1.4162108E+1,-4.0775593E+1,3.8485842E+3,0.0000000E+0
13356252,1/10/2021,4:15:45 PM,-2.2424234E+1,-4.3382862E+1,3.8459053E+3,0.0000000E+0
13356253,1/10/2021,4:15:45 PM,-3.1016201E+1,-4.6447083E+1,3.8432266E+3,0.0000000E+0
13356254,1/10/2021,4:15:45 PM,-3.9395367E+1,-4.5775105E+1,3.8459053E+3,0.0000000E+0
13356255,1/10/2021,4:15:45 PM,-4.8519344E+1,-4.2952797E+1,3.8441196E+3,0.0000000E+0
13356256,1/10/2021,4:15:46 PM,-5.5994087E+1,-4.1017502E+1,3.8423335E+3,0.0000000E+0
13356257,1/10/2021,4:15:46 PM,-6.2591015E+1,-3.5829838E+1,3.8467981E+3,0.0000000E+0
13356258,1/10/2021,4:15:46 PM,-6.6980103E+1,-3.2389313E+1,3.8459053E+3,0.0000000E+0
13356259,1/10/2021,4:15:46 PM,-6.7857918E+1,-2.8142416E+1,3.8494771E+3,0.0000000E+0
13356260,1/10/2021,4:15:46 PM,-6.7724915E+1,-2.4352463E+1,3.8494771E+3,0.0000000E+0
13356261,1/10/2021,4:15:46 PM,-6.6501297E+1,-2.0508751E+1,3.8512629E+3,0.0000000E+0
13356262,1/10/2021,4:15:46 PM,-6.0755577E+1,-1.8609934E+1,3.8521558E+3,0.0000000E+0
13356263,1/10/2021,4:15:46 PM,-5.4903465E+1,-1.8277567E+1,3.8530491E+3,0.0000000E+0
13356264,1/10/2021,4:15:46 PM,-4.8067135E+1,-1.7344278E+1,3.8566208E+3,0.0000000E+0
13356265,1/10/2021,4:15:46 PM,-4.2374622E+1,-1.9123110E+1,3.8512629E+3,0.0000000E+0
13356266,1/10/2021,4:15:47 PM,-3.7293926E+1,-2.0885059E+1,3.8512629E+3,0.0000000E+0
13356267,1/10/2021,4:15:47 PM,-3.2665436E+1,-2.0347479E+1,3.8548347E+3,0.0000000E+0
13356268,1/10/2021,4:15:47 PM,-2.9154167E+1,-2.0293718E+1,3.8548347E+3,0.0000000E+0
13356269,1/10/2021,4:15:47 PM,-2.9526571E+1,-2.0170734E+1,3.8512629E+3,0.0000000E+0
13356270,1/10/2021,4:15:47 PM,-3.0244789E+1,-2.1288246E+1,3.8494771E+3,0.0000000E+0
13356271,1/10/2021,4:15:47 PM,-2.7744339E+1,-1.9870274E+1,3.8512629E+3,0.0000000E+0
13356272,1/10/2021,4:15:47 PM,-2.4020266E+1,-1.8562075E+1,3.8539419E+3,0.0000000E+0
13356273,1/10/2021,4:15:47 PM,-2.1147409E+1,-1.7639421E+1,3.8530491E+3,0.0000000E+0
13356274,1/10/2021,4:15:47 PM,-1.7575012E+1,-1.5629261E+1,3.8539419E+3,0.0000000E+0
13356275,1/10/2021,4:15:47 PM,-1.3449004E+1,-1.5671803E+1,3.8503701E+3,0.0000000E+0
13356276,1/10/2021,4:15:48 PM,-4.7676687E+0,-1.4563025E+1,3.8557275E+3,0.0000000E+0
13356277,1/10/2021,4:15:48 PM,6.1574388E+0,-1.3701528E+1,3.8548347E+3,0.0000000E+0
13356278,1/10/2021,4:15:48 PM,1.5146246E+1,-1.2914480E+1,3.8601924E+3,0.0000000E+0
13356279,1/10/2021,4:15:48 PM,2.3009447E+1,-1.2122116E+1,3.8601924E+3,0.0000000E+0
13356280,1/10/2021,4:15:48 PM,2.9180767E+1,-1.3345230E+1,3.8548347E+3,0.0000000E+0
13356281,1/10/2021,4:15:48 PM,3.6043701E+1,-1.1965239E+1,3.8619785E+3,0.0000000E+0
13356282,1/10/2021,4:15:48 PM,3.9927376E+1,-1.0369874E+1,3.8601924E+3,0.0000000E+0
13356283,1/10/2021,4:15:48 PM,4.2028816E+1,-7.9848022E+0,3.8610852E+3,0.0000000E+0
13356284,1/10/2021,4:15:48 PM,3.9448566E+1,-3.7829688E+0,3.8628713E+3,0.0000000E+0
13356285,1/10/2021,4:15:48 PM,3.1734417E+1,-4.1021514E-1,3.8601924E+3,0.0000000E+0
13356286,1/10/2021,4:15:49 PM,2.6440916E+1,3.3825700E+0,3.8610852E+3,0.0000000E+0
13356287,1/10/2021,4:15:49 PM,2.0266920E+1,6.6925573E+0,3.8575137E+3,0.0000000E+0
13356288,1/10/2021,4:15:49 PM,1.3127975E+1,1.0675652E+1,3.8610852E+3,0.0000000E+0
13356289,1/10/2021,4:15:49 PM,6.8021274E+0,1.5185217E+1,3.8584065E+3,0.0000000E+0
13356290,1/10/2021,4:15:49 PM,5.1867253E-1,1.7511791E+1,3.8566208E+3,0.0000000E+0
13356291,1/10/2021,4:15:49 PM,-2.7150986E+0,2.0213276E+1,3.8584065E+3,0.0000000E+0
13356292,1/10/2021,4:15:49 PM,-3.5511839E+0,2.0505760E+1,3.8557275E+3,0.0000000E+0
13356293,1/10/2021,4:15:49 PM,-4.8136334E+0,2.4083672E+1,3.8601924E+3,0.0000000E+0
13356294,1/10/2021,4:15:49 PM,-5.8022017E+0,2.7282284E+1,3.8601924E+3,0.0000000E+0
13356295,1/10/2021,4:15:49 PM,-6.1653328E+0,2.9862679E+1,3.8601924E+3,0.0000000E+0
13356296,1/10/2021,4:15:50 PM,-8.0415096E+0,3.4163334E+1,3.8655500E+3,0.0000000E+0
13356297,1/10/2021,4:15:50 PM,-1.1262323E+1,3.6797485E+1,3.8628713E+3,0.0000000E+0
13356298,1/10/2021,4:15:50 PM,-1.5569900E+1,3.9646671E+1,3.8646572E+3,0.0000000E+0
13356299,1/10/2021,4:15:50 PM,-1.9982731E+1,4.1178780E+1,3.8655500E+3,0.0000000E+0
13356300,1/10/2021,4:15:50 PM,-2.7504936E+1,4.0641197E+1,3.8619785E+3,0.0000000E+0
13356301,1/10/2021,4:15:50 PM,-3.4101864E+1,3.8947815E+1,3.8619785E+3,0.0000000E+0
13356302,1/10/2021,4:15:50 PM,-3.9076160E+1,3.6770607E+1,3.8619785E+3,0.0000000E+0
13356303,1/10/2021,4:15:50 PM,-4.4875072E+1,3.4002060E+1,3.8619785E+3,0.0000000E+0
13356304,1/10/2021,4:15:50 PM,-4.8572544E+1,2.6368397E+1,3.8548347E+3,0.0000000E+0
13356305,1/10/2021,4:15:50 PM,-5.1339001E+1,2.1368883E+1,3.8566208E+3,0.0000000E+0
13356306,1/10/2021,4:15:51 PM,-5.7403915E+1,1.8647160E+1,3.8548347E+3,0.0000000E+0
13356307,1/10/2021,4:15:51 PM,-5.8893543E+1,1.3874359E+1,3.8548347E+3,0.0000000E+0
13356308,1/10/2021,4:15:51 PM,-5.7643322E+1,6.8707061E+0,3.8494771E+3,0.0000000E+0
13356309,1/10/2021,4:15:51 PM,-5.5648277E+1,-3.6193883E-1,3.8494771E+3,0.0000000E+0
13356310,1/10/2021,4:15:51 PM,-5.0062176E+1,-6.5277023E+0,3.8503701E+3,0.0000000E+0
13356311,1/10/2021,4:15:51 PM,-4.3305641E+1,-1.2845348E+1,3.8476914E+3,0.0000000E+0
13356312,1/10/2021,4:15:51 PM,-3.3516651E+1,-1.7237921E+1,3.8539419E+3,0.0000000E+0
13356313,1/10/2021,4:15:51 PM,-2.5137489E+1,-1.8567390E+1,3.8557275E+3,0.0000000E+0
13356314,1/10/2021,4:15:51 PM,-1.2538544E+1,-2.6852219E+1,3.8512629E+3,0.0000000E+0
13356315,1/10/2021,4:15:51 PM,2.8664656E+0,-3.3760147E+1,3.8539419E+3,0.0000000E+0
13356316,1/10/2021,4:15:52 PM,1.3083241E+1,-3.9109089E+1,3.8584065E+3,0.0000000E+0
13356317,1/10/2021,4:15:52 PM,2.4153269E+1,-4.6957783E+1,3.8548347E+3,0.0000000E+0
13356318,1/10/2021,4:15:52 PM,3.3596451E+1,-5.5263428E+1,3.8548347E+3,0.0000000E+0
13356319,1/10/2021,4:15:52 PM,3.8836754E+1,-6.3165878E+1,3.8512629E+3,0.0000000E+0
13356320,1/10/2021,4:15:52 PM,4.6550903E+1,-7.1148979E+1,3.8530491E+3,0.0000000E+0
13356321,1/10/2021,4:15:52 PM,5.2004009E+1,-7.8271935E+1,3.8485842E+3,0.0000000E+0
13356322,1/10/2021,4:15:52 PM,5.5196072E+1,-8.4454124E+1,3.8485842E+3,0.0000000E+0
13356323,1/10/2021,4:15:52 PM,5.5249275E+1,-8.7249550E+1,3.8441196E+3,0.0000000E+0
13356324,1/10/2021,4:15:52 PM,5.1365597E+1,-8.6416306E+1,3.8441196E+3,0.0000000E+0
13356325,1/10/2021,4:15:52 PM,4.5752888E+1,-7.8997673E+1,3.8494771E+3,0.0000000E+0
13356326,1/10/2021,4:15:53 PM,3.5431889E+1,-7.0127563E+1,3.8467981E+3,0.0000000E+0
13356327,1/10/2021,4:15:53 PM,3.0138386E+1,-6.3595947E+1,3.8503701E+3,0.0000000E+0
13356328,1/10/2021,4:15:53 PM,2.3993666E+1,-5.5478458E+1,3.8485842E+3,0.0000000E+0
13356329,1/10/2021,4:15:53 PM,1.5033096E+1,-4.5909500E+1,3.8476914E+3,0.0000000E+0
13356330,1/10/2021,4:15:53 PM,5.9127197E+0,-3.4969707E+1,3.8494771E+3,0.0000000E+0
13356331,1/10/2021,4:15:53 PM,-5.5403543E+0,-2.1153851E+1,3.8575137E+3,0.0000000E+0
13356332,1/10/2021,4:15:53 PM,-1.4127900E+1,-1.0244904E+1,3.8566208E+3,0.0000000E+0
13356333,1/10/2021,4:15:53 PM,-1.9443296E+1,-2.3919830E+0,3.8566208E+3,0.0000000E+0
13356334,1/10/2021,4:15:53 PM,-2.8941362E+1,7.5434179E+0,3.8530491E+3,0.0000000E+0
13356335,1/10/2021,4:15:53 PM,-3.6602310E+1,1.8527508E+1,3.8601924E+3,0.0000000E+0
13356336,1/10/2021,4:15:54 PM,-4.8891747E+1,3.2066765E+1,3.8610852E+3,0.0000000E+0
13356337,1/10/2021,4:15:54 PM,-6.0782181E+1,4.4431152E+1,3.8628713E+3,0.0000000E+0
13356338,1/10/2021,4:15:54 PM,-7.2114006E+1,5.4134502E+1,3.8628713E+3,0.0000000E+0
13356339,1/10/2021,4:15:54 PM,-8.1663582E+1,6.0343578E+1,3.8610852E+3,0.0000000E+0
13356340,1/10/2021,4:15:54 PM,-9.0734360E+1,6.6794563E+1,3.8619785E+3,0.0000000E+0
13356341,1/10/2021,4:15:54 PM,-1.0028395E+2,7.2358536E+1,3.8646572E+3,0.0000000E+0
13356342,1/10/2021,4:15:54 PM,-1.0512524E+2,7.3756248E+1,3.8610852E+3,0.0000000E+0
13356343,1/10/2021,4:15:54 PM,-1.0230559E+2,6.9428711E+1,3.8601924E+3,0.0000000E+0
13356344,1/10/2021,4:15:54 PM,-9.4511635E+1,6.2601418E+1,3.8584065E+3,0.0000000E+0
13356345,1/10/2021,4:15:54 PM,-7.8365128E+1,5.1930416E+1,3.8566208E+3,0.0000000E+0
13356346,1/10/2021,4:15:55 PM,-6.2617619E+1,4.2307701E+1,3.8566208E+3,0.0000000E+0
13356347,1/10/2021,4:15:55 PM,-4.5699688E+1,3.2039886E+1,3.8592996E+3,0.0000000E+0
13356348,1/10/2021,4:15:55 PM,-2.3701059E+1,1.8426468E+1,3.8566208E+3,0.0000000E+0
13356349,1/10/2021,4:15:55 PM,-4.0710626E+0,6.5915174E+0,3.8512629E+3,0.0000000E+0
13356350,1/10/2021,4:15:55 PM,1.2175414E+1,-1.5091009E+0,3.8548347E+3,0.0000000E+0
13356351,1/10/2021,4:15:55 PM,2.6041904E+1,-4.4412246E+0,3.8584065E+3,0.0000000E+0
13356352,1/10/2021,4:15:55 PM,3.2692036E+1,-3.5571439E+0,3.8619785E+3,0.0000000E+0
13356353,1/10/2021,4:15:55 PM,3.7639732E+1,-4.5661488E+0,3.8601924E+3,0.0000000E+0
13356354,1/10/2021,4:15:55 PM,4.2507626E+1,-5.8363776E+0,3.8610852E+3,0.0000000E+0
13356355,1/10/2021,4:15:55 PM,4.4289860E+1,-6.5037718E+0,3.8619785E+3,0.0000000E+0
13356356,1/10/2021,4:15:56 PM,3.8996361E+1,-4.8280096E+0,3.8637642E+3,0.0000000E+0
13356357,1/10/2021,4:15:56 PM,3.2718636E+1,-4.4836669E+0,3.8664431E+3,0.0000000E+0
13356358,1/10/2021,4:15:56 PM,2.6281311E+1,-9.1121941E+0,3.8619785E+3,0.0000000E+0
13356359,1/10/2021,4:15:56 PM,2.4445873E+1,-1.6081280E+1,3.8619785E+3,0.0000000E+0
13356360,1/10/2021,4:15:56 PM,2.3913864E+1,-2.5239473E+1,3.8548347E+3,0.0000000E+0
13356361,1/10/2021,4:15:56 PM,2.0588800E+1,-3.4055817E+1,3.8530491E+3,0.0000000E+0
13356362,1/10/2021,4:15:56 PM,2.0027464E+1,-4.1420692E+1,3.8521558E+3,0.0000000E+0
13356363,1/10/2021,4:15:56 PM,1.8998592E+1,-4.9188747E+1,3.8476914E+3,0.0000000E+0
13356364,1/10/2021,4:15:56 PM,1.9930101E+1,-5.6123558E+1,3.8459053E+3,0.0000000E+0
13356365,1/10/2021,4:15:56 PM,2.0330072E+1,-6.1176830E+1,3.8441196E+3,0.0000000E+0
13356366,1/10/2021,4:15:57 PM,1.8014454E+1,-6.2682056E+1,3.8405476E+3,0.0000000E+0
13356367,1/10/2021,4:15:57 PM,1.4391039E+1,-5.9295288E+1,3.8459053E+3,0.0000000E+0
13356368,1/10/2021,4:15:57 PM,7.8888888E+0,-5.1312199E+1,3.8476914E+3,0.0000000E+0
13356369,1/10/2021,4:15:57 PM,2.8117833E+0,-4.1635723E+1,3.8503701E+3,0.0000000E+0
13356370,1/10/2021,4:15:57 PM,-3.0748925E+0,-3.1475424E+1,3.8530491E+3,0.0000000E+0
13356371,1/10/2021,4:15:57 PM,-1.4275259E+1,-2.0992577E+1,3.8512629E+3,0.0000000E+0
13356372,1/10/2021,4:15:57 PM,-2.3754263E+1,-9.1015577E+0,3.8601924E+3,0.0000000E+0
13356373,1/10/2021,4:15:57 PM,-3.2346230E+1,2.9899296E-1,3.8584065E+3,0.0000000E+0
13356374,1/10/2021,4:15:57 PM,-3.7320526E+1,4.5100927E+0,3.8601924E+3,0.0000000E+0
13356375,1/10/2021,4:15:57 PM,-3.8490948E+1,5.9905963E+0,3.8610852E+3,0.0000000E+0
13356376,1/10/2021,4:15:58 PM,-4.0539188E+1,5.4189239E+0,3.8557275E+3,0.0000000E+0
13356377,1/10/2021,4:15:58 PM,-4.1257401E+1,4.1233077E+0,3.8566208E+3,0.0000000E+0
13356378,1/10/2021,4:15:58 PM,-4.1762814E+1,3.0694578E+0,3.8539419E+3,0.0000000E+0
13356379,1/10/2021,4:15:58 PM,-4.0565788E+1,5.8331633E-1,3.8548347E+3,0.0000000E+0
13356380,1/10/2021,4:15:58 PM,-3.4873276E+1,-3.0318203E+0,3.8494771E+3,0.0000000E+0
13356381,1/10/2021,4:15:58 PM,-3.3277245E+1,-2.1965883E+0,3.8530491E+3,0.0000000E+0
13356382,1/10/2021,4:15:58 PM,-3.3170845E+1,1.6056535E-1,3.8530491E+3,0.0000000E+0
13356383,1/10/2021,4:15:58 PM,-3.2426029E+1,1.7905837E+0,3.8512629E+3,0.0000000E+0
13356384,1/10/2021,4:15:58 PM,-3.3357048E+1,4.2442284E+0,3.8530491E+3,0.0000000E+0
13356385,1/10/2021,4:15:58 PM,-3.1096004E+1,7.2429581E+0,3.8548347E+3,0.0000000E+0
13356386,1/10/2021,4:15:59 PM,-2.8356152E+1,9.5801678E+0,3.8575137E+3,0.0000000E+0
13356387,1/10/2021,4:15:59 PM,-2.8356152E+1,1.1542467E+1,3.8548347E+3,0.0000000E+0
13356388,1/10/2021,4:15:59 PM,-2.7504936E+1,1.4874122E+1,3.8619785E+3,0.0000000E+0
13356389,1/10/2021,4:15:59 PM,-2.2876444E+1,1.5796774E+1,3.8566208E+3,0.0000000E+0
13356390,1/10/2021,4:15:59 PM,-1.6846121E+1,1.6169025E+1,3.8655500E+3,0.0000000E+0
13356391,1/10/2021,4:15:59 PM,-9.0072269E+0,1.3198987E+1,3.8601924E+3,0.0000000E+0
13356392,1/10/2021,4:15:59 PM,-2.0414753E+0,8.6495380E+0,3.8601924E+3,0.0000000E+0
13356393,1/10/2021,4:15:59 PM,1.8687105E+0,4.7775593E+0,3.8601924E+3,0.0000000E+0
13356394,1/10/2021,4:15:59 PM,8.6283083E+0,1.2055738E-1,3.8548347E+3,0.0000000E+0
13356395,1/10/2021,4:15:59 PM,1.5909348E+1,-3.5251119E+0,3.8601924E+3,0.0000000E+0
13356396,1/10/2021,4:16:00 PM,2.1253813E+1,-6.0623875E+0,3.8601924E+3,0.0000000E+0
13356397,1/10/2021,4:16:00 PM,2.1945427E+1,-8.2347431E+0,3.8557275E+3,0.0000000E+0
13356398,1/10/2021,4:16:00 PM,2.0040621E+1,-9.7982016E+0,3.8548347E+3,0.0000000E+0
13356399,1/10/2021,4:16:00 PM,1.7035580E+1,-8.7239885E+0,3.8566208E+3,0.0000000E+0
13356400,1/10/2021,4:16:00 PM,1.6359314E+1,-6.4878178E+0,3.8584065E+3,0.0000000E+0
13356401,1/10/2021,4:16:00 PM,1.6167223E+1,-4.6614442E+0,3.8601924E+3,0.0000000E+0
13356402,1/10/2021,4:16:00 PM,1.2885888E+1,-3.6572435E+0,3.8557275E+3,0.0000000E+0
13356403,1/10/2021,4:16:00 PM,8.3704329E+0,-3.0101988E+0,3.8584065E+3,0.0000000E+0
13356404,1/10/2021,4:16:00 PM,5.8153586E+0,-2.2029946E+0,3.8548347E+3,0.0000000E+0
13356405,1/10/2021,4:16:00 PM,5.8890371E+0,-7.1934342E-1,3.8637642E+3,0.0000000E+0
13356406,1/10/2021,4:16:01 PM,9.3966722E+0,-1.8298229E+0,3.8601924E+3,0.0000000E+0
13356407,1/10/2021,4:16:01 PM,8.5809431E+0,-4.5645471E+0,3.8575137E+3,0.0000000E+0
13356408,1/10/2021,4:16:01 PM,8.4467430E+0,-7.9848022E+0,3.8566208E+3,0.0000000E+0
13356409,1/10/2021,4:16:01 PM,5.2364540E+0,-8.7213297E+0,3.8566208E+3,0.0000000E+0
13356410,1/10/2021,4:16:01 PM,-9.6924466E-1,-6.9238844E+0,3.8584065E+3,0.0000000E+0
13356411,1/10/2021,4:16:01 PM,-6.9705362E+0,-7.0674672E+0,3.8584065E+3,0.0000000E+0
13356412,1/10/2021,4:16:01 PM,-1.6648766E+1,-7.5434179E+0,3.8539419E+3,0.0000000E+0
13356413,1/10/2021,4:16:01 PM,-2.7504936E+1,-7.6205277E+0,3.8539419E+3,0.0000000E+0
13356414,1/10/2021,4:16:01 PM,-4.0512585E+1,-5.2091894E+0,3.8539419E+3,0.0000000E+0
13356415,1/10/2021,4:16:01 PM,-5.5435478E+1,-2.0756679E+0,3.8521558E+3,0.0000000E+0
13356416,1/10/2021,4:16:02 PM,-6.6581093E+1,-1.2746542E+0,3.8539419E+3,0.0000000E+0
13356417,1/10/2021,4:16:02 PM,-7.5971077E+1,-2.4768674E+0,3.8476914E+3,0.0000000E+0
13356418,1/10/2021,4:16:02 PM,-8.0732567E+1,-5.9693246E+0,3.8476914E+3,0.0000000E+0
13356419,1/10/2021,4:16:02 PM,-8.2993614E+1,-7.7827234E+0,3.8441196E+3,0.0000000E+0
13356420,1/10/2021,4:16:02 PM,-8.2621208E+1,-8.3490772E+0,3.8485842E+3,0.0000000E+0
13356421,1/10/2021,4:16:02 PM,-7.8524727E+1,-1.0082708E+1,3.8494771E+3,0.0000000E+0
13356422,1/10/2021,4:16:02 PM,-6.9241142E+1,-1.3004885E+1,3.8467981E+3,0.0000000E+0
13356423,1/10/2021,4:16:02 PM,-5.8414738E+1,-1.5126720E+1,3.8494771E+3,0.0000000E+0
13356424,1/10/2021,4:16:02 PM,-5.0062176E+1,-1.7256533E+1,3.8450125E+3,0.0000000E+0
13356425,1/10/2021,4:16:02 PM,-4.0725391E+1,-1.4238633E+1,3.8548347E+3,0.0000000E+0
13356426,1/10/2021,4:16:03 PM,-3.0058586E+1,-1.1614258E+1,3.8548347E+3,0.0000000E+0
13356427,1/10/2021,4:16:03 PM,-2.0482397E+1,-1.1045244E+1,3.8548347E+3,0.0000000E+0
13356428,1/10/2021,4:16:03 PM,-7.0521088E+0,-1.1699344E+1,3.8575137E+3,0.0000000E+0
13356429,1/10/2021,4:16:03 PM,4.1614075E+0,-1.1603622E+1,3.8566208E+3,0.0000000E+0
13356430,1/10/2021,4:16:03 PM,9.7545404E+0,-7.2163682E+0,3.8619785E+3,0.0000000E+0
13356431,1/10/2021,4:16:03 PM,1.2228042E+1,-3.7181041E+0,3.8601924E+3,0.0000000E+0
13356432,1/10/2021,4:16:03 PM,1.7911831E+1,-1.4216168E+0,3.8673359E+3,0.0000000E+0
13356433,1/10/2021,4:16:03 PM,2.4179871E+1,-4.5941768E+0,3.8584065E+3,0.0000000E+0
13356434,1/10/2021,4:16:03 PM,3.1973824E+1,-9.7689524E+0,3.8584065E+3,0.0000000E+0
13356435,1/10/2021,4:16:03 PM,4.0299782E+1,-1.2946388E+1,3.8601924E+3,0.0000000E+0
13356436,1/10/2021,4:16:04 PM,4.6896709E+1,-1.6714109E+1,3.8584065E+3,0.0000000E+0
13356437,1/10/2021,4:16:04 PM,5.2190216E+1,-2.0394085E+1,3.8592996E+3,0.0000000E+0
13356438,1/10/2021,4:16:04 PM,5.9664959E+1,-2.6287760E+1,3.8575137E+3,0.0000000E+0
13356439,1/10/2021,4:16:04 PM,6.5596878E+1,-3.1824852E+1,3.8548347E+3,0.0000000E+0
13356440,1/10/2021,4:16:04 PM,6.9613548E+1,-3.3894543E+1,3.8584065E+3,0.0000000E+0
13356441,1/10/2021,4:16:04 PM,6.6394890E+1,-3.2147400E+1,3.8575137E+3,0.0000000E+0
13356442,1/10/2021,4:16:04 PM,5.9718163E+1,-2.9325096E+1,3.8584065E+3,0.0000000E+0
13356443,1/10/2021,4:16:04 PM,5.2030613E+1,-2.6798462E+1,3.8584065E+3,0.0000000E+0
13356444,1/10/2021,4:16:04 PM,4.4156857E+1,-2.4298704E+1,3.8557275E+3,0.0000000E+0
13356445,1/10/2021,4:16:04 PM,3.7426926E+1,-2.1153851E+1,3.8601924E+3,0.0000000E+0
13356446,1/10/2021,4:16:05 PM,2.7425133E+1,-1.6865667E+1,3.8566208E+3,0.0000000E+0
13356447,1/10/2021,4:16:05 PM,1.4214737E+1,-1.0957500E+1,3.8584065E+3,0.0000000E+0
13356448,1/10/2021,4:16:05 PM,5.7153659E+0,-6.2405367E+0,3.8592996E+3,0.0000000E+0
13356449,1/10/2021,4:16:05 PM,-3.3443420E+0,-4.0135984E+0,3.8530491E+3,0.0000000E+0
13356450,1/10/2021,4:16:05 PM,-4.6971359E+0,-5.8576488E+0,3.8548347E+3,0.0000000E+0
13356451,1/10/2021,4:16:05 PM,-1.0572901E+1,-1.6280218E+0,3.8566208E+3,0.0000000E+0
13356452,1/10/2021,4:16:05 PM,-2.5802504E+1,4.5108938E+0,3.8539419E+3,0.0000000E+0
13356453,1/10/2021,4:16:05 PM,-4.1443604E+1,9.3754292E+0,3.8494771E+3,0.0000000E+0
13356454,1/10/2021,4:16:05 PM,-5.1285797E+1,1.6062668E+1,3.8530491E+3,0.0000000E+0
13356455,1/10/2021,4:16:05 PM,-5.6233494E+1,2.1879585E+1,3.8601924E+3,0.0000000E+0
13356456,1/10/2021,4:16:06 PM,-5.9398952E+1,2.5723297E+1,3.8494771E+3,0.0000000E+0
13356457,1/10/2021,4:16:06 PM,-7.0757378E+1,3.2711864E+1,3.8566208E+3,0.0000000E+0
13356458,1/10/2021,4:16:06 PM,-8.4775848E+1,4.3302227E+1,3.8601924E+3,0.0000000E+0
13356459,1/10/2021,4:16:06 PM,-9.1771782E+1,4.8489895E+1,3.8566208E+3,0.0000000E+0
13356460,1/10/2021,4:16:06 PM,-9.2968811E+1,5.2333603E+1,3.8584065E+3,0.0000000E+0
13356461,1/10/2021,4:16:06 PM,-9.0893967E+1,5.3704437E+1,3.8619785E+3,0.0000000E+0
13356462,1/10/2021,4:16:06 PM,-8.6265472E+1,5.1957298E+1,3.8584065E+3,0.0000000E+0
13356463,1/10/2021,4:16:06 PM,-8.3738426E+1,5.1527233E+1,3.8619785E+3,0.0000000E+0
13356464,1/10/2021,4:16:06 PM,-7.9429146E+1,4.6688995E+1,3.8548347E+3,0.0000000E+0
13356465,1/10/2021,4:16:06 PM,-6.7352509E+1,4.0560562E+1,3.8601924E+3,0.0000000E+0
13356466,1/10/2021,4:16:07 PM,-5.3334038E+1,3.1636700E+1,3.8592996E+3,0.0000000E+0
13356467,1/10/2021,4:16:07 PM,-3.9847576E+1,2.2927872E+1,3.8566208E+3,0.0000000E+0
13356468,1/10/2021,4:16:07 PM,-3.5804298E+1,1.8019650E+1,3.8584065E+3,0.0000000E+0
13356469,1/10/2021,4:16:07 PM,-3.4953079E+1,1.4390194E+1,3.8548347E+3,0.0000000E+0
13356470,1/10/2021,4:16:07 PM,-3.1335411E+1,1.1050563E+1,3.8619785E+3,0.0000000E+0
13356471,1/10/2021,4:16:07 PM,-2.6547314E+1,4.7695518E+0,3.8584065E+3,0.0000000E+0
13356472,1/10/2021,4:16:07 PM,-2.6946323E+1,1.3589538E+0,3.8584065E+3,0.0000000E+0
13356473,1/10/2021,4:16:07 PM,-2.5882303E+1,-5.4822617E+0,3.8557275E+3,0.0000000E+0
13356474,1/10/2021,4:16:07 PM,-2.3568058E+1,-1.5124062E+1,3.8548347E+3,0.0000000E+0
13356475,1/10/2021,4:16:07 PM,-2.3541458E+1,-1.9024731E+1,3.8575137E+3,0.0000000E+0
13356476,1/10/2021,4:16:08 PM,-1.9364355E+1,-2.9567009E+1,3.8476914E+3,0.0000000E+0
13356477,1/10/2021,4:16:08 PM,-1.0109777E+1,-3.8920933E+1,3.8512629E+3,0.0000000E+0
13356478,1/10/2021,4:16:08 PM,2.8355582E+0,-4.7387848E+1,3.8539419E+3,0.0000000E+0
13356479,1/10/2021,4:16:08 PM,1.5764622E+1,-6.0236057E+1,3.8405476E+3,0.0000000E+0
13356480,1/10/2021,4:16:08 PM,2.5749300E+1,-6.7359024E+1,3.8494771E+3,0.0000000E+0
13356481,1/10/2021,4:16:08 PM,3.6229904E+1,-7.4965805E+1,3.8441196E+3,0.0000000E+0
13356482,1/10/2021,4:16:08 PM,4.9716366E+1,-8.1121124E+1,3.8459053E+3,0.0000000E+0
13356483,1/10/2021,4:16:08 PM,6.2378208E+1,-8.4373489E+1,3.8530491E+3,0.0000000E+0
13356484,1/10/2021,4:16:08 PM,7.3922836E+1,-8.8432236E+1,3.8441196E+3,0.0000000E+0
13356485,1/10/2021,4:16:08 PM,7.9429146E+1,-8.9910583E+1,3.8539419E+3,0.0000000E+0
13356486,1/10/2021,4:16:09 PM,8.4297035E+1,-8.6335663E+1,3.8512629E+3,0.0000000E+0
13356487,1/10/2021,4:16:09 PM,8.5228058E+1,-8.2250046E+1,3.8566208E+3,0.0000000E+0
13356488,1/10/2021,4:16:09 PM,8.2195595E+1,-7.7116135E+1,3.8530491E+3,0.0000000E+0
13356489,1/10/2021,4:16:09 PM,8.1769989E+1,-7.2707962E+1,3.8575137E+3,0.0000000E+0
13356490,1/10/2021,4:16:09 PM,7.8178917E+1,-6.6337616E+1,3.8601924E+3,0.0000000E+0
13356491,1/10/2021,4:16:09 PM,6.7724915E+1,-6.2493904E+1,3.8476914E+3,0.0000000E+0
13356492,1/10/2021,4:16:09 PM,5.9930965E+1,-5.7816944E+1,3.8512629E+3,0.0000000E+0
13356493,1/10/2021,4:16:09 PM,5.0780388E+1,-5.0828373E+1,3.8530491E+3,0.0000000E+0
13356494,1/10/2021,4:16:09 PM,4.0459389E+1,-4.2657127E+1,3.8539419E+3,0.0000000E+0
13356495,1/10/2021,4:16:09 PM,2.8568956E+1,-3.3491356E+1,3.8512629E+3,0.0000000E+0
13356496,1/10/2021,4:16:10 PM,1.7396078E+1,-2.4943804E+1,3.8432266E+3,0.0000000E+0
13356497,1/10/2021,4:16:10 PM,-2.5709265E-1,-6.5861993E+0,3.8566208E+3,0.0000000E+0
13356498,1/10/2021,4:16:10 PM,-1.4159477E+1,1.1781772E+1,3.8584065E+3,0.0000000E+0
13356499,1/10/2021,4:16:10 PM,-2.7903942E+1,2.6825338E+1,3.8566208E+3,0.0000000E+0
13356500,1/10/2021,4:16:10 PM,-4.0751991E+1,4.4431152E+1,3.8673359E+3,0.0000000E+0
13356501,1/10/2021,4:16:10 PM,-6.0888580E+1,5.9295288E+1,3.8601924E+3,0.0000000E+0
13356502,1/10/2021,4:16:10 PM,-7.7434105E+1,6.9778145E+1,3.8512629E+3,0.0000000E+0
13356503,1/10/2021,4:16:10 PM,-8.8100914E+1,8.7383949E+1,3.8780513E+3,0.0000000E+0
13356504,1/10/2021,4:16:10 PM,-9.0069351E+1,9.7060425E+1,3.8771584E+3,0.0000000E+0
13356505,1/10/2021,4:16:10 PM,-8.9031929E+1,9.7409851E+1,3.8673359E+3,0.0000000E+0
13356506,1/10/2021,4:16:11 PM,-1.0246519E+2,9.9721451E+1,3.8655500E+3,0.0000000E+0
13356507,1/10/2021,4:16:11 PM,-1.1627087E+2,1.0085038E+2,3.8619785E+3,0.0000000E+0
13356508,1/10/2021,4:16:11 PM,-1.1608466E+2,1.0117293E+2,3.8691218E+3,0.0000000E+0
13356509,1/10/2021,4:16:11 PM,-1.0951433E+2,9.6227173E+1,3.8744795E+3,0.0000000E+0
13356510,1/10/2021,4:16:11 PM,-1.0158737E+2,7.8245056E+1,3.8584065E+3,0.0000000E+0
13356511,1/10/2021,4:16:11 PM,-9.6373672E+1,5.8677074E+1,3.8459053E+3,0.0000000E+0
13356512,1/10/2021,4:16:11 PM,-8.8473320E+1,4.9941368E+1,3.8566208E+3,0.0000000E+0
13356513,1/10/2021,4:16:11 PM,-7.3018417E+1,4.1178780E+1,3.8584065E+3,0.0000000E+0
13356514,1/10/2021,4:16:11 PM,-5.9239349E+1,2.9325096E+1,3.8548347E+3,0.0000000E+0
13356515,1/10/2021,4:16:11 PM,-5.1205997E+1,1.9763916E+1,3.8494771E+3,0.0000000E+0
13356516,1/10/2021,4:16:12 PM,-4.4396263E+1,1.3435634E+1,3.8521558E+3,0.0000000E+0
13356517,1/10/2021,4:16:12 PM,-3.4474270E+1,8.7665310E+0,3.8539419E+3,0.0000000E+0
13356518,1/10/2021,4:16:12 PM,-2.4605478E+1,2.9701591E+0,3.8530491E+3,0.0000000E+0
13356519,1/10/2021,4:16:12 PM,-5.7864132E+0,-1.0975522E+0,3.8691218E+3,0.0000000E+0
13356520,1/10/2021,4:16:12 PM,5.3778920E+0,-8.0459576E+0,3.8575137E+3,0.0000000E+0
13356521,1/10/2021,4:16:12 PM,8.4993706E+0,-1.6365788E+1,3.8512629E+3,0.0000000E+0
13356522,1/10/2021,4:16:12 PM,1.8482840E+1,-2.6905979E+1,3.8548347E+3,0.0000000E+0
13356523,1/10/2021,4:16:12 PM,3.1628016E+1,-3.0185226E+1,3.8646572E+3,0.0000000E+0
13356524,1/10/2021,4:16:12 PM,3.2665436E+1,-3.4700916E+1,3.8628713E+3,0.0000000E+0
13356525,1/10/2021,4:16:12 PM,3.4048660E+1,-4.7683517E+1,3.8512629E+3,0.0000000E+0
13356526,1/10/2021,4:16:13 PM,3.5777695E+1,-5.7225597E+1,3.8566208E+3,0.0000000E+0
13356527,1/10/2021,4:16:13 PM,3.9847576E+1,-6.9751259E+1,3.8450125E+3,0.0000000E+0
13356528,1/10/2021,4:16:13 PM,4.3438644E+1,-7.7814995E+1,3.8539419E+3,0.0000000E+0
13356529,1/10/2021,4:16:13 PM,4.0911598E+1,-8.1954369E+1,3.8503701E+3,0.0000000E+0
13356530,1/10/2021,4:16:13 PM,3.1415211E+1,-8.6792610E+1,3.8459053E+3,0.0000000E+0
13356531,1/10/2021,4:16:13 PM,2.3355253E+1,-9.2275940E+1,3.8405476E+3,0.0000000E+0
13356532,1/10/2021,4:16:13 PM,2.2450836E+1,-9.8458138E+1,3.8360830E+3,0.0000000E+0
13356533,1/10/2021,4:16:13 PM,2.1519819E+1,-9.8511894E+1,3.8387620E+3,0.0000000E+0
13356534,1/10/2021,4:16:13 PM,1.7964458E+1,-9.3485504E+1,3.8441196E+3,0.0000000E+0
13356535,1/10/2021,4:16:13 PM,1.5996183E+1,-8.9131096E+1,3.8405476E+3,0.0000000E+0
13356536,1/10/2021,4:16:14 PM,1.3249019E+1,-8.2653229E+1,3.8405476E+3,0.0000000E+0
13356537,1/10/2021,4:16:14 PM,1.8698614E+1,-7.6981735E+1,3.8459053E+3,0.0000000E+0
13356538,1/10/2021,4:16:14 PM,2.8755159E+1,-7.1982224E+1,3.8459053E+3,0.0000000E+0
13356539,1/10/2021,4:16:14 PM,3.3436852E+1,-6.4321678E+1,3.8476914E+3,0.0000000E+0
13356540,1/10/2021,4:16:14 PM,3.5192482E+1,-5.2683033E+1,3.8575137E+3,0.0000000E+0
13356541,1/10/2021,4:16:14 PM,3.6655514E+1,-4.2038910E+1,3.8566208E+3,0.0000000E+0
13356542,1/10/2021,4:16:14 PM,3.9421967E+1,-3.2819382E+1,3.8557275E+3,0.0000000E+0
13356543,1/10/2021,4:16:14 PM,4.1762814E+1,-2.0643148E+1,3.8655500E+3,0.0000000E+0
13356544,1/10/2021,4:16:14 PM,3.6761913E+1,-8.2241077E+0,3.8610852E+3,0.0000000E+0
13356545,1/10/2021,4:16:14 PM,3.0723597E+1,3.8350203E+0,3.8655500E+3,0.0000000E+0
13356546,1/10/2021,4:16:15 PM,1.5059411E+1,1.7889362E+1,3.8548347E+3,0.0000000E+0
13356547,1/10/2021,4:16:15 PM,1.3028669E+0,3.6259903E+1,3.8718008E+3,0.0000000E+0
13356548,1/10/2021,4:16:15 PM,-5.4040446E+0,4.7011543E+1,3.8655500E+3,0.0000000E+0
13356549,1/10/2021,4:16:15 PM,-1.4175266E+1,5.4887119E+1,3.8610852E+3,0.0000000E+0
13356550,1/10/2021,4:16:15 PM,-3.0670397E+1,6.7251503E+1,3.8655500E+3,0.0000000E+0
13356551,1/10/2021,4:16:15 PM,-3.9102757E+1,7.6471039E+1,3.8610852E+3,0.0000000E+0
13356552,1/10/2021,4:16:15 PM,-3.9927376E+1,8.3567116E+1,3.8709080E+3,0.0000000E+0
13356553,1/10/2021,4:16:15 PM,-3.6229904E+1,8.6927010E+1,3.8771584E+3,0.0000000E+0
13356554,1/10/2021,4:16:15 PM,-3.8863358E+1,8.5099228E+1,3.8619785E+3,0.0000000E+0
13356555,1/10/2021,4:16:15 PM,-4.3731251E+1,8.3110176E+1,3.8619785E+3,0.0000000E+0
13356556,1/10/2021,4:16:16 PM,-4.7694729E+1,8.5233620E+1,3.8753723E+3,0.0000000E+0
13356557,1/10/2021,4:16:16 PM,-4.6497704E+1,8.1685585E+1,3.8709080E+3,0.0000000E+0
13356558,1/10/2021,4:16:16 PM,-4.4795269E+1,7.5584023E+1,3.8726936E+3,0.0000000E+0
13356559,1/10/2021,4:16:16 PM,-5.1605007E+1,6.5477486E+1,3.8619785E+3,0.0000000E+0
13356560,1/10/2021,4:16:16 PM,-5.9398952E+1,5.5747253E+1,3.8646572E+3,0.0000000E+0
13356561,1/10/2021,4:16:16 PM,-7.2114006E+1,4.9161873E+1,3.8601924E+3,0.0000000E+0
13356562,1/10/2021,4:16:16 PM,-8.2461601E+1,4.0587437E+1,3.8610852E+3,0.0000000E+0
13356563,1/10/2021,4:16:16 PM,-8.8632927E+1,2.9298220E+1,3.8575137E+3,0.0000000E+0
13356564,1/10/2021,4:16:16 PM,-9.3261414E+1,1.3930196E+1,3.8485842E+3,0.0000000E+0
13356565,1/10/2021,4:16:16 PM,-9.8794319E+1,6.6626376E-1,3.8459053E+3,0.0000000E+0
13356566,1/10/2021,4:16:17 PM,-1.0382182E+2,-1.1101083E+1,3.8387620E+3,0.0000000E+0
13356567,1/10/2021,4:16:17 PM,-1.0283760E+2,-2.1772070E+1,3.8369758E+3,0.0000000E+0
13356568,1/10/2021,4:16:17 PM,-9.5948067E+1,-2.8653120E+1,3.8459053E+3,0.0000000E+0
13356569,1/10/2021,4:16:17 PM,-8.8792526E+1,-3.9592915E+1,3.8342971E+3,0.0000000E+0
13356570,1/10/2021,4:16:17 PM,-7.9961151E+1,-4.7441608E+1,3.8369758E+3,0.0000000E+0
13356571,1/10/2021,4:16:17 PM,-6.8389931E+1,-5.3381889E+1,3.8396548E+3,0.0000000E+0
13356572,1/10/2021,4:16:17 PM,-4.7907532E+1,-5.8972744E+1,3.8396548E+3,0.0000000E+0
13356573,1/10/2021,4:16:17 PM,-2.2450836E+1,-6.6552643E+1,3.8423335E+3,0.0000000E+0
13356574,1/10/2021,4:16:17 PM,6.3284783E+0,-7.0423233E+1,3.8459053E+3,0.0000000E+0
13356575,1/10/2021,4:16:17 PM,2.6254709E+1,-6.7654694E+1,3.8548347E+3,0.0000000E+0
13356576,1/10/2021,4:16:18 PM,4.4476063E+1,-6.8407303E+1,3.8503701E+3,0.0000000E+0
13356577,1/10/2021,4:16:18 PM,6.2245213E+1,-6.6928955E+1,3.8619785E+3,0.0000000E+0
13356578,1/10/2021,4:16:18 PM,7.7301102E+1,-6.5584999E+1,3.8557275E+3,0.0000000E+0
13356579,1/10/2021,4:16:18 PM,8.9058533E+1,-6.5316208E+1,3.8610852E+3,0.0000000E+0
13356580,1/10/2021,4:16:18 PM,1.0092236E+2,-6.0934914E+1,3.8646572E+3,0.0000000E+0
13356581,1/10/2021,4:16:18 PM,1.0475283E+2,-6.0209179E+1,3.8610852E+3,0.0000000E+0
13356582,1/10/2021,4:16:18 PM,1.0265140E+2,-5.9644718E+1,3.8548347E+3,0.0000000E+0
13356583,1/10/2021,4:16:18 PM,1.0044355E+2,-5.7924458E+1,3.8530491E+3,0.0000000E+0
13356584,1/10/2021,4:16:18 PM,9.9884941E+1,-5.1312199E+1,3.8637642E+3,0.0000000E+0
13356585,1/10/2021,4:16:18 PM,9.4511635E+1,-4.6070778E+1,3.8575137E+3,0.0000000E+0
13356586,1/10/2021,4:16:19 PM,8.7462502E+1,-4.2603371E+1,3.8548347E+3,0.0000000E+0
13356587,1/10/2021,4:16:19 PM,7.8790733E+1,-3.6152390E+1,3.8512629E+3,0.0000000E+0
13356588,1/10/2021,4:16:19 PM,6.6740700E+1,-2.7013494E+1,3.8512629E+3,0.0000000E+0
13356589,1/10/2021,4:16:19 PM,5.1418800E+1,-1.3446270E+1,3.8566208E+3,0.0000000E+0
13356590,1/10/2021,4:16:19 PM,4.3731251E+1,1.7697631E+0,3.8682290E+3,0.0000000E+0
13356591,1/10/2021,4:16:19 PM,2.9207369E+1,1.2840031E+1,3.8566208E+3,0.0000000E+0
13356592,1/10/2021,4:16:19 PM,1.5885666E+1,2.4137430E+1,3.8619785E+3,0.0000000E+0
13356593,1/10/2021,4:16:19 PM,4.8001614E+0,3.5749203E+1,3.8637642E+3,0.0000000E+0
13356594,1/10/2021,4:16:19 PM,-8.5704174E+0,4.8194225E+1,3.8682290E+3,0.0000000E+0
13356595,1/10/2021,4:16:19 PM,-1.7769735E+1,5.8999619E+1,3.8780513E+3,0.0000000E+0
13356596,1/10/2021,4:16:20 PM,-3.3144241E+1,6.4429199E+1,3.8691218E+3,0.0000000E+0
13356597,1/10/2021,4:16:20 PM,-5.1658203E+1,6.8246033E+1,3.8744795E+3,0.0000000E+0
13356598,1/10/2021,4:16:20 PM,-6.9586952E+1,6.5665634E+1,3.8584065E+3,0.0000000E+0
13356599,1/10/2021,4:16:20 PM,-7.9402542E+1,5.9402809E+1,3.8664431E+3,0.0000000E+0
13356600,1/10/2021,4:16:20 PM,-8.8499924E+1,5.4322659E+1,3.8673359E+3,0.0000000E+0
13356601,1/10/2021,4:16:20 PM,-1.0360901E+2,4.4027962E+1,3.8503701E+3,0.0000000E+0
13356602,1/10/2021,4:16:20 PM,-1.1946292E+2,3.3464478E+1,3.8530491E+3,0.0000000E+0
13356603,1/10/2021,4:16:20 PM,-1.2986372E+2,2.0938816E+1,3.8405476E+3,0.0000000E+0
13356604,1/10/2021,4:16:20 PM,-1.3369420E+2,8.5617924E+0,3.8423335E+3,0.0000000E+0
13356605,1/10/2021,4:16:20 PM,-1.3031593E+2,-3.7100959E+0,3.8387620E+3,0.0000000E+0
13356606,1/10/2021,4:16:21 PM,-1.2717706E+2,-1.2731013E+1,3.8387620E+3,0.0000000E+0
13356607,1/10/2021,4:16:21 PM,-1.2089935E+2,-1.8960915E+1,3.8387620E+3,0.0000000E+0
13356608,1/10/2021,4:16:21 PM,-1.1254678E+2,-2.2739717E+1,3.8316182E+3,0.0000000E+0
13356609,1/10/2021,4:16:21 PM,-9.5495857E+1,-2.5803934E+1,3.8405476E+3,0.0000000E+0
13356610,1/10/2021,4:16:21 PM,-7.8790733E+1,-2.3142904E+1,3.8441196E+3,0.0000000E+0
13356611,1/10/2021,4:16:21 PM,-6.4160446E+1,-2.0777544E+1,3.8494771E+3,0.0000000E+0
13356612,1/10/2021,4:16:21 PM,-5.0594181E+1,-1.6099894E+1,3.8459053E+3,0.0000000E+0
13356613,1/10/2021,4:16:21 PM,-3.6150101E+1,-9.7423630E+0,3.8610852E+3,0.0000000E+0
13356614,1/10/2021,4:16:21 PM,-2.0402596E+1,-6.7324405E+0,3.8512629E+3,0.0000000E+0
13356615,1/10/2021,4:16:21 PM,-2.7903857E+0,-2.5617521E+0,3.8709080E+3,0.0000000E+0
13356616,1/10/2021,4:16:22 PM,1.1767549E+1,-1.9355282E+0,3.8584065E+3,0.0000000E+0
13356617,1/10/2021,4:16:22 PM,2.6228111E+1,-3.0318203E+0,3.8655500E+3,0.0000000E+0
13356618,1/10/2021,4:16:22 PM,3.9528366E+1,-3.0550435E+0,3.8691218E+3,0.0000000E+0
13356619,1/10/2021,4:16:22 PM,5.1259197E+1,-9.3647938E+0,3.8584065E+3,0.0000000E+0
13356620,1/10/2021,4:16:22 PM,6.2697418E+1,-1.2433212E+1,3.8673359E+3,0.0000000E+0
13356621,1/10/2021,4:16:22 PM,6.5995880E+1,-1.2733673E+1,3.8584065E+3,0.0000000E+0
13356622,1/10/2021,4:16:22 PM,7.1927795E+1,-1.4812966E+1,3.8637642E+3,0.0000000E+0
13356623,1/10/2021,4:16:22 PM,8.0040955E+1,-1.9032705E+1,3.8601924E+3,0.0000000E+0
13356624,1/10/2021,4:16:22 PM,8.0998573E+1,-2.2685959E+1,3.8557275E+3,0.0000000E+0
13356625,1/10/2021,4:16:22 PM,8.0918777E+1,-2.2148376E+1,3.8592996E+3,0.0000000E+0
13356626,1/10/2021,4:16:23 PM,7.7939514E+1,-1.9516634E+1,3.8601924E+3,0.0000000E+0
13356627,1/10/2021,4:16:23 PM,7.2433205E+1,-1.8173868E+1,3.8610852E+3,0.0000000E+0
13356628,1/10/2021,4:16:23 PM,6.8842133E+1,-1.6248795E+1,3.8619785E+3,0.0000000E+0
13356629,1/10/2021,4:16:23 PM,6.2378208E+1,-1.7886703E+1,3.8584065E+3,0.0000000E+0
13356630,1/10/2021,4:16:23 PM,5.8733940E+1,-1.6956072E+1,3.8646572E+3,0.0000000E+0
13356631,1/10/2021,4:16:23 PM,4.9689766E+1,-1.5826021E+1,3.8601924E+3,0.0000000E+0
13356632,1/10/2021,4:16:23 PM,4.0778591E+1,-1.3858405E+1,3.8637642E+3,0.0000000E+0
13356633,1/10/2021,4:16:23 PM,3.2239826E+1,-1.2725696E+1,3.8682290E+3,0.0000000E+0
13356634,1/10/2021,4:16:23 PM,2.3275452E+1,-1.7873407E+1,3.8566208E+3,0.0000000E+0
13356635,1/10/2021,4:16:23 PM,1.4104218E+1,-2.2659079E+1,3.8557275E+3,0.0000000E+0
13356636,1/10/2021,4:16:24 PM,7.7625828E+0,-2.7497316E+1,3.8548347E+3,0.0000000E+0
13356637,1/10/2021,4:16:24 PM,-2.0256252E+0,-3.0830326E+1,3.8530491E+3,0.0000000E+0
13356638,1/10/2021,4:16:24 PM,-8.1125565E+0,-3.4405247E+1,3.8503701E+3,0.0000000E+0
13356639,1/10/2021,4:16:24 PM,-1.6090914E+1,-4.0909988E+1,3.8476914E+3,0.0000000E+0
13356640,1/10/2021,4:16:24 PM,-2.3062647E+1,-4.4968731E+1,3.8387620E+3,0.0000000E+0
13356641,1/10/2021,4:16:24 PM,-3.2027023E+1,-4.3705414E+1,3.8441196E+3,0.0000000E+0
13356642,1/10/2021,4:16:24 PM,-4.4396263E+1,-3.6824368E+1,3.8432266E+3,0.0000000E+0
13356643,1/10/2021,4:16:24 PM,-5.9824558E+1,-2.8518724E+1,3.8423335E+3,0.0000000E+0
13356644,1/10/2021,4:16:24 PM,-6.8735733E+1,-2.0077669E+1,3.8423335E+3,0.0000000E+0
13356645,1/10/2021,4:16:24 PM,-7.6237083E+1,-9.0909224E+0,3.8459053E+3,0.0000000E+0
13356646,1/10/2021,4:16:25 PM,-8.3658623E+1,2.6922822E+0,3.8441196E+3,0.0000000E+0
13356647,1/10/2021,4:16:25 PM,-9.4325432E+1,1.9652239E+1,3.8530491E+3,0.0000000E+0
13356648,1/10/2021,4:16:25 PM,-1.0355581E+2,3.6636211E+1,3.8610852E+3,0.0000000E+0
13356649,1/10/2021,4:16:25 PM,-1.0906212E+2,4.6366447E+1,3.8584065E+3,0.0000000E+0
13356650,1/10/2021,4:16:25 PM,-1.0871631E+2,5.3328133E+1,3.8601924E+3,0.0000000E+0
13356651,1/10/2021,4:16:25 PM,-1.0951433E+2,5.9456570E+1,3.8610852E+3,0.0000000E+0
13356652,1/10/2021,4:16:25 PM,-1.0693408E+2,6.4079773E+1,3.8673359E+3,0.0000000E+0
13356653,1/10/2021,4:16:25 PM,-1.0459323E+2,6.5101173E+1,3.8673359E+3,0.0000000E+0
13356654,1/10/2021,4:16:25 PM,-9.8820923E+1,5.8650192E+1,3.8619785E+3,0.0000000E+0
13356655,1/10/2021,4:16:25 PM,-8.8712723E+1,4.6688995E+1,3.8575137E+3,0.0000000E+0
13356656,1/10/2021,4:16:26 PM,-7.7673508E+1,3.3383842E+1,3.8512629E+3,0.0000000E+0
13356657,1/10/2021,4:16:26 PM,-6.3043228E+1,2.5535143E+1,3.8584065E+3,0.0000000E+0
13356658,1/10/2021,4:16:26 PM,-5.2828629E+1,1.7192719E+1,3.8575137E+3,0.0000000E+0
13356659,1/10/2021,4:16:26 PM,-4.3651447E+1,6.9611101E+0,3.8494771E+3,0.0000000E+0
13356660,1/10/2021,4:16:26 PM,-3.4447670E+1,-1.4616247E+0,3.8503701E+3,0.0000000E+0
13356661,1/10/2021,4:16:26 PM,-2.7584736E+1,-5.0698509E+0,3.8441196E+3,0.0000000E+0
13356662,1/10/2021,4:16:26 PM,-1.8603884E+1,-3.5082951E+0,3.8566208E+3,0.0000000E+0
13356663,1/10/2021,4:16:26 PM,-7.8231049E+0,-5.7273607E+0,3.8521558E+3,0.0000000E+0
13356664,1/10/2021,4:16:26 PM,2.2023523E+0,-7.9023752E+0,3.8557275E+3,0.0000000E+0
13356665,1/10/2021,4:16:26 PM,1.9338041E+1,-1.0175771E+1,3.8575137E+3,0.0000000E+0
13356666,1/10/2021,4:16:27 PM,3.3516651E+1,-1.4767763E+1,3.8584065E+3,0.0000000E+0
13356667,1/10/2021,4:16:27 PM,5.0487782E+1,-1.7437342E+1,3.8637642E+3,0.0000000E+0
13356668,1/10/2021,4:16:27 PM,6.9320946E+1,-2.3814880E+1,3.8646572E+3,0.0000000E+0
13356669,1/10/2021,4:16:27 PM,8.8366920E+1,-3.1152874E+1,3.8673359E+3,0.0000000E+0
13356670,1/10/2021,4:16:27 PM,1.0722668E+2,-4.2146427E+1,3.8655500E+3,0.0000000E+0
13356671,1/10/2021,4:16:27 PM,1.2246877E+2,-5.5370941E+1,3.8584065E+3,0.0000000E+0
13356672,1/10/2021,4:16:27 PM,1.2914551E+2,-6.2090717E+1,3.8628713E+3,0.0000000E+0
13356673,1/10/2021,4:16:27 PM,1.3031593E+2,-6.9321198E+1,3.8584065E+3,0.0000000E+0
13356674,1/10/2021,4:16:27 PM,1.2515543E+2,-7.3944405E+1,3.8557275E+3,0.0000000E+0
13356675,1/10/2021,4:16:27 PM,1.1640385E+2,-7.4750771E+1,3.8539419E+3,0.0000000E+0
13356676,1/10/2021,4:16:28 PM,1.0177357E+2,-7.1471519E+1,3.8512629E+3,0.0000000E+0
13356677,1/10/2021,4:16:28 PM,8.1849792E+1,-6.4241043E+1,3.8485842E+3,0.0000000E+0
13356678,1/10/2021,4:16:28 PM,6.2591015E+1,-5.3596924E+1,3.8503701E+3,0.0000000E+0
13356679,1/10/2021,4:16:28 PM,4.5885891E+1,-4.2684010E+1,3.8512629E+3,0.0000000E+0
13356680,1/10/2021,4:16:28 PM,2.9021164E+1,-3.2120522E+1,3.8512629E+3,0.0000000E+0
13356681,1/10/2021,4:16:28 PM,1.8285488E+1,-2.2551563E+1,3.8548347E+3,0.0000000E+0
13356682,1/10/2021,4:16:28 PM,6.2969017E+0,-1.3632396E+1,3.8530491E+3,0.0000000E+0
13356683,1/10/2021,4:16:28 PM,-1.8790131E+0,-5.8922153E+0,3.8566208E+3,0.0000000E+0
13356684,1/10/2021,4:16:28 PM,-5.7522054E+0,9.4978940E-1,3.8575137E+3,0.0000000E+0
13356685,1/10/2021,4:16:28 PM,-1.2964829E+1,8.8010979E+0,3.8619785E+3,0.0000000E+0
13356686,1/10/2021,4:16:29 PM,-2.0137981E+1,1.5448453E+1,3.8601924E+3,0.0000000E+0
13356687,1/10/2021,4:16:29 PM,-3.3676254E+1,2.1073214E+1,3.8601924E+3,0.0000000E+0
13356688,1/10/2021,4:16:29 PM,-4.6524303E+1,2.7443560E+1,3.8619785E+3,0.0000000E+0
13356689,1/10/2021,4:16:29 PM,-6.3123028E+1,3.5695442E+1,3.8637642E+3,0.0000000E+0
13356690,1/10/2021,4:16:29 PM,-8.3126617E+1,4.2495857E+1,3.8601924E+3,0.0000000E+0
13356691,1/10/2021,4:16:29 PM,-1.0797150E+2,4.8032948E+1,3.8539419E+3,0.0000000E+0
13356692,1/10/2021,4:16:29 PM,-1.2555444E+2,5.3274372E+1,3.8601924E+3,0.0000000E+0
13356693,1/10/2021,4:16:29 PM,-1.4449400E+2,5.8730827E+1,3.8601924E+3,0.0000000E+0
13356694,1/10/2021,4:16:29 PM,-1.5619824E+2,5.3355007E+1,3.8459053E+3,0.0000000E+0
13356695,1/10/2021,4:16:29 PM,-1.6377937E+2,4.7226578E+1,3.8459053E+3,0.0000000E+0
13356696,1/10/2021,4:16:30 PM,-1.6380598E+2,4.1877632E+1,3.8512629E+3,0.0000000E+0
13356697,1/10/2021,4:16:30 PM,-1.5819327E+2,3.2469952E+1,3.8441196E+3,0.0000000E+0
13356698,1/10/2021,4:16:30 PM,-1.3826949E+2,1.8918371E+1,3.8467981E+3,0.0000000E+0
13356699,1/10/2021,4:16:30 PM,-1.1462163E+2,4.4188023E+0,3.8423335E+3,0.0000000E+0
13356700,1/10/2021,4:16:30 PM,-8.9936348E+1,-6.9930172E+0,3.8476914E+3,0.0000000E+0
13356701,1/10/2021,4:16:30 PM,-7.1236183E+1,-1.4323721E+1,3.8423335E+3,0.0000000E+0
13356702,1/10/2021,4:16:30 PM,-4.9663166E+1,-1.7307053E+1,3.8548347E+3,0.0000000E+0
13356703,1/10/2021,4:16:30 PM,-3.0989603E+1,-1.7541040E+1,3.8539419E+3,0.0000000E+0
13356704,1/10/2021,4:16:30 PM,-1.5056779E+1,-2.0562511E+1,3.8512629E+3,0.0000000E+0
13356705,1/10/2021,4:16:30 PM,1.0294264E-2,-1.9716055E+1,3.8601924E+3,0.0000000E+0
13356706,1/10/2021,4:16:31 PM,8.5046329E+0,-1.5762207E+1,3.8548347E+3,0.0000000E+0
13356707,1/10/2021,4:16:31 PM,1.3733193E+1,-1.2207202E+1,3.8655500E+3,0.0000000E+0
13356708,1/10/2021,4:16:31 PM,2.3621260E+1,-1.0428370E+1,3.8619785E+3,0.0000000E+0
13356709,1/10/2021,4:16:31 PM,3.0164984E+1,-1.5057589E+1,3.8619785E+3,0.0000000E+0
13356710,1/10/2021,4:16:31 PM,4.1816013E+1,-2.1906464E+1,3.8548347E+3,0.0000000E+0
13356711,1/10/2021,4:16:31 PM,5.4025650E+1,-2.6959736E+1,3.8601924E+3,0.0000000E+0
13356712,1/10/2021,4:16:31 PM,6.3202827E+1,-3.1582939E+1,3.8601924E+3,0.0000000E+0
13356713,1/10/2021,4:16:31 PM,7.1714996E+1,-3.8275837E+1,3.8566208E+3,0.0000000E+0
13356714,1/10/2021,4:16:31 PM,8.1344383E+1,-4.5156887E+1,3.8548347E+3,0.0000000E+0
13356715,1/10/2021,4:16:31 PM,8.8553116E+1,-5.0801498E+1,3.8539419E+3,0.0000000E+0
13356716,1/10/2021,4:16:32 PM,9.6027870E+1,-5.3892593E+1,3.8512629E+3,0.0000000E+0
13356717,1/10/2021,4:16:32 PM,9.7810104E+1,-5.0882133E+1,3.8566208E+3,0.0000000E+0
13356718,1/10/2021,4:16:32 PM,9.4245636E+1,-4.3275349E+1,3.8619785E+3,0.0000000E+0
13356719,1/10/2021,4:16:32 PM,8.8074310E+1,-3.8598385E+1,3.8548347E+3,0.0000000E+0
13356720,1/10/2021,4:16:32 PM,7.8950333E+1,-3.2443069E+1,3.8584065E+3,0.0000000E+0
13356721,1/10/2021,4:16:32 PM,6.7113106E+1,-2.3814880E+1,3.8557275E+3,0.0000000E+0
13356722,1/10/2021,4:16:32 PM,5.1445396E+1,-1.1616917E+1,3.8619785E+3,0.0000000E+0
13356723,1/10/2021,4:16:32 PM,3.7426926E+1,1.2740692E+0,3.8691218E+3,0.0000000E+0
13356724,1/10/2021,4:16:32 PM,2.2743441E+1,9.2584362E+0,3.8592996E+3,0.0000000E+0
13356725,1/10/2021,4:16:32 PM,8.4520054E+0,1.5054930E+1,3.8655500E+3,0.0000000E+0
13356726,1/10/2021,4:16:33 PM,-3.5385041E+0,1.9333166E+1,3.8619785E+3,0.0000000E+0
13356727,1/10/2021,4:16:33 PM,-1.3356905E+1,2.1261366E+1,3.8601924E+3,0.0000000E+0
13356728,1/10/2021,4:16:33 PM,-2.5217291E+1,2.3572969E+1,3.8655500E+3,0.0000000E+0
13356729,1/10/2021,4:16:33 PM,-3.6761913E+1,2.1530159E+1,3.8548347E+3,0.0000000E+0
13356730,1/10/2021,4:16:33 PM,-4.5034676E+1,1.9641603E+1,3.8637642E+3,0.0000000E+0
13356731,1/10/2021,4:16:33 PM,-5.6712303E+1,1.5488337E+1,3.8476914E+3,0.0000000E+0
13356732,1/10/2021,4:16:33 PM,-6.7884521E+1,1.3627077E+1,3.8548347E+3,0.0000000E+0
13356733,1/10/2021,4:16:33 PM,-7.7008499E+1,1.4371581E+1,3.8512629E+3,0.0000000E+0
13356734,1/10/2021,4:16:33 PM,-8.7941307E+1,1.4929958E+1,3.8512629E+3,0.0000000E+0
13356735,1/10/2021,4:16:33 PM,-9.6506676E+1,1.4555048E+1,3.8494771E+3,0.0000000E+0
13356736,1/10/2021,4:16:34 PM,-1.0416762E+2,1.2848007E+1,3.8459053E+3,0.0000000E+0
13356737,1/10/2021,4:16:34 PM,-1.0749269E+2,1.1896107E+1,3.8467981E+3,0.0000000E+0
13356738,1/10/2021,4:16:34 PM,-1.0685427E+2,1.2374716E+1,3.8503701E+3,0.0000000E+0
13356739,1/10/2021,4:16:34 PM,-1.0576366E+2,1.1874835E+1,3.8485842E+3,0.0000000E+0
13356740,1/10/2021,4:16:34 PM,-9.7278091E+1,9.8487215E+0,3.8503701E+3,0.0000000E+0
13356741,1/10/2021,4:16:34 PM,-8.6451683E+1,5.9826193E+0,3.8512629E+3,0.0000000E+0
13356742,1/10/2021,4:16:34 PM,-7.2752419E+1,2.6202104E+0,3.8476914E+3,0.0000000E+0
13356743,1/10/2021,4:16:34 PM,-5.8494537E+1,-5.2117062E-1,3.8548347E+3,0.0000000E+0
13356744,1/10/2021,4:16:34 PM,-4.4103657E+1,-2.0548470E+0,3.8539419E+3,0.0000000E+0
13356745,1/10/2021,4:16:34 PM,-3.1654613E+1,-2.8860750E+0,3.8601924E+3,0.0000000E+0
13356746,1/10/2021,4:16:35 PM,-2.0615400E+1,-6.6686263E+0,3.8530491E+3,0.0000000E+0
13356747,1/10/2021,4:16:35 PM,-9.8755836E+0,-9.7397041E+0,3.8557275E+3,0.0000000E+0
13356748,1/10/2021,4:16:35 PM,3.1232352E+0,-9.5854855E+0,3.8601924E+3,0.0000000E+0
13356749,1/10/2021,4:16:35 PM,9.3993034E+0,-9.8939228E+0,3.8610852E+3,0.0000000E+0
13356750,1/10/2021,4:16:35 PM,1.7856571E+1,-1.1585010E+1,3.8619785E+3,0.0000000E+0
13356751,1/10/2021,4:16:35 PM,2.6015306E+1,-1.7344278E+1,3.8584065E+3,0.0000000E+0
13356752,1/10/2021,4:16:35 PM,3.3037842E+1,-2.4164309E+1,3.8557275E+3,0.0000000E+0
13356753,1/10/2021,4:16:35 PM,4.2747028E+1,-2.9351976E+1,3.8601924E+3,0.0000000E+0
13356754,1/10/2021,4:16:35 PM,5.0274979E+1,-3.5614807E+1,3.8566208E+3,0.0000000E+0
13356755,1/10/2021,4:16:35 PM,5.5089672E+1,-4.2684010E+1,3.8566208E+3,0.0000000E+0
13356756,1/10/2021,4:16:36 PM,6.1766403E+1,-4.9914486E+1,3.8494771E+3,0.0000000E+0
13356757,1/10/2021,4:16:36 PM,6.5277664E+1,-5.4000107E+1,3.8530491E+3,0.0000000E+0
13356758,1/10/2021,4:16:36 PM,7.0065765E+1,-5.5182789E+1,3.8494771E+3,0.0000000E+0
13356759,1/10/2021,4:16:36 PM,7.3922836E+1,-5.2387363E+1,3.8575137E+3,0.0000000E+0
13356760,1/10/2021,4:16:36 PM,7.1076584E+1,-4.7898552E+1,3.8548347E+3,0.0000000E+0
13356761,1/10/2021,4:16:36 PM,6.4586052E+1,-4.2737766E+1,3.8548347E+3,0.0000000E+0
13356762,1/10/2021,4:16:36 PM,5.6206890E+1,-3.8571507E+1,3.8557275E+3,0.0000000E+0
13356763,1/10/2021,4:16:36 PM,4.5699688E+1,-3.1475424E+1,3.8548347E+3,0.0000000E+0
13356764,1/10/2021,4:16:36 PM,3.5485088E+1,-2.2712839E+1,3.8584065E+3,0.0000000E+0
13356765,1/10/2021,4:16:36 PM,2.5802504E+1,-1.5501631E+1,3.8601924E+3,0.0000000E+0
13356766,1/10/2021,4:16:37 PM,1.3833186E+1,-8.7665310E+0,3.8584065E+3,0.0000000E+0
13356767,1/10/2021,4:16:37 PM,3.1129327E+0,-3.9191043E+0,3.8566208E+3,0.0000000E+0
13356768,1/10/2021,4:16:37 PM,-1.7777402E+0,7.7695495E-1,3.8601924E+3,0.0000000E+0
13356769,1/10/2021,4:16:37 PM,-1.1333371E+1,6.6074705E+0,3.8575137E+3,0.0000000E+0
13356770,1/10/2021,4:16:37 PM,-2.6946323E+1,1.1967897E+1,3.8512629E+3,0.0000000E+0
13356771,1/10/2021,4:16:37 PM,-3.6389507E+1,1.7479885E+1,3.8548347E+3,0.0000000E+0
13356772,1/10/2021,4:16:37 PM,-4.3598248E+1,2.6905979E+1,3.8584065E+3,0.0000000E+0
13356773,1/10/2021,4:16:37 PM,-5.4052250E+1,3.3652630E+1,3.8566208E+3,0.0000000E+0
13356774,1/10/2021,4:16:37 PM,-6.1260994E+1,3.8813419E+1,3.8548347E+3,0.0000000E+0
13356775,1/10/2021,4:16:37 PM,-7.4614449E+1,4.8570530E+1,3.8566208E+3,0.0000000E+0
13356776,1/10/2021,4:16:38 PM,-8.7515701E+1,5.8408283E+1,3.8592996E+3,0.0000000E+0
13356777,1/10/2021,4:16:38 PM,-9.4830841E+1,6.7896599E+1,3.8637642E+3,0.0000000E+0
13356778,1/10/2021,4:16:38 PM,-1.0227899E+2,7.5342110E+1,3.8664431E+3,0.0000000E+0
13356779,1/10/2021,4:16:38 PM,-1.0475283E+2,7.5879700E+1,3.8619785E+3,0.0000000E+0
13356780,1/10/2021,4:16:38 PM,-1.0741289E+2,7.5476509E+1,3.8646572E+3,0.0000000E+0
13356781,1/10/2021,4:16:38 PM,-1.0650847E+2,6.9240555E+1,3.8566208E+3,0.0000000E+0
13356782,1/10/2021,4:16:38 PM,-9.7065285E+1,6.2735813E+1,3.8655500E+3,0.0000000E+0
13356783,1/10/2021,4:16:38 PM,-8.5760063E+1,5.2306728E+1,3.8601924E+3,0.0000000E+0
13356784,1/10/2021,4:16:38 PM,-6.7671715E+1,3.7442585E+1,3.8619785E+3,0.0000000E+0
13356785,1/10/2021,4:16:38 PM,-5.5355675E+1,2.4433102E+1,3.8566208E+3,0.0000000E+0
13356786,1/10/2021,4:16:39 PM,-4.5353882E+1,9.6200514E+0,3.8476914E+3,0.0000000E+0
13356787,1/10/2021,4:16:39 PM,-3.2745235E+1,1.3573523E+0,3.8566208E+3,0.0000000E+0
13356788,1/10/2021,4:16:39 PM,-2.1413416E+1,-3.8638492E+0,3.8557275E+3,0.0000000E+0
13356789,1/10/2021,4:16:39 PM,-1.0499222E+1,-1.6517347E+1,3.8530491E+3,0.0000000E+0
13356790,1/10/2021,4:16:39 PM,-2.2950745E+0,-2.3062267E+1,3.8512629E+3,0.0000000E+0
13356791,1/10/2021,4:16:39 PM,8.5389602E-1,-2.7954262E+1,3.8566208E+3,0.0000000E+0
13356792,1/10/2021,4:16:39 PM,3.7857635E+0,-3.3948299E+1,3.8423335E+3,0.0000000E+0
13356793,1/10/2021,4:16:39 PM,7.6810102E+0,-3.6394302E+1,3.8619785E+3,0.0000000E+0
13356794,1/10/2021,4:16:39 PM,1.3680565E+1,-3.8840298E+1,3.8566208E+3,0.0000000E+0
13356795,1/10/2021,4:16:39 PM,1.8748611E+1,-4.7576004E+1,3.8584065E+3,0.0000000E+0
13356796,1/10/2021,4:16:40 PM,2.6228111E+1,-5.8408283E+1,3.8459053E+3,0.0000000E+0
13356797,1/10/2021,4:16:40 PM,3.3436852E+1,-6.7412773E+1,3.8584065E+3,0.0000000E+0
13356798,1/10/2021,4:16:40 PM,3.9182564E+1,-7.5100204E+1,3.8476914E+3,0.0000000E+0
13356799,1/10/2021,4:16:40 PM,4.9397160E+1,-8.6577576E+1,3.8575137E+3,0.0000000E+0
13356800,1/10/2021,4:16:40 PM,6.0622581E+1,-9.9533302E+1,3.8405476E+3,0.0000000E+0
13356801,1/10/2021,4:16:40 PM,6.8097321E+1,-1.1259653E+2,3.8378687E+3,0.0000000E+0
13356802,1/10/2021,4:16:40 PM,7.7833107E+1,-1.1762293E+2,3.8441196E+3,0.0000000E+0
13356803,1/10/2021,4:16:40 PM,8.5148254E+1,-1.1566077E+2,3.8467981E+3,0.0000000E+0
13356804,1/10/2021,4:16:40 PM,8.2887207E+1,-1.1119884E+2,3.8485842E+3,0.0000000E+0
13356805,1/10/2021,4:16:40 PM,7.8790733E+1,-1.0579613E+2,3.8405476E+3,0.0000000E+0
13356806,1/10/2021,4:16:41 PM,7.1901199E+1,-9.9264511E+1,3.8459053E+3,0.0000000E+0
13356807,1/10/2021,4:16:41 PM,6.2271812E+1,-8.8701027E+1,3.8405476E+3,0.0000000E+0
13356808,1/10/2021,4:16:41 PM,5.1684807E+1,-7.3218666E+1,3.8512629E+3,0.0000000E+0
13356809,1/10/2021,4:16:41 PM,4.0273186E+1,-5.6876175E+1,3.8530491E+3,0.0000000E+0
13356810,1/10/2021,4:16:41 PM,2.8728558E+1,-3.9458515E+1,3.8619785E+3,0.0000000E+0
13356811,1/10/2021,4:16:41 PM,1.8574940E+1,-2.8545601E+1,3.8530491E+3,0.0000000E+0
13356812,1/10/2021,4:16:41 PM,9.6940184E+0,-2.0186203E+1,3.8441196E+3,0.0000000E+0
13356813,1/10/2021,4:16:41 PM,-1.3704569E+0,7.8362292E-1,3.8592996E+3,0.0000000E+0
13356814,1/10/2021,4:16:41 PM,-8.9151287E+0,1.9697443E+1,3.8646572E+3,0.0000000E+0
13356815,1/10/2021,4:16:41 PM,-1.8661776E+1,3.7415707E+1,3.8655500E+3,0.0000000E+0
13356816,1/10/2021,4:16:42 PM,-3.1096004E+1,4.8328617E+1,3.8584065E+3,0.0000000E+0
13356817,1/10/2021,4:16:42 PM,-4.2906635E+1,5.9725357E+1,3.8566208E+3,0.0000000E+0
13356818,1/10/2021,4:16:42 PM,-5.3493637E+1,7.6121605E+1,3.8673359E+3,0.0000000E+0
13356819,1/10/2021,4:16:42 PM,-6.7139702E+1,9.2947922E+1,3.8691218E+3,0.0000000E+0
13356820,1/10/2021,4:16:42 PM,-7.4002640E+1,1.0464033E+2,3.8753723E+3,0.0000000E+0
13356821,1/10/2021,4:16:42 PM,-7.9429146E+1,1.1063437E+2,3.8709080E+3,0.0000000E+0
13356822,1/10/2021,4:16:42 PM,-9.1479179E+1,1.1504253E+2,3.8664431E+3,0.0000000E+0
13356823,1/10/2021,4:16:42 PM,-1.0049675E+2,1.1950448E+2,3.8709080E+3,0.0000000E+0
13356824,1/10/2021,4:16:42 PM,-1.0440703E+2,1.2313315E+2,3.8762654E+3,0.0000000E+0
13356825,1/10/2021,4:16:42 PM,-1.0951433E+2,1.1998830E+2,3.8709080E+3,0.0000000E+0
13356826,1/10/2021,4:16:43 PM,-1.0720009E+2,1.0633372E+2,3.8655500E+3,0.0000000E+0
13356827,1/10/2021,4:16:43 PM,-1.0001794E+2,8.8889175E+1,3.8601924E+3,0.0000000E+0
13356828,1/10/2021,4:16:43 PM,-9.3261414E+1,7.5637779E+1,3.8584065E+3,0.0000000E+0
13356829,1/10/2021,4:16:43 PM,-8.4935448E+1,6.2843334E+1,3.8637642E+3,0.0000000E+0
13356830,1/10/2021,4:16:43 PM,-7.1768196E+1,4.7710400E+1,3.8539419E+3,0.0000000E+0
13356831,1/10/2021,4:16:43 PM,-5.9398952E+1,3.0319624E+1,3.8530491E+3,0.0000000E+0
13356832,1/10/2021,4:16:43 PM,-5.0913391E+1,1.8732246E+1,3.8521558E+3,0.0000000E+0
13356833,1/10/2021,4:16:43 PM,-4.5141079E+1,9.3116150E+0,3.8530491E+3,0.0000000E+0
13356834,1/10/2021,4:16:43 PM,-2.9952181E+1,-7.5965967E+0,3.8476914E+3,0.0000000E+0
13356835,1/10/2021,4:16:43 PM,-1.1872805E+1,-1.4360945E+1,3.8592996E+3,0.0000000E+0
13356836,1/10/2021,4:16:44 PM,-6.8442292E+0,-1.7195377E+1,3.8512629E+3,0.0000000E+0
13356837,1/10/2021,4:16:44 PM,5.0969809E-1,-3.0669052E+1,3.8539419E+3,0.0000000E+0
13356838,1/10/2021,4:16:44 PM,1.5377808E+1,-4.2630253E+1,3.8450125E+3,0.0000000E+0
13356839,1/10/2021,4:16:44 PM,2.0209028E+1,-4.2603371E+1,3.8619785E+3,0.0000000E+0
13356840,1/10/2021,4:16:44 PM,2.2025229E+1,-4.8893078E+1,3.8476914E+3,0.0000000E+0
13356841,1/10/2021,4:16:44 PM,2.4366074E+1,-5.4591450E+1,3.8601924E+3,0.0000000E+0
13356842,1/10/2021,4:16:44 PM,2.8701958E+1,-6.2762695E+1,3.8467981E+3,0.0000000E+0
13356843,1/10/2021,4:16:44 PM,3.8198341E+1,-7.1390884E+1,3.8566208E+3,0.0000000E+0
13356844,1/10/2021,4:16:44 PM,4.6471104E+1,-8.0583534E+1,3.8485842E+3,0.0000000E+0
13356845,1/10/2021,4:16:44 PM,5.3307438E+1,-9.0394409E+1,3.8512629E+3,0.0000000E+0
13356846,1/10/2021,4:16:45 PM,5.9026546E+1,-9.6173416E+1,3.8476914E+3,0.0000000E+0
13356847,1/10/2021,4:16:45 PM,6.2005802E+1,-1.0337701E+2,3.8405476E+3,0.0000000E+0
13356848,1/10/2021,4:16:45 PM,6.6554489E+1,-1.0528542E+2,3.8476914E+3,0.0000000E+0
13356849,1/10/2021,4:16:45 PM,7.2991821E+1,-1.0732825E+2,3.8459053E+3,0.0000000E+0
13356850,1/10/2021,4:16:45 PM,7.4907059E+1,-1.0783894E+2,3.8476914E+3,0.0000000E+0
13356851,1/10/2021,4:16:45 PM,6.9187943E+1,-1.0429091E+2,3.8387620E+3,0.0000000E+0
13356852,1/10/2021,4:16:45 PM,6.0170368E+1,-9.4076843E+1,3.8459053E+3,0.0000000E+0
13356853,1/10/2021,4:16:45 PM,5.3945847E+1,-8.2680107E+1,3.8512629E+3,0.0000000E+0
13356854,1/10/2021,4:16:45 PM,5.0833591E+1,-7.3433693E+1,3.8467981E+3,0.0000000E+0
13356855,1/10/2021,4:16:45 PM,3.9608170E+1,-6.1499378E+1,3.8503701E+3,0.0000000E+0
13356856,1/10/2021,4:16:46 PM,2.6999523E+1,-4.5828865E+1,3.8530491E+3,0.0000000E+0
13356857,1/10/2021,4:16:46 PM,1.5683048E+1,-2.9244459E+1,3.8601924E+3,0.0000000E+0
13356858,1/10/2021,4:16:46 PM,3.8982980E+0,-1.6232840E+1,3.8601924E+3,0.0000000E+0
13356859,1/10/2021,4:16:46 PM,-3.3173971E+0,-8.5325441E+0,3.8566208E+3,0.0000000E+0
13356860,1/10/2021,4:16:46 PM,-1.1541250E+1,5.2277088E-2,3.8601924E+3,0.0000000E+0
13356861,1/10/2021,4:16:46 PM,-2.2849844E+1,1.1146284E+1,3.8601924E+3,0.0000000E+0
13356862,1/10/2021,4:16:46 PM,-3.6815117E+1,1.9354439E+1,3.8503701E+3,0.0000000E+0
13356863,1/10/2021,4:16:46 PM,-5.3679844E+1,3.6394302E+1,3.8655500E+3,0.0000000E+0
13356864,1/10/2021,4:16:46 PM,-6.0702381E+1,4.5909500E+1,3.8673359E+3,0.0000000E+0
13356865,1/10/2021,4:16:46 PM,-6.2963425E+1,4.7334095E+1,3.8539419E+3,0.0000000E+0
13356866,1/10/2021,4:16:47 PM,-7.0145561E+1,5.0452068E+1,3.8557275E+3,0.0000000E+0
13356867,1/10/2021,4:16:47 PM,-7.3922836E+1,5.5774128E+1,3.8584065E+3,0.0000000E+0
13356868,1/10/2021,4:16:47 PM,-8.1051781E+1,6.6230095E+1,3.8637642E+3,0.0000000E+0
13356869,1/10/2021,4:16:47 PM,-8.9085129E+1,7.0450119E+1,3.8601924E+3,0.0000000E+0
13356870,1/10/2021,4:16:47 PM,-8.8978729E+1,7.0826424E+1,3.8584065E+3,0.0000000E+0
13356871,1/10/2021,4:16:47 PM,-8.5972870E+1,7.1686554E+1,3.8655500E+3,0.0000000E+0
13356872,1/10/2021,4:16:47 PM,-8.0785767E+1,6.8676094E+1,3.8584065E+3,0.0000000E+0
13356873,1/10/2021,4:16:47 PM,-7.6928688E+1,6.6982712E+1,3.8646572E+3,0.0000000E+0
13356874,1/10/2021,4:16:47 PM,-6.8762337E+1,6.2547665E+1,3.8628713E+3,0.0000000E+0
13356875,1/10/2021,4:16:47 PM,-5.2908428E+1,5.2790546E+1,3.8601924E+3,0.0000000E+0
13356876,1/10/2021,4:16:48 PM,-3.9155960E+1,4.5613831E+1,3.8619785E+3,0.0000000E+0
13356877,1/10/2021,4:16:48 PM,-3.1920620E+1,4.0345528E+1,3.8601924E+3,0.0000000E+0
13356878,1/10/2021,4:16:48 PM,-2.9340370E+1,3.6555573E+1,3.8584065E+3,0.0000000E+0
13356879,1/10/2021,4:16:48 PM,-2.3408455E+1,3.1609819E+1,3.8601924E+3,0.0000000E+0
13356880,1/10/2021,4:16:48 PM,-1.5672523E+1,2.5131956E+1,3.8610852E+3,0.0000000E+0
13356881,1/10/2021,4:16:48 PM,-6.0100808E+0,1.8968891E+1,3.8584065E+3,0.0000000E+0
13356882,1/10/2021,4:16:48 PM,-1.6510415E+0,1.6293995E+1,3.8637642E+3,0.0000000E+0
13356883,1/10/2021,4:16:48 PM,-4.5241970E-1,1.1872175E+1,3.8566208E+3,0.0000000E+0
13356884,1/10/2021,4:16:48 PM,7.4178710E+0,4.4356189E+0,3.8610852E+3,0.0000000E+0
13356885,1/10/2021,4:16:48 PM,1.9390669E+1,-3.2144024E+0,3.8628713E+3,0.0000000E+0
13356886,1/10/2021,4:16:49 PM,2.5696098E+1,-1.1771135E+1,3.8566208E+3,0.0000000E+0
13356887,1/10/2021,4:16:49 PM,3.1920620E+1,-1.9301260E+1,3.8637642E+3,0.0000000E+0
13356888,1/10/2021,4:16:49 PM,3.6150101E+1,-3.0050831E+1,3.8566208E+3,0.0000000E+0
13356889,1/10/2021,4:16:49 PM,3.7373726E+1,-4.0238010E+1,3.8530491E+3,0.0000000E+0
13356890,1/10/2021,4:16:49 PM,4.2427822E+1,-5.1876663E+1,3.8503701E+3,0.0000000E+0
13356891,1/10/2021,4:16:49 PM,4.5486881E+1,-5.9483444E+1,3.8512629E+3,0.0000000E+0
13356892,1/10/2021,4:16:49 PM,4.3119438E+1,-6.1123070E+1,3.8539419E+3,0.0000000E+0
13356893,1/10/2021,4:16:49 PM,3.6788513E+1,-6.3085243E+1,3.8476914E+3,0.0000000E+0
13356894,1/10/2021,4:16:49 PM,2.8196548E+1,-6.3112122E+1,3.8503701E+3,0.0000000E+0
13356895,1/10/2021,4:16:49 PM,2.3302053E+1,-6.2305748E+1,3.8467981E+3,0.0000000E+0
13356896,1/10/2021,4:16:50 PM,1.6019865E+1,-6.0800518E+1,3.8476914E+3,0.0000000E+0
13356897,1/10/2021,4:16:50 PM,6.1495442E+0,-5.4967758E+1,3.8503701E+3,0.0000000E+0
13356898,1/10/2021,4:16:50 PM,-2.7903857E+0,-4.9780090E+1,3.8494771E+3,0.0000000E+0
13356899,1/10/2021,4:16:50 PM,-1.0680787E+1,-4.6285809E+1,3.8512629E+3,0.0000000E+0
13356900,1/10/2021,4:16:50 PM,-1.3109555E+1,-4.5156887E+1,3.8512629E+3,0.0000000E+0
13356901,1/10/2021,4:16:50 PM,-1.5701468E+1,-4.4431152E+1,3.8459053E+3,0.0000000E+0
13356902,1/10/2021,4:16:50 PM,-2.0163191E+1,-3.9969219E+1,3.8548347E+3,0.0000000E+0
13356903,1/10/2021,4:16:50 PM,-2.4552277E+1,-3.8840298E+1,3.8494771E+3,0.0000000E+0
13356904,1/10/2021,4:16:50 PM,-2.8701958E+1,-3.7792011E+1,3.8494771E+3,0.0000000E+0
13356905,1/10/2021,4:16:50 PM,-3.1894018E+1,-3.6716846E+1,3.8503701E+3,0.0000000E+0
13356906,1/10/2021,4:16:51 PM,-3.5485088E+1,-3.4270851E+1,3.8467981E+3,0.0000000E+0
13356907,1/10/2021,4:16:51 PM,-4.4768669E+1,-2.8169294E+1,3.8512629E+3,0.0000000E+0
13356908,1/10/2021,4:16:51 PM,-5.7616718E+1,-2.1449520E+1,3.8441196E+3,0.0000000E+0
13356909,1/10/2021,4:16:51 PM,-7.0491371E+1,-1.2465120E+1,3.8494771E+3,0.0000000E+0
13356910,1/10/2021,4:16:51 PM,-7.5731674E+1,-5.4414210E+0,3.8476914E+3,0.0000000E+0
13356911,1/10/2021,4:16:51 PM,-7.8125717E+1,1.3762744E-1,3.8503701E+3,0.0000000E+0
13356912,1/10/2021,4:16:51 PM,-7.8444923E+1,7.6870008E+0,3.8530491E+3,0.0000000E+0
13356913,1/10/2021,4:16:51 PM,-7.8205513E+1,1.3015520E+1,3.8512629E+3,0.0000000E+0
13356914,1/10/2021,4:16:51 PM,-7.1954399E+1,1.6535959E+1,3.8539419E+3,0.0000000E+0
13356915,1/10/2021,4:16:51 PM,-6.1127991E+1,1.7128902E+1,3.8512629E+3,0.0000000E+0
13356916,1/10/2021,4:16:52 PM,-4.0007175E+1,1.5023022E+1,3.8584065E+3,0.0000000E+0
13356917,1/10/2021,4:16:52 PM,-1.6430363E+1,1.3313322E+1,3.8566208E+3,0.0000000E+0
13356918,1/10/2021,4:16:52 PM,3.6240938E+0,1.3480835E+1,3.8619785E+3,0.0000000E+0
13356919,1/10/2021,4:16:52 PM,1.9088058E+1,1.2316219E+1,3.8601924E+3,0.0000000E+0
13356920,1/10/2021,4:16:52 PM,3.6469307E+1,1.0431029E+1,3.8601924E+3,0.0000000E+0
13356921,1/10/2021,4:16:52 PM,5.1312393E+1,1.1151603E+1,3.8628713E+3,0.0000000E+0
13356922,1/10/2021,4:16:52 PM,6.0542778E+1,1.6341858E+1,3.8726936E+3,0.0000000E+0
13356923,1/10/2021,4:16:52 PM,6.3628437E+1,1.9705418E+1,3.8619785E+3,0.0000000E+0
13356924,1/10/2021,4:16:52 PM,6.1207790E+1,2.6637186E+1,3.8709080E+3,0.0000000E+0
13356925,1/10/2021,4:16:52 PM,5.3121231E+1,3.4808434E+1,3.8700146E+3,0.0000000E+0
13356926,1/10/2021,4:16:53 PM,5.0567585E+1,3.7926407E+1,3.8655500E+3,0.0000000E+0
13356927,1/10/2021,4:16:53 PM,4.7508526E+1,4.1608845E+1,3.8753723E+3,0.0000000E+0
13356928,1/10/2021,4:16:53 PM,4.1656406E+1,4.1635723E+1,3.8646572E+3,0.0000000E+0
13356929,1/10/2021,4:16:53 PM,3.5219086E+1,4.0022980E+1,3.8691218E+3,0.0000000E+0
13356930,1/10/2021,4:16:53 PM,3.1096004E+1,3.5292255E+1,3.8637642E+3,0.0000000E+0
13356931,1/10/2021,4:16:53 PM,3.3383648E+1,2.8088659E+1,3.8655500E+3,0.0000000E+0
13356932,1/10/2021,4:16:53 PM,3.7240723E+1,2.0375471E+1,3.8610852E+3,0.0000000E+0
13356933,1/10/2021,4:16:53 PM,3.8517548E+1,1.2114140E+1,3.8601924E+3,0.0000000E+0
13356934,1/10/2021,4:16:53 PM,3.6283104E+1,6.9983354E+0,3.8610852E+3,0.0000000E+0
13356935,1/10/2021,4:16:53 PM,2.8356152E+1,2.9725614E+0,3.8548347E+3,0.0000000E+0
13356936,1/10/2021,4:16:54 PM,1.9503819E+1,1.6176114E+0,3.8584065E+3,0.0000000E+0
13356937,1/10/2021,4:16:54 PM,7.2205176E+0,3.2992866E+0,3.8557275E+3,0.0000000E+0
13356938,1/10/2021,4:16:54 PM,-5.7701788E+0,4.9048862E+0,3.8601924E+3,0.0000000E+0
13356939,1/10/2021,4:16:54 PM,-2.3647860E+1,8.2028360E+0,3.8566208E+3,0.0000000E+0
13356940,1/10/2021,4:16:54 PM,-4.4183460E+1,1.2332173E+1,3.8584065E+3,0.0000000E+0
13356941,1/10/2021,4:16:54 PM,-6.1846203E+1,1.4544412E+1,3.8584065E+3,0.0000000E+0
13356942,1/10/2021,4:16:54 PM,-7.6290283E+1,1.3549969E+1,3.8548347E+3,0.0000000E+0
13356943,1/10/2021,4:16:54 PM,-8.7834908E+1,1.0444324E+1,3.8539419E+3,0.0000000E+0
13356944,1/10/2021,4:16:54 PM,-9.6453476E+1,3.8470325E+0,3.8512629E+3,0.0000000E+0
13356945,1/10/2021,4:16:54 PM,-1.0507204E+2,-2.0011935E+0,3.8476914E+3,0.0000000E+0
13356946,1/10/2021,4:16:55 PM,-1.0584345E+2,-1.1366977E+1,3.8459053E+3,0.0000000E+0
13356947,1/10/2021,4:16:55 PM,-1.0371542E+2,-2.1933344E+1,3.8423335E+3,0.0000000E+0
13356948,1/10/2021,4:16:55 PM,-9.5708656E+1,-3.1018480E+1,3.8441196E+3,0.0000000E+0
13356949,1/10/2021,4:16:55 PM,-8.8872330E+1,-4.0453045E+1,3.8378687E+3,0.0000000E+0
13356950,1/10/2021,4:16:55 PM,-8.0519760E+1,-4.7791039E+1,3.8387620E+3,0.0000000E+0
13356951,1/10/2021,4:16:55 PM,-7.1688393E+1,-5.1016529E+1,3.8396548E+3,0.0000000E+0
13356952,1/10/2021,4:16:55 PM,-6.2085606E+1,-5.2467999E+1,3.8441196E+3,0.0000000E+0
13356953,1/10/2021,4:16:55 PM,-5.1312393E+1,-5.4107624E+1,3.8423335E+3,0.0000000E+0
13356954,1/10/2021,4:16:55 PM,-4.6843510E+1,-5.2602398E+1,3.8432266E+3,0.0000000E+0
13356955,1/10/2021,4:16:55 PM,-4.1550007E+1,-4.8113586E+1,3.8512629E+3,0.0000000E+0
13356956,1/10/2021,4:16:56 PM,-3.3436852E+1,-4.5130005E+1,3.8485842E+3,0.0000000E+0
13356957,1/10/2021,4:16:56 PM,-2.3248953E+1,-4.3248661E+1,3.8530491E+3,0.0000000E+0
13356958,1/10/2021,4:16:56 PM,-6.9864135E+0,-4.3114265E+1,3.8548347E+3,0.0000000E+0
13356959,1/10/2021,4:16:56 PM,6.2654052E+0,-4.2684196E+1,3.8566208E+3,0.0000000E+0
13356960,1/10/2021,4:16:56 PM,1.6083223E+1,-4.3383057E+1,3.8566208E+3,0.0000000E+0
13356961,1/10/2021,4:16:56 PM,3.0138517E+1,-4.7522453E+1,3.8584065E+3,0.0000000E+0
13356962,1/10/2021,4:16:56 PM,4.4396458E+1,-5.3220848E+1,3.8521558E+3,0.0000000E+0
13356963,1/10/2021,4:16:56 PM,5.7483971E+1,-5.8757965E+1,3.8548347E+3,0.0000000E+0
13356964,1/10/2021,4:16:56 PM,7.0225677E+1,-6.2010349E+1,3.8530491E+3,0.0000000E+0
13356965,1/10/2021,4:16:56 PM,7.3763557E+1,-6.1230858E+1,3.8512629E+3,0.0000000E+0
13356966,1/10/2021,4:16:57 PM,7.2167519E+1,-5.7844074E+1,3.8485842E+3,0.0000000E+0
13356967,1/10/2021,4:16:57 PM,6.8975441E+1,-5.0909233E+1,3.8512629E+3,0.0000000E+0
13356968,1/10/2021,4:16:57 PM,6.4692741E+1,-4.1178959E+1,3.8530491E+3,0.0000000E+0
13356969,1/10/2021,4:16:57 PM,5.6845554E+1,-2.8169418E+1,3.8548347E+3,0.0000000E+0
13356970,1/10/2021,4:16:57 PM,4.4662464E+1,-1.3794766E+1,3.8548347E+3,0.0000000E+0
13356971,1/10/2021,4:16:57 PM,3.3144390E+1,1.7369282E+0,3.8592996E+3,0.0000000E+0
13356972,1/10/2021,4:16:57 PM,2.1839121E+1,1.7961382E+1,3.8610852E+3,0.0000000E+0
13356973,1/10/2021,4:16:57 PM,1.7277887E+1,3.0642307E+1,3.8664431E+3,0.0000000E+0
13356974,1/10/2021,4:16:57 PM,1.5588517E+1,4.1178959E+1,3.8691218E+3,0.0000000E+0
13356975,1/10/2021,4:16:57 PM,9.2783775E+0,5.0371651E+1,3.8610852E+3,0.0000000E+0
13356976,1/10/2021,4:16:58 PM,8.0100346E+0,5.8301022E+1,3.8744795E+3,0.0000000E+0
13356977,1/10/2021,4:16:58 PM,2.2261243E+0,6.7413071E+1,3.8700146E+3,0.0000000E+0
13356978,1/10/2021,4:16:58 PM,-5.7075443E+0,7.2197578E+1,3.8691218E+3,0.0000000E+0
13356979,1/10/2021,4:16:58 PM,-8.6652575E+0,7.7680931E+1,3.8789441E+3,0.0000000E+0
13356980,1/10/2021,4:16:58 PM,-1.9240925E+1,8.0368858E+1,3.8673359E+3,0.0000000E+0
13356981,1/10/2021,4:16:58 PM,-2.8994690E+1,8.0449493E+1,3.8718008E+3,0.0000000E+0
13356982,1/10/2021,4:16:58 PM,-3.9821148E+1,8.0637650E+1,3.8709080E+3,0.0000000E+0
13356983,1/10/2021,4:16:58 PM,-5.2775658E+1,7.6175697E+1,3.8628713E+3,0.0000000E+0
13356984,1/10/2021,4:16:58 PM,-6.2484890E+1,7.0961136E+1,3.8619785E+3,0.0000000E+0
13356985,1/10/2021,4:16:58 PM,-7.2406921E+1,6.5397133E+1,3.8637642E+3,0.0000000E+0
13356986,1/10/2021,4:16:59 PM,-7.5120186E+1,5.5774376E+1,3.8566208E+3,0.0000000E+0
13356987,1/10/2021,4:16:59 PM,-7.7195038E+1,4.5425877E+1,3.8557275E+3,0.0000000E+0
13356988,1/10/2021,4:16:59 PM,-7.6796028E+1,3.3545261E+1,3.8539419E+3,0.0000000E+0
13356989,1/10/2021,4:16:59 PM,-6.9108444E+1,2.1127064E+1,3.8530491E+3,0.0000000E+0
13356990,1/10/2021,4:16:59 PM,-5.9612019E+1,8.3146172E+0,3.8503701E+3,0.0000000E+0
13356991,1/10/2021,4:16:59 PM,-4.7136322E+1,-5.1210952E+0,3.8494771E+3,0.0000000E+0
13356992,1/10/2021,4:16:59 PM,-3.3303993E+1,-1.6876520E+1,3.8503701E+3,0.0000000E+0
13356993,1/10/2021,4:16:59 PM,-2.0668692E+1,-2.7658714E+1,3.8467981E+3,0.0000000E+0
13356994,1/10/2021,4:16:59 PM,-7.5363798E+0,-3.6367580E+1,3.8503701E+3,0.0000000E+0
13356995,1/10/2021,4:16:59 PM,1.0183195E+0,-4.1689663E+1,3.8548347E+3,0.0000000E+0
13356996,1/10/2021,4:17:00 PM,8.9284000E+0,-4.6339767E+1,3.8512629E+3,0.0000000E+0
13356997,1/10/2021,4:17:00 PM,1.2428185E+1,-5.1742489E+1,3.8530491E+3,0.0000000E+0
13356998,1/10/2021,4:17:00 PM,1.1912427E+1,-5.5639980E+1,3.8530491E+3,0.0000000E+0
13356999,1/10/2021,4:17:00 PM,9.1520700E+0,-5.8274139E+1,3.8530491E+3,0.0000000E+0
13357000,1/10/2021,4:17:00 PM,2.5399532E+0,-6.0021290E+1,3.8503701E+3,0.0000000E+0
13357001,1/10/2021,4:17:00 PM,-2.8371396E+0,-6.3031761E+1,3.8521558E+3,0.0000000E+0
13357002,1/10/2021,4:17:00 PM,-8.9652395E+0,-6.7090523E+1,3.8441196E+3,0.0000000E+0
13357003,1/10/2021,4:17:00 PM,-1.5827976E+1,-7.0262268E+1,3.8423335E+3,0.0000000E+0
13357004,1/10/2021,4:17:00 PM,-1.8980413E+1,-7.2170692E+1,3.8441196E+3,0.0000000E+0
13357005,1/10/2021,4:17:00 PM,-2.3674564E+1,-7.2063179E+1,3.8387620E+3,0.0000000E+0
13357006,1/10/2021,4:17:01 PM,-2.4312979E+1,-7.0369789E+1,3.8423335E+3,0.0000000E+0
13357007,1/10/2021,4:17:01 PM,-2.2637138E+1,-6.6552940E+1,3.8423335E+3,0.0000000E+0
13357008,1/10/2021,4:17:01 PM,-2.1626314E+1,-6.2601696E+1,3.8387620E+3,0.0000000E+0
13357009,1/10/2021,4:17:01 PM,-2.0322884E+1,-5.6043167E+1,3.8414407E+3,0.0000000E+0
13357010,1/10/2021,4:17:01 PM,-1.8893578E+1,-4.5667789E+1,3.8459053E+3,0.0000000E+0
13357011,1/10/2021,4:17:01 PM,-1.5880605E+1,-3.2362576E+1,3.8512629E+3,0.0000000E+0
13357012,1/10/2021,4:17:01 PM,-1.5399055E+1,-2.0078775E+1,3.8494771E+3,0.0000000E+0
13357013,1/10/2021,4:17:01 PM,-1.3225504E+1,-7.2563443E+0,3.8601924E+3,0.0000000E+0
13357014,1/10/2021,4:17:01 PM,-1.2709745E+1,6.8920655E+0,3.8628713E+3,0.0000000E+0
13357015,1/10/2021,4:17:01 PM,-1.4485953E+1,1.6536171E+1,3.8628713E+3,0.0000000E+0
13357016,1/10/2021,4:17:02 PM,-1.5135913E+1,2.5696529E+1,3.8673359E+3,0.0000000E+0
13357017,1/10/2021,4:17:02 PM,-1.3896515E+1,3.2120663E+1,3.8682290E+3,0.0000000E+0
13357018,1/10/2021,4:17:02 PM,-1.4383328E+1,3.5534325E+1,3.8664431E+3,0.0000000E+0
13357019,1/10/2021,4:17:02 PM,-1.1620339E+1,3.5319290E+1,3.8646572E+3,0.0000000E+0
13357020,1/10/2021,4:17:02 PM,-5.3390532E+0,3.4512913E+1,3.8691218E+3,0.0000000E+0
13357021,1/10/2021,4:17:02 PM,9.2461723E-1,2.8384451E+1,3.8610852E+3,0.0000000E+0
13357022,1/10/2021,4:17:02 PM,1.1401933E+1,1.9918388E+1,3.8628713E+3,0.0000000E+0
13357023,1/10/2021,4:17:02 PM,2.2849945E+1,1.0377982E+1,3.8584065E+3,0.0000000E+0
13357024,1/10/2021,4:17:02 PM,3.0776934E+1,2.3743625E+0,3.8539419E+3,0.0000000E+0
13357025,1/10/2021,4:17:02 PM,3.4846832E+1,-1.4898666E+0,3.8548347E+3,0.0000000E+0
13357026,1/10/2021,4:17:03 PM,3.8012306E+1,-2.4015894E+0,3.8584065E+3,0.0000000E+0
13357027,1/10/2021,4:17:03 PM,4.0938374E+1,-1.5800160E+0,3.8584065E+3,0.0000000E+0
13357028,1/10/2021,4:17:03 PM,3.8544315E+1,-2.8885171E-1,3.8566208E+3,0.0000000E+0
13357029,1/10/2021,4:17:03 PM,3.3570000E+1,3.7493305E+0,3.8601924E+3,0.0000000E+0
13357030,1/10/2021,4:17:03 PM,2.8489279E+1,8.8836384E+0,3.8601924E+3,0.0000000E+0
13357031,1/10/2021,4:17:03 PM,1.8285721E+1,1.4717430E+1,3.8628713E+3,0.0000000E+0
13357032,1/10/2021,4:17:03 PM,1.1167735E+1,1.8655375E+1,3.8646572E+3,0.0000000E+0
13357033,1/10/2021,4:17:03 PM,8.2337055E+0,1.8352251E+1,3.8655500E+3,0.0000000E+0
13357034,1/10/2021,4:17:03 PM,3.8531210E+0,1.6214434E+1,3.8610852E+3,0.0000000E+0
13357035,1/10/2021,4:17:03 PM,9.0186173E-1,1.3839970E+1,3.8637642E+3,0.0000000E+0
13357036,1/10/2021,4:17:04 PM,-6.2890878E+0,1.2013252E+1,3.8601924E+3,0.0000000E+0
13357037,1/10/2021,4:17:04 PM,-1.4464901E+1,6.7218909E+0,3.8494771E+3,0.0000000E+0
13357038,1/10/2021,4:17:04 PM,-1.3204453E+1,1.4061991E+0,3.8584065E+3,0.0000000E+0
13357039,1/10/2021,4:17:04 PM,-1.4493847E+1,-1.0924622E+0,3.8566208E+3,0.0000000E+0
13357040,1/10/2021,4:17:04 PM,-1.6770023E+1,-6.2273211E+0,3.8503701E+3,0.0000000E+0
13357041,1/10/2021,4:17:04 PM,-2.3461760E+1,-8.3412066E+0,3.8503701E+3,0.0000000E+0
13357042,1/10/2021,4:17:04 PM,-3.1175943E+1,-6.7644343E+0,3.8476914E+3,0.0000000E+0
13357043,1/10/2021,4:17:04 PM,-3.5245842E+1,-3.5915735E+0,3.8548347E+3,0.0000000E+0
13357044,1/10/2021,4:17:04 PM,-3.8677319E+1,-7.4439985E-1,3.8530491E+3,0.0000000E+0
13357045,1/10/2021,4:17:04 PM,-4.2454609E+1,1.8738644E+0,3.8530491E+3,0.0000000E+0
13357046,1/10/2021,4:17:05 PM,-4.8413151E+1,4.9801550E+0,3.8548347E+3,0.0000000E+0
13357047,1/10/2021,4:17:05 PM,-5.3148064E+1,6.7617755E+0,3.8512629E+3,0.0000000E+0
13357048,1/10/2021,4:17:05 PM,-5.2403248E+1,9.4499998E+0,3.8610852E+3,0.0000000E+0
13357049,1/10/2021,4:17:05 PM,-5.1312622E+1,9.2346230E+0,3.8548347E+3,0.0000000E+0
13357050,1/10/2021,4:17:05 PM,-4.8625957E+1,5.9880133E+0,3.8584065E+3,0.0000000E+0
13357051,1/10/2021,4:17:05 PM,-4.6763912E+1,2.7779639E+0,3.8539419E+3,0.0000000E+0
13357052,1/10/2021,4:17:05 PM,-4.7269325E+1,-7.5320143E-1,3.8539419E+3,0.0000000E+0
13357053,1/10/2021,4:17:05 PM,-4.6338306E+1,-3.3217051E+0,3.8548347E+3,0.0000000E+0
13357054,1/10/2021,4:17:05 PM,-4.4157051E+1,-7.0941477E+0,3.8521558E+3,0.0000000E+0
13357055,1/10/2021,4:17:05 PM,-4.2986622E+1,-1.0332780E+1,3.8530491E+3,0.0000000E+0
13357056,1/10/2021,4:17:06 PM,-4.4981670E+1,-1.2303082E+1,3.8485842E+3,0.0000000E+0
13357057,1/10/2021,4:17:06 PM,-4.7242725E+1,-1.1383076E+1,3.8548347E+3,0.0000000E+0
13357058,1/10/2021,4:17:06 PM,-4.7641735E+1,-1.0154629E+1,3.8512629E+3,0.0000000E+0
13357059,1/10/2021,4:17:06 PM,-4.8014141E+1,-1.2457301E+1,3.8539419E+3,0.0000000E+0
13357060,1/10/2021,4:17:06 PM,-4.7615131E+1,-1.4238815E+1,3.8503701E+3,0.0000000E+0
13357061,1/10/2021,4:17:06 PM,-4.7960941E+1,-1.7208891E+1,3.8485842E+3,0.0000000E+0
13357062,1/10/2021,4:17:06 PM,-4.4768867E+1,-1.8878729E+1,3.8512629E+3,0.0000000E+0
13357063,1/10/2021,4:17:06 PM,-4.0725571E+1,-2.0750755E+1,3.8512629E+3,0.0000000E+0
13357064,1/10/2021,4:17:06 PM,-3.5777851E+1,-2.3169884E+1,3.8512629E+3,0.0000000E+0
13357065,1/10/2021,4:17:06 PM,-2.9393700E+1,-2.6583544E+1,3.8485842E+3,0.0000000E+0
13357066,1/10/2021,4:17:07 PM,-2.7345451E+1,-2.8169418E+1,3.8476914E+3,0.0000000E+0
13357067,1/10/2021,4:17:07 PM,-2.2743542E+1,-2.8196299E+1,3.8512629E+3,0.0000000E+0
13357068,1/10/2021,4:17:07 PM,-1.9930355E+1,-2.7121128E+1,3.8476914E+3,0.0000000E+0
13357069,1/10/2021,4:17:07 PM,-1.4996448E+1,-2.6798580E+1,3.8530491E+3,0.0000000E+0
13357070,1/10/2021,4:17:07 PM,-2.4813085E+0,-2.5293344E+1,3.8503701E+3,0.0000000E+0
13357071,1/10/2021,4:17:07 PM,5.7549100E+0,-2.3519314E+1,3.8557275E+3,0.0000000E+0
13357072,1/10/2021,4:17:07 PM,1.6296368E+1,-2.0455084E+1,3.8601924E+3,0.0000000E+0
13357073,1/10/2021,4:17:07 PM,2.5882418E+1,-1.9075491E+1,3.8566208E+3,0.0000000E+0
13357074,1/10/2021,4:17:07 PM,3.3915806E+1,-1.9362661E+1,3.8601924E+3,0.0000000E+0
13357075,1/10/2021,4:17:07 PM,4.6684113E+1,-2.0670118E+1,3.8601924E+3,0.0000000E+0
13357076,1/10/2021,4:17:08 PM,6.3016903E+1,-2.5078308E+1,3.8601924E+3,0.0000000E+0
13357077,1/10/2021,4:17:08 PM,7.4880783E+1,-2.6556667E+1,3.8655500E+3,0.0000000E+0
13357078,1/10/2021,4:17:08 PM,8.3446190E+1,-2.9728415E+1,3.8601924E+3,0.0000000E+0
13357079,1/10/2021,4:17:08 PM,9.0388954E+1,-3.1287407E+1,3.8601924E+3,0.0000000E+0
13357080,1/10/2021,4:17:08 PM,9.9007553E+1,-3.3652779E+1,3.8619785E+3,0.0000000E+0
13357081,1/10/2021,4:17:08 PM,1.0209323E+2,-3.4486034E+1,3.8584065E+3,0.0000000E+0
13357082,1/10/2021,4:17:08 PM,9.8528748E+1,-3.1287407E+1,3.8637642E+3,0.0000000E+0
13357083,1/10/2021,4:17:08 PM,9.0255951E+1,-3.1099253E+1,3.8539419E+3,0.0000000E+0
13357084,1/10/2021,4:17:08 PM,8.3020576E+1,-2.8787640E+1,3.8539419E+3,0.0000000E+0
13357085,1/10/2021,4:17:08 PM,7.3869965E+1,-2.0159412E+1,3.8601924E+3,0.0000000E+0
13357086,1/10/2021,4:17:09 PM,6.5384361E+1,-1.2624817E+1,3.8619785E+3,0.0000000E+0
13357087,1/10/2021,4:17:09 PM,4.8200348E+1,-3.9158962E+0,3.8601924E+3,0.0000000E+0
13357088,1/10/2021,4:17:09 PM,3.1016338E+1,4.5124898E+0,3.8566208E+3,0.0000000E+0
13357089,1/10/2021,4:17:09 PM,1.8938313E+1,1.3996849E+1,3.8584065E+3,0.0000000E+0
13357090,1/10/2021,4:17:09 PM,8.3600140E+0,2.3599953E+1,3.8673359E+3,0.0000000E+0
13357091,1/10/2021,4:17:09 PM,2.3838313E+0,3.1099253E+1,3.8637642E+3,0.0000000E+0
13357092,1/10/2021,4:17:09 PM,-1.6170061E+1,4.1635906E+1,3.8709080E+3,0.0000000E+0
13357093,1/10/2021,4:17:09 PM,-4.2960022E+1,4.9860947E+1,3.8566208E+3,0.0000000E+0
13357094,1/10/2021,4:17:09 PM,-6.1660271E+1,5.1930645E+1,3.8539419E+3,0.0000000E+0
13357095,1/10/2021,4:17:09 PM,-6.9986267E+1,5.8327900E+1,3.8709080E+3,0.0000000E+0
13357096,1/10/2021,4:17:10 PM,-8.0520119E+1,6.1902836E+1,3.8637642E+3,0.0000000E+0
13357097,1/10/2021,4:17:10 PM,-9.4113045E+1,5.9510582E+1,3.8584065E+3,0.0000000E+0
13357098,1/10/2021,4:17:10 PM,-1.1725560E+2,5.9295547E+1,3.8494771E+3,0.0000000E+0
13357099,1/10/2021,4:17:10 PM,-1.3694006E+2,6.0101925E+1,3.8575137E+3,0.0000000E+0
13357100,1/10/2021,4:17:10 PM,-1.4462766E+2,5.8005344E+1,3.8530491E+3,0.0000000E+0
13357101,1/10/2021,4:17:10 PM,-1.4712810E+2,5.4215382E+1,3.8575137E+3,0.0000000E+0
13357102,1/10/2021,4:17:10 PM,-1.5109160E+2,4.6850471E+1,3.8530491E+3,0.0000000E+0
13357103,1/10/2021,4:17:10 PM,-1.5431027E+2,3.7335232E+1,3.8432266E+3,0.0000000E+0
13357104,1/10/2021,4:17:10 PM,-1.5266103E+2,2.9271465E+1,3.8485842E+3,0.0000000E+0
13357105,1/10/2021,4:17:10 PM,-1.3648785E+2,1.8881388E+1,3.8494771E+3,0.0000000E+0
13357106,1/10/2021,4:17:11 PM,-1.1515414E+2,6.9266324E+0,3.8512629E+3,0.0000000E+0
13357107,1/10/2021,4:17:11 PM,-9.6054886E+1,-4.7943702E+0,3.8459053E+3,0.0000000E+0
13357108,1/10/2021,4:17:11 PM,-8.7436279E+1,-1.1776604E+1,3.8450125E+3,0.0000000E+0
13357109,1/10/2021,4:17:11 PM,-7.3816757E+1,-2.1422735E+1,3.8423335E+3,0.0000000E+0
13357110,1/10/2021,4:17:11 PM,-4.8492954E+1,-3.0964857E+1,3.8539419E+3,0.0000000E+0
13357111,1/10/2021,4:17:11 PM,-1.8175200E+1,-3.8087849E+1,3.8548347E+3,0.0000000E+0
13357112,1/10/2021,4:17:11 PM,2.1080422E+0,-5.1930645E+1,3.8441196E+3,0.0000000E+0
13357113,1/10/2021,4:17:11 PM,1.8304140E+1,-6.1042702E+1,3.8423335E+3,0.0000000E+0
13357114,1/10/2021,4:17:11 PM,3.4368015E+1,-6.0988941E+1,3.8584065E+3,0.0000000E+0
13357115,1/10/2021,4:17:11 PM,4.7561932E+1,-5.9483704E+1,3.8646572E+3,0.0000000E+0
13357116,1/10/2021,4:17:12 PM,5.6526344E+1,-6.7816261E+1,3.8494771E+3,0.0000000E+0
13357117,1/10/2021,4:17:12 PM,6.6022774E+1,-7.0961136E+1,3.8575137E+3,0.0000000E+0
13357118,1/10/2021,4:17:12 PM,7.4534973E+1,-7.8782982E+1,3.8485842E+3,0.0000000E+0
13357119,1/10/2021,4:17:12 PM,7.9003883E+1,-8.0288216E+1,3.8548347E+3,0.0000000E+0
13357120,1/10/2021,4:17:12 PM,7.8099457E+1,-7.9750633E+1,3.8512629E+3,0.0000000E+0
13357121,1/10/2021,4:17:12 PM,7.9057083E+1,-7.9024895E+1,3.8557275E+3,0.0000000E+0
13357122,1/10/2021,4:17:12 PM,8.1610741E+1,-8.1228989E+1,3.8530491E+3,0.0000000E+0
13357123,1/10/2021,4:17:12 PM,8.5201828E+1,-8.4696411E+1,3.8405476E+3,0.0000000E+0
13357124,1/10/2021,4:17:12 PM,8.3499382E+1,-7.9320564E+1,3.8530491E+3,0.0000000E+0
13357125,1/10/2021,4:17:12 PM,7.9003883E+1,-7.0504189E+1,3.8467981E+3,0.0000000E+0
13357126,1/10/2021,4:17:13 PM,7.6237419E+1,-6.1445889E+1,3.8530491E+3,0.0000000E+0
13357127,1/10/2021,4:17:13 PM,7.0651283E+1,-5.3193970E+1,3.8485842E+3,0.0000000E+0
13357128,1/10/2021,4:17:13 PM,6.1979473E+1,-4.0775772E+1,3.8476914E+3,0.0000000E+0
13357129,1/10/2021,4:17:13 PM,5.3759876E+1,-2.4433208E+1,3.8548347E+3,0.0000000E+0
13357130,1/10/2021,4:17:13 PM,4.0858574E+1,-3.1086929E+0,3.8601924E+3,0.0000000E+0
13357131,1/10/2021,4:17:13 PM,2.9393700E+1,1.8913296E+1,3.8718008E+3,0.0000000E+0
13357132,1/10/2021,4:17:13 PM,1.5822713E+1,3.5184895E+1,3.8619785E+3,0.0000000E+0
13357133,1/10/2021,4:17:13 PM,4.0987949E+0,4.8275070E+1,3.8700146E+3,0.0000000E+0
13357134,1/10/2021,4:17:13 PM,-1.2449236E+1,6.4053169E+1,3.8673359E+3,0.0000000E+0
13357135,1/10/2021,4:17:13 PM,-3.0883335E+1,8.1444023E+1,3.8798374E+3,0.0000000E+0
13357136,1/10/2021,4:17:14 PM,-4.8147144E+1,9.4265411E+1,3.8744795E+3,0.0000000E+0
13357137,1/10/2021,4:17:14 PM,-6.5570564E+1,1.0093146E+2,3.8762654E+3,0.0000000E+0
13357138,1/10/2021,4:17:14 PM,-7.6663025E+1,1.0216790E+2,3.8726936E+3,0.0000000E+0
13357139,1/10/2021,4:17:14 PM,-9.1319969E+1,1.0165720E+2,3.8655500E+3,0.0000000E+0
13357140,1/10/2021,4:17:14 PM,-1.0600352E+2,9.7679070E+1,3.8673359E+3,0.0000000E+0
13357141,1/10/2021,4:17:14 PM,-1.1323890E+2,8.8862686E+1,3.8584065E+3,0.0000000E+0
13357142,1/10/2021,4:17:14 PM,-1.1720238E+2,7.8137878E+1,3.8628713E+3,0.0000000E+0
13357143,1/10/2021,4:17:14 PM,-1.1111085E+2,6.1687798E+1,3.8530491E+3,0.0000000E+0
13357144,1/10/2021,4:17:14 PM,-1.0390208E+2,4.4753895E+1,3.8503701E+3,0.0000000E+0
13357145,1/10/2021,4:17:14 PM,-9.6001686E+1,3.1072374E+1,3.8503701E+3,0.0000000E+0
13357146,1/10/2021,4:17:15 PM,-8.5042221E+1,1.9312141E+1,3.8530491E+3,0.0000000E+0
13357147,1/10/2021,4:17:15 PM,-7.1901512E+1,4.3555336E+0,3.8476914E+3,0.0000000E+0
13357148,1/10/2021,4:17:15 PM,-5.8361794E+1,-5.6368084E+0,3.8530491E+3,0.0000000E+0
13357149,1/10/2021,4:17:15 PM,-4.4742264E+1,-2.0210875E+1,3.8441196E+3,0.0000000E+0
13357150,1/10/2021,4:17:15 PM,-3.2532574E+1,-2.9217709E+1,3.8476914E+3,0.0000000E+0
13357151,1/10/2021,4:17:15 PM,-2.3355356E+1,-3.3276470E+1,3.8521558E+3,0.0000000E+0
13357152,1/10/2021,4:17:15 PM,-1.4709624E+1,-3.7496506E+1,3.8548347E+3,0.0000000E+0
13357153,1/10/2021,4:17:15 PM,-6.5390725E+0,-4.4915173E+1,3.8539419E+3,0.0000000E+0
13357154,1/10/2021,4:17:15 PM,2.4979508E+0,-5.5075512E+1,3.8476914E+3,0.0000000E+0
13357155,1/10/2021,4:17:15 PM,1.1372986E+1,-6.5208977E+1,3.8503701E+3,0.0000000E+0
13357156,1/10/2021,4:17:16 PM,1.7538397E+1,-7.1579353E+1,3.8512629E+3,0.0000000E+0
13357157,1/10/2021,4:17:16 PM,2.5536610E+1,-7.9669998E+1,3.8503701E+3,0.0000000E+0
13357158,1/10/2021,4:17:16 PM,3.3543400E+1,-8.8405746E+1,3.8485842E+3,0.0000000E+0
13357159,1/10/2021,4:17:16 PM,4.2827019E+1,-1.0023260E+2,3.8450125E+3,0.0000000E+0
13357160,1/10/2021,4:17:16 PM,5.0913612E+1,-1.1020479E+2,3.8360830E+3,0.0000000E+0
13357161,1/10/2021,4:17:16 PM,5.4531300E+1,-1.1429043E+2,3.8423335E+3,0.0000000E+0
13357162,1/10/2021,4:17:16 PM,5.8388390E+1,-1.1318839E+2,3.8387620E+3,0.0000000E+0
13357163,1/10/2021,4:17:16 PM,6.1314457E+1,-1.0904897E+2,3.8441196E+3,0.0000000E+0
13357164,1/10/2021,4:17:16 PM,6.4054321E+1,-1.0224854E+2,3.8432266E+3,0.0000000E+0
13357165,1/10/2021,4:17:16 PM,6.2617893E+1,-9.2652657E+1,3.8387620E+3,0.0000000E+0
13357166,1/10/2021,4:17:17 PM,5.7324364E+1,-7.9320564E+1,3.8423335E+3,0.0000000E+0
13357167,1/10/2021,4:17:17 PM,5.0221996E+1,-6.0854546E+1,3.8459053E+3,0.0000000E+0
13357168,1/10/2021,4:17:17 PM,4.0592567E+1,-3.6528854E+1,3.8575137E+3,0.0000000E+0
13357169,1/10/2021,4:17:17 PM,3.1149342E+1,-1.4318584E+1,3.8584065E+3,0.0000000E+0
13357170,1/10/2021,4:17:17 PM,2.2317932E+1,6.4559927E+0,3.8575137E+3,0.0000000E+0
13357171,1/10/2021,4:17:17 PM,1.2209778E+1,2.7094250E+1,3.8619785E+3,0.0000000E+0
13357172,1/10/2021,4:17:17 PM,3.7714939E+0,4.9054569E+1,3.8673359E+3,0.0000000E+0
13357173,1/10/2021,4:17:17 PM,-1.0457253E+1,7.4401672E+1,3.8753723E+3,0.0000000E+0
13357174,1/10/2021,4:17:17 PM,-2.3807566E+1,9.2787056E+1,3.8762654E+3,0.0000000E+0
13357175,1/10/2021,4:17:17 PM,-3.2665577E+1,1.0851139E+2,3.8789441E+3,0.0000000E+0
13357176,1/10/2021,4:17:18 PM,-4.1576790E+1,1.1848359E+2,3.8780513E+3,0.0000000E+0
13357177,1/10/2021,4:17:18 PM,-4.7668335E+1,1.2294553E+2,3.8762654E+3,0.0000000E+0
13357178,1/10/2021,4:17:18 PM,-5.7031757E+1,1.3044484E+2,3.8798374E+3,0.0000000E+0
13357179,1/10/2021,4:17:18 PM,-6.7432602E+1,1.3321339E+2,3.8816230E+3,0.0000000E+0
13357180,1/10/2021,4:17:18 PM,-7.0704483E+1,1.2649358E+2,3.8726936E+3,0.0000000E+0
13357181,1/10/2021,4:17:18 PM,-7.4508377E+1,1.1523120E+2,3.8637642E+3,0.0000000E+0
13357182,1/10/2021,4:17:18 PM,-7.1981316E+1,1.0246357E+2,3.8691218E+3,0.0000000E+0
13357183,1/10/2021,4:17:18 PM,-7.3444344E+1,9.3459038E+1,3.8673359E+3,0.0000000E+0
13357184,1/10/2021,4:17:18 PM,-7.3045334E+1,7.9266808E+1,3.8619785E+3,0.0000000E+0
13357185,1/10/2021,4:17:18 PM,-6.7246399E+1,6.2816727E+1,3.8646572E+3,0.0000000E+0
13357186,1/10/2021,4:17:19 PM,-6.1952877E+1,4.4431343E+1,3.8539419E+3,0.0000000E+0
13357187,1/10/2021,4:17:19 PM,-5.2004238E+1,2.4083778E+1,3.8566208E+3,0.0000000E+0
13357188,1/10/2021,4:17:19 PM,-4.6710712E+1,6.4081316E+0,3.8530491E+3,0.0000000E+0
13357189,1/10/2021,4:17:19 PM,-4.7349129E+1,-3.1871710E+0,3.8512629E+3,0.0000000E+0
13357190,1/10/2021,4:17:19 PM,-4.6364902E+1,-1.6044260E+1,3.8566208E+3,0.0000000E+0
13357191,1/10/2021,4:17:19 PM,-4.1736393E+1,-3.5695599E+1,3.8396548E+3,0.0000000E+0
13357192,1/10/2021,4:17:19 PM,-4.1842796E+1,-4.4108795E+1,3.8512629E+3,0.0000000E+0
13357193,1/10/2021,4:17:19 PM,-4.6205303E+1,-5.3731556E+1,3.8405476E+3,0.0000000E+0
13357194,1/10/2021,4:17:19 PM,-4.7907742E+1,-6.4160690E+1,3.8378687E+3,0.0000000E+0
13357195,1/10/2021,4:17:19 PM,-4.9450577E+1,-6.9079582E+1,3.8441196E+3,0.0000000E+0
13357196,1/10/2021,4:17:20 PM,-4.5753090E+1,-7.7223984E+1,3.8459053E+3,0.0000000E+0
13357197,1/10/2021,4:17:20 PM,-3.8757122E+1,-8.5556549E+1,3.8378687E+3,0.0000000E+0
13357198,1/10/2021,4:17:20 PM,-2.8648882E+1,-9.6577026E+1,3.8387620E+3,0.0000000E+0
13357199,1/10/2021,4:17:20 PM,-1.9011992E+1,-1.0361937E+2,3.8351899E+3,0.0000000E+0
13357200,1/10/2021,4:17:20 PM,-1.1162473E+1,-1.0700616E+2,3.8342971E+3,0.0000000E+0
13357201,1/10/2021,4:17:20 PM,7.8837266E+0,-1.1246264E+2,3.8423335E+3,0.0000000E+0
13357202,1/10/2021,4:17:20 PM,3.6788673E+1,-1.1888678E+2,3.8405476E+3,0.0000000E+0
13357203,1/10/2021,4:17:20 PM,5.8867203E+1,-1.2154781E+2,3.8405476E+3,0.0000000E+0
13357204,1/10/2021,4:17:20 PM,7.6264015E+1,-1.2283802E+2,3.8441196E+3,0.0000000E+0
13357205,1/10/2021,4:17:20 PM,8.9005722E+1,-1.1571502E+2,3.8423335E+3,0.0000000E+0
13357206,1/10/2021,4:17:21 PM,1.0291785E+2,-1.0813509E+2,3.8584065E+3,0.0000000E+0
13357207,1/10/2021,4:17:21 PM,1.1459553E+2,-1.0066267E+2,3.8503701E+3,0.0000000E+0
13357208,1/10/2021,4:17:21 PM,1.1845261E+2,-9.2518265E+1,3.8485842E+3,0.0000000E+0
13357209,1/10/2021,4:17:21 PM,1.1781421E+2,-7.8487312E+1,3.8575137E+3,0.0000000E+0
13357210,1/10/2021,4:17:21 PM,1.1143005E+2,-6.0370720E+1,3.8646572E+3,0.0000000E+0
13357211,1/10/2021,4:17:21 PM,9.9539566E+1,-4.3624969E+1,3.8601924E+3,0.0000000E+0
13357212,1/10/2021,4:17:21 PM,8.3978203E+1,-2.7416801E+1,3.8601924E+3,0.0000000E+0
13357213,1/10/2021,4:17:21 PM,7.1901512E+1,-1.1380416E+1,3.8673359E+3,0.0000000E+0
13357214,1/10/2021,4:17:21 PM,5.1818035E+1,3.0166013E+0,3.8539419E+3,0.0000000E+0
13357215,1/10/2021,4:17:21 PM,3.4634022E+1,2.1422735E+1,3.8619785E+3,0.0000000E+0
13357216,1/10/2021,4:17:22 PM,1.8404135E+1,4.4565739E+1,3.8682290E+3,0.0000000E+0
13357217,1/10/2021,4:17:22 PM,9.4020548E+0,5.8381657E+1,3.8726936E+3,0.0000000E+0
13357218,1/10/2021,4:17:22 PM,3.5289896E+0,6.9375252E+1,3.8691218E+3,0.0000000E+0
13357219,1/10/2021,4:17:22 PM,-1.6443729E+1,8.2384796E+1,3.8673359E+3,0.0000000E+0
13357220,1/10/2021,4:17:22 PM,-3.6921677E+1,9.2975212E+1,3.8619785E+3,0.0000000E+0
13357221,1/10/2021,4:17:22 PM,-5.3706680E+1,1.0585036E+2,3.8691218E+3,0.0000000E+0
13357222,1/10/2021,4:17:22 PM,-6.1394264E+1,1.1536560E+2,3.8851951E+3,0.0000000E+0
13357223,1/10/2021,4:17:22 PM,-5.9505619E+1,1.1794601E+2,3.8771584E+3,0.0000000E+0
13357224,1/10/2021,4:17:22 PM,-7.5918205E+1,1.1834920E+2,3.8709080E+3,0.0000000E+0
13357225,1/10/2021,4:17:22 PM,-1.0108241E+2,1.1670956E+2,3.8655500E+3,0.0000000E+0
13357226,1/10/2021,4:17:23 PM,-1.1826642E+2,1.1571502E+2,3.8726936E+3,0.0000000E+0
13357227,1/10/2021,4:17:23 PM,-1.2504958E+2,1.1047358E+2,3.8726936E+3,0.0000000E+0
13357228,1/10/2021,4:17:23 PM,-1.2813525E+2,9.4372925E+1,3.8673359E+3,0.0000000E+0
13357229,1/10/2021,4:17:23 PM,-1.3263077E+2,7.1633110E+1,3.8539419E+3,0.0000000E+0
13357230,1/10/2021,4:17:23 PM,-1.4002573E+2,5.2763897E+1,3.8494771E+3,0.0000000E+0
13357231,1/10/2021,4:17:23 PM,-1.4146217E+2,3.5614964E+1,3.8450125E+3,0.0000000E+0
13357232,1/10/2021,4:17:23 PM,-1.3388100E+2,1.9290871E+1,3.8485842E+3,0.0000000E+0
13357233,1/10/2021,4:17:23 PM,-1.2911948E+2,4.1040835E+0,3.8387620E+3,0.0000000E+0
13357234,1/10/2021,4:17:23 PM,-1.2204371E+2,-1.1728742E+1,3.8360830E+3,0.0000000E+0
13357235,1/10/2021,4:17:23 PM,-1.1398371E+2,-2.1718407E+1,3.8342971E+3,0.0000000E+0
13357236,1/10/2021,4:17:24 PM,-1.0797198E+2,-2.6234114E+1,3.8351899E+3,0.0000000E+0
13357237,1/10/2021,4:17:24 PM,-8.6851067E+1,-3.6609493E+1,3.8459053E+3,0.0000000E+0
13357238,1/10/2021,4:17:24 PM,-6.1101654E+1,-4.4565739E+1,3.8396548E+3,0.0000000E+0
13357239,1/10/2021,4:17:24 PM,-3.4368015E+1,-5.1070515E+1,3.8441196E+3,0.0000000E+0
13357240,1/10/2021,4:17:24 PM,-1.4504374E+1,-4.8490105E+1,3.8467981E+3,0.0000000E+0
13357241,1/10/2021,4:17:24 PM,4.0560002E+0,-5.0210377E+1,3.8566208E+3,0.0000000E+0
13357242,1/10/2021,4:17:24 PM,2.6201624E+1,-5.2602627E+1,3.8566208E+3,0.0000000E+0
13357243,1/10/2021,4:17:24 PM,4.0512764E+1,-5.2790783E+1,3.8628713E+3,0.0000000E+0
13357244,1/10/2021,4:17:24 PM,5.7537167E+1,-5.7440884E+1,3.8601924E+3,0.0000000E+0
13357245,1/10/2021,4:17:24 PM,7.1369499E+1,-6.4187569E+1,3.8566208E+3,0.0000000E+0
13357246,1/10/2021,4:17:25 PM,8.3100380E+1,-6.9617172E+1,3.8592996E+3,0.0000000E+0
13357247,1/10/2021,4:17:25 PM,9.2038193E+1,-7.1579353E+1,3.8619785E+3,0.0000000E+0
13357248,1/10/2021,4:17:25 PM,9.7624329E+1,-7.8567947E+1,3.8566208E+3,0.0000000E+0
13357249,1/10/2021,4:17:25 PM,1.0262524E+2,-8.4427620E+1,3.8503701E+3,0.0000000E+0
13357250,1/10/2021,4:17:25 PM,1.0637593E+2,-8.9857224E+1,3.8503701E+3,0.0000000E+0
13357251,1/10/2021,4:17:25 PM,1.0528531E+2,-9.0744232E+1,3.8450125E+3,0.0000000E+0
13357252,1/10/2021,4:17:25 PM,9.8714951E+1,-8.4588898E+1,3.8476914E+3,0.0000000E+0
13357253,1/10/2021,4:17:25 PM,9.3235222E+1,-7.6659523E+1,3.8539419E+3,0.0000000E+0
13357254,1/10/2021,4:17:25 PM,8.4616615E+1,-6.9133347E+1,3.8512629E+3,0.0000000E+0
13357255,1/10/2021,4:17:25 PM,7.5838409E+1,-6.5397133E+1,3.8405476E+3,0.0000000E+0
13357256,1/10/2021,4:17:26 PM,6.9214851E+1,-5.4322895E+1,3.8548347E+3,0.0000000E+0
13357257,1/10/2021,4:17:26 PM,6.3203102E+1,-4.0318825E+1,3.8566208E+3,0.0000000E+0
13357258,1/10/2021,4:17:26 PM,5.0621006E+1,-2.5642773E+1,3.8637642E+3,0.0000000E+0
13357259,1/10/2021,4:17:26 PM,3.8198509E+1,-1.4775928E+1,3.8646572E+3,0.0000000E+0
13357260,1/10/2021,4:17:26 PM,3.0351322E+1,-8.8171635E+0,3.8566208E+3,0.0000000E+0
13357261,1/10/2021,4:17:26 PM,1.9196192E+1,-2.0644541E+0,3.8584065E+3,0.0000000E+0
13357262,1/10/2021,4:17:26 PM,8.5784206E+0,8.8650255E+0,3.8655500E+3,0.0000000E+0
13357263,1/10/2021,4:17:26 PM,-8.5073729E+0,2.1987200E+1,3.8682290E+3,0.0000000E+0
13357264,1/10/2021,4:17:26 PM,-2.8223272E+1,3.1421803E+1,3.8637642E+3,0.0000000E+0
13357265,1/10/2021,4:17:26 PM,-4.6285103E+1,3.4486034E+1,3.8557275E+3,0.0000000E+0
13357266,1/10/2021,4:17:27 PM,-6.3362709E+1,3.8786709E+1,3.8548347E+3,0.0000000E+0
13357267,1/10/2021,4:17:27 PM,-7.9456093E+1,4.6581680E+1,3.8539419E+3,0.0000000E+0
13357268,1/10/2021,4:17:27 PM,-9.7464722E+1,5.6849541E+1,3.8646572E+3,0.0000000E+0
13357269,1/10/2021,4:17:27 PM,-1.2015506E+2,6.5827202E+1,3.8539419E+3,0.0000000E+0
13357270,1/10/2021,4:17:27 PM,-1.3247115E+2,6.5343376E+1,3.8494771E+3,0.0000000E+0
13357271,1/10/2021,4:17:27 PM,-1.3164653E+2,6.4187569E+1,3.8512629E+3,0.0000000E+0
13357272,1/10/2021,4:17:27 PM,-1.2600719E+2,6.3569347E+1,3.8539419E+3,0.0000000E+0
13357273,1/10/2021,4:17:27 PM,-1.1770780E+2,6.1230858E+1,3.8548347E+3,0.0000000E+0
13357274,1/10/2021,4:17:27 PM,-1.0648234E+2,5.9295547E+1,3.8601924E+3,0.0000000E+0
13357275,1/10/2021,4:17:27 PM,-9.1053963E+1,5.2065041E+1,3.8575137E+3,0.0000000E+0
13357276,1/10/2021,4:17:28 PM,-6.4293732E+1,3.7066441E+1,3.8530491E+3,0.0000000E+0
13357277,1/10/2021,4:17:28 PM,-3.3303993E+1,2.7094250E+1,3.8601924E+3,0.0000000E+0
13357278,1/10/2021,4:17:28 PM,-1.5970073E+1,2.4352570E+1,3.8646572E+3,0.0000000E+0
13357279,1/10/2021,4:17:28 PM,-8.7599888E+0,2.3465557E+1,3.8628713E+3,0.0000000E+0
13357280,1/10/2021,4:17:28 PM,-1.0365320E+0,1.8644737E+1,3.8566208E+3,0.0000000E+0
13357281,1/10/2021,4:17:28 PM,8.9547138E+0,1.5685298E+1,3.8655500E+3,0.0000000E+0
13357282,1/10/2021,4:17:28 PM,1.7293676E+1,1.3071526E+1,3.8628713E+3,0.0000000E+0
13357283,1/10/2021,4:17:28 PM,2.1307108E+1,1.1819147E+1,3.8655500E+3,0.0000000E+0
13357284,1/10/2021,4:17:28 PM,1.3062357E+1,1.1470821E+1,3.8646572E+3,0.0000000E+0
13357285,1/10/2021,4:17:28 PM,8.5415812E+0,5.2461591E+0,3.8548347E+3,0.0000000E+0
13357286,1/10/2021,4:17:29 PM,7.5811138E+0,-1.3045001E+0,3.8619785E+3,0.0000000E+0
13357287,1/10/2021,4:17:29 PM,1.5083284E+1,-9.9046841E+0,3.8601924E+3,0.0000000E+0
13357288,1/10/2021,4:17:29 PM,1.7562080E+1,-2.0197580E+1,3.8601924E+3,0.0000000E+0
13357289,1/10/2021,4:17:29 PM,1.7401564E+1,-3.1341166E+1,3.8530491E+3,0.0000000E+0
13357290,1/10/2021,4:17:29 PM,1.8890945E+1,-4.3974400E+1,3.8530491E+3,0.0000000E+0
13357291,1/10/2021,4:17:29 PM,2.4366180E+1,-5.5424946E+1,3.8459053E+3,0.0000000E+0
13357292,1/10/2021,4:17:29 PM,3.1282345E+1,-6.6526054E+1,3.8476914E+3,0.0000000E+0
13357293,1/10/2021,4:17:29 PM,3.9448738E+1,-7.5100525E+1,3.8450125E+3,0.0000000E+0
13357294,1/10/2021,4:17:29 PM,3.6070457E+1,-7.6363853E+1,3.8476914E+3,0.0000000E+0
13357295,1/10/2021,4:17:29 PM,3.0324724E+1,-7.5987541E+1,3.8423335E+3,0.0000000E+0
13357296,1/10/2021,4:17:30 PM,2.4153376E+1,-7.3380257E+1,3.8459053E+3,0.0000000E+0
13357297,1/10/2021,4:17:30 PM,2.0054033E+1,-6.6069115E+1,3.8467981E+3,0.0000000E+0
13357298,1/10/2021,4:17:30 PM,9.7362452E+0,-5.4672321E+1,3.8512629E+3,0.0000000E+0
13357299,1/10/2021,4:17:30 PM,-3.2674656E+0,-4.3248661E+1,3.8512629E+3,0.0000000E+0
13357300,1/10/2021,4:17:30 PM,-1.6951591E+1,-3.2013145E+1,3.8512629E+3,0.0000000E+0
13357301,1/10/2021,4:17:30 PM,-2.9925713E+1,-2.2390388E+1,3.8512629E+3,0.0000000E+0
13357302,1/10/2021,4:17:30 PM,-3.8491116E+1,-1.4523326E+1,3.8557275E+3,0.0000000E+0
13357303,1/10/2021,4:17:30 PM,-4.2561012E+1,-9.7797127E+0,3.8548347E+3,0.0000000E+0
13357304,1/10/2021,4:17:30 PM,-5.1951038E+1,-5.9135623E+0,3.8530491E+3,0.0000000E+0
13357305,1/10/2021,4:17:30 PM,-5.5808132E+1,-3.9142945E+0,3.8530491E+3,0.0000000E+0
13357306,1/10/2021,4:17:31 PM,-5.8281986E+1,-1.8794699E+0,3.8539419E+3,0.0000000E+0
13357307,1/10/2021,4:17:31 PM,-5.6366741E+1,-6.2837917E-1,3.8530491E+3,0.0000000E+0
13357308,1/10/2021,4:17:31 PM,-5.5887932E+1,2.3070955E+0,3.8548347E+3,0.0000000E+0
13357309,1/10/2021,4:17:31 PM,-5.6792351E+1,2.4784660E+0,3.8512629E+3,0.0000000E+0
13357310,1/10/2021,4:17:31 PM,-5.8255386E+1,5.6157565E+0,3.8494771E+3,0.0000000E+0
13357311,1/10/2021,4:17:31 PM,-5.8547993E+1,9.4260693E+0,3.8539419E+3,0.0000000E+0
13357312,1/10/2021,4:17:31 PM,-5.6579548E+1,1.3893148E+1,3.8539419E+3,0.0000000E+0
13357313,1/10/2021,4:17:31 PM,-5.6712551E+1,1.7868317E+1,3.8512629E+3,0.0000000E+0
13357314,1/10/2021,4:17:31 PM,-5.7670170E+1,2.1664648E+1,3.8566208E+3,0.0000000E+0
13357315,1/10/2021,4:17:31 PM,-5.2908661E+1,2.5024549E+1,3.8584065E+3,0.0000000E+0
13357316,1/10/2021,4:17:32 PM,-4.5965897E+1,2.4567602E+1,3.8548347E+3,0.0000000E+0
13357317,1/10/2021,4:17:32 PM,-3.4660625E+1,2.4755758E+1,3.8619785E+3,0.0000000E+0
13357318,1/10/2021,4:17:32 PM,-2.3195751E+1,2.3143005E+1,3.8601924E+3,0.0000000E+0
13357319,1/10/2021,4:17:32 PM,-1.0259897E+1,1.8378839E+1,3.8628713E+3,0.0000000E+0
13357320,1/10/2021,4:17:32 PM,6.2364593E+0,1.2818922E+1,3.8610852E+3,0.0000000E+0
13357321,1/10/2021,4:17:32 PM,2.0440851E+1,4.7623382E+0,3.8601924E+3,0.0000000E+0
13357322,1/10/2021,4:17:32 PM,3.2505974E+1,-8.7215608E-1,3.8628713E+3,0.0000000E+0
13357323,1/10/2021,4:17:32 PM,4.2454609E+1,-6.3762236E+0,3.8637642E+3,0.0000000E+0
13357324,1/10/2021,4:17:32 PM,4.6817116E+1,-1.2808286E+1,3.8575137E+3,0.0000000E+0
13357325,1/10/2021,4:17:32 PM,5.0488003E+1,-1.5847495E+1,3.8584065E+3,0.0000000E+0
13357326,1/10/2021,4:17:33 PM,5.2589451E+1,-1.8642078E+1,3.8584065E+3,0.0000000E+0
13357327,1/10/2021,4:17:33 PM,5.0727406E+1,-1.9809368E+1,3.8601924E+3,0.0000000E+0
13357328,1/10/2021,4:17:33 PM,4.9131367E+1,-2.1315218E+1,3.8548347E+3,0.0000000E+0
13357329,1/10/2021,4:17:33 PM,4.6444706E+1,-2.2336628E+1,3.8530491E+3,0.0000000E+0
13357330,1/10/2021,4:17:33 PM,4.6258499E+1,-2.3438677E+1,3.8566208E+3,0.0000000E+0
13357331,1/10/2021,4:17:33 PM,4.9982590E+1,-2.4782637E+1,3.8512629E+3,0.0000000E+0
13357332,1/10/2021,4:17:33 PM,5.0488003E+1,-2.3089247E+1,3.8584065E+3,0.0000000E+0
13357333,1/10/2021,4:17:33 PM,5.1419025E+1,-2.2094715E+1,3.8575137E+3,0.0000000E+0
13357334,1/10/2021,4:17:33 PM,5.3414070E+1,-2.1637768E+1,3.8557275E+3,0.0000000E+0
13357335,1/10/2021,4:17:33 PM,5.3307671E+1,-2.0374445E+1,3.8530491E+3,0.0000000E+0
13357336,1/10/2021,4:17:34 PM,5.7882977E+1,-1.6887156E+1,3.8619785E+3,0.0000000E+0
13357337,1/10/2021,4:17:34 PM,5.7882977E+1,-1.0859257E+1,3.8619785E+3,0.0000000E+0
13357338,1/10/2021,4:17:34 PM,5.0780609E+1,-5.7061620E+0,3.8575137E+3,0.0000000E+0
13357339,1/10/2021,4:17:34 PM,4.3997448E+1,1.0185822E+0,3.8637642E+3,0.0000000E+0
13357340,1/10/2021,4:17:34 PM,3.5458645E+1,8.2188940E+0,3.8655500E+3,0.0000000E+0
13357341,1/10/2021,4:17:34 PM,2.1945522E+1,1.6459061E+1,3.8601924E+3,0.0000000E+0
13357342,1/10/2021,4:17:34 PM,-1.1120218E+0,2.7336161E+1,3.8601924E+3,0.0000000E+0
13357343,1/10/2021,4:17:34 PM,-2.6254826E+1,3.8947983E+1,3.8601924E+3,0.0000000E+0
13357344,1/10/2021,4:17:34 PM,-4.6364902E+1,5.1285545E+1,3.8691218E+3,0.0000000E+0
13357345,1/10/2021,4:17:34 PM,-6.4160728E+1,5.7037697E+1,3.8637642E+3,0.0000000E+0
13357346,1/10/2021,4:17:35 PM,-7.8924080E+1,5.7467766E+1,3.8566208E+3,0.0000000E+0
13357347,1/10/2021,4:17:35 PM,-9.0628357E+1,5.7870949E+1,3.8628713E+3,0.0000000E+0
13357348,1/10/2021,4:17:35 PM,-9.9619377E+1,5.4269138E+1,3.8530491E+3,0.0000000E+0
13357349,1/10/2021,4:17:35 PM,-1.0217303E+2,4.9914703E+1,3.8637642E+3,0.0000000E+0
13357350,1/10/2021,4:17:35 PM,-1.0368927E+2,4.1313354E+1,3.8530491E+3,0.0000000E+0
13357351,1/10/2021,4:17:35 PM,-9.8422348E+1,2.7416801E+1,3.8548347E+3,0.0000000E+0
13357352,1/10/2021,4:17:35 PM,-9.1931793E+1,1.5504488E+1,3.8494771E+3,0.0000000E+0
13357353,1/10/2021,4:17:35 PM,-9.2224396E+1,6.6048956E+0,3.8485842E+3,0.0000000E+0
13357354,1/10/2021,4:17:35 PM,-8.9883537E+1,-1.7309764E-1,3.8530491E+3,0.0000000E+0
13357355,1/10/2021,4:17:35 PM,-8.4856026E+1,-8.0753098E+0,3.8512629E+3,0.0000000E+0
13357356,1/10/2021,4:17:36 PM,-7.9243286E+1,-1.8022539E+1,3.8467981E+3,0.0000000E+0
13357357,1/10/2021,4:17:36 PM,-7.6077812E+1,-2.4621363E+1,3.8467981E+3,0.0000000E+0
13357358,1/10/2021,4:17:36 PM,-7.8126060E+1,-2.9325226E+1,3.8459053E+3,0.0000000E+0
13357359,1/10/2021,4:17:36 PM,-7.7966454E+1,-3.1314285E+1,3.8459053E+3,0.0000000E+0
13357360,1/10/2021,4:17:36 PM,-8.1823547E+1,-3.0776701E+1,3.8530491E+3,0.0000000E+0
13357361,1/10/2021,4:17:36 PM,-8.0626518E+1,-3.4808586E+1,3.8459053E+3,0.0000000E+0
13357362,1/10/2021,4:17:36 PM,-7.4109360E+1,-4.2173489E+1,3.8423335E+3,0.0000000E+0
13357363,1/10/2021,4:17:36 PM,-6.7086800E+1,-5.1930645E+1,3.8396548E+3,0.0000000E+0
13357364,1/10/2021,4:17:36 PM,-5.8148983E+1,-5.5290550E+1,3.8494771E+3,0.0000000E+0
13357365,1/10/2021,4:17:36 PM,-4.8838764E+1,-6.0854546E+1,3.8396548E+3,0.0000000E+0
13357366,1/10/2021,4:17:37 PM,-3.5432045E+1,-6.9644051E+1,3.8450125E+3,0.0000000E+0
13357367,1/10/2021,4:17:37 PM,-1.6967381E+1,-7.7680931E+1,3.8387620E+3,0.0000000E+0
13357368,1/10/2021,4:17:37 PM,2.1310248E+0,-8.4588898E+1,3.8405476E+3,0.0000000E+0
13357369,1/10/2021,4:17:37 PM,2.3408558E+1,-8.6416679E+1,3.8476914E+3,0.0000000E+0
13357370,1/10/2021,4:17:37 PM,3.7560093E+1,-8.6443558E+1,3.8476914E+3,0.0000000E+0
13357371,1/10/2021,4:17:37 PM,5.0887012E+1,-8.4777046E+1,3.8512629E+3,0.0000000E+0
13357372,1/10/2021,4:17:37 PM,6.1686871E+1,-8.1363388E+1,3.8494771E+3,0.0000000E+0
13357373,1/10/2021,4:17:37 PM,7.1103493E+1,-7.9696877E+1,3.8485842E+3,0.0000000E+0
13357374,1/10/2021,4:17:37 PM,7.7088631E+1,-7.0020363E+1,3.8512629E+3,0.0000000E+0
13357375,1/10/2021,4:17:37 PM,8.1211739E+1,-5.9322433E+1,3.8539419E+3,0.0000000E+0
13357376,1/10/2021,4:17:38 PM,8.0919128E+1,-4.6662319E+1,3.8592996E+3,0.0000000E+0
13357377,1/10/2021,4:17:38 PM,7.8817680E+1,-3.2819523E+1,3.8575137E+3,0.0000000E+0
13357378,1/10/2021,4:17:38 PM,7.5865005E+1,-2.1100185E+1,3.8566208E+3,0.0000000E+0
13357379,1/10/2021,4:17:38 PM,7.5598999E+1,-7.2669811E+0,3.8646572E+3,0.0000000E+0
13357380,1/10/2021,4:17:38 PM,7.2859138E+1,7.7801633E+0,3.8619785E+3,0.0000000E+0
13357381,1/10/2021,4:17:38 PM,6.8071022E+1,2.2766697E+1,3.8673359E+3,0.0000000E+0
13357382,1/10/2021,4:17:38 PM,6.3442513E+1,3.7335232E+1,3.8691218E+3,0.0000000E+0
13357383,1/10/2021,4:17:38 PM,6.1420864E+1,4.8758896E+1,3.8726936E+3,0.0000000E+0
13357384,1/10/2021,4:17:38 PM,5.5143112E+1,6.0209446E+1,3.8726936E+3,0.0000000E+0
13357385,1/10/2021,4:17:38 PM,4.6870316E+1,7.2116943E+1,3.8753723E+3,0.0000000E+0
13357386,1/10/2021,4:17:39 PM,3.8384716E+1,8.1766571E+1,3.8753723E+3,0.0000000E+0
13357387,1/10/2021,4:17:39 PM,3.1867558E+1,9.0744232E+1,3.8825161E+3,0.0000000E+0
13357388,1/10/2021,4:17:39 PM,2.1067701E+1,9.5286827E+1,3.8753723E+3,0.0000000E+0
13357389,1/10/2021,4:17:39 PM,1.5488523E+1,9.3459038E+1,3.8789441E+3,0.0000000E+0
13357390,1/10/2021,4:17:39 PM,8.0363493E+0,9.1496849E+1,3.8744795E+3,0.0000000E+0
13357391,1/10/2021,4:17:39 PM,7.9739320E-1,8.4051308E+1,3.8673359E+3,0.0000000E+0
13357392,1/10/2021,4:17:39 PM,7.6439953E-1,7.6444489E+1,3.8816230E+3,0.0000000E+0
13357393,1/10/2021,4:17:39 PM,-8.6310492E+0,6.7654984E+1,3.8646572E+3,0.0000000E+0
13357394,1/10/2021,4:17:39 PM,-1.9348814E+1,5.2763897E+1,3.8655500E+3,0.0000000E+0
13357395,1/10/2021,4:17:39 PM,-3.3490196E+1,4.0668255E+1,3.8539419E+3,0.0000000E+0
13357396,1/10/2021,4:17:40 PM,-5.0514603E+1,2.9835930E+1,3.8530491E+3,0.0000000E+0
13357397,1/10/2021,4:17:40 PM,-5.8015980E+1,1.8304390E+1,3.8548347E+3,0.0000000E+0
13357398,1/10/2021,4:17:40 PM,-6.7592209E+1,9.7504644E+0,3.8548347E+3,0.0000000E+0
13357399,1/10/2021,4:17:40 PM,-8.1929947E+1,1.5551473E+0,3.8467981E+3,0.0000000E+0
13357400,1/10/2021,4:17:40 PM,-9.1878586E+1,-1.0441797E+1,3.8432266E+3,0.0000000E+0
13357401,1/10/2021,4:17:40 PM,-1.0025778E+2,-1.8793640E+1,3.8396548E+3,0.0000000E+0
13357402,1/10/2021,4:17:40 PM,-1.0637593E+2,-2.4513845E+1,3.8432266E+3,0.0000000E+0
13357403,1/10/2021,4:17:40 PM,-1.0911580E+2,-3.0911097E+1,3.8423335E+3,0.0000000E+0
13357404,1/10/2021,4:17:40 PM,-1.0666854E+2,-3.7926575E+1,3.8441196E+3,0.0000000E+0
13357405,1/10/2021,4:17:40 PM,-1.0664194E+2,-4.3544331E+1,3.8396548E+3,0.0000000E+0
13357406,1/10/2021,4:17:41 PM,-1.0355627E+2,-5.1527454E+1,3.8334043E+3,0.0000000E+0
13357407,1/10/2021,4:17:41 PM,-9.4645058E+1,-5.7870949E+1,3.8396548E+3,0.0000000E+0
13357408,1/10/2021,4:17:41 PM,-8.6771263E+1,-5.9833134E+1,3.8405476E+3,0.0000000E+0
13357409,1/10/2021,4:17:41 PM,-7.5865005E+1,-6.1768440E+1,3.8441196E+3,0.0000000E+0
13357410,1/10/2021,4:17:41 PM,-6.7193199E+1,-6.5477768E+1,3.8414407E+3,0.0000000E+0
13357411,1/10/2021,4:17:41 PM,-6.1367661E+1,-6.8676399E+1,3.8316182E+3,0.0000000E+0
13357412,1/10/2021,4:17:41 PM,-5.2004238E+1,-6.6122871E+1,3.8414407E+3,0.0000000E+0
13357413,1/10/2021,4:17:41 PM,-4.1576790E+1,-6.0101925E+1,3.8512629E+3,0.0000000E+0
13357414,1/10/2021,4:17:41 PM,-3.0723730E+1,-5.4645447E+1,3.8459053E+3,0.0000000E+0
13357415,1/10/2021,4:17:41 PM,-2.5855816E+1,-4.9565273E+1,3.8467981E+3,0.0000000E+0
13357416,1/10/2021,4:17:42 PM,-1.7433140E+1,-4.4727016E+1,3.8459053E+3,0.0000000E+0
13357417,1/10/2021,4:17:42 PM,-3.5947666E+0,-3.7765301E+1,3.8530491E+3,0.0000000E+0
13357418,1/10/2021,4:17:42 PM,2.6572428E+0,-2.9970327E+1,3.8530491E+3,0.0000000E+0
13357419,1/10/2021,4:17:42 PM,8.9862909E+0,-2.0293808E+1,3.8575137E+3,0.0000000E+0
13357420,1/10/2021,4:17:42 PM,1.8840950E+1,-1.3026322E+1,3.8610852E+3,0.0000000E+0
13357421,1/10/2021,4:17:42 PM,2.4259777E+1,-7.5514908E+0,3.8575137E+3,0.0000000E+0
13357422,1/10/2021,4:17:42 PM,3.6363068E+1,-5.9241977E+0,3.8601924E+3,0.0000000E+0
13357423,1/10/2021,4:17:42 PM,5.3201267E+1,-3.7172985E+0,3.8628713E+3,0.0000000E+0
13357424,1/10/2021,4:17:42 PM,6.5942970E+1,7.4333304E-1,3.8691218E+3,0.0000000E+0
13357425,1/10/2021,4:17:42 PM,7.3976357E+1,4.5805578E+0,3.8709080E+3,0.0000000E+0
13357426,1/10/2021,4:17:43 PM,7.7168442E+1,5.0994740E+0,3.8664431E+3,0.0000000E+0
13357427,1/10/2021,4:17:43 PM,7.8498466E+1,5.4216514E+0,3.8637642E+3,0.0000000E+0
13357428,1/10/2021,4:17:43 PM,7.8977280E+1,8.1417837E+0,3.8691218E+3,0.0000000E+0
13357429,1/10/2021,4:17:43 PM,7.4534973E+1,1.3576731E+1,3.8726936E+3,0.0000000E+0
13357430,1/10/2021,4:17:43 PM,6.2591290E+1,1.8261845E+1,3.8673359E+3,0.0000000E+0
13357431,1/10/2021,4:17:43 PM,4.4928471E+1,2.2229111E+1,3.8682290E+3,0.0000000E+0
13357432,1/10/2021,4:17:43 PM,2.8249872E+1,2.1637768E+1,3.8584065E+3,0.0000000E+0
13357433,1/10/2021,4:17:43 PM,1.9667213E+1,2.0750755E+1,3.8584065E+3,0.0000000E+0
13357434,1/10/2021,4:17:43 PM,1.1541397E+1,2.0885151E+1,3.8619785E+3,0.0000000E+0
13357435,1/10/2021,4:17:43 PM,7.7205787E+0,2.0256077E+1,3.8637642E+3,0.0000000E+0
13357436,1/10/2021,4:17:44 PM,4.7850976E+0,1.5634777E+1,3.8557275E+3,0.0000000E+0
13357437,1/10/2021,4:17:44 PM,4.8001547E+0,8.0407429E+0,3.8539419E+3,0.0000000E+0
13357438,1/10/2021,4:17:44 PM,7.9231982E+0,2.6218085E+0,3.8539419E+3,0.0000000E+0
13357439,1/10/2021,4:17:44 PM,1.4730675E+1,-1.2028819E+0,3.8548347E+3,0.0000000E+0
13357440,1/10/2021,4:17:44 PM,1.8662014E+1,-1.8498405E+0,3.8646572E+3,0.0000000E+0
13357441,1/10/2021,4:17:44 PM,1.6822653E+1,-4.4308085E+0,3.8566208E+3,0.0000000E+0
13357442,1/10/2021,4:17:44 PM,1.3591271E+1,-7.7163472E+0,3.8601924E+3,0.0000000E+0
13357443,1/10/2021,4:17:44 PM,7.4469113E+0,-9.1468763E+0,3.8503701E+3,0.0000000E+0
13357444,1/10/2021,4:17:44 PM,1.2347105E+0,-7.8944988E+0,3.8601924E+3,0.0000000E+0
13357445,1/10/2021,4:17:44 PM,-8.3810644E+0,-1.7177091E+0,3.8566208E+3,0.0000000E+0
13357446,1/10/2021,4:17:45 PM,-2.0588890E+1,1.9531432E+0,3.8566208E+3,0.0000000E+0
13357447,1/10/2021,4:17:45 PM,-3.4155212E+1,5.9720592E+0,3.8584065E+3,0.0000000E+0
13357448,1/10/2021,4:17:45 PM,-4.3758041E+1,6.8814292E+0,3.8530491E+3,0.0000000E+0
13357449,1/10/2021,4:17:45 PM,-5.4052490E+1,9.3409824E+0,3.8539419E+3,0.0000000E+0
13357450,1/10/2021,4:17:45 PM,-6.6448387E+1,1.1422959E+1,3.8512629E+3,0.0000000E+0
13357451,1/10/2021,4:17:45 PM,-7.5013786E+1,1.2574297E+1,3.8476914E+3,0.0000000E+0
13357452,1/10/2021,4:17:45 PM,-7.6716225E+1,1.2457301E+1,3.8610852E+3,0.0000000E+0
13357453,1/10/2021,4:17:45 PM,-7.3657150E+1,4.8199959E+0,3.8459053E+3,0.0000000E+0
13357454,1/10/2021,4:17:45 PM,-6.8709435E+1,-1.7005709E+0,3.8467981E+3,0.0000000E+0
13357455,1/10/2021,4:17:45 PM,-6.8390228E+1,-3.7925735E+0,3.8512629E+3,0.0000000E+0
13357456,1/10/2021,4:17:46 PM,-6.4958740E+1,-5.7965674E+0,3.8512629E+3,0.0000000E+0
13357457,1/10/2021,4:17:46 PM,-6.3442513E+1,-5.7088213E+0,3.8566208E+3,0.0000000E+0
13357458,1/10/2021,4:17:46 PM,-6.0835648E+1,-1.0580065E+1,3.8476914E+3,0.0000000E+0
13357459,1/10/2021,4:17:46 PM,-5.7696774E+1,-1.3435803E+1,3.8512629E+3,0.0000000E+0
13357460,1/10/2021,4:17:46 PM,-5.7191360E+1,-1.3542164E+1,3.8485842E+3,0.0000000E+0
13357461,1/10/2021,4:17:46 PM,-5.9133209E+1,-9.9791365E+0,3.8557275E+3,0.0000000E+0
13357462,1/10/2021,4:17:46 PM,-6.0968651E+1,-7.3068652E+0,3.8566208E+3,0.0000000E+0
13357463,1/10/2021,4:17:46 PM,-6.0942051E+1,-9.2319641E+0,3.8512629E+3,0.0000000E+0
13357464,1/10/2021,4:17:46 PM,-5.7563770E+1,-1.2632794E+1,3.8459053E+3,0.0000000E+0
13357465,1/10/2021,4:17:46 PM,-5.5967731E+1,-1.3193838E+1,3.8485842E+3,0.0000000E+0
13357466,1/10/2021,4:17:47 PM,-5.2669254E+1,-1.2965165E+1,3.8494771E+3,0.0000000E+0
13357467,1/10/2021,4:17:47 PM,-4.4715664E+1,-1.2390827E+1,3.8512629E+3,0.0000000E+0
13357468,1/10/2021,4:17:47 PM,-3.5644848E+1,-1.4393037E+1,3.8539419E+3,0.0000000E+0
13357469,1/10/2021,4:17:47 PM,-2.1307108E+1,-2.0072609E+1,3.8476914E+3,0.0000000E+0
13357470,1/10/2021,4:17:47 PM,-5.1710439E+0,-2.3358038E+1,3.8512629E+3,0.0000000E+0
13357471,1/10/2021,4:17:47 PM,1.0509882E+1,-2.4836395E+1,3.8548347E+3,0.0000000E+0
13357472,1/10/2021,4:17:47 PM,2.5536610E+1,-2.5078308E+1,3.8619785E+3,0.0000000E+0
13357473,1/10/2021,4:17:47 PM,3.9794548E+1,-2.6717939E+1,3.8566208E+3,0.0000000E+0
13357474,1/10/2021,4:17:47 PM,5.1020016E+1,-2.8465092E+1,3.8601924E+3,0.0000000E+0
13357475,1/10/2021,4:17:47 PM,6.0942051E+1,-2.9244585E+1,3.8584065E+3,0.0000000E+0
13357476,1/10/2021,4:17:48 PM,6.7645409E+1,-2.7551197E+1,3.8610852E+3,0.0000000E+0
13357477,1/10/2021,4:17:48 PM,6.8416832E+1,-2.1637768E+1,3.8673359E+3,0.0000000E+0
13357478,1/10/2021,4:17:48 PM,6.4559738E+1,-1.9126013E+1,3.8610852E+3,0.0000000E+0
13357479,1/10/2021,4:17:48 PM,6.0090828E+1,-1.6775478E+1,3.8584065E+3,0.0000000E+0
13357480,1/10/2021,4:17:48 PM,4.9689983E+1,-1.2800309E+1,3.8584065E+3,0.0000000E+0
13357481,1/10/2021,4:17:48 PM,3.9954151E+1,-8.0274477E+0,3.8601924E+3,0.0000000E+0
13357482,1/10/2021,4:17:48 PM,2.7106045E+1,-2.9293146E+0,3.8584065E+3,0.0000000E+0
13357483,1/10/2021,4:17:48 PM,1.5843765E+1,1.0066015E+0,3.8584065E+3,0.0000000E+0
13357484,1/10/2021,4:17:48 PM,4.6234283E+0,3.3849678E+0,3.8575137E+3,0.0000000E+0
13357485,1/10/2021,4:17:48 PM,-3.5908043E+0,4.9345093E+0,3.8530491E+3,0.0000000E+0
13357486,1/10/2021,4:17:49 PM,-1.3291289E+1,9.4260693E+0,3.8566208E+3,0.0000000E+0
13357487,1/10/2021,4:17:49 PM,-1.9840887E+1,1.2805627E+1,3.8584065E+3,0.0000000E+0
13357488,1/10/2021,4:17:49 PM,-2.2876545E+1,1.5158821E+1,3.8601924E+3,0.0000000E+0
13357489,1/10/2021,4:17:49 PM,-2.5616411E+1,1.4818472E+1,3.8584065E+3,0.0000000E+0
13357490,1/10/2021,4:17:49 PM,-2.9446899E+1,1.4185637E+1,3.8601924E+3,0.0000000E+0
13357491,1/10/2021,4:17:49 PM,-3.1681355E+1,1.2188745E+1,3.8566208E+3,0.0000000E+0
13357492,1/10/2021,4:17:49 PM,-3.8118710E+1,1.0114744E+1,3.8548347E+3,0.0000000E+0
13357493,1/10/2021,4:17:49 PM,-4.1363983E+1,7.4983115E+0,3.8566208E+3,0.0000000E+0
13357494,1/10/2021,4:17:49 PM,-4.5779690E+1,4.8840594E+0,3.8512629E+3,0.0000000E+0
13357495,1/10/2021,4:17:49 PM,-4.6391502E+1,2.1885774E+0,3.8512629E+3,0.0000000E+0
13357496,1/10/2021,4:17:50 PM,-4.7136322E+1,1.1939880E+0,3.8548347E+3,0.0000000E+0
13357497,1/10/2021,4:17:50 PM,-4.9530380E+1,3.9340374E-1,3.8503701E+3,0.0000000E+0
13357498,1/10/2021,4:17:50 PM,-5.0009190E+1,3.4992930E-1,3.8530491E+3,0.0000000E+0
13357499,1/10/2021,4:17:50 PM,-4.3704838E+1,-1.7523136E+0,3.8521558E+3,0.0000000E+0
13357500,1/10/2021,4:17:50 PM,-3.1973961E+1,-5.0402150E+0,3.8530491E+3,0.0000000E+0
13357501,1/10/2021,4:17:50 PM,-1.9977076E+1,-7.8546143E+0,3.8548347E+3,0.0000000E+0
13357502,1/10/2021,4:17:50 PM,-1.1580868E+1,-1.0976253E+1,3.8503701E+3,0.0000000E+0
13357503,1/10/2021,4:17:50 PM,-1.7593435E+0,-1.1654291E+1,3.8584065E+3,0.0000000E+0
13357504,1/10/2021,4:17:50 PM,1.0615138E+1,-1.2760426E+1,3.8548347E+3,0.0000000E+0
13357505,1/10/2021,4:17:50 PM,2.4578985E+1,-1.6206457E+1,3.8619785E+3,0.0000000E+0
13357506,1/10/2021,4:17:51 PM,3.9235935E+1,-1.8684624E+1,3.8575137E+3,0.0000000E+0
13357507,1/10/2021,4:17:51 PM,4.5779690E+1,-1.9607288E+1,3.8566208E+3,0.0000000E+0
13357508,1/10/2021,4:17:51 PM,4.6870316E+1,-1.6241024E+1,3.8619785E+3,0.0000000E+0
13357509,1/10/2021,4:17:51 PM,4.6497906E+1,-1.3039618E+1,3.8601924E+3,0.0000000E+0
13357510,1/10/2021,4:17:51 PM,4.7375729E+1,-1.0893824E+1,3.8619785E+3,0.0000000E+0
13357511,1/10/2021,4:17:51 PM,4.7136322E+1,-9.9631824E+0,3.8619785E+3,0.0000000E+0
13357512,1/10/2021,4:17:51 PM,4.1443787E+1,-9.8993673E+0,3.8584065E+3,0.0000000E+0
13357513,1/10/2021,4:17:51 PM,3.1601551E+1,-8.6842146E+0,3.8521558E+3,0.0000000E+0
13357514,1/10/2021,4:17:51 PM,2.7265650E+1,-5.0730476E+0,3.8655500E+3,0.0000000E+0
13357515,1/10/2021,4:17:51 PM,2.6414431E+1,-2.9685535E+0,3.8637642E+3,0.0000000E+0
13357516,1/10/2021,4:17:52 PM,2.3568161E+1,-3.8958762E+0,3.8610852E+3,0.0000000E+0
13357517,1/10/2021,4:17:52 PM,1.5764822E+1,-7.6870990E+0,3.8530491E+3,0.0000000E+0
13357518,1/10/2021,4:17:52 PM,4.0647178E+0,-6.4746056E+0,3.8566208E+3,0.0000000E+0
13357519,1/10/2021,4:17:52 PM,-9.2441702E+0,-1.9435338E+0,3.8548347E+3,0.0000000E+0
13357520,1/10/2021,4:17:52 PM,-1.9909304E+1,5.3929651E-1,3.8584065E+3,0.0000000E+0
13357521,1/10/2021,4:17:52 PM,-3.2851780E+1,3.4017847E+0,3.8610852E+3,0.0000000E+0
13357522,1/10/2021,4:17:52 PM,-4.5487083E+1,2.0348246E+0,3.8512629E+3,0.0000000E+0
13357523,1/10/2021,4:17:52 PM,-6.3149906E+1,6.5745097E-1,3.8485842E+3,0.0000000E+0
13357524,1/10/2021,4:17:52 PM,-7.8817680E+1,2.5209081E+0,3.8512629E+3,0.0000000E+0
13357525,1/10/2021,4:17:52 PM,-9.2117989E+1,4.0904698E+0,3.8521558E+3,0.0000000E+0
13357526,1/10/2021,4:17:53 PM,-1.0161443E+2,3.4426253E+0,3.8494771E+3,0.0000000E+0
13357527,1/10/2021,4:17:53 PM,-1.1302609E+2,2.8788643E+0,3.8485842E+3,0.0000000E+0
13357528,1/10/2021,4:17:53 PM,-1.2403876E+2,-6.1877742E-2,3.8405476E+3,0.0000000E+0
13357529,1/10/2021,4:17:53 PM,-1.3164653E+2,-1.3119681E+0,3.8432266E+3,0.0000000E+0
13357530,1/10/2021,4:17:53 PM,-1.3247115E+2,-2.0011911E+0,3.8459053E+3,0.0000000E+0
13357531,1/10/2021,4:17:53 PM,-1.2810864E+2,-3.5763583E+0,3.8441196E+3,0.0000000E+0
13357532,1/10/2021,4:17:53 PM,-1.1744180E+2,-7.9024758E+0,3.8441196E+3,0.0000000E+0
13357533,1/10/2021,4:17:53 PM,-1.0919560E+2,-1.0024339E+1,3.8432266E+3,0.0000000E+0
13357534,1/10/2021,4:17:53 PM,-1.0028439E+2,-1.0215785E+1,3.8432266E+3,0.0000000E+0
13357535,1/10/2021,4:17:53 PM,-8.6611664E+1,-1.1986663E+1,3.8459053E+3,0.0000000E+0
13357536,1/10/2021,4:17:54 PM,-6.9374451E+1,-1.1521342E+1,3.8530491E+3,0.0000000E+0
13357537,1/10/2021,4:17:54 PM,-4.9610184E+1,-1.2406781E+1,3.8476914E+3,0.0000000E+0
13357538,1/10/2021,4:17:54 PM,-2.7717859E+1,-1.4097890E+1,3.8539419E+3,0.0000000E+0
13357539,1/10/2021,4:17:54 PM,-9.2125931E+0,-1.4204249E+1,3.8530491E+3,0.0000000E+0
13357540,1/10/2021,4:17:54 PM,7.3890204E+0,-9.7717361E+0,3.8566208E+3,0.0000000E+0
13357541,1/10/2021,4:17:54 PM,2.7106045E+1,-5.9853544E+0,3.8637642E+3,0.0000000E+0
13357542,1/10/2021,4:17:54 PM,4.4928471E+1,-3.9487288E+0,3.8619785E+3,0.0000000E+0
13357543,1/10/2021,4:17:54 PM,5.6047531E+1,-7.1586144E-1,3.8655500E+3,0.0000000E+0
13357544,1/10/2021,4:17:54 PM,7.2566528E+1,-2.0043943E+0,3.8619785E+3,0.0000000E+0
13357545,1/10/2021,4:17:54 PM,8.4935822E+1,1.3036971E+0,3.8744795E+3,0.0000000E+0
13357546,1/10/2021,4:17:55 PM,9.6001686E+1,-8.5348608E-3,3.8673359E+3,0.0000000E+0
13357547,1/10/2021,4:17:55 PM,1.0411488E+2,-9.2283183E-1,3.8691218E+3,0.0000000E+0
13357548,1/10/2021,4:17:55 PM,1.1174927E+2,-4.9249001E+0,3.8709080E+3,0.0000000E+0
13357549,1/10/2021,4:17:55 PM,1.1669698E+2,-9.1229458E+0,3.8637642E+3,0.0000000E+0
13357550,1/10/2021,4:17:55 PM,1.2095308E+2,-1.1569203E+1,3.8691218E+3,0.0000000E+0
13357551,1/10/2021,4:17:55 PM,1.2435796E+2,-1.6863224E+1,3.8655500E+3,0.0000000E+0
13357552,1/10/2021,4:17:55 PM,1.2079348E+2,-2.1100185E+1,3.8646572E+3,0.0000000E+0
13357553,1/10/2021,4:17:55 PM,1.1196206E+2,-2.4218174E+1,3.8584065E+3,0.0000000E+0
13357554,1/10/2021,4:17:55 PM,1.0368927E+2,-2.4003139E+1,3.8637642E+3,0.0000000E+0
13357555,1/10/2021,4:17:55 PM,9.4831261E+1,-2.3680590E+1,3.8584065E+3,0.0000000E+0
13357556,1/10/2021,4:17:56 PM,8.1956551E+1,-2.0091221E+1,3.8601924E+3,0.0000000E+0
13357557,1/10/2021,4:17:56 PM,7.2220718E+1,-1.5065756E+1,3.8628713E+3,0.0000000E+0
13357558,1/10/2021,4:17:56 PM,5.7111561E+1,-1.4249451E+1,3.8601924E+3,0.0000000E+0
13357559,1/10/2021,4:17:56 PM,2.8329674E+1,-8.4475660E+0,3.8476914E+3,0.0000000E+0
13357560,1/10/2021,4:17:56 PM,1.7038427E+1,-3.3377209E+0,3.8655500E+3,0.0000000E+0
13357561,1/10/2021,4:17:56 PM,8.1258173E+0,-8.8415819E-1,3.8575137E+3,0.0000000E+0
13357562,1/10/2021,4:17:56 PM,-1.5317481E+1,3.1167011E+0,3.8548347E+3,0.0000000E+0
13357563,1/10/2021,4:17:56 PM,-3.0005514E+1,5.0682425E+0,3.8566208E+3,0.0000000E+0
13357564,1/10/2021,4:17:56 PM,-5.3866283E+1,1.1614406E+1,3.8539419E+3,0.0000000E+0
13357565,1/10/2021,4:17:56 PM,-7.3364548E+1,1.7089237E+1,3.8557275E+3,0.0000000E+0
13357566,1/10/2021,4:17:57 PM,-9.2171196E+1,1.6900450E+1,3.8494771E+3,0.0000000E+0
13357567,1/10/2021,4:17:57 PM,-1.0536510E+2,1.6653166E+1,3.8521558E+3,0.0000000E+0
13357568,1/10/2021,4:17:57 PM,-1.1294630E+2,1.7083920E+1,3.8548347E+3,0.0000000E+0
13357569,1/10/2021,4:17:57 PM,-1.2515598E+2,1.3504937E+1,3.8459053E+3,0.0000000E+0
13357570,1/10/2021,4:17:57 PM,-1.3776468E+2,1.0734285E+1,3.8396548E+3,0.0000000E+0
13357571,1/10/2021,4:17:57 PM,-1.4313800E+2,1.1399029E+1,3.8530491E+3,0.0000000E+0
13357572,1/10/2021,4:17:57 PM,-1.4795271E+2,9.4367056E+0,3.8396548E+3,0.0000000E+0
13357573,1/10/2021,4:17:57 PM,-1.4196758E+2,3.2784622E+0,3.8467981E+3,0.0000000E+0
13357574,1/10/2021,4:17:57 PM,-1.4186118E+2,1.2300237E+0,3.8405476E+3,0.0000000E+0
13357575,1/10/2021,4:17:57 PM,-1.3773807E+2,3.3659357E-1,3.8423335E+3,0.0000000E+0
13357576,1/10/2021,4:17:58 PM,-1.2962488E+2,1.2420357E+0,3.8485842E+3,0.0000000E+0
13357577,1/10/2021,4:17:58 PM,-1.1496794E+2,-1.6232238E+0,3.8441196E+3,0.0000000E+0
13357578,1/10/2021,4:17:58 PM,-9.9885376E+1,-4.7375135E+0,3.8476914E+3,0.0000000E+0
13357579,1/10/2021,4:17:58 PM,-8.3951599E+1,-6.2831597E+0,3.8494771E+3,0.0000000E+0
13357580,1/10/2021,4:17:58 PM,-6.8496628E+1,-7.5435147E+0,3.8512629E+3,0.0000000E+0
13357581,1/10/2021,4:17:58 PM,-5.0062393E+1,-9.1708078E+0,3.8530491E+3,0.0000000E+0
13357582,1/10/2021,4:17:58 PM,-3.4580826E+1,-9.6680355E+0,3.8566208E+3,0.0000000E+0
13357583,1/10/2021,4:17:58 PM,-1.1736121E+1,-1.2433371E+1,3.8610852E+3,0.0000000E+0
13357584,1/10/2021,4:17:58 PM,2.5597656E+0,-1.3935692E+1,3.8548347E+3,0.0000000E+0
13357585,1/10/2021,4:17:58 PM,1.3283396E+1,-1.5036509E+1,3.8601924E+3,0.0000000E+0
13357586,1/10/2021,4:17:59 PM,2.4126774E+1,-1.5419401E+1,3.8610852E+3,0.0000000E+0
13357587,1/10/2021,4:17:59 PM,3.2665577E+1,-1.8416065E+1,3.8584065E+3,0.0000000E+0
13357588,1/10/2021,4:17:59 PM,4.3492035E+1,-2.2363508E+1,3.8637642E+3,0.0000000E+0
13357589,1/10/2021,4:17:59 PM,4.8838764E+1,-2.5105188E+1,3.8539419E+3,0.0000000E+0
13357590,1/10/2021,4:17:59 PM,5.6100735E+1,-3.0400393E+1,3.8637642E+3,0.0000000E+0
13357591,1/10/2021,4:17:59 PM,6.0383442E+1,-3.2577610E+1,3.8584065E+3,0.0000000E+0
13357592,1/10/2021,4:17:59 PM,6.1713467E+1,-3.8625435E+1,3.8512629E+3,0.0000000E+0
13357593,1/10/2021,4:17:59 PM,6.6421783E+1,-4.0291946E+1,3.8584065E+3,0.0000000E+0
13357594,1/10/2021,4:17:59 PM,6.6740990E+1,-4.2361645E+1,3.8548347E+3,0.0000000E+0
13357595,1/10/2021,4:17:59 PM,6.3415913E+1,-4.3624969E+1,3.8530491E+3,0.0000000E+0
13357596,1/10/2021,4:18:00 PM,6.1128258E+1,-4.3114265E+1,3.8566208E+3,0.0000000E+0
13357597,1/10/2021,4:18:00 PM,5.4052490E+1,-4.2092854E+1,3.8494771E+3,0.0000000E+0
13357598,1/10/2021,4:18:00 PM,4.7428928E+1,-3.8060970E+1,3.8530491E+3,0.0000000E+0
13357599,1/10/2021,4:18:00 PM,4.2055603E+1,-3.2443214E+1,3.8575137E+3,0.0000000E+0
13357600,1/10/2021,4:18:00 PM,3.5777851E+1,-2.8465092E+1,3.8512629E+3,0.0000000E+0
13357601,1/10/2021,4:18:00 PM,2.5164198E+1,-2.1234581E+1,3.8584065E+3,0.0000000E+0
13357602,1/10/2021,4:18:00 PM,1.5475366E+1,-1.4462170E+1,3.8512629E+3,0.0000000E+0
13357603,1/10/2021,4:18:00 PM,6.4785500E+0,-5.6875491E+0,3.8619785E+3,0.0000000E+0
13357604,1/10/2021,4:18:00 PM,-3.3229401E+0,1.2043983E+0,3.8539419E+3,0.0000000E+0
13357605,1/10/2021,4:18:00 PM,-1.0070435E+1,7.9609737E+0,3.8584065E+3,0.0000000E+0
13357606,1/10/2021,4:18:01 PM,-1.6059540E+1,1.6307499E+1,3.8619785E+3,0.0000000E+0
13357607,1/10/2021,4:18:01 PM,-2.5962217E+1,2.1691528E+1,3.8566208E+3,0.0000000E+0
13357608,1/10/2021,4:18:01 PM,-3.2186768E+1,2.7121128E+1,3.8610852E+3,0.0000000E+0
13357609,1/10/2021,4:18:01 PM,-3.5751251E+1,2.9567139E+1,3.8566208E+3,0.0000000E+0
13357610,1/10/2021,4:18:01 PM,-3.5059635E+1,3.0212240E+1,3.8610852E+3,0.0000000E+0
13357611,1/10/2021,4:18:01 PM,-3.2745380E+1,3.0642307E+1,3.8575137E+3,0.0000000E+0
13357612,1/10/2021,4:18:01 PM,-3.2904984E+1,3.1233650E+1,3.8557275E+3,0.0000000E+0
13357613,1/10/2021,4:18:01 PM,-3.2346371E+1,3.3007679E+1,3.8619785E+3,0.0000000E+0
13357614,1/10/2021,4:18:01 PM,-3.0058716E+1,3.2013145E+1,3.8566208E+3,0.0000000E+0
13357615,1/10/2021,4:18:01 PM,-2.4020372E+1,3.1099253E+1,3.8592996E+3,0.0000000E+0
13357616,1/10/2021,4:18:02 PM,-1.6943697E+1,2.8357573E+1,3.8610852E+3,0.0000000E+0
13357617,1/10/2021,4:18:02 PM,-1.1575605E+1,2.6529787E+1,3.8566208E+3,0.0000000E+0
13357618,1/10/2021,4:18:02 PM,-7.3653374E+0,2.7846867E+1,3.8619785E+3,0.0000000E+0
13357619,1/10/2021,4:18:02 PM,-4.0987949E+0,2.8169418E+1,3.8637642E+3,0.0000000E+0
13357620,1/10/2021,4:18:02 PM,8.6602032E-1,2.5696529E+1,3.8619785E+3,0.0000000E+0
13357621,1/10/2021,4:18:02 PM,8.2626505E+0,2.1906561E+1,3.8628713E+3,0.0000000E+0
13357622,1/10/2021,4:18:02 PM,1.1925584E+1,1.7655598E+1,3.8619785E+3,0.0000000E+0
13357623,1/10/2021,4:18:02 PM,1.2393976E+1,1.5908652E+1,3.8610852E+3,0.0000000E+0
13357624,1/10/2021,4:18:02 PM,1.0286211E+1,1.4584482E+1,3.8655500E+3,0.0000000E+0
13357625,1/10/2021,4:18:02 PM,8.8941908E+0,9.2718487E+0,3.8610852E+3,0.0000000E+0
13357626,1/10/2021,4:18:03 PM,8.0363493E+0,2.9669521E+0,3.8619785E+3,0.0000000E+0
13357627,1/10/2021,4:18:03 PM,6.5074954E+0,-5.0514259E+0,3.8530491E+3,0.0000000E+0
13357628,1/10/2021,4:18:03 PM,1.9764879E+0,-1.0300872E+1,3.8601924E+3,0.0000000E+0
13357629,1/10/2021,4:18:03 PM,-5.6663542E+0,-1.3441123E+1,3.8584065E+3,0.0000000E+0
13357630,1/10/2021,4:18:03 PM,-1.2741323E+1,-1.8897341E+1,3.8512629E+3,0.0000000E+0
13357631,1/10/2021,4:18:03 PM,-1.8259405E+1,-2.5804049E+1,3.8512629E+3,0.0000000E+0
13357632,1/10/2021,4:18:03 PM,-2.5377005E+1,-3.0911097E+1,3.8485842E+3,0.0000000E+0
13357633,1/10/2021,4:18:03 PM,-3.2718781E+1,-3.4271000E+1,3.8494771E+3,0.0000000E+0
13357634,1/10/2021,4:18:03 PM,-4.1789597E+1,-3.5050499E+1,3.8503701E+3,0.0000000E+0
13357635,1/10/2021,4:18:03 PM,-5.4185493E+1,-3.7442749E+1,3.8441196E+3,0.0000000E+0
13357636,1/10/2021,4:18:04 PM,-6.4745941E+1,-3.8356640E+1,3.8432266E+3,0.0000000E+0
13357637,1/10/2021,4:18:04 PM,-7.2220718E+1,-3.9297417E+1,3.8423335E+3,0.0000000E+0
13357638,1/10/2021,4:18:04 PM,-7.6769432E+1,-3.8222244E+1,3.8476914E+3,0.0000000E+0
13357639,1/10/2021,4:18:04 PM,-8.1929947E+1,-3.6367580E+1,3.8441196E+3,0.0000000E+0
13357640,1/10/2021,4:18:04 PM,-9.0442154E+1,-3.6179424E+1,3.8441196E+3,0.0000000E+0
13357641,1/10/2021,4:18:04 PM,-9.4671654E+1,-3.6932041E+1,3.8405476E+3,0.0000000E+0
13357642,1/10/2021,4:18:04 PM,-8.7569283E+1,-3.8356640E+1,3.8423335E+3,0.0000000E+0
13357643,1/10/2021,4:18:04 PM,-7.7008835E+1,-3.8276005E+1,3.8512629E+3,0.0000000E+0
13357644,1/10/2021,4:18:04 PM,-7.0890686E+1,-3.9109261E+1,3.8441196E+3,0.0000000E+0
13357645,1/10/2021,4:18:04 PM,-7.2539925E+1,-3.8491039E+1,3.8387620E+3,0.0000000E+0
13357646,1/10/2021,4:18:05 PM,-6.7539009E+1,-3.5158016E+1,3.8459053E+3,0.0000000E+0
13357647,1/10/2021,4:18:05 PM,-5.2988461E+1,-3.2900162E+1,3.8494771E+3,0.0000000E+0
13357648,1/10/2021,4:18:05 PM,-3.7373890E+1,-3.0319756E+1,3.8476914E+3,0.0000000E+0
13357649,1/10/2021,4:18:05 PM,-2.2477535E+1,-2.8922037E+1,3.8548347E+3,0.0000000E+0
13357650,1/10/2021,4:18:05 PM,-8.8941908E+0,-2.9325226E+1,3.8459053E+3,0.0000000E+0
13357651,1/10/2021,4:18:05 PM,8.1521311E+0,-2.9002672E+1,3.8512629E+3,0.0000000E+0
13357652,1/10/2021,4:18:05 PM,3.2612377E+1,-2.8922037E+1,3.8584065E+3,0.0000000E+0
13357653,1/10/2021,4:18:05 PM,5.7457367E+1,-3.0131603E+1,3.8566208E+3,0.0000000E+0
13357654,1/10/2021,4:18:05 PM,7.2433525E+1,-2.6368511E+1,3.8610852E+3,0.0000000E+0
13357655,1/10/2021,4:18:05 PM,8.0413719E+1,-2.1342098E+1,3.8619785E+3,0.0000000E+0
13357656,1/10/2021,4:18:06 PM,8.5175224E+1,-1.6714321E+1,3.8646572E+3,0.0000000E+0
13357657,1/10/2021,4:18:06 PM,9.2038193E+1,-1.5406106E+1,3.8584065E+3,0.0000000E+0
13357658,1/10/2021,4:18:06 PM,1.0129521E+2,-1.0465729E+1,3.8673359E+3,0.0000000E+0
13357659,1/10/2021,4:18:06 PM,1.0581732E+2,-5.8178391E+0,3.8655500E+3,0.0000000E+0
13357660,1/10/2021,4:18:06 PM,1.0023119E+2,4.2882667E+0,3.8673359E+3,0.0000000E+0
13357661,1/10/2021,4:18:06 PM,9.2809616E+1,1.5499169E+1,3.8691218E+3,0.0000000E+0
13357662,1/10/2021,4:18:06 PM,7.8126060E+1,2.3492435E+1,3.8709080E+3,0.0000000E+0
13357663,1/10/2021,4:18:06 PM,6.0569641E+1,3.0292875E+1,3.8637642E+3,0.0000000E+0
13357664,1/10/2021,4:18:06 PM,4.9583580E+1,3.6770767E+1,3.8655500E+3,0.0000000E+0
13357665,1/10/2021,4:18:06 PM,3.1069540E+1,4.6742958E+1,3.8637642E+3,0.0000000E+0
13357666,1/10/2021,4:18:07 PM,1.1428246E+1,5.7091454E+1,3.8655500E+3,0.0000000E+0
13357667,1/10/2021,4:18:07 PM,-7.7863646E+0,6.9859077E+1,3.8709080E+3,0.0000000E+0
13357668,1/10/2021,4:18:07 PM,-2.6680433E+1,7.7223984E+1,3.8700146E+3,0.0000000E+0
13357669,1/10/2021,4:18:07 PM,-3.8570919E+1,7.6686409E+1,3.8566208E+3,0.0000000E+0
13357670,1/10/2021,4:18:07 PM,-4.7295925E+1,7.9508720E+1,3.8619785E+3,0.0000000E+0
13357671,1/10/2021,4:18:07 PM,-5.1897839E+1,8.2250397E+1,3.8726936E+3,0.0000000E+0
13357672,1/10/2021,4:18:07 PM,-5.2163845E+1,7.9965668E+1,3.8673359E+3,0.0000000E+0
13357673,1/10/2021,4:18:07 PM,-5.8574596E+1,7.5342445E+1,3.8637642E+3,0.0000000E+0
13357674,1/10/2021,4:18:07 PM,-5.8361794E+1,6.7251801E+1,3.8628713E+3,0.0000000E+0
13357675,1/10/2021,4:18:07 PM,-6.0489838E+1,6.0021290E+1,3.8619785E+3,0.0000000E+0
13357676,1/10/2021,4:18:08 PM,-5.8601192E+1,5.2844540E+1,3.8584065E+3,0.0000000E+0
13357677,1/10/2021,4:18:08 PM,-5.9239613E+1,4.9403999E+1,3.8726936E+3,0.0000000E+0
13357678,1/10/2021,4:18:08 PM,-6.2405087E+1,4.2576679E+1,3.8628713E+3,0.0000000E+0
13357679,1/10/2021,4:18:08 PM,-6.2883900E+1,2.8572607E+1,3.8512629E+3,0.0000000E+0
13357680,1/10/2021,4:18:08 PM,-5.6925354E+1,1.3938351E+1,3.8566208E+3,0.0000000E+0
13357681,1/10/2021,4:18:08 PM,-5.6127335E+1,4.0656452E+0,3.8512629E+3,0.0000000E+0
13357682,1/10/2021,4:18:08 PM,-5.3440674E+1,-5.5703421E+0,3.8548347E+3,0.0000000E+0
13357683,1/10/2021,4:18:08 PM,-5.3440674E+1,-1.6467037E+1,3.8521558E+3,0.0000000E+0
13357684,1/10/2021,4:18:08 PM,-4.4955070E+1,-3.4835464E+1,3.8476914E+3,0.0000000E+0
13357685,1/10/2021,4:18:08 PM,-3.8863525E+1,-4.9672791E+1,3.8441196E+3,0.0000000E+0
13357686,1/10/2021,4:18:09 PM,-3.0617329E+1,-6.4993942E+1,3.8405476E+3,0.0000000E+0
13357687,1/10/2021,4:18:09 PM,-2.4525784E+1,-7.4777985E+1,3.8459053E+3,0.0000000E+0
13357688,1/10/2021,4:18:09 PM,-1.5525363E+1,-8.6900505E+1,3.8432266E+3,0.0000000E+0
13357689,1/10/2021,4:18:09 PM,-6.6495924E+0,-9.8566086E+1,3.8476914E+3,0.0000000E+0
13357690,1/10/2021,4:18:09 PM,5.4162562E-1,-1.1316149E+2,3.8280464E+3,0.0000000E+0
13357691,1/10/2021,4:18:09 PM,5.4865055E+0,-1.2106398E+2,3.8432266E+3,0.0000000E+0
13357692,1/10/2021,4:18:09 PM,9.4599457E+0,-1.2388631E+2,3.8334043E+3,0.0000000E+0
13357693,1/10/2021,4:18:09 PM,5.2455382E+0,-1.2256923E+2,3.8405476E+3,0.0000000E+0
13357694,1/10/2021,4:18:09 PM,4.1915174E+0,-1.1883302E+2,3.8405476E+3,0.0000000E+0
13357695,1/10/2021,4:18:09 PM,3.6549966E+0,-1.1619885E+2,3.8369758E+3,0.0000000E+0
13357696,1/10/2021,4:18:10 PM,1.9107106E+0,-1.1200569E+2,3.8423335E+3,0.0000000E+0
13357697,1/10/2021,4:18:10 PM,-1.3622464E+0,-1.0568908E+2,3.8298325E+3,0.0000000E+0
13357698,1/10/2021,4:18:10 PM,-6.3417163E+0,-9.3674072E+1,3.8503701E+3,0.0000000E+0
13357699,1/10/2021,4:18:10 PM,-1.1199313E+1,-8.3379326E+1,3.8396548E+3,0.0000000E+0
13357700,1/10/2021,4:18:10 PM,-1.5049076E+1,-7.5476837E+1,3.8387620E+3,0.0000000E+0
13357701,1/10/2021,4:18:10 PM,-1.3699160E+1,-6.4698273E+1,3.8423335E+3,0.0000000E+0
13357702,1/10/2021,4:18:10 PM,-1.7930479E+1,-4.8382587E+1,3.8476914E+3,0.0000000E+0
13357703,1/10/2021,4:18:10 PM,-2.3089350E+1,-3.0588549E+1,3.8512629E+3,0.0000000E+0
13357704,1/10/2021,4:18:10 PM,-2.8888288E+1,-1.3685748E+1,3.8503701E+3,0.0000000E+0
13357705,1/10/2021,4:18:10 PM,-3.0271521E+1,5.6116706E-1,3.8548347E+3,0.0000000E+0
13357706,1/10/2021,4:18:11 PM,-3.1787758E+1,1.8873411E+1,3.8601924E+3,0.0000000E+0
13357707,1/10/2021,4:18:11 PM,-3.2106964E+1,3.4512913E+1,3.8601924E+3,0.0000000E+0
13357708,1/10/2021,4:18:11 PM,-2.9154295E+1,4.9538395E+1,3.8673359E+3,0.0000000E+0
13357709,1/10/2021,4:18:11 PM,-3.0963137E+1,6.5665924E+1,3.8744795E+3,0.0000000E+0
13357710,1/10/2021,4:18:11 PM,-3.1947361E+1,7.5503716E+1,3.8682290E+3,0.0000000E+0
13357711,1/10/2021,4:18:11 PM,-2.9127693E+1,8.0879562E+1,3.8646572E+3,0.0000000E+0
13357712,1/10/2021,4:18:11 PM,-2.4977995E+1,9.0206650E+1,3.8780513E+3,0.0000000E+0
13357713,1/10/2021,4:18:11 PM,-1.7651548E+1,9.3862228E+1,3.8726936E+3,0.0000000E+0
13357714,1/10/2021,4:18:11 PM,-8.7415686E+0,9.2437622E+1,3.8771584E+3,0.0000000E+0
13357715,1/10/2021,4:18:11 PM,-1.9891678E+0,8.8459496E+1,3.8691218E+3,0.0000000E+0
13357716,1/10/2021,4:18:12 PM,7.9126725E+0,8.2142883E+1,3.8726936E+3,0.0000000E+0
13357717,1/10/2021,4:18:12 PM,2.0411905E+1,7.3030830E+1,3.8673359E+3,0.0000000E+0
13357718,1/10/2021,4:18:12 PM,2.9207495E+1,6.5477768E+1,3.8655500E+3,0.0000000E+0
13357719,1/10/2021,4:18:12 PM,3.7932503E+1,5.8784847E+1,3.8709080E+3,0.0000000E+0
13357720,1/10/2021,4:18:12 PM,4.2348209E+1,5.3919704E+1,3.8655500E+3,0.0000000E+0
13357721,1/10/2021,4:18:12 PM,4.2374809E+1,4.6608559E+1,3.8646572E+3,0.0000000E+0
13357722,1/10/2021,4:18:12 PM,4.1736393E+1,4.0963928E+1,3.8601924E+3,0.0000000E+0
13357723,1/10/2021,4:18:12 PM,4.1390587E+1,3.9996273E+1,3.8691218E+3,0.0000000E+0
13357724,1/10/2021,4:18:12 PM,3.7400490E+1,3.7711540E+1,3.8646572E+3,0.0000000E+0
13357725,1/10/2021,4:18:12 PM,3.2346371E+1,3.6582615E+1,3.8673359E+3,0.0000000E+0
13357726,1/10/2021,4:18:13 PM,2.6760239E+1,3.3357105E+1,3.8691218E+3,0.0000000E+0
13357727,1/10/2021,4:18:13 PM,2.2610538E+1,2.6583544E+1,3.8637642E+3,0.0000000E+0
13357728,1/10/2021,4:18:13 PM,1.9490910E+1,1.8437338E+1,3.8628713E+3,0.0000000E+0
13357729,1/10/2021,4:18:13 PM,1.8959364E+1,8.8198233E+0,3.8601924E+3,0.0000000E+0
13357730,1/10/2021,4:18:13 PM,1.7120003E+1,7.7597207E-1,3.8655500E+3,0.0000000E+0
13357731,1/10/2021,4:18:13 PM,1.2643962E+1,-1.0814054E+1,3.8566208E+3,0.0000000E+0
13357732,1/10/2021,4:18:13 PM,8.0863457E+0,-2.3573072E+1,3.8521558E+3,0.0000000E+0
13357733,1/10/2021,4:18:13 PM,3.1113436E+0,-3.5158016E+1,3.8503701E+3,0.0000000E+0
13357734,1/10/2021,4:18:13 PM,-3.3586025E+0,-4.3087383E+1,3.8476914E+3,0.0000000E+0
13357735,1/10/2021,4:18:13 PM,-1.2175569E+1,-5.0452290E+1,3.8467981E+3,0.0000000E+0
13357736,1/10/2021,4:18:14 PM,-2.2663740E+1,-5.6849541E+1,3.8405476E+3,0.0000000E+0
13357737,1/10/2021,4:18:14 PM,-3.4288216E+1,-5.8596691E+1,3.8423335E+3,0.0000000E+0
13357738,1/10/2021,4:18:14 PM,-4.7561932E+1,-5.8677326E+1,3.8369758E+3,0.0000000E+0
13357739,1/10/2021,4:18:14 PM,-5.7430767E+1,-5.5613098E+1,3.8432266E+3,0.0000000E+0
13357740,1/10/2021,4:18:14 PM,-6.6421783E+1,-5.1715611E+1,3.8423335E+3,0.0000000E+0
13357741,1/10/2021,4:18:14 PM,-7.3790154E+1,-4.9672791E+1,3.8369758E+3,0.0000000E+0
13357742,1/10/2021,4:18:14 PM,-7.6290619E+1,-4.6151615E+1,3.8467981E+3,0.0000000E+0
13357743,1/10/2021,4:18:14 PM,-7.8684677E+1,-4.2899227E+1,3.8423335E+3,0.0000000E+0
13357744,1/10/2021,4:18:14 PM,-7.5306396E+1,-4.1340237E+1,3.8467981E+3,0.0000000E+0
13357745,1/10/2021,4:18:14 PM,-7.0252274E+1,-3.8947983E+1,3.8512629E+3,0.0000000E+0
13357746,1/10/2021,4:18:15 PM,-6.1713467E+1,-3.8222244E+1,3.8494771E+3,0.0000000E+0
13357747,1/10/2021,4:18:15 PM,-4.9556980E+1,-3.8598553E+1,3.8512629E+3,0.0000000E+0
13357748,1/10/2021,4:18:15 PM,-3.9501942E+1,-3.9808121E+1,3.8476914E+3,0.0000000E+0
13357749,1/10/2021,4:18:15 PM,-2.8728683E+1,-3.9539330E+1,3.8557275E+3,0.0000000E+0
13357750,1/10/2021,4:18:15 PM,-1.7338409E+1,-4.0426342E+1,3.8512629E+3,0.0000000E+0
13357751,1/10/2021,4:18:15 PM,-1.0404625E+1,-4.1662785E+1,3.8548347E+3,0.0000000E+0
13357752,1/10/2021,4:18:15 PM,-3.8325160E+0,-4.3141140E+1,3.8503701E+3,0.0000000E+0
13357753,1/10/2021,4:18:15 PM,-1.0484098E+0,-4.7414936E+1,3.8441196E+3,0.0000000E+0
13357754,1/10/2021,4:18:15 PM,3.1295710E+0,-4.4001278E+1,3.8539419E+3,0.0000000E+0
13357755,1/10/2021,4:18:15 PM,4.5402160E+0,-3.9808121E+1,3.8503701E+3,0.0000000E+0
13357756,1/10/2021,4:18:16 PM,4.2818618E+0,-3.5856876E+1,3.8530491E+3,0.0000000E+0
13357757,1/10/2021,4:18:16 PM,2.3378663E+0,-3.1260529E+1,3.8503701E+3,0.0000000E+0
13357758,1/10/2021,4:18:16 PM,-5.6221372E-1,-2.6234114E+1,3.8494771E+3,0.0000000E+0
13357759,1/10/2021,4:18:16 PM,-1.2447886E+0,-1.8405432E+1,3.8548347E+3,0.0000000E+0
13357760,1/10/2021,4:18:16 PM,-1.4884146E+0,-1.0830009E+1,3.8530491E+3,0.0000000E+0
13357761,1/10/2021,4:18:16 PM,-2.6025605E+0,-2.4840715E+0,3.8601924E+3,0.0000000E+0
13357762,1/10/2021,4:18:16 PM,-2.3029966E+0,4.3739519E+0,3.8584065E+3,0.0000000E+0
13357763,1/10/2021,4:18:16 PM,-2.5407457E+0,8.3465252E+0,3.8566208E+3,0.0000000E+0
13357764,1/10/2021,4:18:16 PM,-1.6903964E+0,1.4435579E+1,3.8601924E+3,0.0000000E+0
13357765,1/10/2021,4:18:16 PM,-1.0312530E+0,2.0181625E+1,3.8637642E+3,0.0000000E+0
13357766,1/10/2021,4:18:17 PM,-1.3931286E+0,2.5884686E+1,3.8655500E+3,0.0000000E+0
13357767,1/10/2021,4:18:17 PM,-3.8689709E+0,2.9271465E+1,3.8619785E+3,0.0000000E+0
13357768,1/10/2021,4:18:17 PM,-7.9758263E+0,3.2120663E+1,3.8619785E+3,0.0000000E+0
13357769,1/10/2021,4:18:17 PM,-1.1141421E+1,3.4674191E+1,3.8637642E+3,0.0000000E+0
13357770,1/10/2021,4:18:17 PM,-1.4314912E+1,3.5561203E+1,3.8610852E+3,0.0000000E+0
13357771,1/10/2021,4:18:17 PM,-1.7438402E+1,3.7308350E+1,3.8619785E+3,0.0000000E+0
13357772,1/10/2021,4:18:17 PM,-2.1120903E+1,3.9378052E+1,3.8646572E+3,0.0000000E+0
13357773,1/10/2021,4:18:17 PM,-2.6334627E+1,3.7388992E+1,3.8566208E+3,0.0000000E+0
13357774,1/10/2021,4:18:17 PM,-2.7664660E+1,3.4432278E+1,3.8584065E+3,0.0000000E+0
13357775,1/10/2021,4:18:17 PM,-2.9127693E+1,3.3787174E+1,3.8584065E+3,0.0000000E+0
13357776,1/10/2021,4:18:18 PM,-2.7664660E+1,3.1153013E+1,3.8575137E+3,0.0000000E+0
13357777,1/10/2021,4:18:18 PM,-2.4605587E+1,2.7900627E+1,3.8566208E+3,0.0000000E+0
13357778,1/10/2021,4:18:18 PM,-2.4871593E+1,2.6180359E+1,3.8584065E+3,0.0000000E+0
13357779,1/10/2021,4:18:18 PM,-2.0189880E+1,2.2040956E+1,3.8557275E+3,0.0000000E+0
13357780,1/10/2021,4:18:18 PM,-1.3693897E+1,1.8471905E+1,3.8557275E+3,0.0000000E+0
13357781,1/10/2021,4:18:18 PM,-8.5836840E+0,1.6211775E+1,3.8584065E+3,0.0000000E+0
13357782,1/10/2021,4:18:18 PM,-1.7213037E+0,1.4363788E+1,3.8610852E+3,0.0000000E+0
13357783,1/10/2021,4:18:18 PM,2.1365721E+0,1.3768177E+1,3.8592996E+3,0.0000000E+0
13357784,1/10/2021,4:18:18 PM,4.5204034E+0,9.9232979E+0,3.8584065E+3,0.0000000E+0
13357785,1/10/2021,4:18:18 PM,1.0465148E+1,7.3361144E+0,3.8610852E+3,0.0000000E+0
13357786,1/10/2021,4:18:19 PM,1.4549107E+1,3.9455256E+0,3.8575137E+3,0.0000000E+0
13357787,1/10/2021,4:18:19 PM,1.8751482E+1,4.0193859E-1,3.8610852E+3,0.0000000E+0
13357788,1/10/2021,4:18:19 PM,2.1120903E+1,-7.7320504E-1,3.8619785E+3,0.0000000E+0
13357789,1/10/2021,4:18:19 PM,2.2583939E+1,-5.0738482E+0,3.8566208E+3,0.0000000E+0
13357790,1/10/2021,4:18:19 PM,2.5563208E+1,-8.1045580E+0,3.8584065E+3,0.0000000E+0
13357791,1/10/2021,4:18:19 PM,2.7026245E+1,-1.1462845E+1,3.8557275E+3,0.0000000E+0
13357792,1/10/2021,4:18:19 PM,2.6999643E+1,-1.4185637E+1,3.8566208E+3,0.0000000E+0
13357793,1/10/2021,4:18:19 PM,2.6095221E+1,-1.3390602E+1,3.8584065E+3,0.0000000E+0
13357794,1/10/2021,4:18:19 PM,2.3913969E+1,-1.6110733E+1,3.8566208E+3,0.0000000E+0
13357795,1/10/2021,4:18:19 PM,2.3089350E+1,-1.9306822E+1,3.8548347E+3,0.0000000E+0
13357796,1/10/2021,4:18:20 PM,2.2637138E+1,-2.0938910E+1,3.8539419E+3,0.0000000E+0
13357797,1/10/2021,4:18:20 PM,1.9409336E+1,-2.1906561E+1,3.8575137E+3,0.0000000E+0
13357798,1/10/2021,4:18:20 PM,1.7683126E+1,-2.2524782E+1,3.8566208E+3,0.0000000E+0
13357799,1/10/2021,4:18:20 PM,1.3386022E+1,-2.3626831E+1,3.8521558E+3,0.0000000E+0
13357800,1/10/2021,4:18:20 PM,1.0033594E+1,-2.3277401E+1,3.8566208E+3,0.0000000E+0
13357801,1/10/2021,4:18:20 PM,7.2995520E+0,-2.1584011E+1,3.8601924E+3,0.0000000E+0
13357802,1/10/2021,4:18:20 PM,1.9535054E+0,-2.2874212E+1,3.8530491E+3,0.0000000E+0
13357803,1/10/2021,4:18:20 PM,-3.7635689E+0,-2.1530252E+1,3.8584065E+3,0.0000000E+0
13357804,1/10/2021,4:18:20 PM,-1.1688757E+1,-2.0374445E+1,3.8530491E+3,0.0000000E+0
13357805,1/10/2021,4:18:20 PM,-1.8669907E+1,-2.0152376E+1,3.8548347E+3,0.0000000E+0
13357806,1/10/2021,4:18:21 PM,-2.6015421E+1,-1.8974451E+1,3.8521558E+3,0.0000000E+0
13357807,1/10/2021,4:18:21 PM,-3.4368015E+1,-1.8870750E+1,3.8539419E+3,0.0000000E+0
13357808,1/10/2021,4:18:21 PM,-4.1257584E+1,-1.8963816E+1,3.8539419E+3,0.0000000E+0
13357809,1/10/2021,4:18:21 PM,-4.9477180E+1,-2.0091221E+1,3.8503701E+3,0.0000000E+0
13357810,1/10/2021,4:18:21 PM,-5.5834728E+1,-2.2739817E+1,3.8503701E+3,0.0000000E+0
13357811,1/10/2021,4:18:21 PM,-6.1048450E+1,-2.4917034E+1,3.8485842E+3,0.0000000E+0
13357812,1/10/2021,4:18:21 PM,-6.4639542E+1,-2.7389921E+1,3.8485842E+3,0.0000000E+0
13357813,1/10/2021,4:18:21 PM,-6.8177422E+1,-2.9809050E+1,3.8467981E+3,0.0000000E+0
13357814,1/10/2021,4:18:21 PM,-7.2034515E+1,-3.1878752E+1,3.8459053E+3,0.0000000E+0
13357815,1/10/2021,4:18:21 PM,-7.3524147E+1,-3.3652779E+1,3.8432266E+3,0.0000000E+0
13357816,1/10/2021,4:18:22 PM,-7.3284744E+1,-3.3652779E+1,3.8476914E+3,0.0000000E+0
13357817,1/10/2021,4:18:22 PM,-7.1848312E+1,-3.2765766E+1,3.8459053E+3,0.0000000E+0
13357818,1/10/2021,4:18:22 PM,-7.1502502E+1,-3.2523853E+1,3.8459053E+3,0.0000000E+0
13357819,1/10/2021,4:18:22 PM,-7.0252274E+1,-3.1018618E+1,3.8459053E+3,0.0000000E+0
13357820,1/10/2021,4:18:22 PM,-6.4267128E+1,-3.0722944E+1,3.8485842E+3,0.0000000E+0
13357821,1/10/2021,4:18:22 PM,-5.8867203E+1,-3.0239119E+1,3.8467981E+3,0.0000000E+0
13357822,1/10/2021,4:18:22 PM,-5.4611099E+1,-3.0239119E+1,3.8459053E+3,0.0000000E+0
13357823,1/10/2021,4:18:22 PM,-4.6657513E+1,-2.8868277E+1,3.8485842E+3,0.0000000E+0
13357824,1/10/2021,4:18:22 PM,-3.9741348E+1,-2.6798580E+1,3.8476914E+3,0.0000000E+0
13357825,1/10/2021,4:18:22 PM,-2.9180897E+1,-2.5024549E+1,3.8521558E+3,0.0000000E+0
13357826,1/10/2021,4:18:23 PM,-2.2184929E+1,-2.0535721E+1,3.8512629E+3,0.0000000E+0
13357827,1/10/2021,4:18:23 PM,-1.5106968E+1,-1.8232597E+1,3.8512629E+3,0.0000000E+0
13357828,1/10/2021,4:18:23 PM,-6.0469975E+0,-1.4515349E+1,3.8512629E+3,0.0000000E+0
13357829,1/10/2021,4:18:23 PM,8.3223468E-1,-7.4743810E+0,3.8584065E+3,0.0000000E+0
13357830,1/10/2021,4:18:23 PM,9.9204435E+0,-2.7403266E+0,3.8566208E+3,0.0000000E+0
13357831,1/10/2021,4:18:23 PM,1.3462332E+1,4.6350117E+0,3.8557275E+3,0.0000000E+0
13357832,1/10/2021,4:18:23 PM,1.6325314E+1,1.2220653E+1,3.8601924E+3,0.0000000E+0
13357833,1/10/2021,4:18:23 PM,2.3195751E+1,1.9546131E+1,3.8637642E+3,0.0000000E+0
13357834,1/10/2021,4:18:23 PM,2.6414431E+1,2.5696529E+1,3.8619785E+3,0.0000000E+0
13357835,1/10/2021,4:18:23 PM,3.1229143E+1,3.1583078E+1,3.8646572E+3,0.0000000E+0
13357836,1/10/2021,4:18:24 PM,3.3490196E+1,4.0157551E+1,3.8673359E+3,0.0000000E+0
13357837,1/10/2021,4:18:24 PM,3.5644848E+1,4.4700134E+1,3.8655500E+3,0.0000000E+0
13357838,1/10/2021,4:18:24 PM,3.9049728E+1,5.0264137E+1,3.8709080E+3,0.0000000E+0
13357839,1/10/2021,4:18:24 PM,3.8491116E+1,5.6177563E+1,3.8691218E+3,0.0000000E+0
13357840,1/10/2021,4:18:24 PM,4.0858574E+1,5.8892361E+1,3.8726936E+3,0.0000000E+0
13357841,1/10/2021,4:18:24 PM,3.9049728E+1,6.2547935E+1,3.8718008E+3,0.0000000E+0
13357842,1/10/2021,4:18:24 PM,3.4075413E+1,6.4429482E+1,3.8709080E+3,0.0000000E+0
13357843,1/10/2021,4:18:24 PM,2.9633106E+1,6.4053169E+1,3.8709080E+3,0.0000000E+0
13357844,1/10/2021,4:18:24 PM,2.4552385E+1,6.1096458E+1,3.8700146E+3,0.0000000E+0
13357845,1/10/2021,4:18:24 PM,2.0908096E+1,5.8139744E+1,3.8709080E+3,0.0000000E+0
13357846,1/10/2021,4:18:25 PM,1.4180709E+1,5.3812191E+1,3.8619785E+3,0.0000000E+0
13357847,1/10/2021,4:18:25 PM,9.6704588E+0,4.7199905E+1,3.8655500E+3,0.0000000E+0
13357848,1/10/2021,4:18:25 PM,5.8259583E+0,4.2576679E+1,3.8655500E+3,0.0000000E+0
13357849,1/10/2021,4:18:25 PM,3.1050036E+0,3.2496971E+1,3.8619785E+3,0.0000000E+0
13357850,1/10/2021,4:18:25 PM,5.0442438E+0,2.1772165E+1,3.8637642E+3,0.0000000E+0
13357851,1/10/2021,4:18:25 PM,4.9998641E+0,1.1662268E+1,3.8584065E+3,0.0000000E+0
13357852,1/10/2021,4:18:25 PM,6.2969823E+0,-1.8555319E+0,3.8566208E+3,0.0000000E+0
13357853,1/10/2021,4:18:25 PM,7.6521616E+0,-1.3635228E+1,3.8548347E+3,0.0000000E+0
13357854,1/10/2021,4:18:25 PM,6.7995825E+0,-2.4003139E+1,3.8539419E+3,0.0000000E+0
13357855,1/10/2021,4:18:25 PM,9.2046986E+0,-3.5292412E+1,3.8557275E+3,0.0000000E+0
13357856,1/10/2021,4:18:26 PM,8.2705450E+0,-4.6662319E+1,3.8503701E+3,0.0000000E+0
13357857,1/10/2021,4:18:26 PM,8.6968346E+0,-5.9214912E+1,3.8494771E+3,0.0000000E+0
13357858,1/10/2021,4:18:26 PM,5.7733297E+0,-6.9939720E+1,3.8441196E+3,0.0000000E+0
13357859,1/10/2021,4:18:26 PM,2.8720095E+0,-7.8594833E+1,3.8432266E+3,0.0000000E+0
13357860,1/10/2021,4:18:26 PM,-3.5659659E-1,-8.4992088E+1,3.8405476E+3,0.0000000E+0
13357861,1/10/2021,4:18:26 PM,-5.7470155E+0,-8.8110069E+1,3.8405476E+3,0.0000000E+0
13357862,1/10/2021,4:18:26 PM,-1.1080899E+1,-8.9722824E+1,3.8396548E+3,0.0000000E+0
13357863,1/10/2021,4:18:26 PM,-1.4693835E+1,-9.1980675E+1,3.8387620E+3,0.0000000E+0
13357864,1/10/2021,4:18:26 PM,-2.0881498E+1,-8.8513260E+1,3.8369758E+3,0.0000000E+0
13357865,1/10/2021,4:18:26 PM,-2.5084396E+1,-8.2223526E+1,3.8423335E+3,0.0000000E+0
13357866,1/10/2021,4:18:27 PM,-3.1601551E+1,-7.2869560E+1,3.8423335E+3,0.0000000E+0
13357867,1/10/2021,4:18:27 PM,-3.5458645E+1,-6.4778915E+1,3.8405476E+3,0.0000000E+0
13357868,1/10/2021,4:18:27 PM,-4.2534412E+1,-5.2575748E+1,3.8476914E+3,0.0000000E+0
13357869,1/10/2021,4:18:27 PM,-5.0115593E+1,-4.0426342E+1,3.8423335E+3,0.0000000E+0
13357870,1/10/2021,4:18:27 PM,-5.5462322E+1,-2.7873747E+1,3.8494771E+3,0.0000000E+0
13357871,1/10/2021,4:18:27 PM,-6.0676044E+1,-1.3329445E+1,3.8557275E+3,0.0000000E+0
13357872,1/10/2021,4:18:27 PM,-6.9720261E+1,-2.6986849E+0,3.8494771E+3,0.0000000E+0
13357873,1/10/2021,4:18:27 PM,-7.4987183E+1,8.7852564E+0,3.8566208E+3,0.0000000E+0
13357874,1/10/2021,4:18:27 PM,-8.1637344E+1,2.0657583E+1,3.8575137E+3,0.0000000E+0
13357875,1/10/2021,4:18:27 PM,-8.7329880E+1,2.9916567E+1,3.8548347E+3,0.0000000E+0
13357876,1/10/2021,4:18:28 PM,-9.3926834E+1,4.1501511E+1,3.8610852E+3,0.0000000E+0
13357877,1/10/2021,4:18:28 PM,-9.4778061E+1,4.7845005E+1,3.8584065E+3,0.0000000E+0
13357878,1/10/2021,4:18:28 PM,-9.0548553E+1,5.1366184E+1,3.8619785E+3,0.0000000E+0
13357879,1/10/2021,4:18:28 PM,-8.7462883E+1,5.2790783E+1,3.8619785E+3,0.0000000E+0
13357880,1/10/2021,4:18:28 PM,-8.1717148E+1,5.1124268E+1,3.8601924E+3,0.0000000E+0
13357881,1/10/2021,4:18:28 PM,-7.6210815E+1,4.7011749E+1,3.8566208E+3,0.0000000E+0
13357882,1/10/2021,4:18:28 PM,-6.8416832E+1,4.2388523E+1,3.8601924E+3,0.0000000E+0
13357883,1/10/2021,4:18:28 PM,-5.3015060E+1,3.4593552E+1,3.8566208E+3,0.0000000E+0
13357884,1/10/2021,4:18:28 PM,-3.6043858E+1,2.5857805E+1,3.8584065E+3,0.0000000E+0
13357885,1/10/2021,4:18:28 PM,-2.3568161E+1,1.9671103E+1,3.8548347E+3,0.0000000E+0
13357886,1/10/2021,4:18:29 PM,-9.8467646E+0,1.5105642E+1,3.8601924E+3,0.0000000E+0
13357887,1/10/2021,4:18:29 PM,4.4268889E+0,8.9660664E+0,3.8566208E+3,0.0000000E+0
13357888,1/10/2021,4:18:29 PM,1.8893578E+1,5.8178391E+0,3.8592996E+3,0.0000000E+0
13357889,1/10/2021,4:18:29 PM,3.0271521E+1,4.3691473E+0,3.8646572E+3,0.0000000E+0
13357890,1/10/2021,4:18:29 PM,3.8730522E+1,2.0788684E+0,3.8584065E+3,0.0000000E+0
13357891,1/10/2021,4:18:29 PM,4.5779690E+1,2.2101991E+0,3.8691218E+3,0.0000000E+0
13357892,1/10/2021,4:18:29 PM,4.9849586E+1,3.4219456E-1,3.8619785E+3,0.0000000E+0
13357893,1/10/2021,4:18:29 PM,5.2935261E+1,-2.4792666E+0,3.8682290E+3,0.0000000E+0
13357894,1/10/2021,4:18:29 PM,5.5941135E+1,-7.6551909E+0,3.8655500E+3,0.0000000E+0
13357895,1/10/2021,4:18:29 PM,5.3121464E+1,-1.5315701E+1,3.8601924E+3,0.0000000E+0
13357896,1/10/2021,4:18:30 PM,5.0807213E+1,-2.2202232E+1,3.8592996E+3,0.0000000E+0
13357897,1/10/2021,4:18:30 PM,4.8200348E+1,-2.9809050E+1,3.8548347E+3,0.0000000E+0
13357898,1/10/2021,4:18:30 PM,4.9104771E+1,-3.6555733E+1,3.8584065E+3,0.0000000E+0
13357899,1/10/2021,4:18:30 PM,5.0940216E+1,-4.3893761E+1,3.8539419E+3,0.0000000E+0
13357900,1/10/2021,4:18:30 PM,5.0674210E+1,-5.2118801E+1,3.8476914E+3,0.0000000E+0
13357901,1/10/2021,4:18:30 PM,4.9290974E+1,-5.7198975E+1,3.8476914E+3,0.0000000E+0
13357902,1/10/2021,4:18:30 PM,4.7827938E+1,-6.1392128E+1,3.8450125E+3,0.0000000E+0
13357903,1/10/2021,4:18:30 PM,4.7668335E+1,-6.0666389E+1,3.8503701E+3,0.0000000E+0
13357904,1/10/2021,4:18:30 PM,4.8386551E+1,-5.8542931E+1,3.8503701E+3,0.0000000E+0
13357905,1/10/2021,4:18:30 PM,4.5354080E+1,-5.5881889E+1,3.8494771E+3,0.0000000E+0
13357906,1/10/2021,4:18:31 PM,4.2454609E+1,-5.1957527E+1,3.8494771E+3,0.0000000E+0
13357907,1/10/2021,4:18:31 PM,3.5352242E+1,-4.4431343E+1,3.8494771E+3,0.0000000E+0
13357908,1/10/2021,4:18:31 PM,2.7797663E+1,-3.4002209E+1,3.8566208E+3,0.0000000E+0
13357909,1/10/2021,4:18:31 PM,2.1759317E+1,-2.4003139E+1,3.8575137E+3,0.0000000E+0
13357910,1/10/2021,4:18:31 PM,1.4009666E+1,-1.5339631E+1,3.8575137E+3,0.0000000E+0
13357911,1/10/2021,4:18:31 PM,6.0338402E+0,-8.1045580E+0,3.8575137E+3,0.0000000E+0
13357912,1/10/2021,4:18:31 PM,-3.5353296E+0,3.7393358E-1,3.8566208E+3,0.0000000E+0
13357913,1/10/2021,4:18:31 PM,-1.7293676E+1,1.0441797E+1,3.8601924E+3,0.0000000E+0
13357914,1/10/2021,4:18:31 PM,-2.8941488E+1,1.7730051E+1,3.8601924E+3,0.0000000E+0
13357915,1/10/2021,4:18:31 PM,-4.1762997E+1,2.5804049E+1,3.8530491E+3,0.0000000E+0
13357916,1/10/2021,4:18:32 PM,-5.4664303E+1,3.3679657E+1,3.8584065E+3,0.0000000E+0
13357917,1/10/2021,4:18:32 PM,-6.8922241E+1,4.3490574E+1,3.8539419E+3,0.0000000E+0
13357918,1/10/2021,4:18:32 PM,-8.1663940E+1,5.1850006E+1,3.8566208E+3,0.0000000E+0
13357919,1/10/2021,4:18:32 PM,-9.1825386E+1,6.0478237E+1,3.8619785E+3,0.0000000E+0
13357920,1/10/2021,4:18:32 PM,-9.9300163E+1,6.5262741E+1,3.8575137E+3,0.0000000E+0
13357921,1/10/2021,4:18:32 PM,-1.0326366E+2,6.6929245E+1,3.8584065E+3,0.0000000E+0
13357922,1/10/2021,4:18:32 PM,-1.0608333E+2,6.8488243E+1,3.8592996E+3,0.0000000E+0
13357923,1/10/2021,4:18:32 PM,-1.0751975E+2,6.8703278E+1,3.8592996E+3,0.0000000E+0
13357924,1/10/2021,4:18:32 PM,-1.0462029E+2,6.6767975E+1,3.8637642E+3,0.0000000E+0
13357925,1/10/2021,4:18:32 PM,-9.6666702E+1,6.0343842E+1,3.8566208E+3,0.0000000E+0
13357926,1/10/2021,4:18:33 PM,-8.2914177E+1,5.2978939E+1,3.8637642E+3,0.0000000E+0
13357927,1/10/2021,4:18:33 PM,-7.3337944E+1,4.7173023E+1,3.8601924E+3,0.0000000E+0
13357928,1/10/2021,4:18:33 PM,-5.9771626E+1,3.6582615E+1,3.8584065E+3,0.0000000E+0
13357929,1/10/2021,4:18:33 PM,-4.6950119E+1,2.8922037E+1,3.8610852E+3,0.0000000E+0
13357930,1/10/2021,4:18:33 PM,-3.8437916E+1,2.3519314E+1,3.8557275E+3,0.0000000E+0
13357931,1/10/2021,4:18:33 PM,-2.8515879E+1,1.4781246E+1,3.8592996E+3,0.0000000E+0
13357932,1/10/2021,4:18:33 PM,-2.0083477E+1,6.1874366E+0,3.8566208E+3,0.0000000E+0
13357933,1/10/2021,4:18:33 PM,-1.1970319E+1,9.5454973E-1,3.8584065E+3,0.0000000E+0
13357934,1/10/2021,4:18:33 PM,-4.3420916E+0,-8.7028275E+0,3.8584065E+3,0.0000000E+0
13357935,1/10/2021,4:18:33 PM,8.2205477E+0,-2.3384918E+1,3.8494771E+3,0.0000000E+0
13357936,1/10/2021,4:18:34 PM,1.7204208E+1,-2.9782171E+1,3.8566208E+3,0.0000000E+0
13357937,1/10/2021,4:18:34 PM,2.4392780E+1,-3.8168484E+1,3.8584065E+3,0.0000000E+0
13357938,1/10/2021,4:18:34 PM,3.2133564E+1,-4.8624500E+1,3.8548347E+3,0.0000000E+0
13357939,1/10/2021,4:18:34 PM,3.6442867E+1,-5.9940655E+1,3.8494771E+3,0.0000000E+0
13357940,1/10/2021,4:18:34 PM,4.9078171E+1,-7.5611237E+1,3.8521558E+3,0.0000000E+0
13357941,1/10/2021,4:18:34 PM,5.9159805E+1,-8.5099602E+1,3.8530491E+3,0.0000000E+0
13357942,1/10/2021,4:18:34 PM,6.5889771E+1,-9.7840347E+1,3.8467981E+3,0.0000000E+0
13357943,1/10/2021,4:18:34 PM,6.9374451E+1,-1.0700616E+2,3.8476914E+3,0.0000000E+0
13357944,1/10/2021,4:18:34 PM,6.8017822E+1,-1.1154875E+2,3.8441196E+3,0.0000000E+0
13357945,1/10/2021,4:18:34 PM,6.7991219E+1,-1.1711274E+2,3.8485842E+3,0.0000000E+0
13357946,1/10/2021,4:18:35 PM,6.3974525E+1,-1.1931684E+2,3.8378687E+3,0.0000000E+0
13357947,1/10/2021,4:18:35 PM,5.0168793E+1,-1.1638700E+2,3.8423335E+3,0.0000000E+0
13357948,1/10/2021,4:18:35 PM,3.2452774E+1,-1.0724807E+2,3.8405476E+3,0.0000000E+0
13357949,1/10/2021,4:18:35 PM,1.7825222E+1,-9.6603905E+1,3.8405476E+3,0.0000000E+0
13357950,1/10/2021,4:18:35 PM,3.2801456E+0,-8.6228531E+1,3.8414407E+3,0.0000000E+0
13357951,1/10/2021,4:18:35 PM,-1.2149255E+1,-7.4616699E+1,3.8360830E+3,0.0000000E+0
13357952,1/10/2021,4:18:35 PM,-2.8489279E+1,-5.8865482E+1,3.8459053E+3,0.0000000E+0
13357953,1/10/2021,4:18:35 PM,-4.4502861E+1,-4.0318825E+1,3.8459053E+3,0.0000000E+0
13357954,1/10/2021,4:18:35 PM,-6.0543041E+1,-2.3062368E+1,3.8476914E+3,0.0000000E+0
13357955,1/10/2021,4:18:35 PM,-6.7006996E+1,-9.5935850E+0,3.8441196E+3,0.0000000E+0
13357956,1/10/2021,4:18:36 PM,-7.0837486E+1,9.1388998E+0,3.8601924E+3,0.0000000E+0
13357957,1/10/2021,4:18:36 PM,-7.7860054E+1,2.5024549E+1,3.8512629E+3,0.0000000E+0
13357958,1/10/2021,4:18:36 PM,-8.2515167E+1,3.8544796E+1,3.8584065E+3,0.0000000E+0
13357959,1/10/2021,4:18:36 PM,-8.0254112E+1,5.1204910E+1,3.8637642E+3,0.0000000E+0
13357960,1/10/2021,4:18:36 PM,-7.9136887E+1,6.2332901E+1,3.8584065E+3,0.0000000E+0
13357961,1/10/2021,4:18:36 PM,-7.2087715E+1,6.6929245E+1,3.8610852E+3,0.0000000E+0
13357962,1/10/2021,4:18:36 PM,-6.2059277E+1,7.6283218E+1,3.8709080E+3,0.0000000E+0
13357963,1/10/2021,4:18:36 PM,-5.5754929E+1,8.1766571E+1,3.8691218E+3,0.0000000E+0
13357964,1/10/2021,4:18:36 PM,-4.4795467E+1,8.2411682E+1,3.8673359E+3,0.0000000E+0
13357965,1/10/2021,4:18:36 PM,-3.4607426E+1,8.2142883E+1,3.8673359E+3,0.0000000E+0
13357966,1/10/2021,4:18:37 PM,-1.7501558E+1,7.8487312E+1,3.8691218E+3,0.0000000E+0
13357967,1/10/2021,4:18:37 PM,-2.6746778E+0,7.6014427E+1,3.8709080E+3,0.0000000E+0
13357968,1/10/2021,4:18:37 PM,1.0399362E+1,7.0477303E+1,3.8691218E+3,0.0000000E+0
13357969,1/10/2021,4:18:37 PM,2.6441029E+1,6.1687798E+1,3.8655500E+3,0.0000000E+0
13357970,1/10/2021,4:18:37 PM,3.7054680E+1,5.6419476E+1,3.8691218E+3,0.0000000E+0
13357971,1/10/2021,4:18:37 PM,5.0381599E+1,4.9054569E+1,3.8691218E+3,0.0000000E+0
13357972,1/10/2021,4:18:37 PM,6.2405087E+1,4.2281006E+1,3.8673359E+3,0.0000000E+0
13357973,1/10/2021,4:18:37 PM,6.6820793E+1,3.7577145E+1,3.8691218E+3,0.0000000E+0
13357974,1/10/2021,4:18:37 PM,6.6661186E+1,3.3491505E+1,3.8673359E+3,0.0000000E+0
13357975,1/10/2021,4:18:37 PM,6.2910496E+1,2.9486502E+1,3.8691218E+3,0.0000000E+0
13357976,1/10/2021,4:18:38 PM,6.0676044E+1,2.5750290E+1,3.8691218E+3,0.0000000E+0
13357977,1/10/2021,4:18:38 PM,5.5488922E+1,2.0831392E+1,3.8700146E+3,0.0000000E+0
13357978,1/10/2021,4:18:38 PM,5.1472221E+1,1.3321468E+1,3.8655500E+3,0.0000000E+0
13357979,1/10/2021,4:18:38 PM,4.1523590E+1,6.9213138E+0,3.8601924E+3,0.0000000E+0
13357980,1/10/2021,4:18:38 PM,3.3224194E+1,-4.5341449E-3,3.8619785E+3,0.0000000E+0
13357981,1/10/2021,4:18:38 PM,2.9899113E+1,-8.9767027E+0,3.8610852E+3,0.0000000E+0
13357982,1/10/2021,4:18:38 PM,2.4419382E+1,-1.8203348E+1,3.8575137E+3,0.0000000E+0
13357983,1/10/2021,4:18:38 PM,1.6885805E+1,-2.9513378E+1,3.8512629E+3,0.0000000E+0
13357984,1/10/2021,4:18:38 PM,1.1799276E+1,-4.0856407E+1,3.8459053E+3,0.0000000E+0
13357985,1/10/2021,4:18:38 PM,3.3047128E+0,-4.6662319E+1,3.8423335E+3,0.0000000E+0
13357986,1/10/2021,4:18:39 PM,-2.8823352E-1,-5.0909233E+1,3.8476914E+3,0.0000000E+0
13357987,1/10/2021,4:18:39 PM,-6.0127888E+0,-5.1446819E+1,3.8467981E+3,0.0000000E+0
13357988,1/10/2021,4:18:39 PM,-1.5559571E+1,-5.0909233E+1,3.8467981E+3,0.0000000E+0
13357989,1/10/2021,4:18:39 PM,-2.6919842E+1,-5.1231785E+1,3.8423335E+3,0.0000000E+0
13357990,1/10/2021,4:18:39 PM,-3.9395538E+1,-4.7656849E+1,3.8423335E+3,0.0000000E+0
13357991,1/10/2021,4:18:39 PM,-5.1020016E+1,-4.1125198E+1,3.8512629E+3,0.0000000E+0
13357992,1/10/2021,4:18:39 PM,-6.3947922E+1,-3.3867813E+1,3.8494771E+3,0.0000000E+0
13357993,1/10/2021,4:18:39 PM,-7.9775299E+1,-2.7309284E+1,3.8521558E+3,0.0000000E+0
13357994,1/10/2021,4:18:39 PM,-9.2995811E+1,-2.4728880E+1,3.8459053E+3,0.0000000E+0
13357995,1/10/2021,4:18:39 PM,-1.0310406E+2,-2.2229111E+1,3.8485842E+3,0.0000000E+0
13357996,1/10/2021,4:18:40 PM,-1.0845078E+2,-2.1261459E+1,3.8494771E+3,0.0000000E+0
13357997,1/10/2021,4:18:40 PM,-1.1028622E+2,-2.1933441E+1,3.8512629E+3,0.0000000E+0
13357998,1/10/2021,4:18:40 PM,-1.1145666E+2,-2.4648241E+1,3.8476914E+3,0.0000000E+0
13357999,1/10/2021,4:18:40 PM,-1.1108424E+2,-3.0588549E+1,3.8423335E+3,0.0000000E+0
13358000,1/10/2021,4:18:40 PM,-1.0430108E+2,-3.8249126E+1,3.8405476E+3,0.0000000E+0
13358001,1/10/2021,4:18:40 PM,-9.2862808E+1,-4.4243191E+1,3.8396548E+3,0.0000000E+0
13358002,1/10/2021,4:18:40 PM,-8.5042221E+1,-4.6716076E+1,3.8441196E+3,0.0000000E+0
13358003,1/10/2021,4:18:40 PM,-8.0759521E+1,-4.7603092E+1,3.8369758E+3,0.0000000E+0
13358004,1/10/2021,4:18:40 PM,-7.5971413E+1,-4.8705139E+1,3.8396548E+3,0.0000000E+0
13358005,1/10/2021,4:18:40 PM,-6.5863167E+1,-4.7791248E+1,3.8405476E+3,0.0000000E+0
13358006,1/10/2021,4:18:41 PM,-5.3946083E+1,-4.4538860E+1,3.8459053E+3,0.0000000E+0
13358007,1/10/2021,4:18:41 PM,-4.4715664E+1,-4.0802650E+1,3.8459053E+3,0.0000000E+0
13358008,1/10/2021,4:18:41 PM,-3.5724651E+1,-3.3276470E+1,3.8503701E+3,0.0000000E+0
13358009,1/10/2021,4:18:41 PM,-2.3834167E+1,-2.7604954E+1,3.8512629E+3,0.0000000E+0
13358010,1/10/2021,4:18:41 PM,-7.3153405E+0,-2.2659178E+1,3.8566208E+3,0.0000000E+0
13358011,1/10/2021,4:18:41 PM,1.2065049E+1,-1.8200689E+1,3.8584065E+3,0.0000000E+0
13358012,1/10/2021,4:18:41 PM,2.8675484E+1,-1.4446216E+1,3.8584065E+3,0.0000000E+0
13358013,1/10/2021,4:18:41 PM,4.3492035E+1,-1.0258328E+1,3.8628713E+3,0.0000000E+0
13358014,1/10/2021,4:18:41 PM,5.5728329E+1,-8.0141535E+0,3.8601924E+3,0.0000000E+0
13358015,1/10/2021,4:18:41 PM,6.9720261E+1,-4.2049837E+0,3.8637642E+3,0.0000000E+0
13358016,1/10/2021,4:18:42 PM,8.2249161E+1,-7.4626690E-1,3.8664431E+3,0.0000000E+0
13358017,1/10/2021,4:18:42 PM,9.0122948E+1,2.7267129E+0,3.8655500E+3,0.0000000E+0
13358018,1/10/2021,4:18:42 PM,9.2596802E+1,9.1947384E+0,3.8655500E+3,0.0000000E+0
13358019,1/10/2021,4:18:42 PM,9.1213570E+1,1.4972692E+1,3.8664431E+3,0.0000000E+0
13358020,1/10/2021,4:18:42 PM,8.6824471E+1,2.3277401E+1,3.8673359E+3,0.0000000E+0
13358021,1/10/2021,4:18:42 PM,8.2568367E+1,3.1421803E+1,3.8709080E+3,0.0000000E+0
13358022,1/10/2021,4:18:42 PM,7.5173393E+1,3.8840466E+1,3.8700146E+3,0.0000000E+0
13358023,1/10/2021,4:18:42 PM,6.5650368E+1,4.4915173E+1,3.8682290E+3,0.0000000E+0
13358024,1/10/2021,4:18:42 PM,5.7590370E+1,5.0049099E+1,3.8682290E+3,0.0000000E+0
13358025,1/10/2021,4:18:42 PM,4.8758961E+1,5.4779842E+1,3.8718008E+3,0.0000000E+0
13358026,1/10/2021,4:18:43 PM,4.3226028E+1,5.5639980E+1,3.8709080E+3,0.0000000E+0
13358027,1/10/2021,4:18:43 PM,4.0060555E+1,5.5720615E+1,3.8691218E+3,0.0000000E+0
13358028,1/10/2021,4:18:43 PM,3.3782803E+1,5.4134743E+1,3.8700146E+3,0.0000000E+0
13358029,1/10/2021,4:18:43 PM,2.7531656E+1,5.2172562E+1,3.8664431E+3,0.0000000E+0
13358030,1/10/2021,4:18:43 PM,1.7104214E+1,5.0909233E+1,3.8646572E+3,0.0000000E+0
13358031,1/10/2021,4:18:43 PM,1.1559817E+1,4.7495575E+1,3.8691218E+3,0.0000000E+0
13358032,1/10/2021,4:18:43 PM,-1.0734851E+0,4.5264599E+1,3.8655500E+3,0.0000000E+0
13358033,1/10/2021,4:18:43 PM,-2.1227304E+1,4.1313354E+1,3.8584065E+3,0.0000000E+0
13358034,1/10/2021,4:18:43 PM,-3.6841877E+1,3.8302883E+1,3.8619785E+3,0.0000000E+0
13358035,1/10/2021,4:18:43 PM,-5.6845554E+1,3.5561203E+1,3.8584065E+3,0.0000000E+0
13358036,1/10/2021,4:18:44 PM,-7.4880783E+1,3.0024084E+1,3.8548347E+3,0.0000000E+0
13358037,1/10/2021,4:18:44 PM,-8.6641518E+1,2.4514765E+1,3.8584065E+3,0.0000000E+0
13358038,1/10/2021,4:18:44 PM,-9.8186623E+1,1.7076015E+1,3.8512629E+3,0.0000000E+0
13358039,1/10/2021,4:18:44 PM,-1.0348035E+2,3.7429233E+0,3.8432266E+3,0.0000000E+0
13358040,1/10/2021,4:18:44 PM,-1.0353356E+2,-7.8838964E+0,3.8432266E+3,0.0000000E+0
13358041,1/10/2021,4:18:44 PM,-9.8904869E+1,-1.7956139E+1,3.8441196E+3,0.0000000E+0
13358042,1/10/2021,4:18:44 PM,-9.1456413E+1,-2.9702650E+1,3.8423335E+3,0.0000000E+0
13358043,1/10/2021,4:18:44 PM,-8.0975372E+1,-4.1072987E+1,3.8378687E+3,0.0000000E+0
13358044,1/10/2021,4:18:44 PM,-6.8499207E+1,-5.1475632E+1,3.8387620E+3,0.0000000E+0
13358045,1/10/2021,4:18:44 PM,-5.6555073E+1,-5.7443043E+1,3.8369758E+3,0.0000000E+0
13358046,1/10/2021,4:18:45 PM,-4.5861214E+1,-5.9512817E+1,3.8414407E+3,0.0000000E+0
13358047,1/10/2021,4:18:45 PM,-3.8678772E+1,-5.5131344E+1,3.8459053E+3,0.0000000E+0
13358048,1/10/2021,4:18:45 PM,-3.2054966E+1,-4.8518806E+1,3.8539419E+3,0.0000000E+0
13358049,1/10/2021,4:18:45 PM,-2.4739519E+1,-5.0749866E+1,3.8432266E+3,0.0000000E+0
13358050,1/10/2021,4:18:45 PM,-2.3728657E+1,-4.5427582E+1,3.8512629E+3,0.0000000E+0
13358051,1/10/2021,4:18:45 PM,-2.1095095E+1,-3.9110729E+1,3.8566208E+3,0.0000000E+0
13358052,1/10/2021,4:18:45 PM,-1.7530577E+1,-3.5804459E+1,3.8584065E+3,0.0000000E+0
13358053,1/10/2021,4:18:45 PM,-1.4399177E+1,-3.4191647E+1,3.8601924E+3,0.0000000E+0
13358054,1/10/2021,4:18:45 PM,-9.1415825E+0,-4.0535381E+1,3.8494771E+3,0.0000000E+0
13358055,1/10/2021,4:18:45 PM,-3.5218563E+0,-4.5992065E+1,3.8512629E+3,0.0000000E+0
13358056,1/10/2021,4:18:46 PM,5.5496826E+0,-5.0722988E+1,3.8494771E+3,0.0000000E+0
13358057,1/10/2021,4:18:46 PM,1.3130829E+1,-5.4136776E+1,3.8512629E+3,0.0000000E+0
13358058,1/10/2021,4:18:46 PM,2.2318769E+1,-5.6475357E+1,3.8530491E+3,0.0000000E+0
13358059,1/10/2021,4:18:46 PM,2.9926838E+1,-6.1797638E+1,3.8423335E+3,0.0000000E+0
13358060,1/10/2021,4:18:46 PM,3.4103294E+1,-6.0964355E+1,3.8459053E+3,0.0000000E+0
13358061,1/10/2021,4:18:46 PM,3.6896465E+1,-5.3679810E+1,3.8494771E+3,0.0000000E+0
13358062,1/10/2021,4:18:46 PM,3.4369308E+1,-4.4836216E+1,3.8521558E+3,0.0000000E+0
13358063,1/10/2021,4:18:46 PM,3.0512072E+1,-3.3734684E+1,3.8575137E+3,0.0000000E+0
13358064,1/10/2021,4:18:46 PM,2.3808460E+1,-2.6235100E+1,3.8467981E+3,0.0000000E+0
13358065,1/10/2021,4:18:46 PM,2.0056749E+1,-1.5932651E+1,3.8601924E+3,0.0000000E+0
13358066,1/10/2021,4:18:47 PM,1.5764889E+1,-4.5909667E+0,3.8584065E+3,0.0000000E+0
13358067,1/10/2021,4:18:47 PM,1.0841486E+1,5.5230942E+0,3.8637642E+3,0.0000000E+0
13358068,1/10/2021,4:18:47 PM,6.1733313E+0,1.3733667E+1,3.8673359E+3,0.0000000E+0
13358069,1/10/2021,4:18:47 PM,5.2716894E+0,1.6703756E+1,3.8601924E+3,0.0000000E+0
13358070,1/10/2021,4:18:47 PM,3.1168904E+0,2.0322638E+1,3.8637642E+3,0.0000000E+0
13358071,1/10/2021,4:18:47 PM,3.1160979E+0,2.3466438E+1,3.8601924E+3,0.0000000E+0
13358072,1/10/2021,4:18:47 PM,-4.7088704E-1,2.8761843E+1,3.8664431E+3,0.0000000E+0
13358073,1/10/2021,4:18:47 PM,-7.2311654E+0,3.4003487E+1,3.8628713E+3,0.0000000E+0
13358074,1/10/2021,4:18:47 PM,-1.1615126E+1,3.3331482E+1,3.8584065E+3,0.0000000E+0
13358075,1/10/2021,4:18:47 PM,-1.7848980E+1,3.5239979E+1,3.8601924E+3,0.0000000E+0
13358076,1/10/2021,4:18:48 PM,-2.5005535E+1,3.7497913E+1,3.8557275E+3,0.0000000E+0
13358077,1/10/2021,4:18:48 PM,-3.2108173E+1,4.2658920E+1,3.8619785E+3,0.0000000E+0
13358078,1/10/2021,4:18:48 PM,-4.1578354E+1,4.7766159E+1,3.8637642E+3,0.0000000E+0
13358079,1/10/2021,4:18:48 PM,-4.6526257E+1,4.8572567E+1,3.8601924E+3,0.0000000E+0
13358080,1/10/2021,4:18:48 PM,-4.8893803E+1,4.7927441E+1,3.8601924E+3,0.0000000E+0
13358081,1/10/2021,4:18:48 PM,-5.1128338E+1,4.5830784E+1,3.8575137E+3,0.0000000E+0
13358082,1/10/2021,4:18:48 PM,-5.1367752E+1,4.4701817E+1,3.8610852E+3,0.0000000E+0
13358083,1/10/2021,4:18:48 PM,-4.9638645E+1,4.2658920E+1,3.8601924E+3,0.0000000E+0
13358084,1/10/2021,4:18:48 PM,-4.4956760E+1,3.7820480E+1,3.8619785E+3,0.0000000E+0
13358085,1/10/2021,4:18:48 PM,-3.7455101E+1,2.8761843E+1,3.8575137E+3,0.0000000E+0
13358086,1/10/2021,4:18:49 PM,-2.8011520E+1,1.8801697E+1,3.8548347E+3,0.0000000E+0
13358087,1/10/2021,4:18:49 PM,-1.9951225E+1,1.1162428E+1,3.8566208E+3,0.0000000E+0
13358088,1/10/2021,4:18:49 PM,-1.3962360E+1,4.8055801E+0,3.8584065E+3,0.0000000E+0
13358089,1/10/2021,4:18:49 PM,-6.1022830E+0,-1.4802650E+0,3.8601924E+3,0.0000000E+0
13358090,1/10/2021,4:18:49 PM,-1.3770278E+0,-8.2800856E+0,3.8539419E+3,0.0000000E+0
13358091,1/10/2021,4:18:49 PM,2.4052281E+0,-1.5626866E+1,3.8566208E+3,0.0000000E+0
13358092,1/10/2021,4:18:49 PM,4.5616126E+0,-2.0966576E+1,3.8494771E+3,0.0000000E+0
13358093,1/10/2021,4:18:49 PM,1.3686422E+0,-2.2149305E+1,3.8566208E+3,0.0000000E+0
13358094,1/10/2021,4:18:49 PM,1.4756293E+0,-2.4407246E+1,3.8566208E+3,0.0000000E+0
13358095,1/10/2021,4:18:49 PM,3.0083182E+0,-3.0670340E+1,3.8530491E+3,0.0000000E+0
13358096,1/10/2021,4:18:50 PM,7.4074717E+0,-3.8626884E+1,3.8512629E+3,0.0000000E+0
13358097,1/10/2021,4:18:50 PM,1.3220297E+1,-4.6072708E+1,3.8476914E+3,0.0000000E+0
13358098,1/10/2021,4:18:50 PM,1.7720039E+1,-5.1072430E+1,3.8503701E+3,0.0000000E+0
13358099,1/10/2021,4:18:50 PM,2.2052753E+1,-5.4889423E+1,3.8512629E+3,0.0000000E+0
13358100,1/10/2021,4:18:50 PM,2.7532688E+1,-5.9593460E+1,3.8512629E+3,0.0000000E+0
13358101,1/10/2021,4:18:50 PM,3.2187977E+1,-6.4781342E+1,3.8467981E+3,0.0000000E+0
13358102,1/10/2021,4:18:50 PM,3.5087555E+1,-6.7523132E+1,3.8432266E+3,0.0000000E+0
13358103,1/10/2021,4:18:50 PM,3.3837276E+1,-6.2684689E+1,3.8512629E+3,0.0000000E+0
13358104,1/10/2021,4:18:50 PM,2.7000658E+1,-5.3894855E+1,3.8512629E+3,0.0000000E+0
13358105,1/10/2021,4:18:50 PM,1.9904125E+1,-4.5508221E+1,3.8512629E+3,0.0000000E+0
13358106,1/10/2021,4:18:51 PM,1.1073051E+1,-3.7282875E+1,3.8503701E+3,0.0000000E+0
13358107,1/10/2021,4:18:51 PM,2.0351322E+0,-2.7122147E+1,3.8530491E+3,0.0000000E+0
13358108,1/10/2021,4:18:51 PM,-6.4417372E+0,-1.6094849E+1,3.8548347E+3,0.0000000E+0
13358109,1/10/2021,4:18:51 PM,-1.6488531E+1,-5.4908080E+0,3.8566208E+3,0.0000000E+0
13358110,1/10/2021,4:18:51 PM,-2.4553307E+1,3.1807642E+0,3.8584065E+3,0.0000000E+0
13358111,1/10/2021,4:18:51 PM,-3.0379066E+1,8.7799749E+0,3.8539419E+3,0.0000000E+0
13358112,1/10/2021,4:18:51 PM,-3.1762348E+1,1.1173063E+1,3.8584065E+3,0.0000000E+0
13358113,1/10/2021,4:18:51 PM,-3.6391033E+1,1.7006882E+1,3.8566208E+3,0.0000000E+0
13358114,1/10/2021,4:18:51 PM,-4.2802029E+1,2.1853624E+1,3.8584065E+3,0.0000000E+0
13358115,1/10/2021,4:18:51 PM,-4.7404110E+1,2.5778137E+1,3.8575137E+3,0.0000000E+0
13358116,1/10/2021,4:18:52 PM,-5.4692955E+1,2.9971451E+1,3.8575137E+3,0.0000000E+0
13358117,1/10/2021,4:18:52 PM,-5.8363983E+1,3.3035797E+1,3.8584065E+3,0.0000000E+0
13358118,1/10/2021,4:18:52 PM,-6.5200600E+1,3.7282875E+1,3.8584065E+3,0.0000000E+0
13358119,1/10/2021,4:18:52 PM,-7.4324959E+1,4.2524517E+1,3.8601924E+3,0.0000000E+0
13358120,1/10/2021,4:18:52 PM,-8.2278847E+1,4.4943737E+1,3.8601924E+3,0.0000000E+0
13358121,1/10/2021,4:18:52 PM,-8.8237617E+1,4.5078140E+1,3.8584065E+3,0.0000000E+0
13358122,1/10/2021,4:18:52 PM,-8.8290817E+1,4.1476189E+1,3.8575137E+3,0.0000000E+0
13358123,1/10/2021,4:18:52 PM,-8.6694725E+1,3.7094711E+1,3.8575137E+3,0.0000000E+0
13358124,1/10/2021,4:18:52 PM,-8.1241386E+1,3.0616577E+1,3.8566208E+3,0.0000000E+0
13358125,1/10/2021,4:18:52 PM,-7.3526909E+1,2.1154737E+1,3.8530491E+3,0.0000000E+0
13358126,1/10/2021,4:18:53 PM,-6.4907982E+1,1.0612017E+1,3.8494771E+3,0.0000000E+0
13358127,1/10/2021,4:18:53 PM,-4.7723328E+1,1.0668577E-2,3.8548347E+3,0.0000000E+0
13358128,1/10/2021,4:18:53 PM,-3.0033243E+1,-1.0957685E+1,3.8539419E+3,0.0000000E+0
13358129,1/10/2021,4:18:53 PM,-1.4609692E+1,-2.3520197E+1,3.8459053E+3,0.0000000E+0
13358130,1/10/2021,4:18:53 PM,1.2212378E+0,-3.1960587E+1,3.8485842E+3,0.0000000E+0
13358131,1/10/2021,4:18:53 PM,1.5135977E+1,-3.8465603E+1,3.8503701E+3,0.0000000E+0
13358132,1/10/2021,4:18:53 PM,3.0512072E+1,-4.2336353E+1,3.8539419E+3,0.0000000E+0
13358133,1/10/2021,4:18:53 PM,4.3759686E+1,-4.5884548E+1,3.8566208E+3,0.0000000E+0
13358134,1/10/2021,4:18:53 PM,5.1846581E+1,-5.0158501E+1,3.8539419E+3,0.0000000E+0
13358135,1/10/2021,4:18:53 PM,5.7246712E+1,-5.3760452E+1,3.8512629E+3,0.0000000E+0
13358136,1/10/2021,4:18:54 PM,5.9029022E+1,-5.4808781E+1,3.8503701E+3,0.0000000E+0
13358137,1/10/2021,4:18:54 PM,6.4136536E+1,-5.2308922E+1,3.8610852E+3,0.0000000E+0
13358138,1/10/2021,4:18:54 PM,7.1558395E+1,-5.2362682E+1,3.8566208E+3,0.0000000E+0
13358139,1/10/2021,4:18:54 PM,7.6745705E+1,-5.3034687E+1,3.8610852E+3,0.0000000E+0
13358140,1/10/2021,4:18:54 PM,8.0789162E+1,-5.5292625E+1,3.8512629E+3,0.0000000E+0
13358141,1/10/2021,4:18:54 PM,8.0150719E+1,-5.5131344E+1,3.8503701E+3,0.0000000E+0
13358142,1/10/2021,4:18:54 PM,7.8022583E+1,-4.9163933E+1,3.8584065E+3,0.0000000E+0
13358143,1/10/2021,4:18:54 PM,7.7570358E+1,-4.5212540E+1,3.8530491E+3,0.0000000E+0
13358144,1/10/2021,4:18:54 PM,7.4404770E+1,-4.0804184E+1,3.8548347E+3,0.0000000E+0
13358145,1/10/2021,4:18:54 PM,6.6903107E+1,-3.5320618E+1,3.8459053E+3,0.0000000E+0
13358146,1/10/2021,4:18:55 PM,5.7166908E+1,-2.5025490E+1,3.8512629E+3,0.0000000E+0
13358147,1/10/2021,4:18:55 PM,4.6100628E+1,-6.8708229E+0,3.8601924E+3,0.0000000E+0
13358148,1/10/2021,4:18:55 PM,3.0059845E+1,1.1103930E+1,3.8610852E+3,0.0000000E+0
13358149,1/10/2021,4:18:55 PM,1.6164865E+1,2.6960865E+1,3.8646572E+3,0.0000000E+0
13358150,1/10/2021,4:18:55 PM,1.3844922E+0,4.1314907E+1,3.8619785E+3,0.0000000E+0
13358151,1/10/2021,4:18:55 PM,-1.4888622E+1,5.5991512E+1,3.8673359E+3,0.0000000E+0
13358152,1/10/2021,4:18:55 PM,-2.8171127E+1,7.0587471E+1,3.8780513E+3,0.0000000E+0
13358153,1/10/2021,4:18:55 PM,-4.6020824E+1,8.0828842E+1,3.8682290E+3,0.0000000E+0
13358154,1/10/2021,4:18:55 PM,-6.0359104E+1,8.7011292E+1,3.8744795E+3,0.0000000E+0
13358155,1/10/2021,4:18:55 PM,-7.1664795E+1,8.9054192E+1,3.8691218E+3,0.0000000E+0
13358156,1/10/2021,4:18:56 PM,-7.7410751E+1,8.3839424E+1,3.8673359E+3,0.0000000E+0
13358157,1/10/2021,4:18:56 PM,-8.1374390E+1,7.7495689E+1,3.8673359E+3,0.0000000E+0
13358158,1/10/2021,4:18:56 PM,-8.7306564E+1,6.9297226E+1,3.8584065E+3,0.0000000E+0
13358159,1/10/2021,4:18:56 PM,-9.2281067E+1,5.8840813E+1,3.8619785E+3,0.0000000E+0
13358160,1/10/2021,4:18:56 PM,-9.1908646E+1,4.5239422E+1,3.8557275E+3,0.0000000E+0
13358161,1/10/2021,4:18:56 PM,-9.1935242E+1,2.9702650E+1,3.8503701E+3,0.0000000E+0
13358162,1/10/2021,4:18:56 PM,-8.9062271E+1,1.5166862E+1,3.8476914E+3,0.0000000E+0
13358163,1/10/2021,4:18:56 PM,-8.9275078E+1,6.3337073E+0,3.8512629E+3,0.0000000E+0
13358164,1/10/2021,4:18:56 PM,-8.7838593E+1,-3.9030826E+0,3.8441196E+3,0.0000000E+0
13358165,1/10/2021,4:18:56 PM,-8.8583435E+1,-1.1095953E+1,3.8494771E+3,0.0000000E+0
13358166,1/10/2021,4:18:57 PM,-8.6348900E+1,-1.9697775E+1,3.8423335E+3,0.0000000E+0
13358167,1/10/2021,4:18:57 PM,-8.0576340E+1,-2.6557665E+1,3.8441196E+3,0.0000000E+0
13358168,1/10/2021,4:18:57 PM,-7.4803787E+1,-3.1879948E+1,3.8476914E+3,0.0000000E+0
13358169,1/10/2021,4:18:57 PM,-7.1079567E+1,-3.6261425E+1,3.8485842E+3,0.0000000E+0
13358170,1/10/2021,4:18:57 PM,-6.7302132E+1,-4.1771873E+1,3.8459053E+3,0.0000000E+0
13358171,1/10/2021,4:18:57 PM,-6.1529575E+1,-4.9647778E+1,3.8414407E+3,0.0000000E+0
13358172,1/10/2021,4:18:57 PM,-4.8308563E+1,-5.6851681E+1,3.8459053E+3,0.0000000E+0
13358173,1/10/2021,4:18:57 PM,-3.7002872E+1,-6.2281483E+1,3.8459053E+3,0.0000000E+0
13358174,1/10/2021,4:18:57 PM,-2.5750380E+1,-6.8114494E+1,3.8476914E+3,0.0000000E+0
13358175,1/10/2021,4:18:57 PM,-1.3933414E+1,-7.3893738E+1,3.8459053E+3,0.0000000E+0
13358176,1/10/2021,4:18:58 PM,-4.8136263E+0,-8.0560036E+1,3.8396548E+3,0.0000000E+0
13358177,1/10/2021,4:18:58 PM,6.1917515E+0,-8.4860870E+1,3.8423335E+3,0.0000000E+0
13358178,1/10/2021,4:18:58 PM,1.8114754E+1,-8.6876884E+1,3.8405476E+3,0.0000000E+0
13358179,1/10/2021,4:18:58 PM,3.2613602E+1,-8.6500572E+1,3.8494771E+3,0.0000000E+0
13358180,1/10/2021,4:18:58 PM,4.3945896E+1,-8.3221176E+1,3.8494771E+3,0.0000000E+0
13358181,1/10/2021,4:18:58 PM,4.8148952E+1,-8.1877167E+1,3.8414407E+3,0.0000000E+0
13358182,1/10/2021,4:18:58 PM,5.5464405E+1,-7.6904327E+1,3.8494771E+3,0.0000000E+0
13358183,1/10/2021,4:18:58 PM,6.2407429E+1,-6.8168251E+1,3.8476914E+3,0.0000000E+0
13358184,1/10/2021,4:18:58 PM,6.7993774E+1,-5.8303211E+1,3.8566208E+3,0.0000000E+0
13358185,1/10/2021,4:18:58 PM,7.1239174E+1,-4.7551117E+1,3.8530491E+3,0.0000000E+0
13358186,1/10/2021,4:18:59 PM,6.9563271E+1,-3.4460449E+1,3.8601924E+3,0.0000000E+0
13358187,1/10/2021,4:18:59 PM,6.5413414E+1,-2.1074097E+1,3.8575137E+3,0.0000000E+0
13358188,1/10/2021,4:18:59 PM,6.2327625E+1,-6.7352138E+0,3.8601924E+3,0.0000000E+0
13358189,1/10/2021,4:18:59 PM,5.7406322E+1,1.0199875E+1,3.8673359E+3,0.0000000E+0
13358190,1/10/2021,4:18:59 PM,4.9824856E+1,2.5751257E+1,3.8682290E+3,0.0000000E+0
13358191,1/10/2021,4:18:59 PM,4.2083782E+1,4.0105297E+1,3.8709080E+3,0.0000000E+0
13358192,1/10/2021,4:18:59 PM,2.9341600E+1,5.2470200E+1,3.8682290E+3,0.0000000E+0
13358193,1/10/2021,4:18:59 PM,1.9254164E+1,6.2926609E+1,3.8726936E+3,0.0000000E+0
13358194,1/10/2021,4:18:59 PM,9.6099768E+0,7.2146523E+1,3.8700146E+3,0.0000000E+0
13358195,1/10/2021,4:18:59 PM,-2.0033816E-1,7.9242905E+1,3.8726936E+3,0.0000000E+0
13358196,1/10/2021,4:19:00 PM,-1.0507295E+1,8.5102791E+1,3.8726936E+3,0.0000000E+0
13358197,1/10/2021,4:19:00 PM,-1.7251646E+1,8.6231766E+1,3.8691218E+3,0.0000000E+0
13358198,1/10/2021,4:19:00 PM,-2.1174898E+1,8.6204880E+1,3.8744795E+3,0.0000000E+0
13358199,1/10/2021,4:19:00 PM,-2.5111940E+1,8.2307251E+1,3.8673359E+3,0.0000000E+0
13358200,1/10/2021,4:19:00 PM,-2.7000658E+1,7.4243179E+1,3.8628713E+3,0.0000000E+0
13358201,1/10/2021,4:19:00 PM,-2.6841047E+1,6.5964073E+1,3.8619785E+3,0.0000000E+0
13358202,1/10/2021,4:19:00 PM,-2.6282413E+1,5.8195690E+1,3.8655500E+3,0.0000000E+0
13358203,1/10/2021,4:19:00 PM,-2.4739519E+1,4.7685520E+1,3.8601924E+3,0.0000000E+0
13358204,1/10/2021,4:19:00 PM,-2.0935484E+1,3.6315186E+1,3.8584065E+3,0.0000000E+0
13358205,1/10/2021,4:19:00 PM,-2.1786737E+1,2.6261980E+1,3.8601924E+3,0.0000000E+0
13358206,1/10/2021,4:19:01 PM,-2.0775875E+1,1.5036572E+1,3.8530491E+3,0.0000000E+0
13358207,1/10/2021,4:19:01 PM,-1.9912020E+1,8.0062103E+0,3.8575137E+3,0.0000000E+0
13358208,1/10/2021,4:19:01 PM,-1.7951605E+1,1.1307248E+0,3.8548347E+3,0.0000000E+0
13358209,1/10/2021,4:19:01 PM,-1.9640984E+1,-4.7495241E+0,3.8557275E+3,0.0000000E+0
13358210,1/10/2021,4:19:01 PM,-2.2132557E+1,-1.2212728E+1,3.8494771E+3,0.0000000E+0
13358211,1/10/2021,4:19:01 PM,-2.5377956E+1,-1.6990927E+1,3.8494771E+3,0.0000000E+0
13358212,1/10/2021,4:19:01 PM,-2.5404558E+1,-2.0285412E+1,3.8584065E+3,0.0000000E+0
13358213,1/10/2021,4:19:01 PM,-2.3569046E+1,-2.8412399E+1,3.8503701E+3,0.0000000E+0
13358214,1/10/2021,4:19:01 PM,-2.3781860E+1,-3.4003487E+1,3.8539419E+3,0.0000000E+0
13358215,1/10/2021,4:19:01 PM,-2.8942577E+1,-4.2363235E+1,3.8441196E+3,0.0000000E+0
13358216,1/10/2021,4:19:02 PM,-2.8091324E+1,-4.9190815E+1,3.8467981E+3,0.0000000E+0
13358217,1/10/2021,4:19:02 PM,-2.5218349E+1,-5.4486217E+1,3.8494771E+3,0.0000000E+0
13358218,1/10/2021,4:19:02 PM,-2.1893143E+1,-6.0749310E+1,3.8467981E+3,0.0000000E+0
13358219,1/10/2021,4:19:02 PM,-1.9772554E+1,-6.7523132E+1,3.8459053E+3,0.0000000E+0
13358220,1/10/2021,4:19:02 PM,-1.9817289E+1,-7.2576607E+1,3.8396548E+3,0.0000000E+0
13358221,1/10/2021,4:19:02 PM,-2.4313892E+1,-7.3624939E+1,3.8405476E+3,0.0000000E+0
13358222,1/10/2021,4:19:02 PM,-2.4766121E+1,-7.1635803E+1,3.8423335E+3,0.0000000E+0
13358223,1/10/2021,4:19:02 PM,-2.7266672E+1,-6.6904884E+1,3.8450125E+3,0.0000000E+0
13358224,1/10/2021,4:19:02 PM,-3.1017506E+1,-6.0104187E+1,3.8476914E+3,0.0000000E+0
13358225,1/10/2021,4:19:02 PM,-3.8120140E+1,-5.2765881E+1,3.8423335E+3,0.0000000E+0
13358226,1/10/2021,4:19:03 PM,-4.4850353E+1,-4.3922291E+1,3.8423335E+3,0.0000000E+0
13358227,1/10/2021,4:19:03 PM,-5.0649509E+1,-2.9971451E+1,3.8539419E+3,0.0000000E+0
13358228,1/10/2021,4:19:03 PM,-5.4027912E+1,-2.0056740E+1,3.8503701E+3,0.0000000E+0
13358229,1/10/2021,4:19:03 PM,-5.6422062E+1,-1.3215165E+1,3.8539419E+3,0.0000000E+0
13358230,1/10/2021,4:19:03 PM,-6.0305901E+1,-6.5597210E+0,3.8512629E+3,0.0000000E+0
13358231,1/10/2021,4:19:03 PM,-6.4109932E+1,-2.3655531E+0,3.8494771E+3,0.0000000E+0
13358232,1/10/2021,4:19:03 PM,-6.1715790E+1,3.1271107E+0,3.8557275E+3,0.0000000E+0
13358233,1/10/2021,4:19:03 PM,-5.7645737E+1,6.3576384E+0,3.8566208E+3,0.0000000E+0
13358234,1/10/2021,4:19:03 PM,-5.0011070E+1,7.2111731E+0,3.8575137E+3,0.0000000E+0
13358235,1/10/2021,4:19:03 PM,-4.3679882E+1,4.9681420E+0,3.8521558E+3,0.0000000E+0
13358236,1/10/2021,4:19:04 PM,-3.6284626E+1,3.6171982E+0,3.8530491E+3,0.0000000E+0
13358237,1/10/2021,4:19:04 PM,-2.6708040E+1,4.9625363E+0,3.8566208E+3,0.0000000E+0
13358238,1/10/2021,4:19:04 PM,-1.7314800E+1,5.7753201E+0,3.8575137E+3,0.0000000E+0
13358239,1/10/2021,4:19:04 PM,-6.7022491E+0,6.5171771E+0,3.8610852E+3,0.0000000E+0
13358240,1/10/2021,4:19:04 PM,3.5342920E-1,4.9825563E+0,3.8566208E+3,0.0000000E+0
13358241,1/10/2021,4:19:04 PM,6.0838633E+0,4.9953690E+0,3.8557275E+3,0.0000000E+0
13358242,1/10/2021,4:19:04 PM,9.3099947E+0,6.7485089E+0,3.8566208E+3,0.0000000E+0
13358243,1/10/2021,4:19:04 PM,1.3080832E+1,1.0481727E+1,3.8610852E+3,0.0000000E+0
13358244,1/10/2021,4:19:04 PM,1.7064814E+1,1.4645700E+1,3.8619785E+3,0.0000000E+0
13358245,1/10/2021,4:19:04 PM,1.8509468E+1,1.7440296E+1,3.8619785E+3,0.0000000E+0
13358246,1/10/2021,4:19:05 PM,2.0401466E+1,1.9360085E+1,3.8584065E+3,0.0000000E+0
13358247,1/10/2021,4:19:05 PM,2.3116819E+1,2.3090115E+1,3.8619785E+3,0.0000000E+0
13358248,1/10/2021,4:19:05 PM,2.6601633E+1,2.4891090E+1,3.8655500E+3,0.0000000E+0
13358249,1/10/2021,4:19:05 PM,3.4342709E+1,2.4434124E+1,3.8655500E+3,0.0000000E+0
13358250,1/10/2021,4:19:05 PM,4.1711357E+1,2.2660030E+1,3.8655500E+3,0.0000000E+0
13358251,1/10/2021,4:19:05 PM,4.6765671E+1,1.8783085E+1,3.8610852E+3,0.0000000E+0
13358252,1/10/2021,4:19:05 PM,5.2937248E+1,1.6820751E+1,3.8637642E+3,0.0000000E+0
13358253,1/10/2021,4:19:05 PM,5.7459526E+1,1.6328840E+1,3.8637642E+3,0.0000000E+0
13358254,1/10/2021,4:19:05 PM,6.0758133E+1,1.5852880E+1,3.8691218E+3,0.0000000E+0
13358255,1/10/2021,4:19:05 PM,6.3045868E+1,1.3395977E+1,3.8637642E+3,0.0000000E+0
13358256,1/10/2021,4:19:06 PM,6.0651718E+1,1.1154450E+1,3.8619785E+3,0.0000000E+0
13358257,1/10/2021,4:19:06 PM,5.4373737E+1,1.2832272E+1,3.8646572E+3,0.0000000E+0
13358258,1/10/2021,4:19:06 PM,4.7058289E+1,1.4515409E+1,3.8637642E+3,0.0000000E+0
13358259,1/10/2021,4:19:06 PM,3.8731979E+1,1.6304907E+1,3.8655500E+3,0.0000000E+0
13358260,1/10/2021,4:19:06 PM,3.2587002E+1,1.4922235E+1,3.8655500E+3,0.0000000E+0
13358261,1/10/2021,4:19:06 PM,2.5537567E+1,1.0670514E+1,3.8584065E+3,0.0000000E+0
13358262,1/10/2021,4:19:06 PM,1.5893829E+1,8.2189283E+0,3.8601924E+3,0.0000000E+0
13358263,1/10/2021,4:19:06 PM,9.0547457E+0,3.9919708E+0,3.8584065E+3,0.0000000E+0
13358264,1/10/2021,4:19:06 PM,3.1422503E+0,-5.5796659E-1,3.8584065E+3,0.0000000E+0
13358265,1/10/2021,4:19:06 PM,-2.2224601E-1,-7.4318686E+0,3.8592996E+3,0.0000000E+0
13358266,1/10/2021,4:19:07 PM,-6.5680456E+0,-1.5480623E+1,3.8539419E+3,0.0000000E+0
13358267,1/10/2021,4:19:07 PM,-1.4301814E+1,-2.3197636E+1,3.8530491E+3,0.0000000E+0
13358268,1/10/2021,4:19:07 PM,-2.4047876E+1,-2.9568247E+1,3.8459053E+3,0.0000000E+0
13358269,1/10/2021,4:19:07 PM,-3.2374187E+1,-3.3573402E+1,3.8521558E+3,0.0000000E+0
13358270,1/10/2021,4:19:07 PM,-3.9556625E+1,-3.7336632E+1,3.8494771E+3,0.0000000E+0
13358271,1/10/2021,4:19:07 PM,-5.1394356E+1,-4.1019222E+1,3.8459053E+3,0.0000000E+0
13358272,1/10/2021,4:19:07 PM,-6.4216347E+1,-4.3384686E+1,3.8423335E+3,0.0000000E+0
13358273,1/10/2021,4:19:07 PM,-7.5043205E+1,-4.4782459E+1,3.8423335E+3,0.0000000E+0
13358274,1/10/2021,4:19:07 PM,-8.1959633E+1,-4.5185658E+1,3.8423335E+3,0.0000000E+0
13358275,1/10/2021,4:19:07 PM,-8.4220764E+1,-4.7013515E+1,3.8441196E+3,0.0000000E+0
13358276,1/10/2021,4:19:08 PM,-9.0684967E+1,-4.7631760E+1,3.8351899E+3,0.0000000E+0
13358277,1/10/2021,4:19:08 PM,-9.4622009E+1,-4.6260868E+1,3.8396548E+3,0.0000000E+0
13358278,1/10/2021,4:19:08 PM,-9.6723534E+1,-4.1771873E+1,3.8405476E+3,0.0000000E+0
13358279,1/10/2021,4:19:08 PM,-9.5473259E+1,-3.6610867E+1,3.8405476E+3,0.0000000E+0
13358280,1/10/2021,4:19:08 PM,-8.9620895E+1,-3.2148750E+1,3.8459053E+3,0.0000000E+0
13358281,1/10/2021,4:19:08 PM,-8.6322296E+1,-2.7390949E+1,3.8396548E+3,0.0000000E+0
13358282,1/10/2021,4:19:08 PM,-8.2757675E+1,-2.0482733E+1,3.8494771E+3,0.0000000E+0
13358283,1/10/2021,4:19:08 PM,-7.5601837E+1,-1.3861300E+1,3.8503701E+3,0.0000000E+0
13358284,1/10/2021,4:19:08 PM,-6.9244049E+1,-7.6286335E+0,3.8548347E+3,0.0000000E+0
13358285,1/10/2021,4:19:08 PM,-6.4828178E+1,-3.2912738E+0,3.8494771E+3,0.0000000E+0
13358286,1/10/2021,4:19:09 PM,-6.0066486E+1,6.6625267E-1,3.8512629E+3,0.0000000E+0
13358287,1/10/2021,4:19:09 PM,-5.4373737E+1,7.6126795E+0,3.8557275E+3,0.0000000E+0
13358288,1/10/2021,4:19:09 PM,-4.9984467E+1,1.5275880E+1,3.8584065E+3,0.0000000E+0
13358289,1/10/2021,4:19:09 PM,-4.2855232E+1,1.9652573E+1,3.8601924E+3,0.0000000E+0
13358290,1/10/2021,4:19:09 PM,-3.7056076E+1,2.3896523E+1,3.8566208E+3,0.0000000E+0
13358291,1/10/2021,4:19:09 PM,-3.1097309E+1,2.6557665E+1,3.8557275E+3,0.0000000E+0
13358292,1/10/2021,4:19:09 PM,-2.1041891E+1,3.0186493E+1,3.8584065E+3,0.0000000E+0
13358293,1/10/2021,4:19:09 PM,-1.0165209E+1,3.2578835E+1,3.8601924E+3,0.0000000E+0
13358294,1/10/2021,4:19:09 PM,7.8706026E+0,3.4084126E+1,3.8682290E+3,0.0000000E+0
13358295,1/10/2021,4:19:09 PM,2.2797600E+1,3.4218529E+1,3.8637642E+3,0.0000000E+0
13358296,1/10/2021,4:19:10 PM,3.6151619E+1,3.0240255E+1,3.8655500E+3,0.0000000E+0
13358297,1/10/2021,4:19:10 PM,4.7670124E+1,2.9622009E+1,3.8673359E+3,0.0000000E+0
13358298,1/10/2021,4:19:10 PM,5.7858547E+1,2.7283430E+1,3.8691218E+3,0.0000000E+0
13358299,1/10/2021,4:19:10 PM,7.0999756E+1,2.2686911E+1,3.8709080E+3,0.0000000E+0
13358300,1/10/2021,4:19:10 PM,8.0283730E+1,1.8570366E+1,3.8744795E+3,0.0000000E+0
13358301,1/10/2021,4:19:10 PM,8.3183304E+1,1.1710178E+1,3.8682290E+3,0.0000000E+0
13358302,1/10/2021,4:19:10 PM,8.2917290E+1,5.1579309E+0,3.8673359E+3,0.0000000E+0
13358303,1/10/2021,4:19:10 PM,7.7836372E+1,-5.8517140E-1,3.8637642E+3,0.0000000E+0
13358304,1/10/2021,4:19:10 PM,7.4058945E+1,-6.8016887E+0,3.8646572E+3,0.0000000E+0
13358305,1/10/2021,4:19:10 PM,7.4218552E+1,-1.5616231E+1,3.8637642E+3,0.0000000E+0
13358306,1/10/2021,4:19:11 PM,7.0733742E+1,-2.1127857E+1,3.8584065E+3,0.0000000E+0
13358307,1/10/2021,4:19:11 PM,6.4163139E+1,-2.7364069E+1,3.8584065E+3,0.0000000E+0
13358308,1/10/2021,4:19:11 PM,5.5437801E+1,-3.3815323E+1,3.8459053E+3,0.0000000E+0
13358309,1/10/2021,4:19:11 PM,5.4746162E+1,-3.9056969E+1,3.8566208E+3,0.0000000E+0
13358310,1/10/2021,4:19:11 PM,5.7459526E+1,-4.4352375E+1,3.8512629E+3,0.0000000E+0
13358311,1/10/2021,4:19:11 PM,5.5703819E+1,-4.7712402E+1,3.8503701E+3,0.0000000E+0
13358312,1/10/2021,4:19:11 PM,5.0596306E+1,-4.8438164E+1,3.8494771E+3,0.0000000E+0
13358313,1/10/2021,4:19:11 PM,4.4823750E+1,-4.6045826E+1,3.8494771E+3,0.0000000E+0
13358314,1/10/2021,4:19:11 PM,4.0673897E+1,-4.1852512E+1,3.8548347E+3,0.0000000E+0
13358315,1/10/2021,4:19:11 PM,3.3597862E+1,-3.3788445E+1,3.8566208E+3,0.0000000E+0
13358316,1/10/2021,4:19:12 PM,2.2611387E+1,-2.7175907E+1,3.8548347E+3,0.0000000E+0
13358317,1/10/2021,4:19:12 PM,1.0062583E+1,-1.9748297E+1,3.8548347E+3,0.0000000E+0
13358318,1/10/2021,4:19:12 PM,-1.0515189E+1,-9.1043711E+0,3.8584065E+3,0.0000000E+0
13358319,1/10/2021,4:19:12 PM,-2.9634218E+1,1.6232147E+0,3.8601924E+3,0.0000000E+0
13358320,1/10/2021,4:19:12 PM,-4.7244499E+1,7.2430811E+0,3.8566208E+3,0.0000000E+0
13358321,1/10/2021,4:19:12 PM,-6.3338486E+1,1.2834930E+1,3.8566208E+3,0.0000000E+0
13358322,1/10/2021,4:19:12 PM,-8.2598068E+1,1.7756716E+1,3.8566208E+3,0.0000000E+0
13358323,1/10/2021,4:19:12 PM,-9.8239830E+1,1.9248407E+1,3.8485842E+3,0.0000000E+0
13358324,1/10/2021,4:19:12 PM,-1.1475944E+2,2.1772984E+1,3.8512629E+3,0.0000000E+0
13358325,1/10/2021,4:19:12 PM,-1.2587893E+2,2.2418108E+1,3.8476914E+3,0.0000000E+0
13358326,1/10/2021,4:19:13 PM,-1.3202391E+2,2.1692343E+1,3.8512629E+3,0.0000000E+0
13358327,1/10/2021,4:19:13 PM,-1.3798267E+2,1.9104820E+1,3.8459053E+3,0.0000000E+0
13358328,1/10/2021,4:19:13 PM,-1.4529813E+2,1.6179935E+1,3.8459053E+3,0.0000000E+0
13358329,1/10/2021,4:19:13 PM,-1.4702722E+2,1.1577229E+1,3.8441196E+3,0.0000000E+0
13358330,1/10/2021,4:19:13 PM,-1.4367542E+2,5.4589000E+0,3.8459053E+3,0.0000000E+0
13358331,1/10/2021,4:19:13 PM,-1.3590775E+2,1.5815732E+0,3.8476914E+3,0.0000000E+0
13358332,1/10/2021,4:19:13 PM,-1.2784745E+2,-4.2290068E+0,3.8459053E+3,0.0000000E+0
13358333,1/10/2021,4:19:13 PM,-1.1718019E+2,-1.0393980E+1,3.8467981E+3,0.0000000E+0
13358334,1/10/2021,4:19:13 PM,-1.0739079E+2,-1.5919355E+1,3.8441196E+3,0.0000000E+0
13358335,1/10/2021,4:19:13 PM,-9.2892906E+1,-2.0832174E+1,3.8467981E+3,0.0000000E+0
13358336,1/10/2021,4:19:14 PM,-7.7703369E+1,-2.4998611E+1,3.8450125E+3,0.0000000E+0
13358337,1/10/2021,4:19:14 PM,-6.2141415E+1,-2.7794153E+1,3.8476914E+3,0.0000000E+0
13358338,1/10/2021,4:19:14 PM,-4.6499653E+1,-2.8761843E+1,3.8476914E+3,0.0000000E+0
13358339,1/10/2021,4:19:14 PM,-3.3172237E+1,-2.8976885E+1,3.8459053E+3,0.0000000E+0
13358340,1/10/2021,4:19:14 PM,-1.8009499E+1,-2.8385519E+1,3.8512629E+3,0.0000000E+0
13358341,1/10/2021,4:19:14 PM,1.3091926E-1,-2.7955435E+1,3.8459053E+3,0.0000000E+0
13358342,1/10/2021,4:19:14 PM,2.0156744E+1,-2.6557665E+1,3.8584065E+3,0.0000000E+0
13358343,1/10/2021,4:19:14 PM,3.8918186E+1,-2.2498749E+1,3.8548347E+3,0.0000000E+0
13358344,1/10/2021,4:19:14 PM,5.5757023E+1,-2.0131189E+1,3.8601924E+3,0.0000000E+0
13358345,1/10/2021,4:19:14 PM,7.4617577E+1,-1.8394871E+1,3.8637642E+3,0.0000000E+0
13358346,1/10/2021,4:19:15 PM,9.5659470E+1,-1.8955917E+1,3.8592996E+3,0.0000000E+0
13358347,1/10/2021,4:19:15 PM,1.1281753E+2,-1.6374041E+1,3.8726936E+3,0.0000000E+0
13358348,1/10/2021,4:19:15 PM,1.2625135E+2,-1.3366728E+1,3.8709080E+3,0.0000000E+0
13358349,1/10/2021,4:19:15 PM,1.3401903E+2,-1.3382682E+1,3.8718008E+3,0.0000000E+0
13358350,1/10/2021,4:19:15 PM,1.3755704E+2,-1.5507212E+1,3.8673359E+3,0.0000000E+0
13358351,1/10/2021,4:19:15 PM,1.3949896E+2,-1.5847563E+1,3.8655500E+3,0.0000000E+0
13358352,1/10/2021,4:19:15 PM,1.4066943E+2,-1.3273663E+1,3.8709080E+3,0.0000000E+0
13358353,1/10/2021,4:19:15 PM,1.3346039E+2,-9.8462286E+0,3.8655500E+3,0.0000000E+0
13358354,1/10/2021,4:19:15 PM,1.1906891E+2,-5.0698433E+0,3.8646572E+3,0.0000000E+0
13358355,1/10/2021,4:19:15 PM,9.8532448E+1,2.1437325E+0,3.8610852E+3,0.0000000E+0
13358356,1/10/2021,4:19:16 PM,8.2358658E+1,1.2707298E+1,3.8646572E+3,0.0000000E+0
13358357,1/10/2021,4:19:16 PM,7.4910202E+1,2.0500790E+1,3.8709080E+3,0.0000000E+0
13358358,1/10/2021,4:19:16 PM,4.8521378E+1,2.8493038E+1,3.8601924E+3,0.0000000E+0
13358359,1/10/2021,4:19:16 PM,2.0536459E+1,3.8573124E+1,3.8628713E+3,0.0000000E+0
13358360,1/10/2021,4:19:16 PM,1.1320406E+1,4.3438442E+1,3.8655500E+3,0.0000000E+0
13358361,1/10/2021,4:19:16 PM,-1.3691322E+1,5.1905716E+1,3.8646572E+3,0.0000000E+0
13358362,1/10/2021,4:19:16 PM,-2.9208591E+1,5.5883987E+1,3.8709080E+3,0.0000000E+0
13358363,1/10/2021,4:19:16 PM,-3.9530025E+1,5.2308922E+1,3.8637642E+3,0.0000000E+0
13358364,1/10/2021,4:19:16 PM,-5.8071365E+1,4.9029530E+1,3.8637642E+3,0.0000000E+0
13358365,1/10/2021,4:19:16 PM,-7.0175110E+1,4.3545967E+1,3.8584065E+3,0.0000000E+0
13358366,1/10/2021,4:19:17 PM,-8.3582329E+1,3.7712955E+1,3.8601924E+3,0.0000000E+0
13358367,1/10/2021,4:19:17 PM,-9.6191505E+1,3.2417553E+1,3.8566208E+3,0.0000000E+0
13358368,1/10/2021,4:19:17 PM,-1.0105961E+2,2.0724653E+1,3.8566208E+3,0.0000000E+0
13358369,1/10/2021,4:19:17 PM,-1.1561069E+2,1.1936193E+1,3.8414407E+3,0.0000000E+0
13358370,1/10/2021,4:19:17 PM,-1.2226111E+2,3.9527076E-1,3.8459053E+3,0.0000000E+0
13358371,1/10/2021,4:19:17 PM,-1.2590553E+2,-6.2353244E+0,3.8441196E+3,0.0000000E+0
13358372,1/10/2021,4:19:17 PM,-1.2662378E+2,-1.6307566E+1,3.8387620E+3,0.0000000E+0
13358373,1/10/2021,4:19:17 PM,-1.2250052E+2,-2.5509335E+1,3.8405476E+3,0.0000000E+0
13358374,1/10/2021,4:19:17 PM,-1.2114384E+2,-3.2417553E+1,3.8325112E+3,0.0000000E+0
13358375,1/10/2021,4:19:17 PM,-1.1925512E+2,-3.6073261E+1,3.8387620E+3,0.0000000E+0
13358376,1/10/2021,4:19:18 PM,-1.1404121E+2,-3.7121590E+1,3.8387620E+3,0.0000000E+0
13358377,1/10/2021,4:19:18 PM,-1.0100640E+2,-3.9836494E+1,3.8423335E+3,0.0000000E+0
13358378,1/10/2021,4:19:18 PM,-8.1959633E+1,-4.4433014E+1,3.8441196E+3,0.0000000E+0
13358379,1/10/2021,4:19:18 PM,-7.0680534E+1,-4.7228558E+1,3.8459053E+3,0.0000000E+0
13358380,1/10/2021,4:19:18 PM,-5.9720669E+1,-4.9163933E+1,3.8441196E+3,0.0000000E+0
13358381,1/10/2021,4:19:18 PM,-4.5462189E+1,-4.9889698E+1,3.8521558E+3,0.0000000E+0
13358382,1/10/2021,4:19:18 PM,-3.0432268E+1,-5.2900284E+1,3.8521558E+3,0.0000000E+0
13358383,1/10/2021,4:19:18 PM,-1.2165094E+1,-5.9028976E+1,3.8512629E+3,0.0000000E+0
13358384,1/10/2021,4:19:18 PM,3.3231321E-1,-6.4835106E+1,3.8476914E+3,0.0000000E+0
13358385,1/10/2021,4:19:18 PM,1.2094047E+1,-6.7415611E+1,3.8494771E+3,0.0000000E+0
13358386,1/10/2021,4:19:19 PM,2.2770996E+1,-6.7765053E+1,3.8512629E+3,0.0000000E+0
13358387,1/10/2021,4:19:19 PM,2.9288399E+1,-6.8222008E+1,3.8521558E+3,0.0000000E+0
13358388,1/10/2021,4:19:19 PM,3.5992008E+1,-6.9807953E+1,3.8441196E+3,0.0000000E+0
13358389,1/10/2021,4:19:19 PM,4.0620693E+1,-6.8033852E+1,3.8503701E+3,0.0000000E+0
13358390,1/10/2021,4:19:19 PM,4.4557735E+1,-6.3491093E+1,3.8441196E+3,0.0000000E+0
13358391,1/10/2021,4:19:19 PM,4.5941017E+1,-5.4728138E+1,3.8512629E+3,0.0000000E+0
13358392,1/10/2021,4:19:19 PM,4.7989346E+1,-4.6637192E+1,3.8494771E+3,0.0000000E+0
13358393,1/10/2021,4:19:19 PM,5.2006195E+1,-3.7605438E+1,3.8503701E+3,0.0000000E+0
13358394,1/10/2021,4:19:19 PM,5.4666355E+1,-2.7955435E+1,3.8548347E+3,0.0000000E+0
13358395,1/10/2021,4:19:19 PM,5.7246712E+1,-1.6121437E+1,3.8566208E+3,0.0000000E+0
13358396,1/10/2021,4:19:20 PM,5.8204372E+1,-3.0206046E+0,3.8619785E+3,0.0000000E+0
13358397,1/10/2021,4:19:20 PM,5.7938354E+1,1.0378026E+1,3.8637642E+3,0.0000000E+0
13358398,1/10/2021,4:19:20 PM,5.8550194E+1,2.2256826E+1,3.8700146E+3,0.0000000E+0
13358399,1/10/2021,4:19:20 PM,5.7565933E+1,3.4460449E+1,3.8673359E+3,0.0000000E+0
13358400,1/10/2021,4:19:20 PM,5.3229870E+1,4.6260868E+1,3.8744795E+3,0.0000000E+0
13358401,1/10/2021,4:19:20 PM,4.8601185E+1,5.7228004E+1,3.8726936E+3,0.0000000E+0
13358402,1/10/2021,4:19:20 PM,4.1392139E+1,6.8732735E+1,3.8807302E+3,0.0000000E+0
13358403,1/10/2021,4:19:20 PM,3.2906219E+1,7.4377586E+1,3.8718008E+3,0.0000000E+0
13358404,1/10/2021,4:19:20 PM,2.6362219E+1,7.7200005E+1,3.8744795E+3,0.0000000E+0
13358405,1/10/2021,4:19:20 PM,1.8617357E+1,8.1662125E+1,3.8789441E+3,0.0000000E+0
13358406,1/10/2021,4:19:21 PM,6.9153943E+0,8.2387894E+1,3.8673359E+3,0.0000000E+0
13358407,1/10/2021,4:19:21 PM,-1.4129250E+0,8.0560036E+1,3.8744795E+3,0.0000000E+0
13358408,1/10/2021,4:19:21 PM,-1.0938848E+1,7.5506554E+1,3.8646572E+3,0.0000000E+0
13358409,1/10/2021,4:19:21 PM,-1.9585724E+1,6.6958641E+1,3.8619785E+3,0.0000000E+0
13358410,1/10/2021,4:19:21 PM,-2.4553307E+1,6.0131065E+1,3.8628713E+3,0.0000000E+0
13358411,1/10/2021,4:19:21 PM,-3.1975163E+1,5.4566860E+1,3.8610852E+3,0.0000000E+0
13358412,1/10/2021,4:19:21 PM,-4.3812889E+1,4.9325214E+1,3.8584065E+3,0.0000000E+0
13358413,1/10/2021,4:19:21 PM,-5.3442680E+1,4.1691231E+1,3.8548347E+3,0.0000000E+0
13358414,1/10/2021,4:19:21 PM,-5.8071365E+1,3.5589420E+1,3.8566208E+3,0.0000000E+0
13358415,1/10/2021,4:19:21 PM,-5.9853676E+1,3.0105854E+1,3.8610852E+3,0.0000000E+0
13358416,1/10/2021,4:19:22 PM,-6.2407429E+1,2.2552509E+1,3.8539419E+3,0.0000000E+0
13358417,1/10/2021,4:19:22 PM,-6.4242943E+1,1.4238876E+1,3.8548347E+3,0.0000000E+0
13358418,1/10/2021,4:19:22 PM,-6.4987785E+1,6.1821446E+0,3.8530491E+3,0.0000000E+0
13358419,1/10/2021,4:19:22 PM,-6.5493225E+1,-3.0446286E+0,3.8494771E+3,0.0000000E+0
13358420,1/10/2021,4:19:22 PM,-6.2274426E+1,-1.0800805E+1,3.8530491E+3,0.0000000E+0
13358421,1/10/2021,4:19:22 PM,-6.1502972E+1,-1.9072912E+1,3.8503701E+3,0.0000000E+0
13358422,1/10/2021,4:19:22 PM,-6.2247818E+1,-2.6745823E+1,3.8476914E+3,0.0000000E+0
13358423,1/10/2021,4:19:22 PM,-6.2460636E+1,-3.5078693E+1,3.8450125E+3,0.0000000E+0
13358424,1/10/2021,4:19:22 PM,-6.1236961E+1,-4.4002930E+1,3.8405476E+3,0.0000000E+0
13358425,1/10/2021,4:19:22 PM,-5.5650616E+1,-4.9432735E+1,3.8485842E+3,0.0000000E+0
13358426,1/10/2021,4:19:23 PM,-5.4506748E+1,-5.4271179E+1,3.8441196E+3,0.0000000E+0
13358427,1/10/2021,4:19:23 PM,-5.3070255E+1,-6.1044991E+1,3.8387620E+3,0.0000000E+0
13358428,1/10/2021,4:19:23 PM,-4.8547977E+1,-6.7308083E+1,3.8432266E+3,0.0000000E+0
13358429,1/10/2021,4:19:23 PM,-4.6127232E+1,-7.0211151E+1,3.8405476E+3,0.0000000E+0
13358430,1/10/2021,4:19:23 PM,-3.9769440E+1,-7.3221733E+1,3.8432266E+3,0.0000000E+0
13358431,1/10/2021,4:19:23 PM,-3.3278641E+1,-7.5640961E+1,3.8423335E+3,0.0000000E+0
13358432,1/10/2021,4:19:23 PM,-2.7825308E+1,-7.6743050E+1,3.8423335E+3,0.0000000E+0
13358433,1/10/2021,4:19:23 PM,-2.0802477E+1,-7.7603218E+1,3.8459053E+3,0.0000000E+0
13358434,1/10/2021,4:19:23 PM,-1.7241121E+1,-7.6958084E+1,3.8423335E+3,0.0000000E+0
13358435,1/10/2021,4:19:23 PM,-1.0804646E+1,-7.6124802E+1,3.8441196E+3,0.0000000E+0
13358436,1/10/2021,4:19:24 PM,-3.2230852E+0,-7.3436775E+1,3.8441196E+3,0.0000000E+0
13358437,1/10/2021,4:19:24 PM,6.1522799E+0,-6.8786499E+1,3.8503701E+3,0.0000000E+0
13358438,1/10/2021,4:19:24 PM,1.6677994E+1,-6.4888870E+1,3.8512629E+3,0.0000000E+0
13358439,1/10/2021,4:19:24 PM,2.4925730E+1,-6.0507389E+1,3.8494771E+3,0.0000000E+0
13358440,1/10/2021,4:19:24 PM,3.0645081E+1,-5.4378696E+1,3.8530491E+3,0.0000000E+0
13358441,1/10/2021,4:19:24 PM,3.8332954E+1,-5.0561703E+1,3.8530491E+3,0.0000000E+0
13358442,1/10/2021,4:19:24 PM,4.7670124E+1,-4.7443600E+1,3.8566208E+3,0.0000000E+0
13358443,1/10/2021,4:19:24 PM,5.3176662E+1,-4.3841648E+1,3.8530491E+3,0.0000000E+0
13358444,1/10/2021,4:19:24 PM,5.6688080E+1,-3.8949448E+1,3.8584065E+3,0.0000000E+0
13358445,1/10/2021,4:19:24 PM,5.9135426E+1,-3.4514210E+1,3.8512629E+3,0.0000000E+0
13358446,1/10/2021,4:19:25 PM,6.2221222E+1,-2.7632872E+1,3.8584065E+3,0.0000000E+0
13358447,1/10/2021,4:19:25 PM,6.1476376E+1,-1.7312664E+1,3.8584065E+3,0.0000000E+0
13358448,1/10/2021,4:19:25 PM,5.9348244E+1,-7.1127901E+0,3.8557275E+3,0.0000000E+0
13358449,1/10/2021,4:19:25 PM,5.2618031E+1,7.6552234E+0,3.8637642E+3,0.0000000E+0
13358450,1/10/2021,4:19:25 PM,4.6127232E+1,2.2203066E+1,3.8601924E+3,0.0000000E+0
13358451,1/10/2021,4:19:25 PM,4.0913311E+1,3.7417274E+1,3.8682290E+3,0.0000000E+0
13358452,1/10/2021,4:19:25 PM,3.2799812E+1,5.3491646E+1,3.8646572E+3,0.0000000E+0
13358453,1/10/2021,4:19:25 PM,2.6122805E+1,6.7899452E+1,3.8718008E+3,0.0000000E+0
13358454,1/10/2021,4:19:25 PM,1.7530577E+1,8.3113663E+1,3.8718008E+3,0.0000000E+0
13358455,1/10/2021,4:19:25 PM,1.1812483E+1,9.4134552E+1,3.8762654E+3,0.0000000E+0
13358456,1/10/2021,4:19:26 PM,8.6995029E+0,1.0469849E+2,3.8851951E+3,0.0000000E+0
13358457,1/10/2021,4:19:26 PM,-9.8347819E-1,1.0835419E+2,3.8744795E+3,0.0000000E+0
13358458,1/10/2021,4:19:26 PM,-4.2945409E+0,1.0924124E+2,3.8789441E+3,0.0000000E+0
13358459,1/10/2021,4:19:26 PM,-1.3091358E+1,1.1217119E+2,3.8834089E+3,0.0000000E+0
13358460,1/10/2021,4:19:26 PM,-2.0775875E+1,1.0469849E+2,3.8726936E+3,0.0000000E+0
13358461,1/10/2021,4:19:26 PM,-2.6122805E+1,9.3381905E+1,3.8726936E+3,0.0000000E+0
13358462,1/10/2021,4:19:26 PM,-3.5193958E+1,8.2495415E+1,3.8700146E+3,0.0000000E+0
13358463,1/10/2021,4:19:26 PM,-4.5621799E+1,6.8625221E+1,3.8655500E+3,0.0000000E+0
13358464,1/10/2021,4:19:26 PM,-5.5065376E+1,5.3545414E+1,3.8575137E+3,0.0000000E+0
13358465,1/10/2021,4:19:26 PM,-6.7807564E+1,4.1046104E+1,3.8584065E+3,0.0000000E+0
13358466,1/10/2021,4:19:27 PM,-7.7064926E+1,2.7095268E+1,3.8548347E+3,0.0000000E+0
13358467,1/10/2021,4:19:27 PM,-8.2890686E+1,1.2039893E+1,3.8476914E+3,0.0000000E+0
13358468,1/10/2021,4:19:27 PM,-8.7652382E+1,-4.5949707E+0,3.8423335E+3,0.0000000E+0
13358469,1/10/2021,4:19:27 PM,-9.0711563E+1,-1.8097067E+1,3.8414407E+3,0.0000000E+0
13358470,1/10/2021,4:19:27 PM,-9.0684967E+1,-3.0347775E+1,3.8369758E+3,0.0000000E+0
13358471,1/10/2021,4:19:27 PM,-8.7545975E+1,-3.9379532E+1,3.8423335E+3,0.0000000E+0
13358472,1/10/2021,4:19:27 PM,-8.5045418E+1,-4.6852234E+1,3.8396548E+3,0.0000000E+0
13358473,1/10/2021,4:19:27 PM,-8.0017715E+1,-5.4916302E+1,3.8360830E+3,0.0000000E+0
13358474,1/10/2021,4:19:27 PM,-7.0946556E+1,-6.1824520E+1,3.8423335E+3,0.0000000E+0
13358475,1/10/2021,4:19:27 PM,-6.5573021E+1,-6.5103905E+1,3.8387620E+3,0.0000000E+0
13358476,1/10/2021,4:19:28 PM,-5.6102840E+1,-6.8329536E+1,3.8459053E+3,0.0000000E+0
13358477,1/10/2021,4:19:28 PM,-4.5887817E+1,-7.1125076E+1,3.8459053E+3,0.0000000E+0
13358478,1/10/2021,4:19:28 PM,-4.0221668E+1,-7.2818527E+1,3.8423335E+3,0.0000000E+0
13358479,1/10/2021,4:19:28 PM,-3.5007748E+1,-7.3759338E+1,3.8459053E+3,0.0000000E+0
13358480,1/10/2021,4:19:28 PM,-2.7905113E+1,-7.4189423E+1,3.8467981E+3,0.0000000E+0
13358481,1/10/2021,4:19:28 PM,-1.7951605E+1,-7.5452797E+1,3.8459053E+3,0.0000000E+0
13358482,1/10/2021,4:19:28 PM,-9.7468109E+0,-7.4055023E+1,3.8467981E+3,0.0000000E+0
13358483,1/10/2021,4:19:28 PM,-2.1538331E-1,-7.8033302E+1,3.8405476E+3,0.0000000E+0
13358484,1/10/2021,4:19:28 PM,7.2680058E+0,-7.4861427E+1,3.8476914E+3,0.0000000E+0
13358485,1/10/2021,4:19:28 PM,9.4731426E+0,-6.9807953E+1,3.8459053E+3,0.0000000E+0
13358486,1/10/2021,4:19:29 PM,1.4351810E+1,-6.4539421E+1,3.8476914E+3,0.0000000E+0
13358487,1/10/2021,4:19:29 PM,2.0093590E+1,-5.9593460E+1,3.8521558E+3,0.0000000E+0
13358488,1/10/2021,4:19:29 PM,2.6176006E+1,-5.7093601E+1,3.8423335E+3,0.0000000E+0
13358489,1/10/2021,4:19:29 PM,2.8490349E+1,-4.8196243E+1,3.8548347E+3,0.0000000E+0
13358490,1/10/2021,4:19:29 PM,2.9527813E+1,-3.8976330E+1,3.8494771E+3,0.0000000E+0
13358491,1/10/2021,4:19:29 PM,3.0458870E+1,-2.8062954E+1,3.8584065E+3,0.0000000E+0
13358492,1/10/2021,4:19:29 PM,3.3092430E+1,-1.6828730E+1,3.8601924E+3,0.0000000E+0
13358493,1/10/2021,4:19:29 PM,3.2507195E+1,-7.9290991E+0,3.8610852E+3,0.0000000E+0
13358494,1/10/2021,4:19:29 PM,3.4156494E+1,-1.0545888E+0,3.8619785E+3,0.0000000E+0
13358495,1/10/2021,4:19:29 PM,3.3491455E+1,7.3122144E+0,3.8601924E+3,0.0000000E+0
13358496,1/10/2021,4:19:30 PM,3.1682545E+1,1.5703977E+1,3.8655500E+3,0.0000000E+0
13358497,1/10/2021,4:19:30 PM,3.0512072E+1,2.2848192E+1,3.8655500E+3,0.0000000E+0
13358498,1/10/2021,4:19:30 PM,3.2453991E+1,2.7659754E+1,3.8691218E+3,0.0000000E+0
13358499,1/10/2021,4:19:30 PM,3.1123909E+1,3.0428415E+1,3.8637642E+3,0.0000000E+0
13358500,1/10/2021,4:19:30 PM,2.8942577E+1,3.2363792E+1,3.8619785E+3,0.0000000E+0
13358501,1/10/2021,4:19:30 PM,2.7612495E+1,3.5777580E+1,3.8655500E+3,0.0000000E+0
13358502,1/10/2021,4:19:30 PM,2.3436039E+1,3.9648335E+1,3.8646572E+3,0.0000000E+0
13358503,1/10/2021,4:19:30 PM,2.0093590E+1,4.2067554E+1,3.8646572E+3,0.0000000E+0
13358504,1/10/2021,4:19:30 PM,1.6517477E+1,4.4594296E+1,3.8637642E+3,0.0000000E+0
13358505,1/10/2021,4:19:30 PM,1.1967737E+1,4.6395271E+1,3.8610852E+3,0.0000000E+0
13358506,1/10/2021,4:19:31 PM,6.5522571E+0,5.0911144E+1,3.8646572E+3,0.0000000E+0
13358507,1/10/2021,4:19:31 PM,-8.1323034E-1,5.5964630E+1,3.8673359E+3,0.0000000E+0
13358508,1/10/2021,4:19:31 PM,-4.9974856E+0,5.9754742E+1,3.8682290E+3,0.0000000E+0
13358509,1/10/2021,4:19:31 PM,-1.0744123E+1,6.1286911E+1,3.8673359E+3,0.0000000E+0
13358510,1/10/2021,4:19:31 PM,-1.2728219E+1,5.8572014E+1,3.8646572E+3,0.0000000E+0
13358511,1/10/2021,4:19:31 PM,-1.7193754E+1,5.7550564E+1,3.8673359E+3,0.0000000E+0
13358512,1/10/2021,4:19:31 PM,-2.4952332E+1,5.5749592E+1,3.8655500E+3,0.0000000E+0
13358513,1/10/2021,4:19:31 PM,-2.9474607E+1,5.2443317E+1,3.8700146E+3,0.0000000E+0
13358514,1/10/2021,4:19:31 PM,-3.3730869E+1,4.5024380E+1,3.8601924E+3,0.0000000E+0
13358515,1/10/2021,4:19:31 PM,-3.5433372E+1,3.4084126E+1,3.8601924E+3,0.0000000E+0
13358516,1/10/2021,4:19:32 PM,-3.7029472E+1,2.3789001E+1,3.8575137E+3,0.0000000E+0
13358517,1/10/2021,4:19:32 PM,-4.1525150E+1,1.5007322E+1,3.8575137E+3,0.0000000E+0
13358518,1/10/2021,4:19:32 PM,-4.1897572E+1,5.2461815E+0,3.8566208E+3,0.0000000E+0
13358519,1/10/2021,4:19:32 PM,-4.2296597E+1,-7.9397354E+0,3.8521558E+3,0.0000000E+0
13358520,1/10/2021,4:19:32 PM,-4.0115261E+1,-2.1880505E+1,3.8459053E+3,0.0000000E+0
13358521,1/10/2021,4:19:32 PM,-3.8918186E+1,-3.4998055E+1,3.8423335E+3,0.0000000E+0
13358522,1/10/2021,4:19:32 PM,-3.9530025E+1,-4.2793320E+1,3.8459053E+3,0.0000000E+0
13358523,1/10/2021,4:19:32 PM,-3.6071812E+1,-4.9809059E+1,3.8459053E+3,0.0000000E+0
13358524,1/10/2021,4:19:32 PM,-3.5007748E+1,-5.7926888E+1,3.8432266E+3,0.0000000E+0
13358525,1/10/2021,4:19:32 PM,-3.0033243E+1,-6.5883430E+1,3.8405476E+3,0.0000000E+0
13358526,1/10/2021,4:19:33 PM,-2.5510965E+1,-7.0426186E+1,3.8423335E+3,0.0000000E+0
13358527,1/10/2021,4:19:33 PM,-2.2850801E+1,-7.3087334E+1,3.8405476E+3,0.0000000E+0
13358528,1/10/2021,4:19:33 PM,-1.4914937E+1,-7.3517418E+1,3.8467981E+3,0.0000000E+0
13358529,1/10/2021,4:19:33 PM,-9.3757801E+0,-7.3275497E+1,3.8476914E+3,0.0000000E+0
13358530,1/10/2021,4:19:33 PM,-2.6786397E+0,-7.3678696E+1,3.8432266E+3,0.0000000E+0
13358531,1/10/2021,4:19:33 PM,2.7182646E+0,-7.2065887E+1,3.8485842E+3,0.0000000E+0
13358532,1/10/2021,4:19:33 PM,5.5681028E+0,-6.7388725E+1,3.8476914E+3,0.0000000E+0
13358533,1/10/2021,4:19:33 PM,9.3415718E+0,-6.2738449E+1,3.8521558E+3,0.0000000E+0
13358534,1/10/2021,4:19:33 PM,1.1104629E+1,-5.8948334E+1,3.8476914E+3,0.0000000E+0
13358535,1/10/2021,4:19:33 PM,1.2794005E+1,-5.3411011E+1,3.8521558E+3,0.0000000E+0
13358536,1/10/2021,4:19:34 PM,9.0179052E+0,-4.6610313E+1,3.8503701E+3,0.0000000E+0
13358537,1/10/2021,4:19:34 PM,1.1930545E-1,-3.7067833E+1,3.8494771E+3,0.0000000E+0
13358538,1/10/2021,4:19:34 PM,-7.8311310E+0,-2.6100698E+1,3.8530491E+3,0.0000000E+0
13358539,1/10/2021,4:19:34 PM,-1.6583263E+1,-1.6070917E+1,3.8503701E+3,0.0000000E+0
13358540,1/10/2021,4:19:34 PM,-2.5191744E+1,-4.2185965E+0,3.8566208E+3,0.0000000E+0
13358541,1/10/2021,4:19:34 PM,-3.4369308E+1,7.5302510E+0,3.8530491E+3,0.0000000E+0
13358542,1/10/2021,4:19:34 PM,-4.4610939E+1,2.0125872E+1,3.8584065E+3,0.0000000E+0
13358543,1/10/2021,4:19:34 PM,-5.3522488E+1,3.1422985E+1,3.8584065E+3,0.0000000E+0
13358544,1/10/2021,4:19:34 PM,-6.0917740E+1,4.1744991E+1,3.8601924E+3,0.0000000E+0
13358545,1/10/2021,4:19:34 PM,-6.4828178E+1,4.8626328E+1,3.8619785E+3,0.0000000E+0
13358546,1/10/2021,4:19:35 PM,-6.5333611E+1,5.3249725E+1,3.8619785E+3,0.0000000E+0
13358547,1/10/2021,4:19:35 PM,-6.7248932E+1,5.8034405E+1,3.8655500E+3,0.0000000E+0
13358548,1/10/2021,4:19:35 PM,-6.5573021E+1,5.7846245E+1,3.8655500E+3,0.0000000E+0
13358549,1/10/2021,4:19:35 PM,-6.4801575E+1,5.4728138E+1,3.8637642E+3,0.0000000E+0
13358550,1/10/2021,4:19:35 PM,-6.1263557E+1,4.8518806E+1,3.8619785E+3,0.0000000E+0
13358551,1/10/2021,4:19:35 PM,-5.7778748E+1,4.0589142E+1,3.8601924E+3,0.0000000E+0
13358552,1/10/2021,4:19:35 PM,-5.1101738E+1,3.0589697E+1,3.8557275E+3,0.0000000E+0
13358553,1/10/2021,4:19:35 PM,-4.8361767E+1,2.3600840E+1,3.8557275E+3,0.0000000E+0
13358554,1/10/2021,4:19:35 PM,-4.5701603E+1,1.6735664E+1,3.8539419E+3,0.0000000E+0
13358555,1/10/2021,4:19:35 PM,-3.5193958E+1,7.1712880E+0,3.8503701E+3,0.0000000E+0
13358556,1/10/2021,4:19:36 PM,-2.6894249E+1,1.0202148E+0,3.8494771E+3,0.0000000E+0
13358557,1/10/2021,4:19:36 PM,-1.8572622E+1,-4.4701338E-1,3.8548347E+3,0.0000000E+0
13358558,1/10/2021,4:19:36 PM,-4.3000884E+0,-3.3977797E+0,3.8548347E+3,0.0000000E+0
13358559,1/10/2021,4:19:36 PM,7.1206460E+0,-8.1444769E+0,3.8530491E+3,0.0000000E+0
13358560,1/10/2021,4:19:36 PM,2.2318769E+1,-1.3060944E+1,3.8557275E+3,0.0000000E+0
13358561,1/10/2021,4:19:36 PM,3.9769440E+1,-1.9176615E+1,3.8548347E+3,0.0000000E+0
13358562,1/10/2021,4:19:36 PM,5.7033901E+1,-2.2633150E+1,3.8610852E+3,0.0000000E+0
13358563,1/10/2021,4:19:36 PM,7.1664795E+1,-2.6853346E+1,3.8619785E+3,0.0000000E+0
13358564,1/10/2021,4:19:36 PM,8.4273972E+1,-3.1906828E+1,3.8628713E+3,0.0000000E+0
13358565,1/10/2021,4:19:36 PM,9.4861420E+1,-3.8331203E+1,3.8584065E+3,0.0000000E+0
13358566,1/10/2021,4:19:37 PM,1.0329414E+2,-4.3572845E+1,3.8584065E+3,0.0000000E+0
13358567,1/10/2021,4:19:37 PM,1.0680555E+2,-4.3411564E+1,3.8637642E+3,0.0000000E+0
13358568,1/10/2021,4:19:37 PM,1.0292171E+2,-4.2148193E+1,3.8601924E+3,0.0000000E+0
13358569,1/10/2021,4:19:37 PM,9.2733292E+1,-3.9272011E+1,3.8601924E+3,0.0000000E+0
13358570,1/10/2021,4:19:37 PM,7.8740837E+1,-3.5481899E+1,3.8548347E+3,0.0000000E+0
13358571,1/10/2021,4:19:37 PM,6.5865646E+1,-3.0589697E+1,3.8539419E+3,0.0000000E+0
13358572,1/10/2021,4:19:37 PM,5.5091980E+1,-2.1396660E+1,3.8601924E+3,0.0000000E+0
13358573,1/10/2021,4:19:37 PM,4.3387260E+1,-1.4095290E+1,3.8566208E+3,0.0000000E+0
13358574,1/10/2021,4:19:37 PM,2.8516951E+1,-6.6900115E+0,3.8557275E+3,0.0000000E+0
13358575,1/10/2021,4:19:37 PM,1.8091072E+1,-2.0748639E+0,3.8548347E+3,0.0000000E+0
13358576,1/10/2021,4:19:38 PM,1.3051886E+1,1.9507403E+0,3.8539419E+3,0.0000000E+0
13358577,1/10/2021,4:19:38 PM,7.6916656E+0,7.3361454E+0,3.8584065E+3,0.0000000E+0
13358578,1/10/2021,4:19:38 PM,6.1285968E+0,1.0941731E+1,3.8601924E+3,0.0000000E+0
13358579,1/10/2021,4:19:38 PM,-1.1605887E+0,1.6530922E+1,3.8619785E+3,0.0000000E+0
13358580,1/10/2021,4:19:38 PM,-1.1330931E+1,1.9689798E+1,3.8628713E+3,0.0000000E+0
13358581,1/10/2021,4:19:38 PM,-1.9183115E+1,2.2418108E+1,3.8619785E+3,0.0000000E+0
13358582,1/10/2021,4:19:38 PM,-3.5140759E+1,2.8439278E+1,3.8655500E+3,0.0000000E+0
13358583,1/10/2021,4:19:38 PM,-5.4958973E+1,3.2820755E+1,3.8566208E+3,0.0000000E+0
13358584,1/10/2021,4:19:38 PM,-7.2649063E+1,3.4944294E+1,3.8601924E+3,0.0000000E+0
13358585,1/10/2021,4:19:38 PM,-8.8849449E+1,3.8895687E+1,3.8619785E+3,0.0000000E+0
13358586,1/10/2021,4:19:39 PM,-1.0177785E+2,3.7094711E+1,3.8575137E+3,0.0000000E+0
13358587,1/10/2021,4:19:39 PM,-1.1773883E+2,3.2847637E+1,3.8476914E+3,0.0000000E+0
13358588,1/10/2021,4:19:39 PM,-1.2875191E+2,2.7122147E+1,3.8512629E+3,0.0000000E+0
13358589,1/10/2021,4:19:39 PM,-1.3529590E+2,2.0885937E+1,3.8476914E+3,0.0000000E+0
13358590,1/10/2021,4:19:39 PM,-1.3710481E+2,1.3366728E+1,3.8485842E+3,0.0000000E+0
13358591,1/10/2021,4:19:39 PM,-1.3226332E+2,7.9198784E-1,3.8423335E+3,0.0000000E+0
13358592,1/10/2021,4:19:39 PM,-1.2545330E+2,-1.1412373E+1,3.8387620E+3,0.0000000E+0
13358593,1/10/2021,4:19:39 PM,-1.1475944E+2,-2.1100977E+1,3.8441196E+3,0.0000000E+0
13358594,1/10/2021,4:19:39 PM,-9.9756126E+1,-2.9326326E+1,3.8387620E+3,0.0000000E+0
13358595,1/10/2021,4:19:39 PM,-8.1161583E+1,-3.7148472E+1,3.8459053E+3,0.0000000E+0
13358596,1/10/2021,4:19:40 PM,-6.5573021E+1,-4.3196522E+1,3.8405476E+3,0.0000000E+0
13358597,1/10/2021,4:19:40 PM,-5.2165802E+1,-4.6690952E+1,3.8441196E+3,0.0000000E+0
13358598,1/10/2021,4:19:40 PM,-3.9929050E+1,-4.6556553E+1,3.8467981E+3,0.0000000E+0
13358599,1/10/2021,4:19:40 PM,-3.0379066E+1,-4.3707249E+1,3.8530491E+3,0.0000000E+0
13358600,1/10/2021,4:19:40 PM,-2.0217241E+1,-4.2793320E+1,3.8539419E+3,0.0000000E+0
13358601,1/10/2021,4:19:40 PM,-1.3836051E+1,-4.3384686E+1,3.8476914E+3,0.0000000E+0
13358602,1/10/2021,4:19:40 PM,-8.9573832E+0,-4.2228836E+1,3.8512629E+3,0.0000000E+0
13358603,1/10/2021,4:19:40 PM,-9.7846311E-1,-3.9917133E+1,3.8530491E+3,0.0000000E+0
13358604,1/10/2021,4:19:40 PM,6.3443742E+0,-3.7309753E+1,3.8566208E+3,0.0000000E+0
13358605,1/10/2021,4:19:40 PM,1.5201762E+1,-3.8008636E+1,3.8548347E+3,0.0000000E+0
13358606,1/10/2021,4:19:41 PM,2.5271551E+1,-4.2605160E+1,3.8503701E+3,0.0000000E+0
13358607,1/10/2021,4:19:41 PM,3.8279747E+1,-4.4459892E+1,3.8503701E+3,0.0000000E+0
13358608,1/10/2021,4:19:41 PM,5.0489899E+1,-4.4836216E+1,3.8512629E+3,0.0000000E+0
13358609,1/10/2021,4:19:41 PM,6.5440018E+1,-4.2981480E+1,3.8584065E+3,0.0000000E+0
13358610,1/10/2021,4:19:41 PM,7.7756577E+1,-4.0831062E+1,3.8566208E+3,0.0000000E+0
13358611,1/10/2021,4:19:41 PM,8.4273972E+1,-3.8841927E+1,3.8566208E+3,0.0000000E+0
13358612,1/10/2021,4:19:41 PM,8.8530228E+1,-3.3465881E+1,3.8575137E+3,0.0000000E+0
13358613,1/10/2021,4:19:41 PM,8.7838593E+1,-2.6288860E+1,3.8557275E+3,0.0000000E+0
13358614,1/10/2021,4:19:41 PM,8.4406982E+1,-1.4573908E+1,3.8655500E+3,0.0000000E+0
13358615,1/10/2021,4:19:41 PM,7.8501411E+1,-2.3735611E+0,3.8655500E+3,0.0000000E+0
13358616,1/10/2021,4:19:42 PM,6.7594749E+1,7.6233153E+0,3.8673359E+3,0.0000000E+0
13358617,1/10/2021,4:19:42 PM,5.3362873E+1,1.9402628E+1,3.8655500E+3,0.0000000E+0
13358618,1/10/2021,4:19:42 PM,3.6497440E+1,2.8976885E+1,3.8637642E+3,0.0000000E+0
13358619,1/10/2021,4:19:42 PM,1.9575197E+1,4.0051537E+1,3.8691218E+3,0.0000000E+0
13358620,1/10/2021,4:19:42 PM,5.9733429E+0,4.7470478E+1,3.8655500E+3,0.0000000E+0
13358621,1/10/2021,4:19:42 PM,-4.6955442E+0,5.3115330E+1,3.8691218E+3,0.0000000E+0
13358622,1/10/2021,4:19:42 PM,-1.6425377E+1,5.6555992E+1,3.8628713E+3,0.0000000E+0
13358623,1/10/2021,4:19:42 PM,-2.4446901E+1,5.5561428E+1,3.8601924E+3,0.0000000E+0
13358624,1/10/2021,4:19:42 PM,-3.0990900E+1,5.7792484E+1,3.8673359E+3,0.0000000E+0
13358625,1/10/2021,4:19:42 PM,-3.5167358E+1,5.8088173E+1,3.8610852E+3,0.0000000E+0
13358626,1/10/2021,4:19:43 PM,-3.4821537E+1,5.4163654E+1,3.8664431E+3,0.0000000E+0
13358627,1/10/2021,4:19:43 PM,-3.9530025E+1,5.1368111E+1,3.8601924E+3,0.0000000E+0
13358628,1/10/2021,4:19:43 PM,-4.4610939E+1,4.5266300E+1,3.8566208E+3,0.0000000E+0
13358629,1/10/2021,4:19:43 PM,-4.4398125E+1,4.0427860E+1,3.8619785E+3,0.0000000E+0
13358630,1/10/2021,4:19:43 PM,-4.6153831E+1,3.6342068E+1,3.8601924E+3,0.0000000E+0
13358631,1/10/2021,4:19:43 PM,-4.8042549E+1,2.8224237E+1,3.8566208E+3,0.0000000E+0
13358632,1/10/2021,4:19:43 PM,-4.8202160E+1,2.0168417E+1,3.8557275E+3,0.0000000E+0
13358633,1/10/2021,4:19:43 PM,-5.2963852E+1,1.4621770E+1,3.8539419E+3,0.0000000E+0
13358634,1/10/2021,4:19:43 PM,-5.4240730E+1,8.4901457E+0,3.8548347E+3,0.0000000E+0
13358635,1/10/2021,4:19:43 PM,-5.2884045E+1,1.8658561E+0,3.8557275E+3,0.0000000E+0
13358636,1/10/2021,4:19:44 PM,-5.0569702E+1,-5.5615320E+0,3.8512629E+3,0.0000000E+0
13358637,1/10/2021,4:19:44 PM,-4.9957867E+1,-1.4387779E+1,3.8503701E+3,0.0000000E+0
13358638,1/10/2021,4:19:44 PM,-4.8308563E+1,-2.3251396E+1,3.8423335E+3,0.0000000E+0
13358639,1/10/2021,4:19:44 PM,-4.5249378E+1,-2.7982315E+1,3.8503701E+3,0.0000000E+0
13358640,1/10/2021,4:19:44 PM,-4.2083782E+1,-3.2713234E+1,3.8503701E+3,0.0000000E+0
13358641,1/10/2021,4:19:44 PM,-3.8066936E+1,-3.9809616E+1,3.8476914E+3,0.0000000E+0
13358642,1/10/2021,4:19:44 PM,-3.4715130E+1,-4.7362961E+1,3.8450125E+3,0.0000000E+0
13358643,1/10/2021,4:19:44 PM,-3.2613602E+1,-5.2846523E+1,3.8432266E+3,0.0000000E+0
13358644,1/10/2021,4:19:44 PM,-2.4579908E+1,-5.6448475E+1,3.8459053E+3,0.0000000E+0
13358645,1/10/2021,4:19:44 PM,-1.8543676E+1,-5.6448475E+1,3.8503701E+3,0.0000000E+0
13358646,1/10/2021,4:19:45 PM,-1.4072880E+1,-5.7496803E+1,3.8512629E+3,0.0000000E+0
13358647,1/10/2021,4:19:45 PM,-8.0732231E+0,-6.2200840E+1,3.8459053E+3,0.0000000E+0
13358648,1/10/2021,4:19:45 PM,-4.2953334E+0,-6.5775909E+1,3.8405476E+3,0.0000000E+0
13358649,1/10/2021,4:19:45 PM,2.5415375E+0,-6.5265190E+1,3.8459053E+3,0.0000000E+0
13358650,1/10/2021,4:19:45 PM,7.1416969E+0,-6.0614906E+1,3.8503701E+3,0.0000000E+0
13358651,1/10/2021,4:19:45 PM,1.1133574E+1,-5.5427025E+1,3.8503701E+3,0.0000000E+0
13358652,1/10/2021,4:19:45 PM,1.3691322E+1,-5.1421871E+1,3.8476914E+3,0.0000000E+0
13358653,1/10/2021,4:19:45 PM,1.5291232E+1,-4.5857666E+1,3.8459053E+3,0.0000000E+0
13358654,1/10/2021,4:19:45 PM,1.7662148E+1,-3.7524796E+1,3.8503701E+3,0.0000000E+0
13358655,1/10/2021,4:19:45 PM,1.8935760E+1,-2.5993179E+1,3.8548347E+3,0.0000000E+0
13358656,1/10/2021,4:19:46 PM,1.9309423E+1,-1.3595401E+1,3.8619785E+3,0.0000000E+0
13358657,1/10/2021,4:19:46 PM,1.8741034E+1,-5.5785546E+0,3.8575137E+3,0.0000000E+0
13358658,1/10/2021,4:19:46 PM,1.7914766E+1,6.1237633E-1,3.8637642E+3,0.0000000E+0
13358659,1/10/2021,4:19:46 PM,1.8098967E+1,5.7354350E+0,3.8601924E+3,0.0000000E+0
13358660,1/10/2021,4:19:46 PM,1.6570107E+1,1.1890990E+1,3.8655500E+3,0.0000000E+0
13358661,1/10/2021,4:19:46 PM,1.6899035E+1,1.7195669E+1,3.8691218E+3,0.0000000E+0
13358662,1/10/2021,4:19:46 PM,1.5728048E+1,1.8030592E+1,3.8673359E+3,0.0000000E+0
13358663,1/10/2021,4:19:46 PM,1.4896518E+1,1.5036572E+1,3.8601924E+3,0.0000000E+0
13358664,1/10/2021,4:19:46 PM,1.3493965E+1,1.2273884E+1,3.8601924E+3,0.0000000E+0
13358665,1/10/2021,4:19:46 PM,1.1596705E+1,1.0917800E+1,3.8601924E+3,0.0000000E+0
13358666,1/10/2021,4:19:47 PM,6.3891082E+0,1.1686248E+1,3.8601924E+3,0.0000000E+0
13358667,1/10/2021,4:19:47 PM,-1.2434690E+0,1.3154009E+1,3.8557275E+3,0.0000000E+0
13358668,1/10/2021,4:19:47 PM,-7.7285056E+0,1.3829391E+1,3.8584065E+3,0.0000000E+0
13358669,1/10/2021,4:19:47 PM,-1.5080717E+1,1.4887669E+1,3.8503701E+3,0.0000000E+0
13358670,1/10/2021,4:19:47 PM,-2.8091324E+1,1.9272337E+1,3.8539419E+3,0.0000000E+0
13358671,1/10/2021,4:19:47 PM,-3.6577248E+1,2.3681480E+1,3.8566208E+3,0.0000000E+0
13358672,1/10/2021,4:19:47 PM,-4.4398125E+1,2.8654320E+1,3.8566208E+3,0.0000000E+0
13358673,1/10/2021,4:19:47 PM,-5.0356892E+1,3.1987471E+1,3.8584065E+3,0.0000000E+0
13358674,1/10/2021,4:19:47 PM,-5.3150063E+1,3.3654041E+1,3.8601924E+3,0.0000000E+0
13358675,1/10/2021,4:19:47 PM,-5.6049641E+1,3.3761566E+1,3.8548347E+3,0.0000000E+0
13358676,1/10/2021,4:19:48 PM,-5.4533344E+1,3.4433571E+1,3.8610852E+3,0.0000000E+0
13358677,1/10/2021,4:19:48 PM,-4.9771656E+1,3.3573402E+1,3.8646572E+3,0.0000000E+0
13358678,1/10/2021,4:19:48 PM,-4.5249378E+1,2.7337189E+1,3.8539419E+3,0.0000000E+0
13358679,1/10/2021,4:19:48 PM,-3.9264011E+1,2.2740671E+1,3.8610852E+3,0.0000000E+0
13358680,1/10/2021,4:19:48 PM,-3.6976269E+1,1.8814993E+1,3.8566208E+3,0.0000000E+0
13358681,1/10/2021,4:19:48 PM,-3.1097309E+1,1.1954805E+1,3.8548347E+3,0.0000000E+0
13358682,1/10/2021,4:19:48 PM,-2.6628233E+1,8.3439007E+0,3.8548347E+3,0.0000000E+0
13358683,1/10/2021,4:19:48 PM,-2.2930607E+1,4.5965724E+0,3.8566208E+3,0.0000000E+0
13358684,1/10/2021,4:19:48 PM,-1.8775242E+1,1.5767684E+0,3.8557275E+3,0.0000000E+0
13358685,1/10/2021,4:19:48 PM,-1.7099022E+1,-1.0207161E+0,3.8512629E+3,0.0000000E+0
13358686,1/10/2021,4:19:49 PM,-1.5496483E+1,-2.1533420E+0,3.8575137E+3,0.0000000E+0
13358687,1/10/2021,4:19:49 PM,-1.2622963E+1,-2.8956804E+0,3.8530491E+3,0.0000000E+0
13358688,1/10/2021,4:19:49 PM,-8.8942289E+0,-5.5286994E+0,3.8584065E+3,0.0000000E+0
13358689,1/10/2021,4:19:49 PM,-4.8992162E+0,-7.6632004E+0,3.8557275E+3,0.0000000E+0
13358690,1/10/2021,4:19:49 PM,-3.2627099E+0,-1.0226464E+1,3.8584065E+3,0.0000000E+0
13358691,1/10/2021,4:19:49 PM,1.3805296E+0,-1.4706858E+1,3.8566208E+3,0.0000000E+0
13358692,1/10/2021,4:19:49 PM,5.5496826E+0,-1.9447830E+1,3.8557275E+3,0.0000000E+0
13358693,1/10/2021,4:19:49 PM,8.4310970E+0,-2.4165323E+1,3.8566208E+3,0.0000000E+0
13358694,1/10/2021,4:19:49 PM,1.1299355E+1,-2.9380089E+1,3.8548347E+3,0.0000000E+0
13358695,1/10/2021,4:19:49 PM,1.1733541E+1,-3.4030365E+1,3.8530491E+3,0.0000000E+0
13358696,1/10/2021,4:19:50 PM,1.2344031E+1,-3.7309753E+1,3.8548347E+3,0.0000000E+0
13358697,1/10/2021,4:19:50 PM,9.6599751E+0,-4.0374100E+1,3.8494771E+3,0.0000000E+0
13358698,1/10/2021,4:19:50 PM,7.6127229E+0,-4.2632038E+1,3.8512629E+3,0.0000000E+0
13358699,1/10/2021,4:19:50 PM,4.7763791E+0,-4.2900841E+1,3.8521558E+3,0.0000000E+0
13358700,1/10/2021,4:19:50 PM,-1.4918461E+0,-4.3277164E+1,3.8485842E+3,0.0000000E+0
13358701,1/10/2021,4:19:50 PM,-4.6376920E+0,-4.4298611E+1,3.8485842E+3,0.0000000E+0
13358702,1/10/2021,4:19:50 PM,-9.6336594E+0,-4.4083569E+1,3.8476914E+3,0.0000000E+0
13358703,1/10/2021,4:19:50 PM,-1.0623077E+1,-4.4056690E+1,3.8494771E+3,0.0000000E+0
13358704,1/10/2021,4:19:50 PM,-9.4520912E+0,-4.3304043E+1,3.8503701E+3,0.0000000E+0
13358705,1/10/2021,4:19:50 PM,-1.1080946E+1,-4.2336353E+1,3.8494771E+3,0.0000000E+0
13358706,1/10/2021,4:19:51 PM,-8.6784515E+0,-4.2739559E+1,3.8485842E+3,0.0000000E+0
13358707,1/10/2021,4:19:51 PM,-7.6627202E+0,-4.1341789E+1,3.8494771E+3,0.0000000E+0
13358708,1/10/2021,4:19:51 PM,-6.1364913E+0,-3.8492485E+1,3.8503701E+3,0.0000000E+0
13358709,1/10/2021,4:19:51 PM,-3.3411672E+0,-3.5589420E+1,3.8512629E+3,0.0000000E+0
13358710,1/10/2021,4:19:51 PM,5.7461947E-1,-3.1853067E+1,3.8512629E+3,0.0000000E+0
13358711,1/10/2021,4:19:51 PM,4.4522476E+0,-2.8412399E+1,3.8539419E+3,0.0000000E+0
13358712,1/10/2021,4:19:51 PM,7.0443339E+0,-2.5348053E+1,3.8512629E+3,0.0000000E+0
13358713,1/10/2021,4:19:51 PM,9.6547117E+0,-2.0221596E+1,3.8548347E+3,0.0000000E+0
13358714,1/10/2021,4:19:51 PM,1.1980894E+1,-1.4821194E+1,3.8548347E+3,0.0000000E+0
13358715,1/10/2021,4:19:51 PM,1.1796694E+1,-8.0168457E+0,3.8566208E+3,0.0000000E+0
13358716,1/10/2021,4:19:52 PM,1.3122935E+1,-1.9867762E+0,3.8575137E+3,0.0000000E+0
13358717,1/10/2021,4:19:52 PM,1.0765174E+1,5.5785546E+0,3.8566208E+3,0.0000000E+0
13358718,1/10/2021,4:19:52 PM,8.2968941E+0,1.3526267E+1,3.8601924E+3,0.0000000E+0
13358719,1/10/2021,4:19:52 PM,1.7411158E+0,2.2606270E+1,3.8584065E+3,0.0000000E+0
13358720,1/10/2021,4:19:52 PM,-7.1759052E+0,3.4299168E+1,3.8646572E+3,0.0000000E+0
13358721,1/10/2021,4:19:52 PM,-1.1886163E+1,4.3089005E+1,3.8637642E+3,0.0000000E+0
13358722,1/10/2021,4:19:52 PM,-1.5775414E+1,5.1744434E+1,3.8655500E+3,0.0000000E+0
13358723,1/10/2021,4:19:52 PM,-2.3888266E+1,5.9539700E+1,3.8673359E+3,0.0000000E+0
13358724,1/10/2021,4:19:52 PM,-2.9261795E+1,6.3222294E+1,3.8646572E+3,0.0000000E+0
13358725,1/10/2021,4:19:52 PM,-3.1416527E+1,6.7093048E+1,3.8718008E+3,0.0000000E+0
13358726,1/10/2021,4:19:53 PM,-3.3996887E+1,6.6555443E+1,3.8673359E+3,0.0000000E+0
13358727,1/10/2021,4:19:53 PM,-3.5167358E+1,6.2953487E+1,3.8646572E+3,0.0000000E+0
13358728,1/10/2021,4:19:53 PM,-3.5752594E+1,5.9163376E+1,3.8655500E+3,0.0000000E+0
13358729,1/10/2021,4:19:53 PM,-3.9636433E+1,5.3437889E+1,3.8601924E+3,0.0000000E+0
13358730,1/10/2021,4:19:53 PM,-4.1152725E+1,4.8411285E+1,3.8637642E+3,0.0000000E+0
13358731,1/10/2021,4:19:53 PM,-4.4743946E+1,4.3169643E+1,3.8619785E+3,0.0000000E+0
13358732,1/10/2021,4:19:53 PM,-4.6473053E+1,3.2928276E+1,3.8575137E+3,0.0000000E+0
13358733,1/10/2021,4:19:53 PM,-4.9000206E+1,2.4057802E+1,3.8584065E+3,0.0000000E+0
13358734,1/10/2021,4:19:53 PM,-5.3788498E+1,1.4390438E+1,3.8530491E+3,0.0000000E+0
13358735,1/10/2021,4:19:53 PM,-5.5358002E+1,5.8258405E+0,3.8539419E+3,0.0000000E+0
13358736,1/10/2021,4:19:54 PM,-5.5863426E+1,-3.4450271E+0,3.8521558E+3,0.0000000E+0
13358737,1/10/2021,4:19:54 PM,-5.5145184E+1,-1.4903623E+1,3.8476914E+3,0.0000000E+0
13358738,1/10/2021,4:19:54 PM,-5.2245609E+1,-2.3923401E+1,3.8459053E+3,0.0000000E+0
13358739,1/10/2021,4:19:54 PM,-5.0277084E+1,-3.2094990E+1,3.8459053E+3,0.0000000E+0
13358740,1/10/2021,4:19:54 PM,-4.7563721E+1,-3.9218250E+1,3.8414407E+3,0.0000000E+0
13358741,1/10/2021,4:19:54 PM,-4.3759686E+1,-4.3035244E+1,3.8459053E+3,0.0000000E+0
13358742,1/10/2021,4:19:54 PM,-3.8146740E+1,-4.6825352E+1,3.8459053E+3,0.0000000E+0
13358743,1/10/2021,4:19:54 PM,-2.7718901E+1,-5.4056133E+1,3.8432266E+3,0.0000000E+0
13358744,1/10/2021,4:19:54 PM,-1.8451578E+1,-5.7147362E+1,3.8441196E+3,0.0000000E+0
13358745,1/10/2021,4:19:54 PM,-1.0107317E+1,-5.8975216E+1,3.8476914E+3,0.0000000E+0
13358746,1/10/2021,4:19:55 PM,1.2973175E+0,-5.9942902E+1,3.8494771E+3,0.0000000E+0
13358747,1/10/2021,4:19:55 PM,1.0628341E+1,-6.2173962E+1,3.8459053E+3,0.0000000E+0
13358748,1/10/2021,4:19:55 PM,2.2904007E+1,-6.2926609E+1,3.8503701E+3,0.0000000E+0
13358749,1/10/2021,4:19:55 PM,3.5486576E+1,-6.1690121E+1,3.8539419E+3,0.0000000E+0
13358750,1/10/2021,4:19:55 PM,4.1312336E+1,-5.8598892E+1,3.8539419E+3,0.0000000E+0
13358751,1/10/2021,4:19:55 PM,4.6526257E+1,-5.5507668E+1,3.8539419E+3,0.0000000E+0
13358752,1/10/2021,4:19:55 PM,5.0410095E+1,-5.0481064E+1,3.8530491E+3,0.0000000E+0
13358753,1/10/2021,4:19:55 PM,5.3495880E+1,-4.4191093E+1,3.8584065E+3,0.0000000E+0
13358754,1/10/2021,4:19:55 PM,5.5677216E+1,-3.9083847E+1,3.8530491E+3,0.0000000E+0
13358755,1/10/2021,4:19:55 PM,5.2405216E+1,-3.0294016E+1,3.8584065E+3,0.0000000E+0
13358756,1/10/2021,4:19:56 PM,4.8148952E+1,-2.1692343E+1,3.8584065E+3,0.0000000E+0
13358757,1/10/2021,4:19:56 PM,4.5329182E+1,-1.4783968E+1,3.8566208E+3,0.0000000E+0
13358758,1/10/2021,4:19:56 PM,4.0381279E+1,-6.4294305E+0,3.8584065E+3,0.0000000E+0
13358759,1/10/2021,4:19:56 PM,3.2720009E+1,3.8790586E+0,3.8610852E+3,0.0000000E+0
13358760,1/10/2021,4:19:56 PM,2.3728657E+1,1.4744082E+1,3.8637642E+3,0.0000000E+0
13358761,1/10/2021,4:19:56 PM,1.4428123E+1,2.3143875E+1,3.8637642E+3,0.0000000E+0
13358762,1/10/2021,4:19:56 PM,7.5574627E+0,2.9487608E+1,3.8646572E+3,0.0000000E+0
13358763,1/10/2021,4:19:56 PM,9.0740901E-1,3.2713234E+1,3.8637642E+3,0.0000000E+0
13358764,1/10/2021,4:19:56 PM,-3.6692607E+0,3.6234543E+1,3.8673359E+3,0.0000000E+0
13358765,1/10/2021,4:19:56 PM,-8.7705517E+0,3.8035519E+1,3.8691218E+3,0.0000000E+0
13358766,1/10/2021,4:19:57 PM,-1.4628111E+1,3.6073261E+1,3.8655500E+3,0.0000000E+0
13358767,1/10/2021,4:19:57 PM,-1.7575312E+1,3.1369225E+1,3.8655500E+3,0.0000000E+0
13358768,1/10/2021,4:19:57 PM,-2.0025171E+1,2.3197636E+1,3.8584065E+3,0.0000000E+0
13358769,1/10/2021,4:19:57 PM,-2.5377956E+1,1.6395313E+1,3.8601924E+3,0.0000000E+0
13358770,1/10/2021,4:19:57 PM,-3.3252041E+1,1.1138496E+1,3.8566208E+3,0.0000000E+0
13358771,1/10/2021,4:19:57 PM,-4.0833504E+1,3.0534375E+0,3.8530491E+3,0.0000000E+0
13358772,1/10/2021,4:19:57 PM,-4.3945896E+1,-6.0784445E+0,3.8521558E+3,0.0000000E+0
13358773,1/10/2021,4:19:57 PM,-5.0410095E+1,-1.4395756E+1,3.8476914E+3,0.0000000E+0
13358774,1/10/2021,4:19:57 PM,-5.7698940E+1,-1.9530260E+1,3.8441196E+3,0.0000000E+0
13358775,1/10/2021,4:19:57 PM,-7.1239174E+1,-2.2633150E+1,3.8342971E+3,0.0000000E+0
13358776,1/10/2021,4:19:58 PM,-7.8235405E+1,-2.1181618E+1,3.8476914E+3,0.0000000E+0
13358777,1/10/2021,4:19:58 PM,-7.5389030E+1,-2.0536493E+1,3.8503701E+3,0.0000000E+0
13358778,1/10/2021,4:19:58 PM,-7.2037224E+1,-2.5186771E+1,3.8387620E+3,0.0000000E+0
13358779,1/10/2021,4:19:58 PM,-7.3473709E+1,-2.3735239E+1,3.8423335E+3,0.0000000E+0
13358780,1/10/2021,4:19:58 PM,-7.4484573E+1,-1.7488157E+1,3.8459053E+3,0.0000000E+0
13358781,1/10/2021,4:19:58 PM,-6.9589867E+1,-1.3483723E+1,3.8459053E+3,0.0000000E+0
13358782,1/10/2021,4:19:58 PM,-5.9614254E+1,-7.4478226E+0,3.8566208E+3,0.0000000E+0
13358783,1/10/2021,4:19:58 PM,-4.6898678E+1,-7.4292097E+0,3.8512629E+3,0.0000000E+0
13358784,1/10/2021,4:19:58 PM,-3.7508301E+1,-5.5812140E+0,3.8494771E+3,0.0000000E+0
13358785,1/10/2021,4:19:58 PM,-3.4316105E+1,1.4438362E+0,3.8575137E+3,0.0000000E+0
13358786,1/10/2021,4:19:59 PM,-2.4925730E+1,5.5041032E+0,3.8548347E+3,0.0000000E+0
13358787,1/10/2021,4:19:59 PM,-1.2217723E+1,9.1681871E+0,3.8619785E+3,0.0000000E+0
13358788,1/10/2021,4:19:59 PM,7.8393185E-1,1.0670514E+1,3.8601924E+3,0.0000000E+0
13358789,1/10/2021,4:19:59 PM,8.8126545E+0,1.2888110E+1,3.8601924E+3,0.0000000E+0
13358790,1/10/2021,4:19:59 PM,1.1978263E+1,1.6161324E+1,3.8548347E+3,0.0000000E+0
13358791,1/10/2021,4:19:59 PM,1.2909789E+1,2.4004042E+1,3.8655500E+3,0.0000000E+0
13358792,1/10/2021,4:19:59 PM,2.0855679E+1,2.9622009E+1,3.8691218E+3,0.0000000E+0
13358793,1/10/2021,4:19:59 PM,2.9421406E+1,2.9191927E+1,3.8637642E+3,0.0000000E+0
13358794,1/10/2021,4:19:59 PM,3.3225441E+1,3.0052094E+1,3.8655500E+3,0.0000000E+0
13358795,1/10/2021,4:19:59 PM,3.5832397E+1,3.0804739E+1,3.8637642E+3,0.0000000E+0
13358796,1/10/2021,4:20:00 PM,3.6497440E+1,3.1826187E+1,3.8637642E+3,0.0000000E+0
13358797,1/10/2021,4:20:00 PM,3.8093540E+1,3.3008915E+1,3.8726936E+3,0.0000000E+0
13358798,1/10/2021,4:20:00 PM,4.1498547E+1,3.0294016E+1,3.8682290E+3,0.0000000E+0
13358799,1/10/2021,4:20:00 PM,4.4637539E+1,2.3090115E+1,3.8655500E+3,0.0000000E+0
13358800,1/10/2021,4:20:00 PM,4.5675003E+1,1.6233116E+1,3.8637642E+3,0.0000000E+0
13358801,1/10/2021,4:20:00 PM,4.1578354E+1,1.2412151E+1,3.8646572E+3,0.0000000E+0
13358802,1/10/2021,4:20:00 PM,3.7800919E+1,8.0327997E+0,3.8673359E+3,0.0000000E+0
13358803,1/10/2021,4:20:00 PM,3.5885601E+1,-3.8166833E-1,3.8655500E+3,0.0000000E+0
13358804,1/10/2021,4:20:00 PM,2.8969177E+1,-8.7002048E+0,3.8610852E+3,0.0000000E+0
13358805,1/10/2021,4:20:00 PM,2.5431162E+1,-1.9742979E+1,3.8539419E+3,0.0000000E+0
13358806,1/10/2021,4:20:01 PM,1.6964821E+1,-2.6261980E+1,3.8557275E+3,0.0000000E+0
13358807,1/10/2021,4:20:01 PM,5.0941701E+0,-3.1557386E+1,3.8566208E+3,0.0000000E+0
13358808,1/10/2021,4:20:01 PM,-3.7920978E+0,-3.9567696E+1,3.8512629E+3,0.0000000E+0
13358809,1/10/2021,4:20:01 PM,-1.4541274E+1,-4.7578003E+1,3.8476914E+3,0.0000000E+0
13358810,1/10/2021,4:20:01 PM,-2.4393696E+1,-5.6045273E+1,3.8432266E+3,0.0000000E+0
13358811,1/10/2021,4:20:01 PM,-3.2533798E+1,-6.5023270E+1,3.8369758E+3,0.0000000E+0
13358812,1/10/2021,4:20:01 PM,-4.1578354E+1,-6.8356415E+1,3.8396548E+3,0.0000000E+0
13358813,1/10/2021,4:20:01 PM,-5.0330288E+1,-7.0587471E+1,3.8369758E+3,0.0000000E+0
13358814,1/10/2021,4:20:01 PM,-5.7432922E+1,-7.0856270E+1,3.8378687E+3,0.0000000E+0
13358815,1/10/2021,4:20:01 PM,-6.0252697E+1,-7.1125076E+1,3.8351899E+3,0.0000000E+0
13358816,1/10/2021,4:20:02 PM,-6.1928600E+1,-6.7388725E+1,3.8396548E+3,0.0000000E+0
13358817,1/10/2021,4:20:02 PM,-6.4562164E+1,-6.1770763E+1,3.8387620E+3,0.0000000E+0
13358818,1/10/2021,4:20:02 PM,-6.3870518E+1,-5.3545414E+1,3.8405476E+3,0.0000000E+0
13358819,1/10/2021,4:20:02 PM,-6.6504082E+1,-4.0992344E+1,3.8494771E+3,0.0000000E+0
13358820,1/10/2021,4:20:02 PM,-6.6264664E+1,-3.1960587E+1,3.8459053E+3,0.0000000E+0
13358821,1/10/2021,4:20:02 PM,-6.4136536E+1,-2.5428692E+1,3.8476914E+3,0.0000000E+0
13358822,1/10/2021,4:20:02 PM,-5.8975819E+1,-1.7514748E+1,3.8539419E+3,0.0000000E+0
13358823,1/10/2021,4:20:02 PM,-5.6448666E+1,-1.0011086E+1,3.8512629E+3,0.0000000E+0
13358824,1/10/2021,4:20:02 PM,-5.4320538E+1,-3.8790586E+0,3.8548347E+3,0.0000000E+0
13358825,1/10/2021,4:20:02 PM,-5.0011070E+1,1.9123021E+0,3.8539419E+3,0.0000000E+0
13358826,1/10/2021,4:20:03 PM,-4.3600075E+1,7.2005363E+0,3.8557275E+3,0.0000000E+0
13358827,1/10/2021,4:20:03 PM,-3.4635323E+1,1.0678492E+1,3.8548347E+3,0.0000000E+0
13358828,1/10/2021,4:20:03 PM,-2.6122805E+1,1.5366286E+1,3.8566208E+3,0.0000000E+0
13358829,1/10/2021,4:20:03 PM,-2.2212362E+1,2.0346567E+1,3.8601924E+3,0.0000000E+0
13358830,1/10/2021,4:20:03 PM,-1.4985986E+1,2.5267412E+1,3.8592996E+3,0.0000000E+0
13358831,1/10/2021,4:20:03 PM,-9.9546947E+0,2.9191927E+1,3.8601924E+3,0.0000000E+0
13358832,1/10/2021,4:20:03 PM,-4.5045524E+0,3.2686356E+1,3.8610852E+3,0.0000000E+0
13358833,1/10/2021,4:20:03 PM,4.9622625E-2,3.6745270E+1,3.8637642E+3,0.0000000E+0
13358834,1/10/2021,4:20:03 PM,2.3624332E+0,4.1852512E+1,3.8655500E+3,0.0000000E+0
13358835,1/10/2021,4:20:03 PM,5.4707398E+0,4.5965187E+1,3.8700146E+3,0.0000000E+0
13358836,1/10/2021,4:20:04 PM,8.8600197E+0,4.6018948E+1,3.8655500E+3,0.0000000E+0
13358837,1/10/2021,4:20:04 PM,1.4457068E+1,4.4916859E+1,3.8709080E+3,0.0000000E+0
13358838,1/10/2021,4:20:04 PM,2.1680330E+1,4.0400978E+1,3.8655500E+3,0.0000000E+0
13358839,1/10/2021,4:20:04 PM,2.6708040E+1,3.4648613E+1,3.8637642E+3,0.0000000E+0
13358840,1/10/2021,4:20:04 PM,3.2640202E+1,3.0428415E+1,3.8673359E+3,0.0000000E+0
13358841,1/10/2021,4:20:04 PM,3.6816662E+1,2.4891090E+1,3.8655500E+3,0.0000000E+0
13358842,1/10/2021,4:20:04 PM,4.2057182E+1,1.6315544E+1,3.8637642E+3,0.0000000E+0
13358843,1/10/2021,4:20:04 PM,4.5595200E+1,6.6421494E+0,3.8575137E+3,0.0000000E+0
13358844,1/10/2021,4:20:04 PM,4.7138092E+1,-9.0336174E-1,3.8584065E+3,0.0000000E+0
13358845,1/10/2021,4:20:04 PM,4.6579456E+1,-4.4804568E+0,3.8584065E+3,0.0000000E+0
13358846,1/10/2021,4:20:05 PM,4.2748821E+1,-6.4374075E+0,3.8584065E+3,0.0000000E+0
13358847,1/10/2021,4:20:05 PM,3.7774319E+1,-7.9344172E+0,3.8601924E+3,0.0000000E+0
13358848,1/10/2021,4:20:05 PM,3.2241177E+1,-1.1795266E+1,3.8539419E+3,0.0000000E+0
13358849,1/10/2021,4:20:05 PM,2.8144527E+1,-1.4084654E+1,3.8557275E+3,0.0000000E+0
13358850,1/10/2021,4:20:05 PM,2.3196623E+1,-1.4980732E+1,3.8539419E+3,0.0000000E+0
13358851,1/10/2021,4:20:05 PM,1.7417425E+1,-1.3848004E+1,3.8566208E+3,0.0000000E+0
13358852,1/10/2021,4:20:05 PM,1.2022997E+1,-1.4095290E+1,3.8575137E+3,0.0000000E+0
13358853,1/10/2021,4:20:05 PM,8.4863567E+0,-1.6573467E+1,3.8539419E+3,0.0000000E+0
13358854,1/10/2021,4:20:05 PM,6.6364632E+0,-1.8448051E+1,3.8548347E+3,0.0000000E+0
13358855,1/10/2021,4:20:05 PM,4.9943156E+0,-2.1665462E+1,3.8530491E+3,0.0000000E+0
13358856,1/10/2021,4:20:06 PM,2.3267708E+0,-2.2982594E+1,3.8566208E+3,0.0000000E+0
13358857,1/10/2021,4:20:06 PM,-1.7214828E+0,-2.5455572E+1,3.8521558E+3,0.0000000E+0
13358858,1/10/2021,4:20:06 PM,-8.0021744E+0,-2.6315741E+1,3.8530491E+3,0.0000000E+0
13358859,1/10/2021,4:20:06 PM,-1.3125566E+1,-2.7310310E+1,3.8512629E+3,0.0000000E+0
13358860,1/10/2021,4:20:06 PM,-2.1414314E+1,-2.6987749E+1,3.8503701E+3,0.0000000E+0
13358861,1/10/2021,4:20:06 PM,-3.3119030E+1,-2.2310587E+1,3.8512629E+3,0.0000000E+0
13358862,1/10/2021,4:20:06 PM,-4.5435589E+1,-1.9229794E+1,3.8494771E+3,0.0000000E+0
13358863,1/10/2021,4:20:06 PM,-5.6821083E+1,-1.6174618E+1,3.8494771E+3,0.0000000E+0
13358864,1/10/2021,4:20:06 PM,-6.5333611E+1,-1.2409492E+1,3.8485842E+3,0.0000000E+0
13358865,1/10/2021,4:20:06 PM,-7.0893349E+1,-9.3250675E+0,3.8485842E+3,0.0000000E+0
13358866,1/10/2021,4:20:07 PM,-7.5974258E+1,-5.7620244E+0,3.8512629E+3,0.0000000E+0
13358867,1/10/2021,4:20:07 PM,-7.8448212E+1,-3.9943733E+0,3.8503701E+3,0.0000000E+0
13358868,1/10/2021,4:20:07 PM,-7.9592087E+1,-3.3305130E+0,3.8512629E+3,0.0000000E+0
13358869,1/10/2021,4:20:07 PM,-7.6293480E+1,-4.5701461E+0,3.8476914E+3,0.0000000E+0
13358870,1/10/2021,4:20:07 PM,-7.1797806E+1,-5.4061780E+0,3.8512629E+3,0.0000000E+0
13358871,1/10/2021,4:20:07 PM,-6.7514938E+1,-5.9986749E+0,3.8512629E+3,0.0000000E+0
13358872,1/10/2021,4:20:07 PM,-6.1183758E+1,-6.8734813E+0,3.8530491E+3,0.0000000E+0
13358873,1/10/2021,4:20:07 PM,-5.8949215E+1,-6.8415732E+0,3.8512629E+3,0.0000000E+0
13358874,1/10/2021,4:20:07 PM,-5.4932373E+1,-8.4289894E+0,3.8503701E+3,0.0000000E+0
13358875,1/10/2021,4:20:07 PM,-5.0809116E+1,-8.0567303E+0,3.8530491E+3,0.0000000E+0
13358876,1/10/2021,4:20:08 PM,-5.0037670E+1,-5.3773494E+0,3.8539419E+3,0.0000000E+0
13358877,1/10/2021,4:20:08 PM,-5.0622910E+1,-3.6412222E+0,3.8566208E+3,0.0000000E+0
13358878,1/10/2021,4:20:08 PM,-5.5358002E+1,-3.0029871E+0,3.8476914E+3,0.0000000E+0
13358879,1/10/2021,4:20:08 PM,-5.5304790E+1,-2.1741629E+0,3.8530491E+3,0.0000000E+0
13358880,1/10/2021,4:20:08 PM,-5.1420952E+1,-2.0708599E+0,3.8521558E+3,0.0000000E+0
13358881,1/10/2021,4:20:08 PM,-4.8388371E+1,-1.8930832E+0,3.8530491E+3,0.0000000E+0
13358882,1/10/2021,4:20:08 PM,-4.3706482E+1,-2.9613457E+0,3.8539419E+3,0.0000000E+0
13358883,1/10/2021,4:20:08 PM,-3.9104401E+1,-5.7540479E+0,3.8494771E+3,0.0000000E+0
13358884,1/10/2021,4:20:08 PM,-2.7692299E+1,-8.4183521E+0,3.8539419E+3,0.0000000E+0
13358885,1/10/2021,4:20:08 PM,-1.3354501E+1,-1.1656999E+1,3.8530491E+3,0.0000000E+0
13358886,1/10/2021,4:20:09 PM,-2.0549445E+0,-1.3728350E+1,3.8557275E+3,0.0000000E+0
13358887,1/10/2021,4:20:09 PM,1.0607288E+1,-1.6254387E+1,3.8557275E+3,0.0000000E+0
13358888,1/10/2021,4:20:09 PM,2.0722672E+1,-1.8065159E+1,3.8539419E+3,0.0000000E+0
13358889,1/10/2021,4:20:09 PM,3.0272657E+1,-1.8716610E+1,3.8566208E+3,0.0000000E+0
13358890,1/10/2021,4:20:09 PM,4.1179329E+1,-1.9298927E+1,3.8548347E+3,0.0000000E+0
13358891,1/10/2021,4:20:09 PM,4.7111492E+1,-1.5778429E+1,3.8619785E+3,0.0000000E+0
13358892,1/10/2021,4:20:09 PM,5.3203266E+1,-1.3800142E+1,3.8601924E+3,0.0000000E+0
13358893,1/10/2021,4:20:09 PM,5.8789608E+1,-1.2319086E+1,3.8637642E+3,0.0000000E+0
13358894,1/10/2021,4:20:09 PM,6.2673447E+1,-1.2670074E+1,3.8610852E+3,0.0000000E+0
13358895,1/10/2021,4:20:09 PM,6.7594749E+1,-1.3265686E+1,3.8601924E+3,0.0000000E+0
13358896,1/10/2021,4:20:10 PM,7.1584991E+1,-1.2303132E+1,3.8646572E+3,0.0000000E+0
13358897,1/10/2021,4:20:10 PM,7.1877617E+1,-1.1938851E+1,3.8601924E+3,0.0000000E+0
13358898,1/10/2021,4:20:10 PM,7.2223434E+1,-1.1391100E+1,3.8646572E+3,0.0000000E+0
13358899,1/10/2021,4:20:10 PM,7.2010620E+1,-1.4058064E+1,3.8584065E+3,0.0000000E+0
13358900,1/10/2021,4:20:10 PM,7.0627335E+1,-1.5634844E+1,3.8601924E+3,0.0000000E+0
13358901,1/10/2021,4:20:10 PM,6.7248932E+1,-1.5929992E+1,3.8566208E+3,0.0000000E+0
13358902,1/10/2021,4:20:10 PM,6.2992668E+1,-1.4930211E+1,3.8584065E+3,0.0000000E+0
13358903,1/10/2021,4:20:10 PM,5.6634880E+1,-1.1430984E+1,3.8592996E+3,0.0000000E+0
13358904,1/10/2021,4:20:10 PM,4.8920403E+1,-7.6977668E+0,3.8592996E+3,0.0000000E+0
13358905,1/10/2021,4:20:10 PM,3.8918186E+1,-3.6067877E+0,3.8575137E+3,0.0000000E+0
13358906,1/10/2021,4:20:11 PM,3.1203714E+1,7.1852863E-1,3.8584065E+3,0.0000000E+0
13358907,1/10/2021,4:20:11 PM,1.9506781E+1,5.8896561E+0,3.8575137E+3,0.0000000E+0
13358908,1/10/2021,4:20:11 PM,1.0602025E+1,1.1228902E+1,3.8610852E+3,0.0000000E+0
13358909,1/10/2021,4:20:11 PM,4.8566821E-1,1.6336815E+1,3.8548347E+3,0.0000000E+0
13358910,1/10/2021,4:20:11 PM,-4.4696827E+0,1.8900080E+1,3.8655500E+3,0.0000000E+0
13358911,1/10/2021,4:20:11 PM,-1.3141355E+1,2.3950281E+1,3.8610852E+3,0.0000000E+0
13358912,1/10/2021,4:20:11 PM,-3.2320984E+1,2.7794153E+1,3.8512629E+3,0.0000000E+0
13358913,1/10/2021,4:20:11 PM,-4.7643524E+1,3.4084126E+1,3.8584065E+3,0.0000000E+0
13358914,1/10/2021,4:20:11 PM,-6.1210354E+1,4.1933151E+1,3.8637642E+3,0.0000000E+0
13358915,1/10/2021,4:20:11 PM,-6.7887367E+1,4.1395550E+1,3.8601924E+3,0.0000000E+0
13358916,1/10/2021,4:20:12 PM,-7.3314102E+1,3.8626884E+1,3.8557275E+3,0.0000000E+0
13358917,1/10/2021,4:20:12 PM,-8.6003075E+1,3.7820480E+1,3.8521558E+3,0.0000000E+0
13358918,1/10/2021,4:20:12 PM,-9.5260452E+1,3.6261425E+1,3.8512629E+3,0.0000000E+0
13358919,1/10/2021,4:20:12 PM,-9.9782722E+1,3.8815044E+1,3.8601924E+3,0.0000000E+0
13358920,1/10/2021,4:20:12 PM,-1.0417199E+2,3.6100143E+1,3.8557275E+3,0.0000000E+0
13358921,1/10/2021,4:20:12 PM,-1.0116602E+2,2.6611423E+1,3.8548347E+3,0.0000000E+0
13358922,1/10/2021,4:20:12 PM,-9.6430916E+1,1.5956580E+1,3.8459053E+3,0.0000000E+0
13358923,1/10/2021,4:20:12 PM,-9.6457520E+1,1.0596063E+1,3.8539419E+3,0.0000000E+0
13358924,1/10/2021,4:20:12 PM,-9.5765877E+1,5.5306931E+0,3.8503701E+3,0.0000000E+0
13358925,1/10/2021,4:20:12 PM,-8.7067139E+1,-2.5040910E+0,3.8512629E+3,0.0000000E+0
13358926,1/10/2021,4:20:13 PM,-7.7330948E+1,-1.0981616E+1,3.8503701E+3,0.0000000E+0
13358927,1/10/2021,4:20:13 PM,-6.7248932E+1,-2.0218937E+1,3.8450125E+3,0.0000000E+0
13358928,1/10/2021,4:20:13 PM,-5.9773869E+1,-2.7390949E+1,3.8459053E+3,0.0000000E+0
13358929,1/10/2021,4:20:13 PM,-5.4107719E+1,-3.0589697E+1,3.8476914E+3,0.0000000E+0
13358930,1/10/2021,4:20:13 PM,-4.9718452E+1,-3.3008915E+1,3.8521558E+3,0.0000000E+0
13358931,1/10/2021,4:20:13 PM,-3.9955650E+1,-4.0374100E+1,3.8467981E+3,0.0000000E+0
13358932,1/10/2021,4:20:13 PM,-3.0485470E+1,-4.6825352E+1,3.8467981E+3,0.0000000E+0
13358933,1/10/2021,4:20:13 PM,-2.7745502E+1,-4.9271454E+1,3.8441196E+3,0.0000000E+0
13358934,1/10/2021,4:20:13 PM,-2.8463747E+1,-4.7228558E+1,3.8530491E+3,0.0000000E+0
13358935,1/10/2021,4:20:13 PM,-2.4393696E+1,-4.9110172E+1,3.8476914E+3,0.0000000E+0
13358936,1/10/2021,4:20:14 PM,-1.8691036E+1,-5.4324936E+1,3.8476914E+3,0.0000000E+0
13358937,1/10/2021,4:20:14 PM,-6.6890912E+0,-6.0883713E+1,3.8476914E+3,0.0000000E+0
13358938,1/10/2021,4:20:14 PM,2.8331766E+0,-6.5050148E+1,3.8423335E+3,0.0000000E+0
13358939,1/10/2021,4:20:14 PM,5.1718349E+0,-6.3759895E+1,3.8503701E+3,0.0000000E+0
13358940,1/10/2021,4:20:14 PM,1.2880843E+1,-6.4270622E+1,3.8494771E+3,0.0000000E+0
13358941,1/10/2021,4:20:14 PM,2.4127682E+1,-6.7442490E+1,3.8467981E+3,0.0000000E+0
13358942,1/10/2021,4:20:14 PM,3.4954544E+1,-6.9001541E+1,3.8494771E+3,0.0000000E+0
13358943,1/10/2021,4:20:14 PM,4.5408989E+1,-6.9566025E+1,3.8459053E+3,0.0000000E+0
13358944,1/10/2021,4:20:14 PM,4.8361767E+1,-6.4216866E+1,3.8503701E+3,0.0000000E+0
13358945,1/10/2021,4:20:14 PM,4.9505638E+1,-5.6179676E+1,3.8512629E+3,0.0000000E+0
13358946,1/10/2021,4:20:15 PM,5.0383488E+1,-4.8787609E+1,3.8485842E+3,0.0000000E+0
13358947,1/10/2021,4:20:15 PM,5.0915527E+1,-4.0911705E+1,3.8548347E+3,0.0000000E+0
13358948,1/10/2021,4:20:15 PM,5.3203266E+1,-3.0213373E+1,3.8548347E+3,0.0000000E+0
13358949,1/10/2021,4:20:15 PM,4.6872078E+1,-1.7549313E+1,3.8566208E+3,0.0000000E+0
13358950,1/10/2021,4:20:15 PM,4.2190189E+1,-3.2272100E+0,3.8610852E+3,0.0000000E+0
13358951,1/10/2021,4:20:15 PM,3.8093540E+1,1.0590745E+1,3.8655500E+3,0.0000000E+0
13358952,1/10/2021,4:20:15 PM,3.3996887E+1,2.1235378E+1,3.8637642E+3,0.0000000E+0
13358953,1/10/2021,4:20:15 PM,3.2161373E+1,3.0428415E+1,3.8637642E+3,0.0000000E+0
13358954,1/10/2021,4:20:15 PM,2.8490349E+1,4.2363235E+1,3.8673359E+3,0.0000000E+0
13358955,1/10/2021,4:20:15 PM,2.1174898E+1,5.3975498E+1,3.8682290E+3,0.0000000E+0
13358956,1/10/2021,4:20:16 PM,1.7135862E+1,6.5507111E+1,3.8726936E+3,0.0000000E+0
13358957,1/10/2021,4:20:16 PM,1.1312511E+1,7.3732460E+1,3.8709080E+3,0.0000000E+0
13358958,1/10/2021,4:20:16 PM,8.8889656E+0,7.9807396E+1,3.8709080E+3,0.0000000E+0
13358959,1/10/2021,4:20:16 PM,8.1179571E+0,8.3328697E+1,3.8709080E+3,0.0000000E+0
13358960,1/10/2021,4:20:16 PM,2.9671085E+0,8.6742493E+1,3.8726936E+3,0.0000000E+0
13358961,1/10/2021,4:20:16 PM,-3.2880700E+0,8.9726196E+1,3.8744795E+3,0.0000000E+0
13358962,1/10/2021,4:20:16 PM,-1.9059552E+0,8.7011292E+1,3.8726936E+3,0.0000000E+0
13358963,1/10/2021,4:20:16 PM,5.9230411E-1,8.0909485E+1,3.8744795E+3,0.0000000E+0
13358964,1/10/2021,4:20:16 PM,-1.5628487E+0,7.2872292E+1,3.8673359E+3,0.0000000E+0
13358965,1/10/2021,4:20:16 PM,-2.0604920E+0,6.3302937E+1,3.8744795E+3,0.0000000E+0
13358966,1/10/2021,4:20:17 PM,-7.3180032E+0,5.4002373E+1,3.8637642E+3,0.0000000E+0
13358967,1/10/2021,4:20:17 PM,-1.3009784E+1,4.1234264E+1,3.8691218E+3,0.0000000E+0
13358968,1/10/2021,4:20:17 PM,-1.3146617E+1,2.5966299E+1,3.8619785E+3,0.0000000E+0
13358969,1/10/2021,4:20:17 PM,-1.7277960E+1,1.1018842E+1,3.8575137E+3,0.0000000E+0
13358970,1/10/2021,4:20:17 PM,-2.3409437E+1,-3.4394214E+0,3.8566208E+3,0.0000000E+0
13358971,1/10/2021,4:20:17 PM,-2.9181992E+1,-2.2283709E+1,3.8441196E+3,0.0000000E+0
13358972,1/10/2021,4:20:17 PM,-3.5779198E+1,-3.6046383E+1,3.8423335E+3,0.0000000E+0
13358973,1/10/2021,4:20:17 PM,-3.9902451E+1,-4.5615742E+1,3.8476914E+3,0.0000000E+0
13358974,1/10/2021,4:20:17 PM,-4.5089767E+1,-5.6314072E+1,3.8369758E+3,0.0000000E+0
13358975,1/10/2021,4:20:17 PM,-5.0064274E+1,-6.4136223E+1,3.8405476E+3,0.0000000E+0
13358976,1/10/2021,4:20:18 PM,-5.3495880E+1,-6.9861710E+1,3.8414407E+3,0.0000000E+0
13358977,1/10/2021,4:20:18 PM,-5.4772762E+1,-7.7952660E+1,3.8360830E+3,0.0000000E+0
13358978,1/10/2021,4:20:18 PM,-5.4985577E+1,-8.3570618E+1,3.8387620E+3,0.0000000E+0
13358979,1/10/2021,4:20:18 PM,-5.3841709E+1,-8.9027306E+1,3.8334043E+3,0.0000000E+0
13358980,1/10/2021,4:20:18 PM,-4.9771656E+1,-9.0532600E+1,3.8405476E+3,0.0000000E+0
13358981,1/10/2021,4:20:18 PM,-4.8441574E+1,-9.0774521E+1,3.8351899E+3,0.0000000E+0
13358982,1/10/2021,4:20:18 PM,-4.6526257E+1,-8.8382187E+1,3.8387620E+3,0.0000000E+0
13358983,1/10/2021,4:20:18 PM,-4.1791164E+1,-8.2549171E+1,3.8459053E+3,0.0000000E+0
13358984,1/10/2021,4:20:18 PM,-3.8040333E+1,-7.7898895E+1,3.8405476E+3,0.0000000E+0
13358985,1/10/2021,4:20:18 PM,-3.7295490E+1,-7.1340118E+1,3.8396548E+3,0.0000000E+0
13358986,1/10/2021,4:20:19 PM,-3.6736855E+1,-5.9942902E+1,3.8476914E+3,0.0000000E+0
13358987,1/10/2021,4:20:19 PM,-3.9875847E+1,-4.6475910E+1,3.8476914E+3,0.0000000E+0
13358988,1/10/2021,4:20:19 PM,-4.2030579E+1,-3.4836773E+1,3.8503701E+3,0.0000000E+0
13358989,1/10/2021,4:20:19 PM,-4.8707588E+1,-2.5455572E+1,3.8441196E+3,0.0000000E+0
13358990,1/10/2021,4:20:19 PM,-5.3469284E+1,-1.4454254E+1,3.8467981E+3,0.0000000E+0
13358991,1/10/2021,4:20:19 PM,-5.6315659E+1,-9.0789586E-1,3.8530491E+3,0.0000000E+0
13358992,1/10/2021,4:20:19 PM,-5.8018162E+1,1.2247294E+1,3.8557275E+3,0.0000000E+0
13358993,1/10/2021,4:20:19 PM,-5.6927494E+1,2.2203066E+1,3.8566208E+3,0.0000000E+0
13358994,1/10/2021,4:20:19 PM,-5.3017052E+1,3.0992901E+1,3.8566208E+3,0.0000000E+0
13358995,1/10/2021,4:20:19 PM,-4.8947002E+1,3.8196800E+1,3.8584065E+3,0.0000000E+0
13358996,1/10/2021,4:20:20 PM,-4.0248272E+1,4.6583431E+1,3.8619785E+3,0.0000000E+0
13358997,1/10/2021,4:20:20 PM,-3.1469732E+1,5.4083015E+1,3.8682290E+3,0.0000000E+0
13358998,1/10/2021,4:20:20 PM,-2.0642866E+1,5.7201122E+1,3.8700146E+3,0.0000000E+0
13358999,1/10/2021,4:20:20 PM,-7.7469258E+0,5.5722710E+1,3.8673359E+3,0.0000000E+0
13359000,1/10/2021,4:20:20 PM,4.5948973E+0,5.1636917E+1,3.8619785E+3,0.0000000E+0
13359001,1/10/2021,4:20:20 PM,1.7464790E+1,4.9970341E+1,3.8709080E+3,0.0000000E+0
13359002,1/10/2021,4:20:20 PM,2.7931713E+1,4.9674656E+1,3.8709080E+3,0.0000000E+0
13359003,1/10/2021,4:20:20 PM,3.4954544E+1,4.6260868E+1,3.8682290E+3,0.0000000E+0
13359004,1/10/2021,4:20:20 PM,4.0700500E+1,4.2363235E+1,3.8655500E+3,0.0000000E+0
13359005,1/10/2021,4:20:20 PM,4.3866093E+1,3.7014072E+1,3.8646572E+3,0.0000000E+0
13359006,1/10/2021,4:20:21 PM,4.8893803E+1,3.4648613E+1,3.8655500E+3,0.0000000E+0
13359007,1/10/2021,4:20:21 PM,5.0383488E+1,3.2605713E+1,3.8664431E+3,0.0000000E+0
13359008,1/10/2021,4:20:21 PM,4.9957867E+1,2.9326326E+1,3.8655500E+3,0.0000000E+0
13359009,1/10/2021,4:20:21 PM,5.0915527E+1,2.3923401E+1,3.8637642E+3,0.0000000E+0
13359010,1/10/2021,4:20:21 PM,5.2219002E+1,1.8192789E+1,3.8619785E+3,0.0000000E+0
13359011,1/10/2021,4:20:21 PM,5.1048534E+1,1.6477743E+1,3.8673359E+3,0.0000000E+0
13359012,1/10/2021,4:20:21 PM,4.9771656E+1,1.2904064E+1,3.8637642E+3,0.0000000E+0
13359013,1/10/2021,4:20:21 PM,4.8361767E+1,7.3946428E+0,3.8655500E+3,0.0000000E+0
13359014,1/10/2021,4:20:21 PM,4.5063164E+1,2.3764256E-1,3.8628713E+3,0.0000000E+0
13359015,1/10/2021,4:20:21 PM,4.2961636E+1,-7.0436563E+0,3.8584065E+3,0.0000000E+0
13359016,1/10/2021,4:20:22 PM,3.8997993E+1,-1.3124760E+1,3.8619785E+3,0.0000000E+0
13359017,1/10/2021,4:20:22 PM,3.3518055E+1,-1.8543774E+1,3.8601924E+3,0.0000000E+0
13359018,1/10/2021,4:20:22 PM,2.7000658E+1,-2.5213652E+1,3.8566208E+3,0.0000000E+0
13359019,1/10/2021,4:20:22 PM,1.8585781E+1,-3.3035797E+1,3.8530491E+3,0.0000000E+0
13359020,1/10/2021,4:20:22 PM,1.0262571E+1,-4.0347218E+1,3.8521558E+3,0.0000000E+0
13359021,1/10/2021,4:20:22 PM,-2.1089613E-1,-4.6852234E+1,3.8459053E+3,0.0000000E+0
13359022,1/10/2021,4:20:22 PM,-1.0470454E+1,-5.2308922E+1,3.8485842E+3,0.0000000E+0
13359023,1/10/2021,4:20:22 PM,-1.9046280E+1,-5.8894573E+1,3.8441196E+3,0.0000000E+0
13359024,1/10/2021,4:20:22 PM,-2.7319876E+1,-6.5211426E+1,3.8396548E+3,0.0000000E+0
13359025,1/10/2021,4:20:22 PM,-3.4661930E+1,-6.8678978E+1,3.8396548E+3,0.0000000E+0
13359026,1/10/2021,4:20:23 PM,-4.1684757E+1,-7.0668114E+1,3.8369758E+3,0.0000000E+0
13359027,1/10/2021,4:20:23 PM,-4.7297703E+1,-6.9350983E+1,3.8405476E+3,0.0000000E+0
13359028,1/10/2021,4:20:23 PM,-5.0223881E+1,-6.7308083E+1,3.8396548E+3,0.0000000E+0
13359029,1/10/2021,4:20:23 PM,-5.2059395E+1,-6.4243736E+1,3.8396548E+3,0.0000000E+0
13359030,1/10/2021,4:20:23 PM,-5.0197285E+1,-6.0023544E+1,3.8423335E+3,0.0000000E+0
13359031,1/10/2021,4:20:23 PM,-5.0117477E+1,-5.3357250E+1,3.8423335E+3,0.0000000E+0
13359032,1/10/2021,4:20:23 PM,-4.6020824E+1,-4.3976051E+1,3.8512629E+3,0.0000000E+0
13359033,1/10/2021,4:20:23 PM,-3.8572369E+1,-3.9755852E+1,3.8459053E+3,0.0000000E+0
13359034,1/10/2021,4:20:23 PM,-3.3331844E+1,-3.6745270E+1,3.8467981E+3,0.0000000E+0
13359035,1/10/2021,4:20:23 PM,-3.1310122E+1,-2.9030643E+1,3.8494771E+3,0.0000000E+0
13359036,1/10/2021,4:20:24 PM,-3.1017506E+1,-2.0054081E+1,3.8494771E+3,0.0000000E+0
13359037,1/10/2021,4:20:24 PM,-2.8782967E+1,-8.7985878E+0,3.8575137E+3,0.0000000E+0
13359038,1/10/2021,4:20:24 PM,-2.7107063E+1,9.5350403E-1,3.8575137E+3,0.0000000E+0
13359039,1/10/2021,4:20:24 PM,-3.1975163E+1,9.5510807E+0,3.8512629E+3,0.0000000E+0
13359040,1/10/2021,4:20:24 PM,-3.2347588E+1,2.0115236E+1,3.8566208E+3,0.0000000E+0
13359041,1/10/2021,4:20:24 PM,-3.7721115E+1,3.4809895E+1,3.8628713E+3,0.0000000E+0
13359042,1/10/2021,4:20:24 PM,-3.9290611E+1,4.4029808E+1,3.8628713E+3,0.0000000E+0
13359043,1/10/2021,4:20:24 PM,-4.0594090E+1,5.2308922E+1,3.8619785E+3,0.0000000E+0
13359044,1/10/2021,4:20:24 PM,-4.3440468E+1,5.9459057E+1,3.8655500E+3,0.0000000E+0
13359045,1/10/2021,4:20:24 PM,-4.4052303E+1,6.4915741E+1,3.8646572E+3,0.0000000E+0
13359046,1/10/2021,4:20:25 PM,-4.5728207E+1,7.0775635E+1,3.8646572E+3,0.0000000E+0
13359047,1/10/2021,4:20:25 PM,-4.5887817E+1,7.5936638E+1,3.8700146E+3,0.0000000E+0
13359048,1/10/2021,4:20:25 PM,-4.3014843E+1,7.6447357E+1,3.8709080E+3,0.0000000E+0
13359049,1/10/2021,4:20:25 PM,-3.9476822E+1,7.3248611E+1,3.8655500E+3,0.0000000E+0
13359050,1/10/2021,4:20:25 PM,-3.4156494E+1,6.6609200E+1,3.8655500E+3,0.0000000E+0
13359051,1/10/2021,4:20:25 PM,-3.0006641E+1,5.8840813E+1,3.8628713E+3,0.0000000E+0
13359052,1/10/2021,4:20:25 PM,-2.5510965E+1,5.1045547E+1,3.8655500E+3,0.0000000E+0
13359053,1/10/2021,4:20:25 PM,-1.9369946E+1,4.0884823E+1,3.8673359E+3,0.0000000E+0
13359054,1/10/2021,4:20:25 PM,-1.3154510E+1,2.7095268E+1,3.8584065E+3,0.0000000E+0
13359055,1/10/2021,4:20:25 PM,-1.2051943E+1,1.7440296E+1,3.8584065E+3,0.0000000E+0
13359056,1/10/2021,4:20:26 PM,-1.3083463E+1,1.0768897E+1,3.8566208E+3,0.0000000E+0
13359057,1/10/2021,4:20:26 PM,-1.4401810E+1,4.8488235E+0,3.8601924E+3,0.0000000E+0
13359058,1/10/2021,4:20:26 PM,-1.7941080E+1,-1.4674628E+0,3.8539419E+3,0.0000000E+0
13359059,1/10/2021,4:20:26 PM,-1.9456783E+1,-7.7270160E+0,3.8584065E+3,0.0000000E+0
13359060,1/10/2021,4:20:26 PM,-2.3675453E+1,-1.7512089E+1,3.8476914E+3,0.0000000E+0
13359061,1/10/2021,4:20:26 PM,-2.2504982E+1,-3.0670340E+1,3.8405476E+3,0.0000000E+0
13359062,1/10/2021,4:20:26 PM,-1.0944111E+1,-3.7820480E+1,3.8575137E+3,0.0000000E+0
13359063,1/10/2021,4:20:26 PM,-6.1549115E+0,-4.6233986E+1,3.8450125E+3,0.0000000E+0
13359064,1/10/2021,4:20:26 PM,-2.1635165E+0,-5.3652931E+1,3.8467981E+3,0.0000000E+0
13359065,1/10/2021,4:20:26 PM,9.0640473E-1,-5.9512817E+1,3.8503701E+3,0.0000000E+0
13359066,1/10/2021,4:20:27 PM,7.3995771E+0,-6.7845695E+1,3.8423335E+3,0.0000000E+0
13359067,1/10/2021,4:20:27 PM,2.2105957E+1,-7.6635521E+1,3.8476914E+3,0.0000000E+0
13359068,1/10/2021,4:20:27 PM,3.0219456E+1,-7.9269783E+1,3.8512629E+3,0.0000000E+0
13359069,1/10/2021,4:20:27 PM,3.2028366E+1,-8.2119087E+1,3.8467981E+3,0.0000000E+0
13359070,1/10/2021,4:20:27 PM,3.1336723E+1,-8.4269508E+1,3.8441196E+3,0.0000000E+0
13359071,1/10/2021,4:20:27 PM,3.0113047E+1,-8.4457672E+1,3.8459053E+3,0.0000000E+0
13359072,1/10/2021,4:20:27 PM,3.5699390E+1,-8.5694160E+1,3.8441196E+3,0.0000000E+0
13359073,1/10/2021,4:20:27 PM,3.6630447E+1,-8.2549171E+1,3.8467981E+3,0.0000000E+0
13359074,1/10/2021,4:20:27 PM,3.4422512E+1,-7.5748482E+1,3.8512629E+3,0.0000000E+0
13359075,1/10/2021,4:20:27 PM,3.0006641E+1,-6.9485382E+1,3.8459053E+3,0.0000000E+0
13359076,1/10/2021,4:20:28 PM,2.1547323E+1,-6.1582600E+1,3.8441196E+3,0.0000000E+0
13359077,1/10/2021,4:20:28 PM,2.6069601E+1,-5.4728138E+1,3.8485842E+3,0.0000000E+0
13359078,1/10/2021,4:20:28 PM,3.0325859E+1,-4.4594296E+1,3.8530491E+3,0.0000000E+0
13359079,1/10/2021,4:20:28 PM,2.1786737E+1,-3.2363792E+1,3.8530491E+3,0.0000000E+0
13359080,1/10/2021,4:20:28 PM,1.8785769E+1,-2.1181618E+1,3.8548347E+3,0.0000000E+0
13359081,1/10/2021,4:20:28 PM,1.5385963E+1,-1.1050750E+1,3.8539419E+3,0.0000000E+0
13359082,1/10/2021,4:20:28 PM,1.5059667E+1,3.4459504E-1,3.8584065E+3,0.0000000E+0
13359083,1/10/2021,4:20:28 PM,1.7043764E+1,1.1654340E+1,3.8610852E+3,0.0000000E+0
13359084,1/10/2021,4:20:28 PM,1.4985986E+1,2.5616856E+1,3.8673359E+3,0.0000000E+0
13359085,1/10/2021,4:20:28 PM,6.0733371E+0,3.8841927E+1,3.8628713E+3,0.0000000E+0
13359086,1/10/2021,4:20:29 PM,-6.7307281E-1,5.0454185E+1,3.8673359E+3,0.0000000E+0
13359087,1/10/2021,4:20:29 PM,-5.6156335E+0,6.3276051E+1,3.8709080E+3,0.0000000E+0
13359088,1/10/2021,4:20:29 PM,-1.1709857E+1,7.2872292E+1,3.8682290E+3,0.0000000E+0
13359089,1/10/2021,4:20:29 PM,-1.6988503E+1,8.0371872E+1,3.8726936E+3,0.0000000E+0
13359090,1/10/2021,4:20:29 PM,-2.3303030E+1,8.5613518E+1,3.8709080E+3,0.0000000E+0
13359091,1/10/2021,4:20:29 PM,-2.6096203E+1,8.6957527E+1,3.8735867E+3,0.0000000E+0
13359092,1/10/2021,4:20:29 PM,-2.5670576E+1,8.6393044E+1,3.8744795E+3,0.0000000E+0
13359093,1/10/2021,4:20:29 PM,-3.0246056E+1,8.0586914E+1,3.8664431E+3,0.0000000E+0
13359094,1/10/2021,4:20:29 PM,-3.3411652E+1,7.2711006E+1,3.8601924E+3,0.0000000E+0
13359095,1/10/2021,4:20:29 PM,-3.7721115E+1,6.7550003E+1,3.8709080E+3,0.0000000E+0
13359096,1/10/2021,4:20:30 PM,-3.5859001E+1,5.8195690E+1,3.8646572E+3,0.0000000E+0
13359097,1/10/2021,4:20:30 PM,-3.3571262E+1,4.4244850E+1,3.8601924E+3,0.0000000E+0
13359098,1/10/2021,4:20:30 PM,-3.8652172E+1,3.2578835E+1,3.8512629E+3,0.0000000E+0
13359099,1/10/2021,4:20:30 PM,-4.0567490E+1,2.3493319E+1,3.8584065E+3,0.0000000E+0
13359100,1/10/2021,4:20:30 PM,-4.2163589E+1,1.6504332E+1,3.8566208E+3,0.0000000E+0
13359101,1/10/2021,4:20:30 PM,-4.6393246E+1,9.9579058E+0,3.8566208E+3,0.0000000E+0
13359102,1/10/2021,4:20:30 PM,-4.5116367E+1,-7.7480537E-1,3.8548347E+3,0.0000000E+0
13359103,1/10/2021,4:20:30 PM,-4.7058289E+1,-1.1109247E+1,3.8441196E+3,0.0000000E+0
13359104,1/10/2021,4:20:30 PM,-4.8601185E+1,-1.8769789E+1,3.8494771E+3,0.0000000E+0
13359105,1/10/2021,4:20:30 PM,-5.1952991E+1,-2.3600840E+1,3.8467981E+3,0.0000000E+0
13359106,1/10/2021,4:20:31 PM,-5.3096859E+1,-2.8116716E+1,3.8512629E+3,0.0000000E+0
13359107,1/10/2021,4:20:31 PM,-4.9638645E+1,-3.5186214E+1,3.8476914E+3,0.0000000E+0
13359108,1/10/2021,4:20:31 PM,-5.0170681E+1,-4.2443878E+1,3.8441196E+3,0.0000000E+0
13359109,1/10/2021,4:20:31 PM,-5.1740173E+1,-4.7981201E+1,3.8405476E+3,0.0000000E+0
13359110,1/10/2021,4:20:31 PM,-5.0729317E+1,-4.9782181E+1,3.8459053E+3,0.0000000E+0
13359111,1/10/2021,4:20:31 PM,-5.0649509E+1,-5.0266022E+1,3.8459053E+3,0.0000000E+0
13359112,1/10/2021,4:20:31 PM,-4.7271099E+1,-5.1663792E+1,3.8512629E+3,0.0000000E+0
13359113,1/10/2021,4:20:31 PM,-4.6207035E+1,-5.6582874E+1,3.8369758E+3,0.0000000E+0
13359114,1/10/2021,4:20:31 PM,-4.2615818E+1,-5.9459057E+1,3.8405476E+3,0.0000000E+0
13359115,1/10/2021,4:20:31 PM,-4.0700500E+1,-5.6099033E+1,3.8423335E+3,0.0000000E+0
13359116,1/10/2021,4:20:32 PM,-3.9955650E+1,-4.8411285E+1,3.8539419E+3,0.0000000E+0
13359117,1/10/2021,4:20:32 PM,-3.3517464E+1,-4.9566257E+1,3.8494771E+3,0.0000000E+0
13359118,1/10/2021,4:20:32 PM,-2.5643518E+1,-5.3867020E+1,3.8405476E+3,0.0000000E+0
13359119,1/10/2021,4:20:32 PM,-1.7836060E+1,-5.3517578E+1,3.8459053E+3,0.0000000E+0
13359120,1/10/2021,4:20:32 PM,-1.0433753E+1,-4.8544827E+1,3.8467981E+3,0.0000000E+0
13359121,1/10/2021,4:20:32 PM,-9.6837854E+0,-3.9298195E+1,3.8584065E+3,0.0000000E+0
13359122,1/10/2021,4:20:32 PM,-9.6679974E+0,-3.2766415E+1,3.8530491E+3,0.0000000E+0
13359123,1/10/2021,4:20:32 PM,-6.1997280E+0,-3.2578259E+1,3.8539419E+3,0.0000000E+0
13359124,1/10/2021,4:20:32 PM,1.1071209E+0,-3.5427509E+1,3.8476914E+3,0.0000000E+0
13359125,1/10/2021,4:20:32 PM,1.1583703E+1,-3.6422062E+1,3.8494771E+3,0.0000000E+0
13359126,1/10/2021,4:20:33 PM,1.8651814E+1,-2.9970921E+1,3.8610852E+3,0.0000000E+0
13359127,1/10/2021,4:20:33 PM,2.3462225E+1,-2.8761330E+1,3.8601924E+3,0.0000000E+0
13359128,1/10/2021,4:20:33 PM,3.2692825E+1,-3.2685772E+1,3.8539419E+3,0.0000000E+0
13359129,1/10/2021,4:20:33 PM,4.1205196E+1,-3.8411160E+1,3.8459053E+3,0.0000000E+0
13359130,1/10/2021,4:20:33 PM,5.0089985E+1,-3.7255333E+1,3.8539419E+3,0.0000000E+0
13359131,1/10/2021,4:20:33 PM,5.8203342E+1,-3.0562275E+1,3.8619785E+3,0.0000000E+0
13359132,1/10/2021,4:20:33 PM,6.2778740E+1,-2.5589520E+1,3.8601924E+3,0.0000000E+0
13359133,1/10/2021,4:20:33 PM,5.9400391E+1,-2.0536129E+1,3.8566208E+3,0.0000000E+0
13359134,1/10/2021,4:20:33 PM,6.2087109E+1,-1.7275667E+1,3.8548347E+3,0.0000000E+0
13359135,1/10/2021,4:20:33 PM,6.7646751E+1,-1.3377542E+1,3.8539419E+3,0.0000000E+0
13359136,1/10/2021,4:20:34 PM,6.4827026E+1,-4.5207986E-1,3.8601924E+3,0.0000000E+0
13359137,1/10/2021,4:20:34 PM,5.4026958E+1,1.5890317E+1,3.8655500E+3,0.0000000E+0
13359138,1/10/2021,4:20:34 PM,4.6073212E+1,2.8680693E+1,3.8655500E+3,0.0000000E+0
13359139,1/10/2021,4:20:34 PM,3.7268227E+1,3.8464920E+1,3.8601924E+3,0.0000000E+0
13359140,1/10/2021,4:20:34 PM,3.0298721E+1,4.8356670E+1,3.8628713E+3,0.0000000E+0
13359141,1/10/2021,4:20:34 PM,2.6202143E+1,6.1984703E+1,3.8691218E+3,0.0000000E+0
13359142,1/10/2021,4:20:34 PM,1.7728168E+1,7.8273827E+1,3.8753723E+3,0.0000000E+0
13359143,1/10/2021,4:20:34 PM,7.2628388E+0,8.9536446E+1,3.8771584E+3,0.0000000E+0
13359144,1/10/2021,4:20:34 PM,3.3125663E-1,9.6202621E+1,3.8780513E+3,0.0000000E+0
13359145,1/10/2021,4:20:34 PM,-4.9856100E+0,9.9428192E+1,3.8718008E+3,0.0000000E+0
13359146,1/10/2021,4:20:35 PM,-6.1365728E+0,9.9240036E+1,3.8744795E+3,0.0000000E+0
13359147,1/10/2021,4:20:35 PM,-8.3180561E+0,9.9455070E+1,3.8834089E+3,0.0000000E+0
13359148,1/10/2021,4:20:35 PM,-1.5696679E+1,9.4912392E+1,3.8744795E+3,0.0000000E+0
13359149,1/10/2021,4:20:35 PM,-2.5191299E+1,8.3837936E+1,3.8682290E+3,0.0000000E+0
13359150,1/10/2021,4:20:35 PM,-3.2958839E+1,7.2655960E+1,3.8637642E+3,0.0000000E+0
13359151,1/10/2021,4:20:35 PM,-3.9742134E+1,6.0694469E+1,3.8664431E+3,0.0000000E+0
13359152,1/10/2021,4:20:35 PM,-4.6259418E+1,4.6152527E+1,3.8601924E+3,0.0000000E+0
13359153,1/10/2021,4:20:35 PM,-5.7352100E+1,3.4943676E+1,3.8601924E+3,0.0000000E+0
13359154,1/10/2021,4:20:35 PM,-6.2805340E+1,2.0374849E+1,3.8566208E+3,0.0000000E+0
13359155,1/10/2021,4:20:35 PM,-6.6582710E+1,3.0245346E-1,3.8459053E+3,0.0000000E+0
13359156,1/10/2021,4:20:36 PM,-7.0599480E+1,-1.6509869E+1,3.8450125E+3,0.0000000E+0
13359157,1/10/2021,4:20:36 PM,-7.4430046E+1,-2.8196856E+1,3.8441196E+3,0.0000000E+0
13359158,1/10/2021,4:20:36 PM,-7.8899040E+1,-3.9432590E+1,3.8441196E+3,0.0000000E+0
13359159,1/10/2021,4:20:36 PM,-8.0787727E+1,-5.0856487E+1,3.8396548E+3,0.0000000E+0
13359160,1/10/2021,4:20:36 PM,-7.9963089E+1,-6.3839405E+1,3.8369758E+3,0.0000000E+0
13359161,1/10/2021,4:20:36 PM,-7.9005447E+1,-7.4080589E+1,3.8334043E+3,0.0000000E+0
13359162,1/10/2021,4:20:36 PM,-7.5839912E+1,-8.1042442E+1,3.8334043E+3,0.0000000E+0
13359163,1/10/2021,4:20:36 PM,-7.1876335E+1,-8.5585121E+1,3.8396548E+3,0.0000000E+0
13359164,1/10/2021,4:20:36 PM,-6.6183685E+1,-8.9348282E+1,3.8369758E+3,0.0000000E+0
13359165,1/10/2021,4:20:36 PM,-5.6554070E+1,-9.4482315E+1,3.8369758E+3,0.0000000E+0
13359166,1/10/2021,4:20:37 PM,-4.5860401E+1,-9.7009018E+1,3.8369758E+3,0.0000000E+0
13359167,1/10/2021,4:20:37 PM,-3.6523392E+1,-9.7761642E+1,3.8369758E+3,0.0000000E+0
13359168,1/10/2021,4:20:37 PM,-3.2453415E+1,-9.4966156E+1,3.8387620E+3,0.0000000E+0
13359169,1/10/2021,4:20:37 PM,-2.5537113E+1,-9.0880432E+1,3.8441196E+3,0.0000000E+0
13359170,1/10/2021,4:20:37 PM,-1.8707075E+1,-8.4590569E+1,3.8476914E+3,0.0000000E+0
13359171,1/10/2021,4:20:37 PM,-1.4009912E+1,-8.1015564E+1,3.8450125E+3,0.0000000E+0
13359172,1/10/2021,4:20:37 PM,-1.0707425E+1,-7.6419128E+1,3.8405476E+3,0.0000000E+0
13359173,1/10/2021,4:20:37 PM,-1.0444279E+1,-6.8032646E+1,3.8476914E+3,0.0000000E+0
13359174,1/10/2021,4:20:37 PM,-6.8865404E+0,-5.8544094E+1,3.8459053E+3,0.0000000E+0
13359175,1/10/2021,4:20:37 PM,-4.8421679E+0,-4.8168510E+1,3.8512629E+3,0.0000000E+0
13359176,1/10/2021,4:20:38 PM,-4.2858338E+0,-3.8787479E+1,3.8503701E+3,0.0000000E+0
13359177,1/10/2021,4:20:38 PM,-1.6760795E-1,-3.0159079E+1,3.8503701E+3,0.0000000E+0
13359178,1/10/2021,4:20:38 PM,-1.2553438E+0,-1.9397568E+1,3.8512629E+3,0.0000000E+0
13359179,1/10/2021,4:20:38 PM,-1.1196738E+0,-6.5863981E+0,3.8566208E+3,0.0000000E+0
13359180,1/10/2021,4:20:38 PM,4.1526942E+0,4.9913769E+0,3.8601924E+3,0.0000000E+0
13359181,1/10/2021,4:20:38 PM,8.5575190E+0,1.3935936E+1,3.8619785E+3,0.0000000E+0
13359182,1/10/2021,4:20:38 PM,1.5330907E+1,2.2471470E+1,3.8646572E+3,0.0000000E+0
13359183,1/10/2021,4:20:38 PM,1.8417614E+1,2.8895729E+1,3.8601924E+3,0.0000000E+0
13359184,1/10/2021,4:20:38 PM,2.3542028E+1,3.5508148E+1,3.8673359E+3,0.0000000E+0
13359185,1/10/2021,4:20:38 PM,3.1735184E+1,4.2470005E+1,3.8682290E+3,0.0000000E+0
13359186,1/10/2021,4:20:39 PM,3.8970699E+1,4.7442757E+1,3.8753723E+3,0.0000000E+0
13359187,1/10/2021,4:20:39 PM,4.4157925E+1,4.8652344E+1,3.8691218E+3,0.0000000E+0
13359188,1/10/2021,4:20:39 PM,4.4689953E+1,5.0292011E+1,3.8682290E+3,0.0000000E+0
13359189,1/10/2021,4:20:39 PM,4.3838715E+1,5.0937122E+1,3.8673359E+3,0.0000000E+0
13359190,1/10/2021,4:20:39 PM,4.6605232E+1,5.4297089E+1,3.8709080E+3,0.0000000E+0
13359191,1/10/2021,4:20:39 PM,4.6977650E+1,5.7361385E+1,3.8718008E+3,0.0000000E+0
13359192,1/10/2021,4:20:39 PM,4.5381580E+1,5.7280746E+1,3.8691218E+3,0.0000000E+0
13359193,1/10/2021,4:20:39 PM,4.2721462E+1,5.6635628E+1,3.8691218E+3,0.0000000E+0
13359194,1/10/2021,4:20:39 PM,3.6523392E+1,5.5291641E+1,3.8637642E+3,0.0000000E+0
13359195,1/10/2021,4:20:39 PM,3.2719429E+1,5.5076603E+1,3.8709080E+3,0.0000000E+0
13359196,1/10/2021,4:20:40 PM,2.9979507E+1,5.4942207E+1,3.8682290E+3,0.0000000E+0
13359197,1/10/2021,4:20:40 PM,2.4047449E+1,5.2119831E+1,3.8682290E+3,0.0000000E+0
13359198,1/10/2021,4:20:40 PM,1.9454411E+1,4.8329792E+1,3.8655500E+3,0.0000000E+0
13359199,1/10/2021,4:20:40 PM,1.2386299E+1,4.3007599E+1,3.8646572E+3,0.0000000E+0
13359200,1/10/2021,4:20:40 PM,7.3233633E+0,3.6771496E+1,3.8628713E+3,0.0000000E+0
13359201,1/10/2021,4:20:40 PM,2.2063167E+0,3.0938593E+1,3.8655500E+3,0.0000000E+0
13359202,1/10/2021,4:20:40 PM,-3.3063052E+0,2.1987635E+1,3.8601924E+3,0.0000000E+0
13359203,1/10/2021,4:20:40 PM,-8.9943428E+0,1.3300429E+1,3.8619785E+3,0.0000000E+0
13359204,1/10/2021,4:20:40 PM,-2.2797194E+1,6.5677853E+0,3.8539419E+3,0.0000000E+0
13359205,1/10/2021,4:20:40 PM,-3.2719429E+1,-2.3143077E+0,3.8539419E+3,0.0000000E+0
13359206,1/10/2021,4:20:41 PM,-3.9928345E+1,-1.0556319E+1,3.8512629E+3,0.0000000E+0
13359207,1/10/2021,4:20:41 PM,-4.8759926E+1,-1.8823219E+1,3.8512629E+3,0.0000000E+0
13359208,1/10/2021,4:20:41 PM,-5.6075249E+1,-2.6799110E+1,3.8459053E+3,0.0000000E+0
13359209,1/10/2021,4:20:41 PM,-6.5119637E+1,-3.4164162E+1,3.8423335E+3,0.0000000E+0
13359210,1/10/2021,4:20:41 PM,-7.2700974E+1,-3.9997066E+1,3.8423335E+3,0.0000000E+0
13359211,1/10/2021,4:20:41 PM,-7.4270439E+1,-4.7550278E+1,3.8396548E+3,0.0000000E+0
13359212,1/10/2021,4:20:41 PM,-7.2567963E+1,-5.3625095E+1,3.8387620E+3,0.0000000E+0
13359213,1/10/2021,4:20:41 PM,-7.0173859E+1,-5.7791458E+1,3.8396548E+3,0.0000000E+0
13359214,1/10/2021,4:20:41 PM,-6.7806358E+1,-6.1581505E+1,3.8405476E+3,0.0000000E+0
13359215,1/10/2021,4:20:41 PM,-6.5944275E+1,-6.4081322E+1,3.8387620E+3,0.0000000E+0
13359216,1/10/2021,4:20:42 PM,-6.1289078E+1,-6.5344673E+1,3.8405476E+3,0.0000000E+0
13359217,1/10/2021,4:20:42 PM,-5.5756031E+1,-6.4860832E+1,3.8423335E+3,0.0000000E+0
13359218,1/10/2021,4:20:42 PM,-5.0701809E+1,-6.1850300E+1,3.8450125E+3,0.0000000E+0
13359219,1/10/2021,4:20:42 PM,-4.6498829E+1,-5.6259315E+1,3.8485842E+3,0.0000000E+0
13359220,1/10/2021,4:20:42 PM,-4.6046608E+1,-5.1609116E+1,3.8467981E+3,0.0000000E+0
13359221,1/10/2021,4:20:42 PM,-4.4104725E+1,-4.8706104E+1,3.8459053E+3,0.0000000E+0
13359222,1/10/2021,4:20:42 PM,-3.7747044E+1,-4.3921509E+1,3.8530491E+3,0.0000000E+0
13359223,1/10/2021,4:20:42 PM,-3.6310585E+1,-3.9593872E+1,3.8494771E+3,0.0000000E+0
13359224,1/10/2021,4:20:42 PM,-3.3889877E+1,-3.5750069E+1,3.8530491E+3,0.0000000E+0
13359225,1/10/2021,4:20:42 PM,-3.1655380E+1,-3.4056644E+1,3.8459053E+3,0.0000000E+0
13359226,1/10/2021,4:20:43 PM,-2.7505602E+1,-3.2551376E+1,3.8512629E+3,0.0000000E+0
13359227,1/10/2021,4:20:43 PM,-1.8688654E+1,-2.9433327E+1,3.8503701E+3,0.0000000E+0
13359228,1/10/2021,4:20:43 PM,-1.0844261E+1,-2.8492535E+1,3.8512629E+3,0.0000000E+0
13359229,1/10/2021,4:20:43 PM,-2.8355608E+0,-2.6664711E+1,3.8512629E+3,0.0000000E+0
13359230,1/10/2021,4:20:43 PM,4.3056459E+0,-2.4460571E+1,3.8494771E+3,0.0000000E+0
13359231,1/10/2021,4:20:43 PM,1.0299548E+1,-2.1423161E+1,3.8539419E+3,0.0000000E+0
13359232,1/10/2021,4:20:43 PM,1.9899128E+1,-1.6382236E+1,3.8584065E+3,0.0000000E+0
13359233,1/10/2021,4:20:43 PM,2.4685877E+1,-1.1787446E+1,3.8584065E+3,0.0000000E+0
13359234,1/10/2021,4:20:43 PM,2.6521357E+1,-5.6743536E+0,3.8575137E+3,0.0000000E+0
13359235,1/10/2021,4:20:43 PM,2.5962734E+1,1.9739684E+0,3.8619785E+3,0.0000000E+0
13359236,1/10/2021,4:20:44 PM,2.0403091E+1,1.0641407E+1,3.8601924E+3,0.0000000E+0
13359237,1/10/2021,4:20:44 PM,1.6191395E+1,1.9328432E+1,3.8673359E+3,0.0000000E+0
13359238,1/10/2021,4:20:44 PM,1.0710056E+1,2.7282944E+1,3.8619785E+3,0.0000000E+0
13359239,1/10/2021,4:20:44 PM,2.4369338E+0,3.4137283E+1,3.8655500E+3,0.0000000E+0
13359240,1/10/2021,4:20:44 PM,-2.6659660E+0,3.8921879E+1,3.8619785E+3,0.0000000E+0
13359241,1/10/2021,4:20:44 PM,-7.1681066E+0,4.3088238E+1,3.8628713E+3,0.0000000E+0
13359242,1/10/2021,4:20:44 PM,-8.3101616E+0,4.4244068E+1,3.8628713E+3,0.0000000E+0
13359243,1/10/2021,4:20:44 PM,-4.7724280E+0,4.5023579E+1,3.8628713E+3,0.0000000E+0
13359244,1/10/2021,4:20:44 PM,-2.9560208E+0,4.4324707E+1,3.8619785E+3,0.0000000E+0
13359245,1/10/2021,4:20:44 PM,1.0904784E+0,4.1367931E+1,3.8592996E+3,0.0000000E+0
13359246,1/10/2021,4:20:45 PM,7.2996802E+0,4.0722820E+1,3.8637642E+3,0.0000000E+0
13359247,1/10/2021,4:20:45 PM,1.2383667E+1,3.9540112E+1,3.8619785E+3,0.0000000E+0
13359248,1/10/2021,4:20:45 PM,1.7793957E+1,3.6932774E+1,3.8619785E+3,0.0000000E+0
13359249,1/10/2021,4:20:45 PM,2.3302616E+1,3.7389729E+1,3.8655500E+3,0.0000000E+0
13359250,1/10/2021,4:20:45 PM,2.4020847E+1,3.6798374E+1,3.8646572E+3,0.0000000E+0
13359251,1/10/2021,4:20:45 PM,2.3887842E+1,3.5615669E+1,3.8628713E+3,0.0000000E+0
13359252,1/10/2021,4:20:45 PM,2.3116409E+1,3.5911343E+1,3.8682290E+3,0.0000000E+0
13359253,1/10/2021,4:20:45 PM,2.1706547E+1,3.5078072E+1,3.8655500E+3,0.0000000E+0
13359254,1/10/2021,4:20:45 PM,2.0196484E+1,3.1422426E+1,3.8673359E+3,0.0000000E+0
13359255,1/10/2021,4:20:45 PM,1.6736109E+1,2.8304377E+1,3.8628713E+3,0.0000000E+0
13359256,1/10/2021,4:20:46 PM,1.4730933E+1,2.2498350E+1,3.8619785E+3,0.0000000E+0
13359257,1/10/2021,4:20:46 PM,1.6065084E+1,1.5571235E+1,3.8655500E+3,0.0000000E+0
13359258,1/10/2021,4:20:46 PM,1.5636156E+1,7.9744077E+0,3.8619785E+3,0.0000000E+0
13359259,1/10/2021,4:20:46 PM,1.5323012E+1,-2.7395318E+0,3.8575137E+3,0.0000000E+0
13359260,1/10/2021,4:20:46 PM,1.3830973E+1,-1.3372223E+1,3.8566208E+3,0.0000000E+0
13359261,1/10/2021,4:20:46 PM,9.7574663E+0,-2.3224104E+1,3.8521558E+3,0.0000000E+0
13359262,1/10/2021,4:20:46 PM,5.4629183E+0,-3.1314907E+1,3.8512629E+3,0.0000000E+0
13359263,1/10/2021,4:20:46 PM,-1.6908606E+0,-3.7443489E+1,3.8512629E+3,0.0000000E+0
13359264,1/10/2021,4:20:46 PM,-1.0328494E+1,-4.3464554E+1,3.8503701E+3,0.0000000E+0
13359265,1/10/2021,4:20:46 PM,-1.8549187E+1,-5.0076973E+1,3.8459053E+3,0.0000000E+0
13359266,1/10/2021,4:20:47 PM,-2.8223833E+1,-5.5291641E+1,3.8423335E+3,0.0000000E+0
13359267,1/10/2021,4:20:47 PM,-3.6470192E+1,-5.8087139E+1,3.8423335E+3,0.0000000E+0
13359268,1/10/2021,4:20:47 PM,-4.4237728E+1,-5.8463451E+1,3.8441196E+3,0.0000000E+0
13359269,1/10/2021,4:20:47 PM,-5.3122517E+1,-5.8329056E+1,3.8423335E+3,0.0000000E+0
13359270,1/10/2021,4:20:47 PM,-6.0198429E+1,-5.8033382E+1,3.8396548E+3,0.0000000E+0
13359271,1/10/2021,4:20:47 PM,-6.4428017E+1,-5.7146347E+1,3.8405476E+3,0.0000000E+0
13359272,1/10/2021,4:20:47 PM,-6.7939362E+1,-5.3114384E+1,3.8414407E+3,0.0000000E+0
13359273,1/10/2021,4:20:47 PM,-7.3073395E+1,-4.6717007E+1,3.8441196E+3,0.0000000E+0
13359274,1/10/2021,4:20:47 PM,-7.7542389E+1,-3.9244434E+1,3.8459053E+3,0.0000000E+0
13359275,1/10/2021,4:20:47 PM,-7.9590675E+1,-3.2390099E+1,3.8476914E+3,0.0000000E+0
13359276,1/10/2021,4:20:48 PM,-7.8845840E+1,-2.5992718E+1,3.8459053E+3,0.0000000E+0
13359277,1/10/2021,4:20:48 PM,-7.5999519E+1,-2.1315641E+1,3.8485842E+3,0.0000000E+0
13359278,1/10/2021,4:20:48 PM,-7.3259598E+1,-1.7549547E+1,3.8476914E+3,0.0000000E+0
13359279,1/10/2021,4:20:48 PM,-6.8285179E+1,-1.1822013E+1,3.8539419E+3,0.0000000E+0
13359280,1/10/2021,4:20:48 PM,-6.0118622E+1,-8.9130430E+0,3.8566208E+3,0.0000000E+0
13359281,1/10/2021,4:20:48 PM,-5.5170811E+1,-8.9422922E+0,3.8503701E+3,0.0000000E+0
13359282,1/10/2021,4:20:48 PM,-4.7057453E+1,-9.8011560E+0,3.8494771E+3,0.0000000E+0
13359283,1/10/2021,4:20:48 PM,-3.7055416E+1,-9.9872875E+0,3.8530491E+3,0.0000000E+0
13359284,1/10/2021,4:20:48 PM,-2.6547958E+1,-7.4160132E+0,3.8539419E+3,0.0000000E+0
13359285,1/10/2021,4:20:48 PM,-1.8251831E+1,-4.2442322E+0,3.8575137E+3,0.0000000E+0
13359286,1/10/2021,4:20:49 PM,-8.9259243E+0,-3.4954855E+0,3.8548347E+3,0.0000000E+0
13359287,1/10/2021,4:20:49 PM,-2.9219210E-1,-2.3375309E+0,3.8557275E+3,0.0000000E+0
13359288,1/10/2021,4:20:49 PM,8.2601643E+0,5.5476468E-2,3.8548347E+3,0.0000000E+0
13359289,1/10/2021,4:20:49 PM,1.7825533E+1,4.5245113E+0,3.8619785E+3,0.0000000E+0
13359290,1/10/2021,4:20:49 PM,2.4632675E+1,8.8279533E+0,3.8601924E+3,0.0000000E+0
13359291,1/10/2021,4:20:49 PM,2.9607092E+1,1.1529520E+1,3.8646572E+3,0.0000000E+0
13359292,1/10/2021,4:20:49 PM,3.4767715E+1,1.4066228E+1,3.8619785E+3,0.0000000E+0
13359293,1/10/2021,4:20:49 PM,3.8305672E+1,1.5034112E+1,3.8619785E+3,0.0000000E+0
13359294,1/10/2021,4:20:49 PM,4.3945118E+1,1.7677181E+1,3.8700146E+3,0.0000000E+0
13359295,1/10/2021,4:20:49 PM,4.4636749E+1,1.9105076E+1,3.8664431E+3,0.0000000E+0
13359296,1/10/2021,4:20:50 PM,4.4237728E+1,1.7887241E+1,3.8682290E+3,0.0000000E+0
13359297,1/10/2021,4:20:50 PM,4.2641659E+1,1.5012840E+1,3.8637642E+3,0.0000000E+0
13359298,1/10/2021,4:20:50 PM,3.8944099E+1,1.0218623E+1,3.8610852E+3,0.0000000E+0
13359299,1/10/2021,4:20:50 PM,3.5565750E+1,6.0997972E+0,3.8619785E+3,0.0000000E+0
13359300,1/10/2021,4:20:50 PM,3.0910547E+1,1.1923889E+0,3.8575137E+3,0.0000000E+0
13359301,1/10/2021,4:20:50 PM,2.4792282E+1,-1.8586533E+0,3.8575137E+3,0.0000000E+0
13359302,1/10/2021,4:20:50 PM,1.9541248E+1,-4.5052924E+0,3.8548347E+3,0.0000000E+0
13359303,1/10/2021,4:20:50 PM,1.3473094E+1,-7.4638758E+0,3.8521558E+3,0.0000000E+0
13359304,1/10/2021,4:20:50 PM,7.3944125E+0,-7.3894229E+0,3.8521558E+3,0.0000000E+0
13359305,1/10/2021,4:20:50 PM,2.5906787E+0,-5.8471899E+0,3.8530491E+3,0.0000000E+0
13359306,1/10/2021,4:20:51 PM,8.8918370E-1,-2.8003924E+0,3.8566208E+3,0.0000000E+0
13359307,1/10/2021,4:20:51 PM,-2.6215861E+0,-9.2282975E-1,3.8548347E+3,0.0000000E+0
13359308,1/10/2021,4:20:51 PM,-6.0339460E+0,3.3552596E-1,3.8548347E+3,0.0000000E+0
13359309,1/10/2021,4:20:51 PM,-7.7417655E+0,2.8300219E+0,3.8566208E+3,0.0000000E+0
13359310,1/10/2021,4:20:51 PM,-1.1199509E+1,5.5892649E+0,3.8575137E+3,0.0000000E+0
13359311,1/10/2021,4:20:51 PM,-1.1923162E+1,7.0251369E+0,3.8601924E+3,0.0000000E+0
13359312,1/10/2021,4:20:51 PM,-1.5059866E+1,8.6524582E+0,3.8584065E+3,0.0000000E+0
13359313,1/10/2021,4:20:51 PM,-2.0349888E+1,8.4955769E+0,3.8539419E+3,0.0000000E+0
13359314,1/10/2021,4:20:51 PM,-2.1972559E+1,9.7213850E+0,3.8601924E+3,0.0000000E+0
13359315,1/10/2021,4:20:51 PM,-3.1149960E+1,1.2133119E+1,3.8539419E+3,0.0000000E+0
13359316,1/10/2021,4:20:52 PM,-3.6736202E+1,1.3467948E+1,3.8566208E+3,0.0000000E+0
13359317,1/10/2021,4:20:52 PM,-4.1551014E+1,1.6172174E+1,3.8566208E+3,0.0000000E+0
13359318,1/10/2021,4:20:52 PM,-4.7828888E+1,1.6480619E+1,3.8521558E+3,0.0000000E+0
13359319,1/10/2021,4:20:52 PM,-4.9690968E+1,1.6586983E+1,3.8548347E+3,0.0000000E+0
13359320,1/10/2021,4:20:52 PM,-5.4026958E+1,1.8876400E+1,3.8548347E+3,0.0000000E+0
13359321,1/10/2021,4:20:52 PM,-5.5277210E+1,1.7762270E+1,3.8503701E+3,0.0000000E+0
13359322,1/10/2021,4:20:52 PM,-5.2351082E+1,1.7756950E+1,3.8584065E+3,0.0000000E+0
13359323,1/10/2021,4:20:52 PM,-4.9318554E+1,1.6703979E+1,3.8548347E+3,0.0000000E+0
13359324,1/10/2021,4:20:52 PM,-4.1072193E+1,1.3701942E+1,3.8601924E+3,0.0000000E+0
13359325,1/10/2021,4:20:52 PM,-3.6071175E+1,1.0096308E+1,3.8566208E+3,0.0000000E+0
13359326,1/10/2021,4:20:53 PM,-3.1282965E+1,5.0626483E+0,3.8575137E+3,0.0000000E+0
13359327,1/10/2021,4:20:53 PM,-2.6627762E+1,-4.6674915E-2,3.8601924E+3,0.0000000E+0
13359328,1/10/2021,4:20:53 PM,-2.5457310E+1,-3.9102991E+0,3.8584065E+3,0.0000000E+0
13359329,1/10/2021,4:20:53 PM,-2.4153854E+1,-7.4691935E+0,3.8610852E+3,0.0000000E+0
13359330,1/10/2021,4:20:53 PM,-2.4526270E+1,-1.6945950E+1,3.8503701E+3,0.0000000E+0
13359331,1/10/2021,4:20:53 PM,-2.6920374E+1,-2.1423161E+1,3.8548347E+3,0.0000000E+0
13359332,1/10/2021,4:20:53 PM,-3.0804142E+1,-2.5078806E+1,3.8512629E+3,0.0000000E+0
13359333,1/10/2021,4:20:53 PM,-3.4342098E+1,-3.0347235E+1,3.8476914E+3,0.0000000E+0
13359334,1/10/2021,4:20:53 PM,-3.3384457E+1,-3.4432957E+1,3.8494771E+3,0.0000000E+0
13359335,1/10/2021,4:20:53 PM,-3.1229763E+1,-4.0910976E+1,3.8459053E+3,0.0000000E+0
13359336,1/10/2021,4:20:54 PM,-2.4499668E+1,-4.6663246E+1,3.8459053E+3,0.0000000E+0
13359337,1/10/2021,4:20:54 PM,-1.8625500E+1,-5.1636002E+1,3.8441196E+3,0.0000000E+0
13359338,1/10/2021,4:20:54 PM,-1.0599535E+1,-5.8920414E+1,3.8441196E+3,0.0000000E+0
13359339,1/10/2021,4:20:54 PM,1.6206602E+0,-6.4457642E+1,3.8467981E+3,0.0000000E+0
13359340,1/10/2021,4:20:54 PM,1.4967764E+1,-7.1930206E+1,3.8459053E+3,0.0000000E+0
13359341,1/10/2021,4:20:54 PM,2.8117428E+1,-7.7682480E+1,3.8459053E+3,0.0000000E+0
13359342,1/10/2021,4:20:54 PM,3.9316513E+1,-8.0585487E+1,3.8485842E+3,0.0000000E+0
13359343,1/10/2021,4:20:54 PM,4.7908688E+1,-8.1768196E+1,3.8485842E+3,0.0000000E+0
13359344,1/10/2021,4:20:54 PM,5.5782635E+1,-8.0370453E+1,3.8503701E+3,0.0000000E+0
13359345,1/10/2021,4:20:54 PM,5.9719604E+1,-7.6661041E+1,3.8512629E+3,0.0000000E+0
13359346,1/10/2021,4:20:55 PM,5.8708763E+1,-6.9645432E+1,3.8530491E+3,0.0000000E+0
13359347,1/10/2021,4:20:55 PM,5.5330410E+1,-6.2549179E+1,3.8503701E+3,0.0000000E+0
13359348,1/10/2021,4:20:55 PM,4.6472225E+1,-5.2603668E+1,3.8485842E+3,0.0000000E+0
13359349,1/10/2021,4:20:55 PM,3.2746029E+1,-3.6905895E+1,3.8548347E+3,0.0000000E+0
13359350,1/10/2021,4:20:55 PM,1.7301874E+1,-2.1423161E+1,3.8548347E+3,0.0000000E+0
13359351,1/10/2021,4:20:55 PM,1.6856451E+0,-7.5436463E+0,3.8512629E+3,0.0000000E+0
13359352,1/10/2021,4:20:55 PM,-1.0620587E+1,7.8228436E+0,3.8566208E+3,0.0000000E+0
13359353,1/10/2021,4:20:55 PM,-1.7301874E+1,1.8668997E+1,3.8512629E+3,0.0000000E+0
13359354,1/10/2021,4:20:55 PM,-2.0775507E+1,3.1744986E+1,3.8584065E+3,0.0000000E+0
13359355,1/10/2021,4:20:55 PM,-3.1681982E+1,5.0238251E+1,3.8610852E+3,0.0000000E+0
13359356,1/10/2021,4:20:56 PM,-3.5326344E+1,6.2361015E+1,3.8664431E+3,0.0000000E+0
13359357,1/10/2021,4:20:56 PM,-3.5246540E+1,7.3274193E+1,3.8673359E+3,0.0000000E+0
13359358,1/10/2021,4:20:56 PM,-3.4608112E+1,7.9537178E+1,3.8673359E+3,0.0000000E+0
13359359,1/10/2021,4:20:56 PM,-2.9181475E+1,8.3864822E+1,3.8700146E+3,0.0000000E+0
13359360,1/10/2021,4:20:56 PM,-3.0963751E+1,9.2385696E+1,3.8753723E+3,0.0000000E+0
13359361,1/10/2021,4:20:56 PM,-3.8890896E+1,9.8863716E+1,3.8744795E+3,0.0000000E+0
13359362,1/10/2021,4:20:56 PM,-4.0673176E+1,1.0012707E+2,3.8780513E+3,0.0000000E+0
13359363,1/10/2021,4:20:56 PM,-4.3705708E+1,9.7116531E+1,3.8726936E+3,0.0000000E+0
13359364,1/10/2021,4:20:56 PM,-4.6472225E+1,8.8756935E+1,3.8637642E+3,0.0000000E+0
13359365,1/10/2021,4:20:56 PM,-5.2484093E+1,8.3058426E+1,3.8691218E+3,0.0000000E+0
13359366,1/10/2021,4:20:57 PM,-5.9905815E+1,7.7494316E+1,3.8655500E+3,0.0000000E+0
13359367,1/10/2021,4:20:57 PM,-6.1235874E+1,6.7387535E+1,3.8673359E+3,0.0000000E+0
13359368,1/10/2021,4:20:57 PM,-6.1129467E+1,5.3920776E+1,3.8584065E+3,0.0000000E+0
13359369,1/10/2021,4:20:57 PM,-5.7564911E+1,3.8276760E+1,3.8539419E+3,0.0000000E+0
13359370,1/10/2021,4:20:57 PM,-5.4159962E+1,2.5025045E+1,3.8512629E+3,0.0000000E+0
13359371,1/10/2021,4:20:57 PM,-4.9265350E+1,1.2146414E+1,3.8539419E+3,0.0000000E+0
13359372,1/10/2021,4:20:57 PM,-4.1551014E+1,-3.2344251E+0,3.8494771E+3,0.0000000E+0
13359373,1/10/2021,4:20:57 PM,-3.2320408E+1,-1.7711746E+1,3.8476914E+3,0.0000000E+0
13359374,1/10/2021,4:20:57 PM,-2.3382420E+1,-2.7713022E+1,3.8494771E+3,0.0000000E+0
13359375,1/10/2021,4:20:57 PM,-1.4128328E+1,-4.2201206E+1,3.8450125E+3,0.0000000E+0
13359376,1/10/2021,4:20:58 PM,-6.1365728E+0,-5.2119831E+1,3.8467981E+3,0.0000000E+0
13359377,1/10/2021,4:20:58 PM,-5.1522946E-1,-5.7388264E+1,3.8494771E+3,0.0000000E+0
13359378,1/10/2021,4:20:58 PM,4.8358283E+0,-6.4645798E+1,3.8476914E+3,0.0000000E+0
13359379,1/10/2021,4:20:58 PM,1.2602079E+1,-7.2145248E+1,3.8459053E+3,0.0000000E+0
13359380,1/10/2021,4:20:58 PM,1.5488794E+1,-7.5182663E+1,3.8494771E+3,0.0000000E+0
13359381,1/10/2021,4:20:58 PM,1.8912329E+1,-7.8031914E+1,3.8512629E+3,0.0000000E+0
13359382,1/10/2021,4:20:58 PM,1.8712337E+1,-7.9295265E+1,3.8494771E+3,0.0000000E+0
13359383,1/10/2021,4:20:58 PM,2.0254375E+1,-8.4187370E+1,3.8503701E+3,0.0000000E+0
13359384,1/10/2021,4:20:58 PM,2.5164700E+1,-9.0611633E+1,3.8432266E+3,0.0000000E+0
13359385,1/10/2021,4:20:58 PM,3.1442574E+1,-9.7412209E+1,3.8405476E+3,0.0000000E+0
13359386,1/10/2021,4:20:59 PM,3.5884968E+1,-9.9858269E+1,3.8432266E+3,0.0000000E+0
13359387,1/10/2021,4:20:59 PM,3.8651485E+1,-9.9696991E+1,3.8432266E+3,0.0000000E+0
13359388,1/10/2021,4:20:59 PM,4.1710617E+1,-9.7976685E+1,3.8432266E+3,0.0000000E+0
13359389,1/10/2021,4:20:59 PM,4.2827869E+1,-9.4401680E+1,3.8432266E+3,0.0000000E+0
13359390,1/10/2021,4:20:59 PM,4.3093880E+1,-8.9885880E+1,3.8396548E+3,0.0000000E+0
13359391,1/10/2021,4:20:59 PM,4.0407162E+1,-8.1230598E+1,3.8396548E+3,0.0000000E+0
13359392,1/10/2021,4:20:59 PM,3.4421902E+1,-6.5962906E+1,3.8485842E+3,0.0000000E+0
13359393,1/10/2021,4:20:59 PM,2.4260260E+1,-4.8383545E+1,3.8503701E+3,0.0000000E+0
13359394,1/10/2021,4:20:59 PM,1.4180957E+1,-3.0723553E+1,3.8566208E+3,0.0000000E+0
13359395,1/10/2021,4:20:59 PM,5.1392484E+0,-1.3555696E+1,3.8530491E+3,0.0000000E+0
13359396,1/10/2021,4:21:00 PM,-5.0775399E+0,3.3985887E+0,3.8584065E+3,0.0000000E+0
13359397,1/10/2021,4:21:00 PM,-1.5183544E+1,2.3250982E+1,3.8628713E+3,0.0000000E+0
13359398,1/10/2021,4:21:00 PM,-2.6095737E+1,4.1045376E+1,3.8655500E+3,0.0000000E+0
13359399,1/10/2021,4:21:00 PM,-3.6523392E+1,5.7146347E+1,3.8726936E+3,0.0000000E+0
13359400,1/10/2021,4:21:00 PM,-4.4211128E+1,6.7844490E+1,3.8664431E+3,0.0000000E+0
13359401,1/10/2021,4:21:00 PM,-5.0542210E+1,7.5478333E+1,3.8691218E+3,0.0000000E+0
13359402,1/10/2021,4:21:00 PM,-5.5543221E+1,8.0558609E+1,3.8655500E+3,0.0000000E+0
13359403,1/10/2021,4:21:00 PM,-6.0491039E+1,8.5128166E+1,3.8682290E+3,0.0000000E+0
13359404,1/10/2021,4:21:00 PM,-6.4906830E+1,8.8864456E+1,3.8726936E+3,0.0000000E+0
13359405,1/10/2021,4:21:00 PM,-6.6290092E+1,8.4644333E+1,3.8646572E+3,0.0000000E+0
13359406,1/10/2021,4:21:01 PM,-6.7008324E+1,7.7870636E+1,3.8619785E+3,0.0000000E+0
13359407,1/10/2021,4:21:01 PM,-6.4694023E+1,6.8005768E+1,3.8601924E+3,0.0000000E+0
13359408,1/10/2021,4:21:01 PM,-6.0304832E+1,5.7737698E+1,3.8566208E+3,0.0000000E+0
13359409,1/10/2021,4:21:01 PM,-5.8628956E+1,5.1474720E+1,3.8584065E+3,0.0000000E+0
13359410,1/10/2021,4:21:01 PM,-5.1021027E+1,4.2443123E+1,3.8601924E+3,0.0000000E+0
13359411,1/10/2021,4:21:01 PM,-4.0061348E+1,3.1180508E+1,3.8530491E+3,0.0000000E+0
13359412,1/10/2021,4:21:01 PM,-2.9766699E+1,2.0160707E+1,3.8521558E+3,0.0000000E+0
13359413,1/10/2021,4:21:01 PM,-1.9897669E+1,1.4754915E+1,3.8539419E+3,0.0000000E+0
13359414,1/10/2021,4:21:01 PM,-9.8390427E+0,1.2529313E+1,3.8601924E+3,0.0000000E+0
13359415,1/10/2021,4:21:01 PM,-1.3408636E-1,8.7056389E+0,3.8601924E+3,0.0000000E+0
13359416,1/10/2021,4:21:02 PM,1.1938950E+1,5.5823201E-1,3.8566208E+3,0.0000000E+0
13359417,1/10/2021,4:21:02 PM,2.0007017E+1,-6.7539172E+0,3.8566208E+3,0.0000000E+0
13359418,1/10/2021,4:21:02 PM,2.3887842E+1,-1.1970918E+1,3.8548347E+3,0.0000000E+0
13359419,1/10/2021,4:21:02 PM,2.9181475E+1,-1.4191202E+1,3.8619785E+3,0.0000000E+0
13359420,1/10/2021,4:21:02 PM,3.3623867E+1,-1.7249077E+1,3.8655500E+3,0.0000000E+0
13359421,1/10/2021,4:21:02 PM,3.7720448E+1,-2.5428244E+1,3.8584065E+3,0.0000000E+0
13359422,1/10/2021,4:21:02 PM,3.6975613E+1,-3.2336338E+1,3.8539419E+3,0.0000000E+0
13359423,1/10/2021,4:21:02 PM,3.2506618E+1,-3.8223003E+1,3.8530491E+3,0.0000000E+0
13359424,1/10/2021,4:21:02 PM,2.8303637E+1,-4.1717369E+1,3.8512629E+3,0.0000000E+0
13359425,1/10/2021,4:21:02 PM,2.5430708E+1,-4.3357037E+1,3.8575137E+3,0.0000000E+0
13359426,1/10/2021,4:21:03 PM,2.4207056E+1,-4.7711552E+1,3.8494771E+3,0.0000000E+0
13359427,1/10/2021,4:21:03 PM,2.0325424E+1,-5.2469273E+1,3.8441196E+3,0.0000000E+0
13359428,1/10/2021,4:21:03 PM,1.4488838E+1,-5.0856487E+1,3.8459053E+3,0.0000000E+0
13359429,1/10/2021,4:21:03 PM,9.1759138E+0,-4.7926594E+1,3.8467981E+3,0.0000000E+0
13359430,1/10/2021,4:21:03 PM,5.7681680E+0,-4.3948391E+1,3.8512629E+3,0.0000000E+0
13359431,1/10/2021,4:21:03 PM,-2.0033768E-1,-3.7604767E+1,3.8512629E+3,0.0000000E+0
13359432,1/10/2021,4:21:03 PM,-9.4995832E+0,-3.1288027E+1,3.8512629E+3,0.0000000E+0
13359433,1/10/2021,4:21:03 PM,-2.0881910E+1,-2.3896097E+1,3.8485842E+3,0.0000000E+0
13359434,1/10/2021,4:21:03 PM,-3.2134201E+1,-1.5036771E+1,3.8512629E+3,0.0000000E+0
13359435,1/10/2021,4:21:03 PM,-3.9768734E+1,-4.6838703E+0,3.8619785E+3,0.0000000E+0
13359436,1/10/2021,4:21:04 PM,-4.7110653E+1,4.6008131E-1,3.8592996E+3,0.0000000E+0
13359437,1/10/2021,4:21:04 PM,-5.9320587E+1,4.6029897E+0,3.8557275E+3,0.0000000E+0
13359438,1/10/2021,4:21:04 PM,-7.1956139E+1,6.4880147E+0,3.8557275E+3,0.0000000E+0
13359439,1/10/2021,4:21:04 PM,-8.2756210E+1,6.3524041E+0,3.8494771E+3,0.0000000E+0
13359440,1/10/2021,4:21:04 PM,-8.9273499E+1,7.6579847E+0,3.8521558E+3,0.0000000E+0
13359441,1/10/2021,4:21:04 PM,-9.1853806E+1,7.4691935E+0,3.8521558E+3,0.0000000E+0
13359442,1/10/2021,4:21:04 PM,-8.7970039E+1,4.4844718E+0,3.8521558E+3,0.0000000E+0
13359443,1/10/2021,4:21:04 PM,-8.2756210E+1,-1.3234339E+0,3.8503701E+3,0.0000000E+0
13359444,1/10/2021,4:21:04 PM,-7.8420227E+1,-9.7559528E+0,3.8405476E+3,0.0000000E+0
13359445,1/10/2021,4:21:04 PM,-6.9136414E+1,-1.5483486E+1,3.8450125E+3,0.0000000E+0
13359446,1/10/2021,4:21:05 PM,-5.5676231E+1,-2.0643648E+1,3.8459053E+3,0.0000000E+0
13359447,1/10/2021,4:21:05 PM,-3.8465279E+1,-2.4998165E+1,3.8476914E+3,0.0000000E+0
13359448,1/10/2021,4:21:05 PM,-1.9562300E+1,-2.7390463E+1,3.8512629E+3,0.0000000E+0
13359449,1/10/2021,4:21:05 PM,-6.1655192E+0,-2.9809641E+1,3.8467981E+3,0.0000000E+0
13359450,1/10/2021,4:21:05 PM,9.1417046E+0,-2.8331255E+1,3.8530491E+3,0.0000000E+0
13359451,1/10/2021,4:21:05 PM,2.3169611E+1,-2.4648729E+1,3.8592996E+3,0.0000000E+0
13359452,1/10/2021,4:21:05 PM,3.7667244E+1,-2.1718838E+1,3.8628713E+3,0.0000000E+0
13359453,1/10/2021,4:21:05 PM,5.1898865E+1,-2.2659628E+1,3.8655500E+3,0.0000000E+0
13359454,1/10/2021,4:21:05 PM,6.2273315E+1,-2.6503431E+1,3.8575137E+3,0.0000000E+0
13359455,1/10/2021,4:21:05 PM,6.9668442E+1,-2.6987268E+1,3.8628713E+3,0.0000000E+0
13359456,1/10/2021,4:21:06 PM,7.4243843E+1,-2.6691591E+1,3.8601924E+3,0.0000000E+0
13359457,1/10/2021,4:21:06 PM,7.6957161E+1,-2.5051926E+1,3.8682290E+3,0.0000000E+0
13359458,1/10/2021,4:21:06 PM,7.5600494E+1,-2.6449673E+1,3.8584065E+3,0.0000000E+0
13359459,1/10/2021,4:21:06 PM,6.7965965E+1,-2.6745350E+1,3.8530491E+3,0.0000000E+0
13359460,1/10/2021,4:21:06 PM,5.9267387E+1,-2.5159445E+1,3.8539419E+3,0.0000000E+0
13359461,1/10/2021,4:21:06 PM,5.0781616E+1,-2.0075619E+1,3.8512629E+3,0.0000000E+0
13359462,1/10/2021,4:21:06 PM,4.2136238E+1,-1.1250323E+1,3.8601924E+3,0.0000000E+0
13359463,1/10/2021,4:21:06 PM,3.1469173E+1,-5.3044896E+0,3.8503701E+3,0.0000000E+0
13359464,1/10/2021,4:21:06 PM,2.3435623E+1,1.3037000E+0,3.8548347E+3,0.0000000E+0
13359465,1/10/2021,4:21:06 PM,1.7609755E+1,8.7694550E+0,3.8539419E+3,0.0000000E+0
13359466,1/10/2021,4:21:07 PM,1.0039034E+1,1.8060080E+1,3.8539419E+3,0.0000000E+0
13359467,1/10/2021,4:21:07 PM,5.9576335E+0,3.0992352E+1,3.8673359E+3,0.0000000E+0
13359468,1/10/2021,4:21:07 PM,-4.0575943E+0,4.3437675E+1,3.8619785E+3,0.0000000E+0
13359469,1/10/2021,4:21:07 PM,-1.3212579E+1,5.2711189E+1,3.8619785E+3,0.0000000E+0
13359470,1/10/2021,4:21:07 PM,-2.0133327E+1,6.4323242E+1,3.8691218E+3,0.0000000E+0
13359471,1/10/2021,4:21:07 PM,-3.0857346E+1,7.6607285E+1,3.8771584E+3,0.0000000E+0
13359472,1/10/2021,4:21:07 PM,-4.0832783E+1,8.1983238E+1,3.8691218E+3,0.0000000E+0
13359473,1/10/2021,4:21:07 PM,-5.3627941E+1,8.5585121E+1,3.8753723E+3,0.0000000E+0
13359474,1/10/2021,4:21:07 PM,-6.7673355E+1,8.4966881E+1,3.8709080E+3,0.0000000E+0
13359475,1/10/2021,4:21:07 PM,-7.8553230E+1,7.7628716E+1,3.8601924E+3,0.0000000E+0
13359476,1/10/2021,4:21:08 PM,-8.8874474E+1,7.1930206E+1,3.8637642E+3,0.0000000E+0
13359477,1/10/2021,4:21:08 PM,-9.8344490E+1,6.5048996E+1,3.8628713E+3,0.0000000E+0
13359478,1/10/2021,4:21:08 PM,-1.0550021E+2,5.3705738E+1,3.8566208E+3,0.0000000E+0
13359479,1/10/2021,4:21:08 PM,-1.0855933E+2,4.0023945E+1,3.8512629E+3,0.0000000E+0
13359480,1/10/2021,4:21:08 PM,-1.0813372E+2,2.6288395E+1,3.8485842E+3,0.0000000E+0
13359481,1/10/2021,4:21:08 PM,-1.0172283E+2,1.0136193E+1,3.8476914E+3,0.0000000E+0
13359482,1/10/2021,4:21:08 PM,-9.1348381E+1,-6.8070974E+0,3.8441196E+3,0.0000000E+0
13359483,1/10/2021,4:21:08 PM,-8.1665565E+1,-2.0670527E+1,3.8423335E+3,0.0000000E+0
13359484,1/10/2021,4:21:08 PM,-7.2647774E+1,-2.9487085E+1,3.8459053E+3,0.0000000E+0
13359485,1/10/2021,4:21:08 PM,-5.8522552E+1,-4.7496517E+1,3.8334043E+3,0.0000000E+0
13359486,1/10/2021,4:21:09 PM,-4.7137257E+1,-5.3759499E+1,3.8405476E+3,0.0000000E+0
13359487,1/10/2021,4:21:09 PM,-2.8596247E+1,-5.6474354E+1,3.8494771E+3,0.0000000E+0
13359488,1/10/2021,4:21:09 PM,-1.0125872E+1,-6.2253498E+1,3.8494771E+3,0.0000000E+0
13359489,1/10/2021,4:21:09 PM,4.5006008E+0,-6.8704636E+1,3.8494771E+3,0.0000000E+0
13359490,1/10/2021,4:21:09 PM,1.2820490E+1,-7.4053703E+1,3.8459053E+3,0.0000000E+0
13359491,1/10/2021,4:21:09 PM,2.2797194E+1,-8.0424210E+1,3.8476914E+3,0.0000000E+0
13359492,1/10/2021,4:21:09 PM,3.3065243E+1,-8.2171394E+1,3.8512629E+3,0.0000000E+0
13359493,1/10/2021,4:21:09 PM,4.1018990E+1,-8.5880798E+1,3.8530491E+3,0.0000000E+0
13359494,1/10/2021,4:21:09 PM,4.9797371E+1,-8.9939644E+1,3.8485842E+3,0.0000000E+0
13359495,1/10/2021,4:21:09 PM,5.5756031E+1,-9.5611267E+1,3.8494771E+3,0.0000000E+0
13359496,1/10/2021,4:21:10 PM,5.7990532E+1,-9.9213150E+1,3.8423335E+3,0.0000000E+0
13359497,1/10/2021,4:21:10 PM,5.9959015E+1,-9.9912025E+1,3.8476914E+3,0.0000000E+0
13359498,1/10/2021,4:21:10 PM,6.2885147E+1,-9.8541161E+1,3.8396548E+3,0.0000000E+0
13359499,1/10/2021,4:21:10 PM,6.5598465E+1,-9.1928741E+1,3.8539419E+3,0.0000000E+0
13359500,1/10/2021,4:21:10 PM,6.5066437E+1,-8.7251671E+1,3.8405476E+3,0.0000000E+0
13359501,1/10/2021,4:21:10 PM,6.0411236E+1,-7.9456535E+1,3.8423335E+3,0.0000000E+0
13359502,1/10/2021,4:21:10 PM,5.7032887E+1,-6.7064972E+1,3.8476914E+3,0.0000000E+0
13359503,1/10/2021,4:21:10 PM,5.1499847E+1,-5.1985435E+1,3.8467981E+3,0.0000000E+0
13359504,1/10/2021,4:21:10 PM,4.3413094E+1,-3.3841602E+1,3.8601924E+3,0.0000000E+0
13359505,1/10/2021,4:21:10 PM,3.2001198E+1,-1.5273425E+1,3.8557275E+3,0.0000000E+0
13359506,1/10/2021,4:21:11 PM,1.6636112E+1,3.2104011E+0,3.8584065E+3,0.0000000E+0
13359507,1/10/2021,4:21:11 PM,3.5400922E+0,2.3170343E+1,3.8619785E+3,0.0000000E+0
13359508,1/10/2021,4:21:11 PM,-8.6522522E+0,4.4270947E+1,3.8682290E+3,0.0000000E+0
13359509,1/10/2021,4:21:11 PM,-2.4818882E+1,6.3920040E+1,3.8709080E+3,0.0000000E+0
13359510,1/10/2021,4:21:11 PM,-3.9768734E+1,8.0370453E+1,3.8726936E+3,0.0000000E+0
13359511,1/10/2021,4:21:11 PM,-5.3308727E+1,9.1202988E+1,3.8700146E+3,0.0000000E+0
13359512,1/10/2021,4:21:11 PM,-6.5146248E+1,9.9024994E+1,3.8709080E+3,0.0000000E+0
13359513,1/10/2021,4:21:11 PM,-6.8870407E+1,1.0071841E+2,3.8718008E+3,0.0000000E+0
13359514,1/10/2021,4:21:11 PM,-7.0413269E+1,1.0149793E+2,3.8744795E+3,0.0000000E+0
13359515,1/10/2021,4:21:11 PM,-7.6691147E+1,9.8111084E+1,3.8682290E+3,0.0000000E+0
13359516,1/10/2021,4:21:12 PM,-7.5121681E+1,8.7843018E+1,3.8619785E+3,0.0000000E+0
13359517,1/10/2021,4:21:12 PM,-7.2275352E+1,7.6069695E+1,3.8575137E+3,0.0000000E+0
13359518,1/10/2021,4:21:12 PM,-6.3284161E+1,6.5479065E+1,3.8601924E+3,0.0000000E+0
13359519,1/10/2021,4:21:12 PM,-5.4479176E+1,5.5237881E+1,3.8619785E+3,0.0000000E+0
13359520,1/10/2021,4:21:12 PM,-4.3652504E+1,4.1986168E+1,3.8548347E+3,0.0000000E+0
13359521,1/10/2021,4:21:12 PM,-3.3943081E+1,2.9272047E+1,3.8548347E+3,0.0000000E+0
13359522,1/10/2021,4:21:12 PM,-2.6920374E+1,1.9413521E+1,3.8494771E+3,0.0000000E+0
13359523,1/10/2021,4:21:12 PM,-1.6522959E+1,1.3417426E+1,3.8566208E+3,0.0000000E+0
13359524,1/10/2021,4:21:12 PM,-7.7733436E+0,9.9208126E+0,3.8610852E+3,0.0000000E+0
13359525,1/10/2021,4:21:12 PM,-2.7349133E+0,2.2037973E+0,3.8539419E+3,0.0000000E+0
13359526,1/10/2021,4:21:13 PM,7.3312573E+0,-6.6316018E+0,3.8521558E+3,0.0000000E+0
13359527,1/10/2021,4:21:13 PM,1.3396782E+1,-1.0784994E+1,3.8566208E+3,0.0000000E+0
13359528,1/10/2021,4:21:13 PM,1.9754396E+1,-1.3981139E+1,3.8601924E+3,0.0000000E+0
13359529,1/10/2021,4:21:13 PM,2.4739079E+1,-1.7012424E+1,3.8637642E+3,0.0000000E+0
13359530,1/10/2021,4:21:13 PM,2.4260260E+1,-2.3949856E+1,3.8584065E+3,0.0000000E+0
13359531,1/10/2021,4:21:13 PM,2.4792282E+1,-3.3976002E+1,3.8539419E+3,0.0000000E+0
13359532,1/10/2021,4:21:13 PM,2.2291773E+1,-4.0534660E+1,3.8530491E+3,0.0000000E+0
13359533,1/10/2021,4:21:13 PM,2.0288584E+1,-4.6421326E+1,3.8539419E+3,0.0000000E+0
13359534,1/10/2021,4:21:13 PM,1.7207140E+1,-5.1044643E+1,3.8530491E+3,0.0000000E+0
13359535,1/10/2021,4:21:13 PM,1.2128416E+1,-5.7200108E+1,3.8512629E+3,0.0000000E+0
13359536,1/10/2021,4:21:14 PM,7.8443928E+0,-6.5667229E+1,3.8423335E+3,0.0000000E+0
13359537,1/10/2021,4:21:14 PM,2.4464440E+0,-7.1123817E+1,3.8405476E+3,0.0000000E+0
13359538,1/10/2021,4:21:14 PM,-1.1492362E+0,-7.3973068E+1,3.8387620E+3,0.0000000E+0
13359539,1/10/2021,4:21:14 PM,-1.6935700E+0,-7.0532463E+1,3.8423335E+3,0.0000000E+0
13359540,1/10/2021,4:21:14 PM,-4.8453379E+0,-6.4699554E+1,3.8459053E+3,0.0000000E+0
13359541,1/10/2021,4:21:14 PM,-6.4918208E+0,-5.9565521E+1,3.8441196E+3,0.0000000E+0
13359542,1/10/2021,4:21:14 PM,-9.5443182E+0,-5.0641449E+1,3.8476914E+3,0.0000000E+0
13359543,1/10/2021,4:21:14 PM,-1.2017894E+1,-4.3572075E+1,3.8450125E+3,0.0000000E+0
13359544,1/10/2021,4:21:14 PM,-1.3996754E+1,-3.3572807E+1,3.8530491E+3,0.0000000E+0
13359545,1/10/2021,4:21:14 PM,-1.9991230E+1,-2.1261881E+1,3.8575137E+3,0.0000000E+0
13359546,1/10/2021,4:21:15 PM,-2.6468155E+1,-1.4550171E+1,3.8575137E+3,0.0000000E+0
13359547,1/10/2021,4:21:15 PM,-3.4608112E+1,-7.1740422E+0,3.8548347E+3,0.0000000E+0
13359548,1/10/2021,4:21:15 PM,-4.2349049E+1,-2.6258185E+0,3.8548347E+3,0.0000000E+0
13359549,1/10/2021,4:21:15 PM,-4.8307709E+1,7.0012059E+0,3.8619785E+3,0.0000000E+0
13359550,1/10/2021,4:21:15 PM,-5.7830925E+1,1.4566125E+1,3.8619785E+3,0.0000000E+0
13359551,1/10/2021,4:21:15 PM,-6.5970879E+1,1.5741412E+1,3.8548347E+3,0.0000000E+0
13359552,1/10/2021,4:21:15 PM,-7.2381760E+1,1.6068472E+1,3.8530491E+3,0.0000000E+0
13359553,1/10/2021,4:21:15 PM,-7.4935471E+1,1.4975614E+1,3.8494771E+3,0.0000000E+0
13359554,1/10/2021,4:21:15 PM,-7.0572876E+1,1.4138021E+1,3.8539419E+3,0.0000000E+0
13359555,1/10/2021,4:21:15 PM,-6.8152176E+1,1.2489428E+1,3.8503701E+3,0.0000000E+0
13359556,1/10/2021,4:21:16 PM,-6.1980701E+1,9.4927092E+0,3.8512629E+3,0.0000000E+0
13359557,1/10/2021,4:21:16 PM,-5.5011204E+1,6.0359807E+0,3.8467981E+3,0.0000000E+0
13359558,1/10/2021,4:21:16 PM,-4.5381580E+1,2.1157098E+0,3.8441196E+3,0.0000000E+0
13359559,1/10/2021,4:21:16 PM,-3.2985439E+1,3.0077991E+0,3.8512629E+3,0.0000000E+0
13359560,1/10/2021,4:21:16 PM,-2.3435623E+1,7.5463052E+0,3.8566208E+3,0.0000000E+0
13359561,1/10/2021,4:21:16 PM,-1.6517696E+1,1.1332753E+1,3.8584065E+3,0.0000000E+0
13359562,1/10/2021,4:21:16 PM,-1.1886321E+1,1.5818523E+1,3.8584065E+3,0.0000000E+0
13359563,1/10/2021,4:21:16 PM,-8.2706900E+0,2.0072960E+1,3.8601924E+3,0.0000000E+0
13359564,1/10/2021,4:21:16 PM,-2.3315315E+0,2.5132565E+1,3.8637642E+3,0.0000000E+0
13359565,1/10/2021,4:21:16 PM,1.8116524E+0,2.9594603E+1,3.8673359E+3,0.0000000E+0
13359566,1/10/2021,4:21:17 PM,4.1392217E+0,3.2847054E+1,3.8691218E+3,0.0000000E+0
13359567,1/10/2021,4:21:17 PM,7.1917901E+0,3.1610586E+1,3.8655500E+3,0.0000000E+0
13359568,1/10/2021,4:21:17 PM,1.0749529E+1,2.7067909E+1,3.8619785E+3,0.0000000E+0
13359569,1/10/2021,4:21:17 PM,1.8291304E+1,2.2498350E+1,3.8619785E+3,0.0000000E+0
13359570,1/10/2021,4:21:17 PM,2.6494757E+1,1.8001581E+1,3.8655500E+3,0.0000000E+0
13359571,1/10/2021,4:21:17 PM,3.4741116E+1,1.1641200E+1,3.8637642E+3,0.0000000E+0
13359572,1/10/2021,4:21:17 PM,4.3173687E+1,2.3415349E+0,3.8592996E+3,0.0000000E+0
13359573,1/10/2021,4:21:17 PM,5.1074226E+1,-9.5538673E+0,3.8566208E+3,0.0000000E+0
13359574,1/10/2021,4:21:17 PM,5.9666401E+1,-1.7685158E+1,3.8548347E+3,0.0000000E+0
13359575,1/10/2021,4:21:17 PM,6.4188599E+1,-2.2283312E+1,3.8584065E+3,0.0000000E+0
13359576,1/10/2021,4:21:18 PM,6.6795517E+1,-2.7444223E+1,3.8548347E+3,0.0000000E+0
13359577,1/10/2021,4:21:18 PM,6.9588638E+1,-3.1314907E+1,3.8601924E+3,0.0000000E+0
13359578,1/10/2021,4:21:18 PM,6.9056618E+1,-3.4647995E+1,3.8548347E+3,0.0000000E+0
13359579,1/10/2021,4:21:18 PM,6.9322624E+1,-3.6529579E+1,3.8557275E+3,0.0000000E+0
13359580,1/10/2021,4:21:18 PM,6.5385651E+1,-3.5051193E+1,3.8539419E+3,0.0000000E+0
13359581,1/10/2021,4:21:18 PM,6.1368877E+1,-2.9944040E+1,3.8655500E+3,0.0000000E+0
13359582,1/10/2021,4:21:18 PM,5.4452579E+1,-2.7847422E+1,3.8601924E+3,0.0000000E+0
13359583,1/10/2021,4:21:18 PM,4.4955959E+1,-2.8196856E+1,3.8530491E+3,0.0000000E+0
13359584,1/10/2021,4:21:18 PM,3.6044575E+1,-2.6825991E+1,3.8601924E+3,0.0000000E+0
13359585,1/10/2021,4:21:18 PM,2.8410038E+1,-2.5508883E+1,3.8566208E+3,0.0000000E+0
13359586,1/10/2021,4:21:19 PM,1.9096531E+1,-2.3519779E+1,3.8584065E+3,0.0000000E+0
13359587,1/10/2021,4:21:19 PM,8.2285862E+0,-2.3869217E+1,3.8530491E+3,0.0000000E+0
13359588,1/10/2021,4:21:19 PM,-3.8206370E+0,-2.4353052E+1,3.8521558E+3,0.0000000E+0
13359589,1/10/2021,4:21:19 PM,-1.6649269E+1,-2.3412260E+1,3.8512629E+3,0.0000000E+0
13359590,1/10/2021,4:21:19 PM,-3.0458330E+1,-2.1772596E+1,3.8467981E+3,0.0000000E+0
13359591,1/10/2021,4:21:19 PM,-4.7030853E+1,-1.5563258E+1,3.8476914E+3,0.0000000E+0
13359592,1/10/2021,4:21:19 PM,-6.4401413E+1,-1.0500479E+1,3.8467981E+3,0.0000000E+0
13359593,1/10/2021,4:21:19 PM,-7.7010361E+1,-3.8013904E+0,3.8476914E+3,0.0000000E+0
13359594,1/10/2021,4:21:19 PM,-8.7916840E+1,1.7793744E+0,3.8467981E+3,0.0000000E+0
13359595,1/10/2021,4:21:19 PM,-1.0097801E+2,1.0380823E+1,3.8459053E+3,0.0000000E+0
13359596,1/10/2021,4:21:20 PM,-1.1268252E+2,1.9873533E+1,3.8521558E+3,0.0000000E+0
13359597,1/10/2021,4:21:20 PM,-1.2098208E+2,2.8761330E+1,3.8494771E+3,0.0000000E+0
13359598,1/10/2021,4:21:20 PM,-1.2994667E+2,3.8384281E+1,3.8584065E+3,0.0000000E+0
13359599,1/10/2021,4:21:20 PM,-1.3691618E+2,4.1986168E+1,3.8521558E+3,0.0000000E+0
13359600,1/10/2021,4:21:20 PM,-1.3561272E+2,4.1690491E+1,3.8601924E+3,0.0000000E+0
13359601,1/10/2021,4:21:20 PM,-1.3210136E+2,3.9459473E+1,3.8530491E+3,0.0000000E+0
13359602,1/10/2021,4:21:20 PM,-1.2856342E+2,3.5373749E+1,3.8566208E+3,0.0000000E+0
13359603,1/10/2021,4:21:20 PM,-1.1885399E+2,2.7659262E+1,3.8521558E+3,0.0000000E+0
13359604,1/10/2021,4:21:20 PM,-1.0728249E+2,1.8575930E+1,3.8512629E+3,0.0000000E+0
13359605,1/10/2021,4:21:20 PM,-9.5923782E+1,9.3810310E+0,3.8512629E+3,0.0000000E+0
13359606,1/10/2021,4:21:21 PM,-8.1239944E+1,-2.6911423E-1,3.8476914E+3,0.0000000E+0
13359607,1/10/2021,4:21:21 PM,-6.8471390E+1,-8.3546476E+0,3.8494771E+3,0.0000000E+0
13359608,1/10/2021,4:21:21 PM,-5.8921574E+1,-1.3069095E+1,3.8459053E+3,0.0000000E+0
13359609,1/10/2021,4:21:21 PM,-4.8254505E+1,-1.6363623E+1,3.8503701E+3,0.0000000E+0
13359610,1/10/2021,4:21:21 PM,-3.8066261E+1,-1.9392250E+1,3.8432266E+3,0.0000000E+0
13359611,1/10/2021,4:21:21 PM,-2.3542028E+1,-2.1369402E+1,3.8503701E+3,0.0000000E+0
13359612,1/10/2021,4:21:21 PM,-9.3627472E+0,-2.2390831E+1,3.8512629E+3,0.0000000E+0
13359613,1/10/2021,4:21:21 PM,7.3154688E+0,-2.3949856E+1,3.8530491E+3,0.0000000E+0
13359614,1/10/2021,4:21:21 PM,2.6441553E+1,-2.6395912E+1,3.8601924E+3,0.0000000E+0
13359615,1/10/2021,4:21:21 PM,4.1471210E+1,-2.9755882E+1,3.8566208E+3,0.0000000E+0
13359616,1/10/2021,4:21:22 PM,6.0650646E+1,-3.5938225E+1,3.8566208E+3,0.0000000E+0
13359617,1/10/2021,4:21:22 PM,7.9830078E+1,-3.9002514E+1,3.8619785E+3,0.0000000E+0
13359618,1/10/2021,4:21:22 PM,9.4646927E+1,-4.3733349E+1,3.8637642E+3,0.0000000E+0
13359619,1/10/2021,4:21:22 PM,1.0887855E+2,-5.0345772E+1,3.8619785E+3,0.0000000E+0
13359620,1/10/2021,4:21:22 PM,1.1792294E+2,-5.6554993E+1,3.8601924E+3,0.0000000E+0
13359621,1/10/2021,4:21:22 PM,1.2231213E+2,-6.0882633E+1,3.8584065E+3,0.0000000E+0
13359622,1/10/2021,4:21:22 PM,1.2188651E+2,-6.1070789E+1,3.8584065E+3,0.0000000E+0
13359623,1/10/2021,4:21:22 PM,1.1680569E+2,-5.9054810E+1,3.8584065E+3,0.0000000E+0
13359624,1/10/2021,4:21:22 PM,1.0605883E+2,-5.5211006E+1,3.8548347E+3,0.0000000E+0
13359625,1/10/2021,4:21:22 PM,9.0523750E+1,-4.8867386E+1,3.8548347E+3,0.0000000E+0
13359626,1/10/2021,4:21:23 PM,7.3605408E+1,-4.2631283E+1,3.8503701E+3,0.0000000E+0
13359627,1/10/2021,4:21:23 PM,5.8043736E+1,-3.3734085E+1,3.8512629E+3,0.0000000E+0
13359628,1/10/2021,4:21:23 PM,4.0965786E+1,-2.2014515E+1,3.8512629E+3,0.0000000E+0
13359629,1/10/2021,4:21:23 PM,3.2293812E+1,-1.1316799E+1,3.8539419E+3,0.0000000E+0
13359630,1/10/2021,4:21:23 PM,1.8062366E+1,5.2942687E-1,3.8566208E+3,0.0000000E+0
13359631,1/10/2021,4:21:23 PM,5.3102937E+0,1.2340523E+1,3.8539419E+3,0.0000000E+0
13359632,1/10/2021,4:21:23 PM,4.3325911E+0,2.2175793E+1,3.8646572E+3,0.0000000E+0
13359633,1/10/2021,4:21:23 PM,-3.8642242E+0,3.2685772E+1,3.8601924E+3,0.0000000E+0
13359634,1/10/2021,4:21:23 PM,-9.5601072E+0,4.1771130E+1,3.8709080E+3,0.0000000E+0
13359635,1/10/2021,4:21:23 PM,-1.4409894E+1,4.8867386E+1,3.8628713E+3,0.0000000E+0
13359636,1/10/2021,4:21:24 PM,-2.1413935E+1,5.3678856E+1,3.8655500E+3,0.0000000E+0
13359637,1/10/2021,4:21:24 PM,-2.5510513E+1,5.9834320E+1,3.8691218E+3,0.0000000E+0
13359638,1/10/2021,4:21:24 PM,-3.6789406E+1,6.4538277E+1,3.8700146E+3,0.0000000E+0
13359639,1/10/2021,4:21:24 PM,-4.6685036E+1,6.6097298E+1,3.8682290E+3,0.0000000E+0
13359640,1/10/2021,4:21:24 PM,-5.6899883E+1,6.6715538E+1,3.8726936E+3,0.0000000E+0
13359641,1/10/2021,4:21:24 PM,-7.3685219E+1,6.1366463E+1,3.8494771E+3,0.0000000E+0
13359642,1/10/2021,4:21:24 PM,-7.7515778E+1,5.3275661E+1,3.8566208E+3,0.0000000E+0
13359643,1/10/2021,4:21:24 PM,-8.2011383E+1,5.1340317E+1,3.8637642E+3,0.0000000E+0
13359644,1/10/2021,4:21:24 PM,-8.2889221E+1,4.1099136E+1,3.8530491E+3,0.0000000E+0
13359645,1/10/2021,4:21:24 PM,-8.5629135E+1,2.9809641E+1,3.8512629E+3,0.0000000E+0
13359646,1/10/2021,4:21:25 PM,-8.3740456E+1,1.7360756E+1,3.8423335E+3,0.0000000E+0
13359647,1/10/2021,4:21:25 PM,-7.8872444E+1,9.7639303E+0,3.8494771E+3,0.0000000E+0
13359648,1/10/2021,4:21:25 PM,-7.1104904E+1,4.3203082E+0,3.8503701E+3,0.0000000E+0
13359649,1/10/2021,4:21:25 PM,-6.3736382E+1,-2.9258502E-1,3.8512629E+3,0.0000000E+0
13359650,1/10/2021,4:21:25 PM,-5.6181652E+1,-7.1102257E+0,3.8503701E+3,0.0000000E+0
13359651,1/10/2021,4:21:25 PM,-5.0861416E+1,-1.1893807E+1,3.8503701E+3,0.0000000E+0
13359652,1/10/2021,4:21:25 PM,-4.0141151E+1,-1.7533592E+1,3.8503701E+3,0.0000000E+0
13359653,1/10/2021,4:21:25 PM,-3.4182491E+1,-1.7852676E+1,3.8575137E+3,0.0000000E+0
13359654,1/10/2021,4:21:25 PM,-2.9234674E+1,-2.0616768E+1,3.8584065E+3,0.0000000E+0
13359655,1/10/2021,4:21:25 PM,-2.3808039E+1,-2.6691591E+1,3.8557275E+3,0.0000000E+0
13359656,1/10/2021,4:21:26 PM,-2.2344976E+1,-3.3115852E+1,3.8539419E+3,0.0000000E+0
13359657,1/10/2021,4:21:26 PM,-2.4366663E+1,-3.9110035E+1,3.8503701E+3,0.0000000E+0
13359658,1/10/2021,4:21:26 PM,-2.6441553E+1,-4.2980717E+1,3.8539419E+3,0.0000000E+0
13359659,1/10/2021,4:21:26 PM,-2.7745010E+1,-4.8302910E+1,3.8512629E+3,0.0000000E+0
13359660,1/10/2021,4:21:26 PM,-3.4076088E+1,-5.5533562E+1,3.8441196E+3,0.0000000E+0
13359661,1/10/2021,4:21:26 PM,-3.7161819E+1,-6.1769665E+1,3.8423335E+3,0.0000000E+0
13359662,1/10/2021,4:21:26 PM,-3.7427834E+1,-6.9511032E+1,3.8387620E+3,0.0000000E+0
13359663,1/10/2021,4:21:26 PM,-3.6709602E+1,-7.2790359E+1,3.8369758E+3,0.0000000E+0
13359664,1/10/2021,4:21:26 PM,-3.1628778E+1,-7.5182663E+1,3.8405476E+3,0.0000000E+0
13359665,1/10/2021,4:21:26 PM,-2.5111496E+1,-7.8273827E+1,3.8369758E+3,0.0000000E+0
13359666,1/10/2021,4:21:27 PM,-1.6275602E+1,-7.8999580E+1,3.8405476E+3,0.0000000E+0
13359667,1/10/2021,4:21:27 PM,-5.7655363E+0,-8.0155411E+1,3.8360830E+3,0.0000000E+0
13359668,1/10/2021,4:21:27 PM,5.1250901E+0,-7.5908409E+1,3.8459053E+3,0.0000000E+0
13359669,1/10/2021,4:21:27 PM,1.3978334E+1,-6.9349754E+1,3.8459053E+3,0.0000000E+0
13359670,1/10/2021,4:21:27 PM,1.9899128E+1,-6.3033009E+1,3.8512629E+3,0.0000000E+0
13359671,1/10/2021,4:21:27 PM,2.7638605E+1,-5.4377731E+1,3.8512629E+3,0.0000000E+0
13359672,1/10/2021,4:21:27 PM,2.8622849E+1,-4.4889179E+1,3.8530491E+3,0.0000000E+0
13359673,1/10/2021,4:21:27 PM,2.8596247E+1,-3.3088970E+1,3.8584065E+3,0.0000000E+0
13359674,1/10/2021,4:21:27 PM,2.8356838E+1,-2.1584438E+1,3.8584065E+3,0.0000000E+0
13359675,1/10/2021,4:21:27 PM,2.6654364E+1,-9.7479763E+0,3.8628713E+3,0.0000000E+0
13359676,1/10/2021,4:21:28 PM,2.2477980E+1,1.8109867E-1,3.8610852E+3,0.0000000E+0
13359677,1/10/2021,4:21:28 PM,1.9614929E+1,8.1924477E+0,3.8566208E+3,0.0000000E+0
13359678,1/10/2021,4:21:28 PM,1.7475550E+1,1.8278120E+1,3.8619785E+3,0.0000000E+0
13359679,1/10/2021,4:21:28 PM,1.8514977E+1,2.8008698E+1,3.8637642E+3,0.0000000E+0
13359680,1/10/2021,4:21:28 PM,1.6886101E+1,3.5535030E+1,3.8619785E+3,0.0000000E+0
13359681,1/10/2021,4:21:28 PM,1.7030832E+1,4.1717369E+1,3.8619785E+3,0.0000000E+0
13359682,1/10/2021,4:21:28 PM,1.7354502E+1,4.7254601E+1,3.8601924E+3,0.0000000E+0
13359683,1/10/2021,4:21:28 PM,1.8357090E+1,5.5076603E+1,3.8646572E+3,0.0000000E+0
13359684,1/10/2021,4:21:28 PM,2.0961714E+1,6.4188843E+1,3.8673359E+3,0.0000000E+0
13359685,1/10/2021,4:21:28 PM,2.1254326E+1,7.1930206E+1,3.8709080E+3,0.0000000E+0
13359686,1/10/2021,4:21:29 PM,2.0264902E+1,7.8542625E+1,3.8718008E+3,0.0000000E+0
13359687,1/10/2021,4:21:29 PM,1.9214947E+1,8.3972336E+1,3.8718008E+3,0.0000000E+0
13359688,1/10/2021,4:21:29 PM,2.0054384E+1,8.8568771E+1,3.8798374E+3,0.0000000E+0
13359689,1/10/2021,4:21:29 PM,1.2686286E+1,9.0961067E+1,3.8744795E+3,0.0000000E+0
13359690,1/10/2021,4:21:29 PM,5.0085926E+0,9.1928741E+1,3.8753723E+3,0.0000000E+0
13359691,1/10/2021,4:21:29 PM,4.2575058E-1,9.0047157E+1,3.8780513E+3,0.0000000E+0
13359692,1/10/2021,4:21:29 PM,-7.5628262E+0,8.5074402E+1,3.8762654E+3,0.0000000E+0
13359693,1/10/2021,4:21:29 PM,-1.3596773E+1,7.2924759E+1,3.8655500E+3,0.0000000E+0
13359694,1/10/2021,4:21:29 PM,-1.9880707E+1,6.0264400E+1,3.8655500E+3,0.0000000E+0
13359695,1/10/2021,4:21:29 PM,-2.4712477E+1,5.0184490E+1,3.8709080E+3,0.0000000E+0
13359696,1/10/2021,4:21:30 PM,-2.8915462E+1,3.5078072E+1,3.8584065E+3,0.0000000E+0
13359697,1/10/2021,4:21:30 PM,-3.1336168E+1,1.7163988E+1,3.8548347E+3,0.0000000E+0
13359698,1/10/2021,4:21:30 PM,-3.1575577E+1,-1.5458732E+0,3.8494771E+3,0.0000000E+0
13359699,1/10/2021,4:21:30 PM,-3.3943081E+1,-1.7937765E+1,3.8432266E+3,0.0000000E+0
13359700,1/10/2021,4:21:30 PM,-3.2799232E+1,-3.1718105E+1,3.8441196E+3,0.0000000E+0
13359701,1/10/2021,4:21:30 PM,-3.2932240E+1,-4.2765682E+1,3.8467981E+3,0.0000000E+0
13359702,1/10/2021,4:21:30 PM,-3.2533218E+1,-5.4216454E+1,3.8396548E+3,0.0000000E+0
13359703,1/10/2021,4:21:30 PM,-2.9553890E+1,-6.5801628E+1,3.8405476E+3,0.0000000E+0
13359704,1/10/2021,4:21:30 PM,-2.7159784E+1,-7.4403145E+1,3.8369758E+3,0.0000000E+0
13359705,1/10/2021,4:21:30 PM,-2.2025761E+1,-7.8703903E+1,3.8441196E+3,0.0000000E+0
13359706,1/10/2021,4:21:31 PM,-1.7309767E+1,-8.2359550E+1,3.8450125E+3,0.0000000E+0
13359707,1/10/2021,4:21:31 PM,-1.6496645E+1,-8.5504478E+1,3.8423335E+3,0.0000000E+0
13359708,1/10/2021,4:21:31 PM,-1.1754747E+1,-8.9267647E+1,3.8423335E+3,0.0000000E+0
13359709,1/10/2021,4:21:31 PM,-9.3338013E+0,-9.0853554E+1,3.8405476E+3,0.0000000E+0
13359710,1/10/2021,4:21:31 PM,-5.1353927E+0,-9.0584755E+1,3.8459053E+3,0.0000000E+0
13359711,1/10/2021,4:21:31 PM,-1.6911925E+0,-8.8299973E+1,3.8459053E+3,0.0000000E+0
13359712,1/10/2021,4:21:31 PM,-2.7055912E+0,-8.4375534E+1,3.8476914E+3,0.0000000E+0
13359713,1/10/2021,4:21:31 PM,-2.7571034E+0,-8.1391876E+1,3.8467981E+3,0.0000000E+0
13359714,1/10/2021,4:21:31 PM,-5.9181614E+0,-7.7816872E+1,3.8405476E+3,0.0000000E+0
13359715,1/10/2021,4:21:31 PM,-9.1680193E+0,-7.1311974E+1,3.8459053E+3,0.0000000E+0
13359716,1/10/2021,4:21:32 PM,-1.5765098E+1,-6.1850300E+1,3.8476914E+3,0.0000000E+0
13359717,1/10/2021,4:21:32 PM,-2.5776525E+1,-5.2388630E+1,3.8459053E+3,0.0000000E+0
13359718,1/10/2021,4:21:32 PM,-3.5166737E+1,-4.3195755E+1,3.8459053E+3,0.0000000E+0
13359719,1/10/2021,4:21:32 PM,-4.3918518E+1,-3.3330891E+1,3.8423335E+3,0.0000000E+0
13359720,1/10/2021,4:21:32 PM,-5.1952065E+1,-2.1342522E+1,3.8476914E+3,0.0000000E+0
13359721,1/10/2021,4:21:32 PM,-5.9852615E+1,-7.0862947E+0,3.8503701E+3,0.0000000E+0
13359722,1/10/2021,4:21:32 PM,-6.8551186E+1,7.3681512E+0,3.8539419E+3,0.0000000E+0
13359723,1/10/2021,4:21:32 PM,-7.2009338E+1,1.8493500E+1,3.8539419E+3,0.0000000E+0
13359724,1/10/2021,4:21:32 PM,-7.4270439E+1,2.6906630E+1,3.8530491E+3,0.0000000E+0
13359725,1/10/2021,4:21:32 PM,-7.0652687E+1,3.6099503E+1,3.8601924E+3,0.0000000E+0
13359726,1/10/2021,4:21:33 PM,-6.7832954E+1,4.5856853E+1,3.8628713E+3,0.0000000E+0
13359727,1/10/2021,4:21:33 PM,-6.4960030E+1,5.2039196E+1,3.8628713E+3,0.0000000E+0
13359728,1/10/2021,4:21:33 PM,-5.9693008E+1,5.6339954E+1,3.8655500E+3,0.0000000E+0
13359729,1/10/2021,4:21:33 PM,-5.2723499E+1,5.5936760E+1,3.8619785E+3,0.0000000E+0
13359730,1/10/2021,4:21:33 PM,-4.3280087E+1,5.4323975E+1,3.8628713E+3,0.0000000E+0
13359731,1/10/2021,4:21:33 PM,-3.3171646E+1,5.4619648E+1,3.8673359E+3,0.0000000E+0
13359732,1/10/2021,4:21:33 PM,-2.7691807E+1,5.2469273E+1,3.8637642E+3,0.0000000E+0
13359733,1/10/2021,4:21:33 PM,-1.7601860E+1,4.7792194E+1,3.8628713E+3,0.0000000E+0
13359734,1/10/2021,4:21:33 PM,-5.4813385E+0,4.0212105E+1,3.8566208E+3,0.0000000E+0
13359735,1/10/2021,4:21:33 PM,9.1680193E+0,3.4137283E+1,3.8584065E+3,0.0000000E+0
13359736,1/10/2021,4:21:34 PM,2.4606073E+1,3.2551376E+1,3.8646572E+3,0.0000000E+0
13359737,1/10/2021,4:21:34 PM,3.4953926E+1,3.0374115E+1,3.8637642E+3,0.0000000E+0
13359738,1/10/2021,4:21:34 PM,4.4264332E+1,2.8277496E+1,3.8664431E+3,0.0000000E+0
13359739,1/10/2021,4:21:34 PM,5.5303814E+1,2.2471470E+1,3.8584065E+3,0.0000000E+0
13359740,1/10/2021,4:21:34 PM,6.8019173E+1,1.8198349E+1,3.8655500E+3,0.0000000E+0
13359741,1/10/2021,4:21:34 PM,8.0468513E+1,1.7094854E+1,3.8691218E+3,0.0000000E+0
13359742,1/10/2021,4:21:34 PM,8.6320763E+1,1.4055592E+1,3.8709080E+3,0.0000000E+0
13359743,1/10/2021,4:21:34 PM,8.6985794E+1,1.0197351E+1,3.8709080E+3,0.0000000E+0
13359744,1/10/2021,4:21:34 PM,8.7358215E+1,3.5667565E+0,3.8646572E+3,0.0000000E+0
13359745,1/10/2021,4:21:34 PM,8.7970039E+1,-2.9429345E+0,3.8673359E+3,0.0000000E+0
13359746,1/10/2021,4:21:35 PM,8.9699112E+1,-9.4528246E+0,3.8673359E+3,0.0000000E+0
13359747,1/10/2021,4:21:35 PM,8.3368034E+1,-1.5488806E+1,3.8637642E+3,0.0000000E+0
13359748,1/10/2021,4:21:35 PM,7.2621170E+1,-2.0144754E+1,3.8646572E+3,0.0000000E+0
13359749,1/10/2021,4:21:35 PM,6.0358036E+1,-2.8519415E+1,3.8548347E+3,0.0000000E+0
13359750,1/10/2021,4:21:35 PM,5.0755013E+1,-3.7201572E+1,3.8548347E+3,0.0000000E+0
13359751,1/10/2021,4:21:35 PM,4.3865314E+1,-4.4136547E+1,3.8530491E+3,0.0000000E+0
13359752,1/10/2021,4:21:35 PM,3.2400211E+1,-4.9915695E+1,3.8476914E+3,0.0000000E+0
13359753,1/10/2021,4:21:35 PM,1.7354502E+1,-5.3651981E+1,3.8512629E+3,0.0000000E+0
13359754,1/10/2021,4:21:35 PM,-6.5591455E-1,-5.7065704E+1,3.8396548E+3,0.0000000E+0
13359755,1/10/2021,4:21:35 PM,-1.6165081E+1,-6.0506313E+1,3.8423335E+3,0.0000000E+0
13359756,1/10/2021,4:21:36 PM,-2.8436640E+1,-6.0371918E+1,3.8396548E+3,0.0000000E+0
13359757,1/10/2021,4:21:36 PM,-4.5620991E+1,-5.3974537E+1,3.8423335E+3,0.0000000E+0
13359758,1/10/2021,4:21:36 PM,-6.5784668E+1,-4.4163429E+1,3.8459053E+3,0.0000000E+0
13359759,1/10/2021,4:21:36 PM,-8.6400566E+1,-3.5776947E+1,3.8414407E+3,0.0000000E+0
13359760,1/10/2021,4:21:36 PM,-1.0182924E+2,-2.8465654E+1,3.8405476E+3,0.0000000E+0
13359761,1/10/2021,4:21:36 PM,-1.1329434E+2,-2.0267330E+1,3.8441196E+3,0.0000000E+0
13359762,1/10/2021,4:21:36 PM,-1.2193972E+2,-1.2872328E+1,3.8459053E+3,0.0000000E+0
13359763,1/10/2021,4:21:36 PM,-1.3071811E+2,-4.7551413E+0,3.8459053E+3,0.0000000E+0
13359764,1/10/2021,4:21:36 PM,-1.3896446E+2,2.7371292E+0,3.8459053E+3,0.0000000E+0
13359765,1/10/2021,4:21:36 PM,-1.4455070E+2,9.3943262E+0,3.8441196E+3,0.0000000E+0
13359766,1/10/2021,4:21:37 PM,-1.4066695E+2,1.4223110E+1,3.8494771E+3,0.0000000E+0
13359767,1/10/2021,4:21:37 PM,-1.3308560E+2,1.8198349E+1,3.8494771E+3,0.0000000E+0
13359768,1/10/2021,4:21:37 PM,-1.2284416E+2,1.8474886E+1,3.8503701E+3,0.0000000E+0
13359769,1/10/2021,4:21:37 PM,-1.0789430E+2,1.9285889E+1,3.8503701E+3,0.0000000E+0
13359770,1/10/2021,4:21:37 PM,-9.4407516E+1,1.9541155E+1,3.8512629E+3,0.0000000E+0
13359771,1/10/2021,4:21:37 PM,-7.7356171E+1,1.8214302E+1,3.8530491E+3,0.0000000E+0
13359772,1/10/2021,4:21:37 PM,-5.6846680E+1,1.8091988E+1,3.8512629E+3,0.0000000E+0
13359773,1/10/2021,4:21:37 PM,-3.4900723E+1,1.8961489E+1,3.8637642E+3,0.0000000E+0
13359774,1/10/2021,4:21:37 PM,-1.5754572E+1,1.9251322E+1,3.8601924E+3,0.0000000E+0
13359775,1/10/2021,4:21:37 PM,-7.7970684E-1,1.9019987E+1,3.8601924E+3,0.0000000E+0
13359776,1/10/2021,4:21:38 PM,1.5936143E+1,1.7698452E+1,3.8601924E+3,0.0000000E+0
13359777,1/10/2021,4:21:38 PM,3.4182491E+1,1.7352779E+1,3.8673359E+3,0.0000000E+0
13359778,1/10/2021,4:21:38 PM,4.8094898E+1,1.7530933E+1,3.8691218E+3,0.0000000E+0
13359779,1/10/2021,4:21:38 PM,5.7697914E+1,1.8549339E+1,3.8691218E+3,0.0000000E+0
13359780,1/10/2021,4:21:38 PM,6.2432922E+1,1.6515188E+1,3.8691218E+3,0.0000000E+0
13359781,1/10/2021,4:21:38 PM,6.4507812E+1,1.2970711E+1,3.8673359E+3,0.0000000E+0
13359782,1/10/2021,4:21:38 PM,6.8418182E+1,9.0406761E+0,3.8691218E+3,0.0000000E+0
13359783,1/10/2021,4:21:38 PM,7.1291107E+1,9.7617334E-1,3.8673359E+3,0.0000000E+0
13359784,1/10/2021,4:21:38 PM,6.9349228E+1,-6.9107990E+0,3.8646572E+3,0.0000000E+0
13359785,1/10/2021,4:21:38 PM,6.4880234E+1,-1.6153561E+1,3.8584065E+3,0.0000000E+0
13359786,1/10/2021,4:21:39 PM,5.7511707E+1,-2.3842337E+1,3.8601924E+3,0.0000000E+0
13359787,1/10/2021,4:21:39 PM,5.4718586E+1,-3.0911713E+1,3.8566208E+3,0.0000000E+0
13359788,1/10/2021,4:21:39 PM,5.0489006E+1,-3.8545559E+1,3.8548347E+3,0.0000000E+0
13359789,1/10/2021,4:21:39 PM,4.7669281E+1,-4.7093319E+1,3.8503701E+3,0.0000000E+0
13359790,1/10/2021,4:21:39 PM,4.3120483E+1,-5.3920776E+1,3.8476914E+3,0.0000000E+0
13359791,1/10/2021,4:21:39 PM,3.5751961E+1,-5.7818340E+1,3.8467981E+3,0.0000000E+0
13359792,1/10/2021,4:21:39 PM,3.3464260E+1,-6.1205193E+1,3.8459053E+3,0.0000000E+0
13359793,1/10/2021,4:21:39 PM,3.3357857E+1,-6.2361015E+1,3.8476914E+3,0.0000000E+0
13359794,1/10/2021,4:21:39 PM,3.0059311E+1,-6.1608387E+1,3.8485842E+3,0.0000000E+0
13359795,1/10/2021,4:21:39 PM,2.6627762E+1,-6.0318157E+1,3.8441196E+3,0.0000000E+0
13359796,1/10/2021,4:21:40 PM,1.6367702E+1,-5.3920776E+1,3.8467981E+3,0.0000000E+0
13359797,1/10/2021,4:21:40 PM,5.8023772E+0,-4.4163429E+1,3.8512629E+3,0.0000000E+0
13359798,1/10/2021,4:21:40 PM,-4.1273336E+0,-3.3250252E+1,3.8539419E+3,0.0000000E+0
13359799,1/10/2021,4:21:40 PM,-1.7425550E+1,-2.4299294E+1,3.8485842E+3,0.0000000E+0
13359800,1/10/2021,4:21:40 PM,-2.6335148E+1,-1.7171967E+1,3.8557275E+3,0.0000000E+0
13359801,1/10/2021,4:21:40 PM,-4.0885983E+1,-6.0386395E+0,3.8530491E+3,0.0000000E+0
13359802,1/10/2021,4:21:40 PM,-5.5649628E+1,3.3825729E+0,3.8530491E+3,0.0000000E+0
13359803,1/10/2021,4:21:40 PM,-6.3097950E+1,1.2093233E+1,3.8584065E+3,0.0000000E+0
13359804,1/10/2021,4:21:40 PM,-6.9695038E+1,1.9065189E+1,3.8530491E+3,0.0000000E+0
13359805,1/10/2021,4:21:40 PM,-7.3711815E+1,2.1288761E+1,3.8521558E+3,0.0000000E+0
13359806,1/10/2021,4:21:41 PM,-7.2248756E+1,2.4460571E+1,3.8521558E+3,0.0000000E+0
13359807,1/10/2021,4:21:41 PM,-7.4217239E+1,2.8976370E+1,3.8530491E+3,0.0000000E+0
13359808,1/10/2021,4:21:41 PM,-6.9349228E+1,3.1933140E+1,3.8548347E+3,0.0000000E+0
13359809,1/10/2021,4:21:41 PM,-6.4215202E+1,3.5938225E+1,3.8610852E+3,0.0000000E+0
13359810,1/10/2021,4:21:41 PM,-6.4561020E+1,3.6825256E+1,3.8494771E+3,0.0000000E+0
13359811,1/10/2021,4:21:41 PM,-6.1847698E+1,3.8384281E+1,3.8548347E+3,0.0000000E+0
13359812,1/10/2021,4:21:41 PM,-5.6740276E+1,4.4539742E+1,3.8637642E+3,0.0000000E+0
13359813,1/10/2021,4:21:41 PM,-4.8440716E+1,4.5829971E+1,3.8655500E+3,0.0000000E+0
13359814,1/10/2021,4:21:41 PM,-4.2029835E+1,4.4593502E+1,3.8584065E+3,0.0000000E+0
13359815,1/10/2021,4:21:41 PM,-3.8757889E+1,4.4163429E+1,3.8637642E+3,0.0000000E+0
13359816,1/10/2021,4:21:42 PM,-3.2985439E+1,4.3115116E+1,3.8646572E+3,0.0000000E+0
13359817,1/10/2021,4:21:42 PM,-2.8383440E+1,3.9244434E+1,3.8610852E+3,0.0000000E+0
13359818,1/10/2021,4:21:42 PM,-2.4739079E+1,3.6959656E+1,3.8673359E+3,0.0000000E+0
13359819,1/10/2021,4:21:42 PM,-2.2318375E+1,3.0911713E+1,3.8584065E+3,0.0000000E+0
13359820,1/10/2021,4:21:42 PM,-1.9833342E+1,2.3385382E+1,3.8566208E+3,0.0000000E+0
13359821,1/10/2021,4:21:42 PM,-1.6051928E+1,1.9557110E+1,3.8601924E+3,0.0000000E+0
13359822,1/10/2021,4:21:42 PM,-1.3691504E+1,1.5281401E+1,3.8601924E+3,0.0000000E+0
13359823,1/10/2021,4:21:42 PM,-1.1220561E+1,1.0564296E+1,3.8601924E+3,0.0000000E+0
13359824,1/10/2021,4:21:42 PM,-7.2759967E+0,2.9461377E+0,3.8566208E+3,0.0000000E+0
13359825,1/10/2021,4:21:42 PM,-3.1898079E+0,-4.3235111E+0,3.8548347E+3,0.0000000E+0
13359826,1/10/2021,4:21:43 PM,7.3589122E-1,-1.3143547E+1,3.8530491E+3,0.0000000E+0
13359827,1/10/2021,4:21:43 PM,8.6259375E+0,-2.0314930E+1,3.8548347E+3,0.0000000E+0
13359828,1/10/2021,4:21:43 PM,1.5651945E+1,-2.5159445E+1,3.8628713E+3,0.0000000E+0
13359829,1/10/2021,4:21:43 PM,1.8780756E+1,-3.6879017E+1,3.8494771E+3,0.0000000E+0
13359830,1/10/2021,4:21:43 PM,2.5164700E+1,-4.8302910E+1,3.8521558E+3,0.0000000E+0
13359831,1/10/2021,4:21:43 PM,3.1761786E+1,-5.7764584E+1,3.8485842E+3,0.0000000E+0
13359832,1/10/2021,4:21:43 PM,3.3677071E+1,-6.4538277E+1,3.8503701E+3,0.0000000E+0
13359833,1/10/2021,4:21:43 PM,3.8066261E+1,-7.0505585E+1,3.8494771E+3,0.0000000E+0
13359834,1/10/2021,4:21:43 PM,3.6150978E+1,-7.3247314E+1,3.8494771E+3,0.0000000E+0
13359835,1/10/2021,4:21:43 PM,3.0484930E+1,-7.5478333E+1,3.8467981E+3,0.0000000E+0
13359836,1/10/2021,4:21:44 PM,2.4606073E+1,-7.9402779E+1,3.8387620E+3,0.0000000E+0
13359837,1/10/2021,4:21:44 PM,1.6651901E+1,-7.4107468E+1,3.8459053E+3,0.0000000E+0
13359838,1/10/2021,4:21:44 PM,8.7864561E+0,-6.5962906E+1,3.8503701E+3,0.0000000E+0
13359839,1/10/2021,4:21:44 PM,2.6160388E+0,-6.0022476E+1,3.8476914E+3,0.0000000E+0
13359840,1/10/2021,4:21:44 PM,-4.5259609E+0,-5.4028297E+1,3.8476914E+3,0.0000000E+0
13359841,1/10/2021,4:21:44 PM,-9.3864298E+0,-4.9270580E+1,3.8441196E+3,0.0000000E+0
13359842,1/10/2021,4:21:44 PM,-1.3970441E+1,-4.1798012E+1,3.8467981E+3,0.0000000E+0
13359843,1/10/2021,4:21:44 PM,-1.2309986E+1,-3.5024311E+1,3.8512629E+3,0.0000000E+0
13359844,1/10/2021,4:21:44 PM,-8.7733002E+0,-2.7256065E+1,3.8548347E+3,0.0000000E+0
13359845,1/10/2021,4:21:44 PM,-9.6285248E+0,-2.2202673E+1,3.8512629E+3,0.0000000E+0
13359846,1/10/2021,4:21:45 PM,-7.9891233E+0,-1.7897879E+1,3.8512629E+3,0.0000000E+0
13359847,1/10/2021,4:21:45 PM,-7.7786064E+0,-1.0566955E+1,3.8530491E+3,0.0000000E+0
13359848,1/10/2021,4:21:45 PM,-9.1995964E+0,-1.1602050E+0,3.8548347E+3,0.0000000E+0
13359849,1/10/2021,4:21:45 PM,-8.6601467E+0,8.8013639E+0,3.8619785E+3,0.0000000E+0
13359850,1/10/2021,4:21:45 PM,-9.9443007E+0,1.7142717E+1,3.8575137E+3,0.0000000E+0
13359851,1/10/2021,4:21:45 PM,-1.5757204E+1,2.5643280E+1,3.8601924E+3,0.0000000E+0
13359852,1/10/2021,4:21:45 PM,-2.1812952E+1,3.5454388E+1,3.8584065E+3,0.0000000E+0
13359853,1/10/2021,4:21:45 PM,-2.8277035E+1,4.5399895E+1,3.8655500E+3,0.0000000E+0
13359854,1/10/2021,4:21:45 PM,-3.2214008E+1,5.4001415E+1,3.8682290E+3,0.0000000E+0
13359855,1/10/2021,4:21:45 PM,-3.5432743E+1,5.7845219E+1,3.8637642E+3,0.0000000E+0
13359856,1/10/2021,4:21:46 PM,-3.6736202E+1,6.0425678E+1,3.8673359E+3,0.0000000E+0
13359857,1/10/2021,4:21:46 PM,-3.8385475E+1,5.9995602E+1,3.8601924E+3,0.0000000E+0
13359858,1/10/2021,4:21:46 PM,-3.5326344E+1,5.8570972E+1,3.8673359E+3,0.0000000E+0
13359859,1/10/2021,4:21:46 PM,-3.3650471E+1,5.6151798E+1,3.8646572E+3,0.0000000E+0
13359860,1/10/2021,4:21:46 PM,-2.9101671E+1,4.7953472E+1,3.8628713E+3,0.0000000E+0
13359861,1/10/2021,4:21:46 PM,-2.3143011E+1,3.7362850E+1,3.8592996E+3,0.0000000E+0
13359862,1/10/2021,4:21:46 PM,-1.9241261E+1,2.9540842E+1,3.8566208E+3,0.0000000E+0
13359863,1/10/2021,4:21:46 PM,-1.4091487E+1,2.2068274E+1,3.8601924E+3,0.0000000E+0
13359864,1/10/2021,4:21:46 PM,-1.0215342E+1,1.5446261E+1,3.8575137E+3,0.0000000E+0
13359865,1/10/2021,4:21:46 PM,-1.0212710E+1,8.9369745E+0,3.8557275E+3,0.0000000E+0
13359866,1/10/2021,4:21:47 PM,-9.0601292E+0,2.9909825E+0,3.8530491E+3,0.0000000E+0
13359867,1/10/2021,4:21:47 PM,-1.0254813E+1,-6.5318209E-1,3.8557275E+3,0.0000000E+0
13359868,1/10/2021,4:21:47 PM,-8.3706856E+0,-2.3343277E+0,3.8584065E+3,0.0000000E+0
13359869,1/10/2021,4:21:47 PM,-6.7918077E+0,-6.0572529E+0,3.8530491E+3,0.0000000E+0
13359870,1/10/2021,4:21:47 PM,-6.2497263E+0,-1.0136193E+1,3.8566208E+3,0.0000000E+0
13359871,1/10/2021,4:21:47 PM,-4.6828756E+0,-1.4941047E+1,3.8512629E+3,0.0000000E+0
13359872,1/10/2021,4:21:47 PM,-3.6264749E+0,-1.8565292E+1,3.8530491E+3,0.0000000E+0
13359873,1/10/2021,4:21:47 PM,-1.3028548E+0,-2.1584438E+1,3.8584065E+3,0.0000000E+0
13359874,1/10/2021,4:21:47 PM,6.5301108E-1,-2.5293844E+1,3.8521558E+3,0.0000000E+0
13359875,1/10/2021,4:21:47 PM,1.3979679E+0,-3.0669794E+1,3.8539419E+3,0.0000000E+0
13359876,1/10/2021,4:21:48 PM,3.4188399E+0,-3.5642548E+1,3.8494771E+3,0.0000000E+0
13359877,1/10/2021,4:21:48 PM,3.1137278E+0,-3.8760597E+1,3.8485842E+3,0.0000000E+0
13359878,1/10/2021,4:21:48 PM,1.9099222E+0,-3.8223003E+1,3.8512629E+3,0.0000000E+0
13359879,1/10/2021,4:21:48 PM,6.8679661E-1,-3.7389729E+1,3.8530491E+3,0.0000000E+0
13359880,1/10/2021,4:21:48 PM,-2.1373694E+0,-3.6314541E+1,3.8503701E+3,0.0000000E+0
13359881,1/10/2021,4:21:48 PM,-6.5260291E+0,-3.4110401E+1,3.8494771E+3,0.0000000E+0
13359882,1/10/2021,4:21:48 PM,-1.0478488E+1,-3.1610586E+1,3.8503701E+3,0.0000000E+0
13359883,1/10/2021,4:21:48 PM,-1.4765141E+1,-2.6153997E+1,3.8521558E+3,0.0000000E+0
13359884,1/10/2021,4:21:48 PM,-1.8530766E+1,-2.1665077E+1,3.8584065E+3,0.0000000E+0
13359885,1/10/2021,4:21:48 PM,-2.5271105E+1,-1.8692926E+1,3.8530491E+3,0.0000000E+0
13359886,1/10/2021,4:21:49 PM,-3.0272121E+1,-1.7036356E+1,3.8548347E+3,0.0000000E+0
13359887,1/10/2021,4:21:49 PM,-3.4741116E+1,-1.6770452E+1,3.8512629E+3,0.0000000E+0
13359888,1/10/2021,4:21:49 PM,-4.0433765E+1,-1.4512943E+1,3.8548347E+3,0.0000000E+0
13359889,1/10/2021,4:21:49 PM,-4.4051521E+1,-1.3816280E+1,3.8548347E+3,0.0000000E+0
13359890,1/10/2021,4:21:49 PM,-4.9345154E+1,-1.5081974E+1,3.8476914E+3,0.0000000E+0
13359891,1/10/2021,4:21:49 PM,-5.1898865E+1,-1.5183017E+1,3.8512629E+3,0.0000000E+0
13359892,1/10/2021,4:21:49 PM,-5.2031872E+1,-1.4427855E+1,3.8494771E+3,0.0000000E+0
13359893,1/10/2021,4:21:49 PM,-4.9930378E+1,-1.2582494E+1,3.8557275E+3,0.0000000E+0
13359894,1/10/2021,4:21:49 PM,-4.8706722E+1,-1.4600691E+1,3.8512629E+3,0.0000000E+0
13359895,1/10/2021,4:21:49 PM,-4.9797371E+1,-1.8429684E+1,3.8441196E+3,0.0000000E+0
13359896,1/10/2021,4:21:50 PM,-4.7509674E+1,-1.9567745E+1,3.8494771E+3,0.0000000E+0
13359897,1/10/2021,4:21:50 PM,-3.9183510E+1,-2.0724285E+1,3.8476914E+3,0.0000000E+0
13359898,1/10/2021,4:21:50 PM,-3.1203161E+1,-2.0536129E+1,3.8530491E+3,0.0000000E+0
13359899,1/10/2021,4:21:50 PM,-1.9851761E+1,-2.2095154E+1,3.8512629E+3,0.0000000E+0
13359900,1/10/2021,4:21:50 PM,-1.3375730E+1,-2.3654179E+1,3.8503701E+3,0.0000000E+0
13359901,1/10/2021,4:21:50 PM,-6.7391782E+0,-2.3358503E+1,3.8476914E+3,0.0000000E+0
13359902,1/10/2021,4:21:50 PM,3.0273454E+0,-2.0616768E+1,3.8530491E+3,0.0000000E+0
13359903,1/10/2021,4:21:50 PM,1.2454717E+1,-1.5775979E+1,3.8601924E+3,0.0000000E+0
13359904,1/10/2021,4:21:50 PM,2.2238571E+1,-1.2040053E+1,3.8584065E+3,0.0000000E+0
13359905,1/10/2021,4:21:50 PM,2.7106583E+1,-9.3012600E+0,3.8575137E+3,0.0000000E+0
13359906,1/10/2021,4:21:51 PM,3.0990351E+1,-6.7326450E+0,3.8548347E+3,0.0000000E+0
13359907,1/10/2021,4:21:51 PM,3.6523392E+1,-1.6776729E+0,3.8601924E+3,0.0000000E+0
13359908,1/10/2021,4:21:51 PM,3.9529324E+1,3.2128036E+0,3.8628713E+3,0.0000000E+0
13359909,1/10/2021,4:21:51 PM,4.3439693E+1,8.6045961E+0,3.8655500E+3,0.0000000E+0
13359910,1/10/2021,4:21:51 PM,4.5088966E+1,1.1518885E+1,3.8610852E+3,0.0000000E+0
13359911,1/10/2021,4:21:51 PM,4.5328377E+1,1.4385310E+1,3.8619785E+3,0.0000000E+0
13359912,1/10/2021,4:21:51 PM,4.4450539E+1,1.8280779E+1,3.8619785E+3,0.0000000E+0
13359913,1/10/2021,4:21:51 PM,4.2455452E+1,2.2713388E+1,3.8637642E+3,0.0000000E+0
13359914,1/10/2021,4:21:51 PM,4.0247555E+1,2.7713022E+1,3.8673359E+3,0.0000000E+0
13359915,1/10/2021,4:21:51 PM,3.5858364E+1,3.0266600E+1,3.8610852E+3,0.0000000E+0
13359916,1/10/2021,4:21:52 PM,3.0750940E+1,3.1314907E+1,3.8664431E+3,0.0000000E+0
13359917,1/10/2021,4:21:52 PM,2.5191299E+1,3.3841602E+1,3.8584065E+3,0.0000000E+0
13359918,1/10/2021,4:21:52 PM,2.1413935E+1,3.7120934E+1,3.8673359E+3,0.0000000E+0
13359919,1/10/2021,4:21:52 PM,1.6386124E+1,4.0642181E+1,3.8664431E+3,0.0000000E+0
13359920,1/10/2021,4:21:52 PM,1.1036358E+1,4.1287296E+1,3.8646572E+3,0.0000000E+0
13359921,1/10/2021,4:21:52 PM,5.0331602E+0,4.0507782E+1,3.8655500E+3,0.0000000E+0
13359922,1/10/2021,4:21:52 PM,-2.2086942E+0,3.8653080E+1,3.8601924E+3,0.0000000E+0
13359923,1/10/2021,4:21:52 PM,-9.5153723E+0,3.7981087E+1,3.8637642E+3,0.0000000E+0
13359924,1/10/2021,4:21:52 PM,-1.6212446E+1,3.7954205E+1,3.8646572E+3,0.0000000E+0
13359925,1/10/2021,4:21:52 PM,-2.4260260E+1,3.5481270E+1,3.8619785E+3,0.0000000E+0
13359926,1/10/2021,4:21:53 PM,-3.0458330E+1,2.9702122E+1,3.8610852E+3,0.0000000E+0
13359927,1/10/2021,4:21:53 PM,-3.6789406E+1,2.1288761E+1,3.8539419E+3,0.0000000E+0
13359928,1/10/2021,4:21:53 PM,-4.1178596E+1,1.4438491E+1,3.8584065E+3,0.0000000E+0
13359929,1/10/2021,4:21:53 PM,-4.4370735E+1,6.9533434E+0,3.8566208E+3,0.0000000E+0
13359930,1/10/2021,4:21:53 PM,-4.7802288E+1,2.6938096E-1,3.8539419E+3,0.0000000E+0
13359931,1/10/2021,4:21:53 PM,-5.1712658E+1,-7.1740422E+0,3.8530491E+3,0.0000000E+0
13359932,1/10/2021,4:21:53 PM,-5.4266365E+1,-1.7959036E+1,3.8450125E+3,0.0000000E+0
13359933,1/10/2021,4:21:53 PM,-5.6873280E+1,-2.5078806E+1,3.8476914E+3,0.0000000E+0
13359934,1/10/2021,4:21:53 PM,-6.0943256E+1,-3.0508514E+1,3.8450125E+3,0.0000000E+0
13359935,1/10/2021,4:21:53 PM,-6.4906830E+1,-3.3922245E+1,3.8485842E+3,0.0000000E+0
13359936,1/10/2021,4:21:54 PM,-6.8764000E+1,-3.7685410E+1,3.8441196E+3,0.0000000E+0
13359937,1/10/2021,4:21:54 PM,-7.2887177E+1,-4.2039928E+1,3.8441196E+3,0.0000000E+0
13359938,1/10/2021,4:21:54 PM,-7.5733505E+1,-4.6394447E+1,3.8396548E+3,0.0000000E+0
13359939,1/10/2021,4:21:54 PM,-7.5706902E+1,-4.9055542E+1,3.8423335E+3,0.0000000E+0
13359940,1/10/2021,4:21:54 PM,-7.6105927E+1,-4.9001785E+1,3.8423335E+3,0.0000000E+0
13359941,1/10/2021,4:21:54 PM,-7.1690125E+1,-5.0695210E+1,3.8441196E+3,0.0000000E+0
13359942,1/10/2021,4:21:54 PM,-6.6024086E+1,-5.2254234E+1,3.8423335E+3,0.0000000E+0
13359943,1/10/2021,4:21:54 PM,-5.7032887E+1,-5.4270214E+1,3.8441196E+3,0.0000000E+0
13359944,1/10/2021,4:21:54 PM,-5.1712658E+1,-5.5426044E+1,3.8432266E+3,0.0000000E+0
13359945,1/10/2021,4:21:54 PM,-4.2109638E+1,-5.7576420E+1,3.8423335E+3,0.0000000E+0
13359946,1/10/2021,4:21:55 PM,-3.0192316E+1,-5.7253868E+1,3.8503701E+3,0.0000000E+0
13359947,1/10/2021,4:21:55 PM,-2.0004074E+1,-5.7334503E+1,3.8459053E+3,0.0000000E+0
13359948,1/10/2021,4:21:55 PM,-1.2196834E+1,-5.7361385E+1,3.8494771E+3,0.0000000E+0
13359949,1/10/2021,4:21:55 PM,-3.9275685E-1,-5.7576420E+1,3.8459053E+3,0.0000000E+0
13359950,1/10/2021,4:21:55 PM,8.5022593E+0,-5.4082058E+1,3.8548347E+3,0.0000000E+0
13359951,1/10/2021,4:21:55 PM,1.9414938E+1,-5.1851040E+1,3.8521558E+3,0.0000000E+0
13359952,1/10/2021,4:21:55 PM,2.7212988E+1,-5.0990883E+1,3.8494771E+3,0.0000000E+0
13359953,1/10/2021,4:21:55 PM,3.5805161E+1,-4.9216820E+1,3.8512629E+3,0.0000000E+0
13359954,1/10/2021,4:21:55 PM,4.3173687E+1,-4.4163429E+1,3.8530491E+3,0.0000000E+0
13359955,1/10/2021,4:21:55 PM,4.9877178E+1,-3.9486351E+1,3.8539419E+3,0.0000000E+0
13359956,1/10/2021,4:21:56 PM,5.4532379E+1,-3.3142731E+1,3.8566208E+3,0.0000000E+0
13359957,1/10/2021,4:21:56 PM,6.0464439E+1,-2.6987268E+1,3.8584065E+3,0.0000000E+0
13359958,1/10/2021,4:21:56 PM,6.5864479E+1,-2.1665077E+1,3.8575137E+3,0.0000000E+0
13359959,1/10/2021,4:21:56 PM,6.8790604E+1,-1.5236197E+1,3.8610852E+3,0.0000000E+0
13359960,1/10/2021,4:21:56 PM,6.7912766E+1,-6.7565756E+0,3.8584065E+3,0.0000000E+0
13359961,1/10/2021,4:21:56 PM,6.4507812E+1,4.2602482E+0,3.8646572E+3,0.0000000E+0
13359962,1/10/2021,4:21:56 PM,5.7192493E+1,1.5355853E+1,3.8655500E+3,0.0000000E+0
13359963,1/10/2021,4:21:56 PM,4.9478157E+1,2.4299294E+1,3.8619785E+3,0.0000000E+0
13359964,1/10/2021,4:21:56 PM,4.1444611E+1,3.5454388E+1,3.8673359E+3,0.0000000E+0
13359965,1/10/2021,4:21:56 PM,2.6175541E+1,4.8356670E+1,3.8637642E+3,0.0000000E+0
13359966,1/10/2021,4:21:57 PM,1.4804614E+1,6.0748230E+1,3.8673359E+3,0.0000000E+0
13359967,1/10/2021,4:21:57 PM,3.3372126E+0,7.4188110E+1,3.8726936E+3,0.0000000E+0
13359968,1/10/2021,4:21:57 PM,-1.3980966E+1,8.4966881E+1,3.8682290E+3,0.0000000E+0
13359969,1/10/2021,4:21:57 PM,-2.3834641E+1,9.0907310E+1,3.8709080E+3,0.0000000E+0
13359970,1/10/2021,4:21:57 PM,-3.5113533E+1,9.7734772E+1,3.8691218E+3,0.0000000E+0
13359971,1/10/2021,4:21:57 PM,-4.5753994E+1,9.9858269E+1,3.8691218E+3,0.0000000E+0
13359972,1/10/2021,4:21:57 PM,-4.8334309E+1,9.8326118E+1,3.8691218E+3,0.0000000E+0
13359973,1/10/2021,4:21:57 PM,-5.1553051E+1,9.4240402E+1,3.8709080E+3,0.0000000E+0
13359974,1/10/2021,4:21:57 PM,-5.3175716E+1,8.5128166E+1,3.8619785E+3,0.0000000E+0
13359975,1/10/2021,4:21:57 PM,-5.6208252E+1,7.6714806E+1,3.8682290E+3,0.0000000E+0
13359976,1/10/2021,4:21:58 PM,-5.8575752E+1,6.5936028E+1,3.8610852E+3,0.0000000E+0
13359977,1/10/2021,4:21:58 PM,-6.0092022E+1,5.3195026E+1,3.8610852E+3,0.0000000E+0
13359978,1/10/2021,4:21:58 PM,-5.8389549E+1,4.2362484E+1,3.8601924E+3,0.0000000E+0
13359979,1/10/2021,4:21:58 PM,-5.8655560E+1,3.0938593E+1,3.8548347E+3,0.0000000E+0
13359980,1/10/2021,4:21:58 PM,-5.9267387E+1,1.8831196E+1,3.8575137E+3,0.0000000E+0
13359981,1/10/2021,4:21:58 PM,-6.1528484E+1,5.8977113E+0,3.8476914E+3,0.0000000E+0
13359982,1/10/2021,4:21:58 PM,-5.8150139E+1,-6.8017788E+0,3.8494771E+3,0.0000000E+0
13359983,1/10/2021,4:21:58 PM,-5.7618114E+1,-1.6610912E+1,3.8467981E+3,0.0000000E+0
13359984,1/10/2021,4:21:58 PM,-5.5968842E+1,-2.3600420E+1,3.8485842E+3,0.0000000E+0
13359985,1/10/2021,4:21:58 PM,-5.3441730E+1,-3.2981453E+1,3.8441196E+3,0.0000000E+0
13359986,1/10/2021,4:21:59 PM,-4.9531361E+1,-4.3141998E+1,3.8405476E+3,0.0000000E+0
13359987,1/10/2021,4:21:59 PM,-4.6658436E+1,-4.8464188E+1,3.8459053E+3,0.0000000E+0
13359988,1/10/2021,4:21:59 PM,-3.7321426E+1,-5.6716270E+1,3.8441196E+3,0.0000000E+0
13359989,1/10/2021,4:21:59 PM,-2.8170630E+1,-6.5532829E+1,3.8441196E+3,0.0000000E+0
13359990,1/10/2021,4:21:59 PM,-1.8986010E+1,-7.2575325E+1,3.8467981E+3,0.0000000E+0
13359991,1/10/2021,4:21:59 PM,-5.8076401E+0,-8.1633797E+1,3.8459053E+3,0.0000000E+0
13359992,1/10/2021,4:21:59 PM,4.6535535E+0,-8.7009743E+1,3.8459053E+3,0.0000000E+0
13359993,1/10/2021,4:21:59 PM,1.3462567E+1,-9.2788895E+1,3.8459053E+3,0.0000000E+0
13359994,1/10/2021,4:21:59 PM,2.3808039E+1,-9.7681007E+1,3.8467981E+3,0.0000000E+0
13359995,1/10/2021,4:21:59 PM,2.8330236E+1,-1.0120226E+2,3.8459053E+3,0.0000000E+0
13359996,1/10/2021,4:22:00 PM,3.3810078E+1,-1.0453535E+2,3.8459053E+3,0.0000000E+0
13359997,1/10/2021,4:22:00 PM,3.4022884E+1,-1.0539550E+2,3.8414407E+3,0.0000000E+0
13359998,1/10/2021,4:22:00 PM,3.4182491E+1,-1.0343327E+2,3.8396548E+3,0.0000000E+0
13359999,1/10/2021,4:22:00 PM,3.2506618E+1,-9.7842285E+1,3.8441196E+3,0.0000000E+0
13360000,1/10/2021,4:22:00 PM,2.8888861E+1,-8.8568771E+1,3.8405476E+3,0.0000000E+0
13360001,1/10/2021,4:22:00 PM,2.8170630E+1,-7.8381348E+1,3.8503701E+3,0.0000000E+0
13360002,1/10/2021,4:22:00 PM,2.2132166E+1,-6.8597115E+1,3.8441196E+3,0.0000000E+0
13360003,1/10/2021,4:22:00 PM,1.8796543E+1,-6.2602936E+1,3.8423335E+3,0.0000000E+0
13360004,1/10/2021,4:22:00 PM,2.2132166E+1,-5.2684311E+1,3.8476914E+3,0.0000000E+0
13360005,1/10/2021,4:22:00 PM,2.5962734E+1,-4.0077705E+1,3.8566208E+3,0.0000000E+0
13360006,1/10/2021,4:22:01 PM,2.7691807E+1,-2.9594603E+1,3.8557275E+3,0.0000000E+0
13360007,1/10/2021,4:22:01 PM,2.6521357E+1,-1.6964563E+1,3.8575137E+3,0.0000000E+0
13360008,1/10/2021,4:22:01 PM,2.6228743E+1,-6.1290464E+0,3.8628713E+3,0.0000000E+0
13360009,1/10/2021,4:22:01 PM,2.4925287E+1,3.9767656E+0,3.8557275E+3,0.0000000E+0
13360010,1/10/2021,4:22:01 PM,2.1892756E+1,1.7100172E+1,3.8637642E+3,0.0000000E+0
13360011,1/10/2021,4:22:01 PM,1.7778168E+1,3.0481634E+1,3.8601924E+3,0.0000000E+0
13360012,1/10/2021,4:22:01 PM,9.5443182E+0,4.6717007E+1,3.8744795E+3,0.0000000E+0
13360013,1/10/2021,4:22:01 PM,-5.4896393E+0,6.1769665E+1,3.8655500E+3,0.0000000E+0
13360014,1/10/2021,4:22:01 PM,-1.3159949E+1,6.7763847E+1,3.8601924E+3,0.0000000E+0
13360015,1/10/2021,4:22:01 PM,-2.0615900E+1,8.0908051E+1,3.8726936E+3,0.0000000E+0
13360016,1/10/2021,4:22:02 PM,-2.9819902E+1,9.1498665E+1,3.8700146E+3,0.0000000E+0
13360017,1/10/2021,4:22:02 PM,-3.5778561E+1,9.8568039E+1,3.8744795E+3,0.0000000E+0
13360018,1/10/2021,4:22:02 PM,-4.4530342E+1,1.0337952E+2,3.8700146E+3,0.0000000E+0
13360019,1/10/2021,4:22:02 PM,-5.0595406E+1,1.0362144E+2,3.8709080E+3,0.0000000E+0
13360020,1/10/2021,4:22:02 PM,-5.0116589E+1,9.9616348E+1,3.8673359E+3,0.0000000E+0
13360021,1/10/2021,4:22:02 PM,-4.8334309E+1,9.4697357E+1,3.8691218E+3,0.0000000E+0
13360022,1/10/2021,4:22:02 PM,-5.1765862E+1,9.0289078E+1,3.8682290E+3,0.0000000E+0
13360023,1/10/2021,4:22:02 PM,-5.2643700E+1,8.0934921E+1,3.8637642E+3,0.0000000E+0
13360024,1/10/2021,4:22:02 PM,-5.5569824E+1,7.2682846E+1,3.8619785E+3,0.0000000E+0
13360025,1/10/2021,4:22:02 PM,-5.3707745E+1,6.1420223E+1,3.8628713E+3,0.0000000E+0
13360026,1/10/2021,4:22:03 PM,-5.0329399E+1,5.0265129E+1,3.8584065E+3,0.0000000E+0
13360027,1/10/2021,4:22:03 PM,-4.9611164E+1,4.0910976E+1,3.8619785E+3,0.0000000E+0
13360028,1/10/2021,4:22:03 PM,-4.5753994E+1,3.1207388E+1,3.8575137E+3,0.0000000E+0
13360029,1/10/2021,4:22:03 PM,-4.1790424E+1,2.0269726E+1,3.8566208E+3,0.0000000E+0
13360030,1/10/2021,4:22:03 PM,-3.8146065E+1,6.4853554E+0,3.8512629E+3,0.0000000E+0
13360031,1/10/2021,4:22:03 PM,-3.2373611E+1,-3.1527438E+0,3.8521558E+3,0.0000000E+0
13360032,1/10/2021,4:22:03 PM,-2.7904617E+1,-1.2861691E+1,3.8530491E+3,0.0000000E+0
13360033,1/10/2021,4:22:03 PM,-2.7585405E+1,-2.0966206E+1,3.8494771E+3,0.0000000E+0
13360034,1/10/2021,4:22:03 PM,-2.6468155E+1,-2.8573174E+1,3.8503701E+3,0.0000000E+0
13360035,1/10/2021,4:22:03 PM,-2.5005091E+1,-3.5776947E+1,3.8441196E+3,0.0000000E+0
13360036,1/10/2021,4:22:04 PM,-2.1014917E+1,-4.2873199E+1,3.8503701E+3,0.0000000E+0
13360037,1/10/2021,4:22:04 PM,-1.2402087E+1,-5.2953102E+1,3.8459053E+3,0.0000000E+0
13360038,1/10/2021,4:22:04 PM,-5.9444761E+0,-5.7818340E+1,3.8503701E+3,0.0000000E+0
13360039,1/10/2021,4:22:04 PM,-1.8877323E+0,-6.3382450E+1,3.8485842E+3,0.0000000E+0
13360040,1/10/2021,4:22:04 PM,4.8120532E+0,-7.1392616E+1,3.8441196E+3,0.0000000E+0
13360041,1/10/2021,4:22:04 PM,9.1364412E+0,-7.6177208E+1,3.8476914E+3,0.0000000E+0
13360042,1/10/2021,4:22:04 PM,1.4123064E+1,-7.9832855E+1,3.8476914E+3,0.0000000E+0
13360043,1/10/2021,4:22:04 PM,1.7772903E+1,-8.3434738E+1,3.8476914E+3,0.0000000E+0
13360044,1/10/2021,4:22:04 PM,1.9475460E+1,-8.6552795E+1,3.8476914E+3,0.0000000E+0
13360045,1/10/2021,4:22:04 PM,2.0642500E+1,-9.1122353E+1,3.8423335E+3,0.0000000E+0
13360046,1/10/2021,4:22:05 PM,1.9449148E+1,-9.1740585E+1,3.8432266E+3,0.0000000E+0
13360047,1/10/2021,4:22:05 PM,2.0589298E+1,-9.1176109E+1,3.8459053E+3,0.0000000E+0
13360048,1/10/2021,4:22:05 PM,2.1919357E+1,-8.8918205E+1,3.8441196E+3,0.0000000E+0
13360049,1/10/2021,4:22:05 PM,1.9446514E+1,-8.5692642E+1,3.8459053E+3,0.0000000E+0
13360050,1/10/2021,4:22:05 PM,1.6857155E+1,-8.0881165E+1,3.8441196E+3,0.0000000E+0
13360051,1/10/2021,4:22:05 PM,1.1854743E+1,-7.4698822E+1,3.8459053E+3,0.0000000E+0
13360052,1/10/2021,4:22:05 PM,7.6865053E+0,-6.8812157E+1,3.8405476E+3,0.0000000E+0
13360053,1/10/2021,4:22:05 PM,3.5361300E+0,-6.0022476E+1,3.8441196E+3,0.0000000E+0
13360054,1/10/2021,4:22:05 PM,-5.3924888E-1,-4.7577156E+1,3.8566208E+3,0.0000000E+0
13360055,1/10/2021,4:22:05 PM,-7.9312310E+0,-3.7712288E+1,3.8467981E+3,0.0000000E+0
13360056,1/10/2021,4:22:06 PM,-1.4994079E+1,-2.7874302E+1,3.8494771E+3,0.0000000E+0
13360057,1/10/2021,4:22:06 PM,-1.9096531E+1,-1.6911383E+1,3.8521558E+3,0.0000000E+0
13360058,1/10/2021,4:22:06 PM,-2.1733149E+1,-4.8119979E+0,3.8557275E+3,0.0000000E+0
13360059,1/10/2021,4:22:06 PM,-2.5297703E+1,8.2270145E+0,3.8584065E+3,0.0000000E+0
13360060,1/10/2021,4:22:06 PM,-2.4419865E+1,1.7339485E+1,3.8566208E+3,0.0000000E+0
13360061,1/10/2021,4:22:06 PM,-2.6920374E+1,2.9433327E+1,3.8619785E+3,0.0000000E+0
13360062,1/10/2021,4:22:06 PM,-2.6946974E+1,3.8464920E+1,3.8601924E+3,0.0000000E+0
13360063,1/10/2021,4:22:06 PM,-2.5590317E+1,4.6367565E+1,3.8610852E+3,0.0000000E+0
13360064,1/10/2021,4:22:06 PM,-2.5244503E+1,5.5936760E+1,3.8664431E+3,0.0000000E+0
13360065,1/10/2021,4:22:06 PM,-2.6148939E+1,6.4269485E+1,3.8655500E+3,0.0000000E+0
13360066,1/10/2021,4:22:07 PM,-1.9483356E+1,6.5613472E+1,3.8646572E+3,0.0000000E+0
13360067,1/10/2021,4:22:07 PM,-2.0669102E+1,7.2064606E+1,3.8691218E+3,0.0000000E+0
13360068,1/10/2021,4:22:07 PM,-2.1147923E+1,7.5048256E+1,3.8673359E+3,0.0000000E+0
13360069,1/10/2021,4:22:07 PM,-1.7946583E+1,7.7037361E+1,3.8691218E+3,0.0000000E+0
13360070,1/10/2021,4:22:07 PM,-1.7288715E+1,7.8488869E+1,3.8700146E+3,0.0000000E+0
13360071,1/10/2021,4:22:07 PM,-1.5878251E+1,7.6365364E+1,3.8682290E+3,0.0000000E+0
13360072,1/10/2021,4:22:07 PM,-1.3175737E+1,7.2655960E+1,3.8682290E+3,0.0000000E+0
13360073,1/10/2021,4:22:07 PM,-1.1325819E+1,6.7468170E+1,3.8637642E+3,0.0000000E+0
13360074,1/10/2021,4:22:07 PM,-1.0607430E+1,6.3785645E+1,3.8682290E+3,0.0000000E+0
13360075,1/10/2021,4:22:07 PM,-7.6101928E+0,5.5963634E+1,3.8619785E+3,0.0000000E+0
13360076,1/10/2021,4:22:08 PM,-1.6856451E+0,4.7389000E+1,3.8610852E+3,0.0000000E+0
13360077,1/10/2021,4:22:08 PM,2.5407515E+0,3.9997066E+1,3.8628713E+3,0.0000000E+0
13360078,1/10/2021,4:22:08 PM,9.1443357E+0,3.1368668E+1,3.8601924E+3,0.0000000E+0
13360079,1/10/2021,4:22:08 PM,1.2028420E+1,2.5750799E+1,3.8619785E+3,0.0000000E+0
13360080,1/10/2021,4:22:08 PM,1.3588878E+1,2.0563009E+1,3.8619785E+3,0.0000000E+0
13360081,1/10/2021,4:22:08 PM,1.5854568E+1,1.2885621E+1,3.8584065E+3,0.0000000E+0
13360082,1/10/2021,4:22:08 PM,1.5078286E+1,7.3761282E+0,3.8601924E+3,0.0000000E+0
13360083,1/10/2021,4:22:08 PM,1.4430946E+1,1.1171138E+0,3.8584065E+3,0.0000000E+0
13360084,1/10/2021,4:22:08 PM,1.0294285E+1,-3.9207096E+0,3.8619785E+3,0.0000000E+0
13360085,1/10/2021,4:22:08 PM,5.8129029E+0,-1.0965808E+1,3.8566208E+3,0.0000000E+0
13360086,1/10/2021,4:22:09 PM,4.8683205E+0,-2.0439905E+1,3.8566208E+3,0.0000000E+0
13360087,1/10/2021,4:22:09 PM,2.7943509E+0,-3.0347235E+1,3.8521558E+3,0.0000000E+0
13360088,1/10/2021,4:22:09 PM,1.9107146E+0,-4.1905529E+1,3.8503701E+3,0.0000000E+0
13360089,1/10/2021,4:22:09 PM,-5.8253658E-1,-5.0910248E+1,3.8503701E+3,0.0000000E+0
13360090,1/10/2021,4:22:09 PM,-5.8418493E+0,-5.8839771E+1,3.8459053E+3,0.0000000E+0
13360091,1/10/2021,4:22:09 PM,-7.7496605E+0,-6.7495049E+1,3.8476914E+3,0.0000000E+0
13360092,1/10/2021,4:22:09 PM,-1.3454674E+1,-7.3677391E+1,3.8405476E+3,0.0000000E+0
13360093,1/10/2021,4:22:09 PM,-1.6472963E+1,-8.1230598E+1,3.8387620E+3,0.0000000E+0
13360094,1/10/2021,4:22:09 PM,-2.1520340E+1,-8.3649780E+1,3.8387620E+3,0.0000000E+0
13360095,1/10/2021,4:22:09 PM,-2.7718409E+1,-8.4214256E+1,3.8405476E+3,0.0000000E+0
13360096,1/10/2021,4:22:10 PM,-3.0245520E+1,-8.5477608E+1,3.8369758E+3,0.0000000E+0
13360097,1/10/2021,4:22:10 PM,-3.5219936E+1,-8.2816505E+1,3.8387620E+3,0.0000000E+0
13360098,1/10/2021,4:22:10 PM,-3.5858364E+1,-7.9590935E+1,3.8432266E+3,0.0000000E+0
13360099,1/10/2021,4:22:10 PM,-3.5485947E+1,-7.5021378E+1,3.8405476E+3,0.0000000E+0
13360100,1/10/2021,4:22:10 PM,-3.6177582E+1,-6.7629448E+1,3.8450125E+3,0.0000000E+0
13360101,1/10/2021,4:22:10 PM,-3.5406147E+1,-6.0210640E+1,3.8476914E+3,0.0000000E+0
13360102,1/10/2021,4:22:10 PM,-3.8491882E+1,-5.2549908E+1,3.8459053E+3,0.0000000E+0
13360103,1/10/2021,4:22:10 PM,-3.9795338E+1,-4.5910614E+1,3.8459053E+3,0.0000000E+0
13360104,1/10/2021,4:22:10 PM,-4.0034748E+1,-3.7443489E+1,3.8512629E+3,0.0000000E+0
13360105,1/10/2021,4:22:10 PM,-4.2854469E+1,-3.1019232E+1,3.8459053E+3,0.0000000E+0
13360106,1/10/2021,4:22:11 PM,-4.5700794E+1,-2.2068274E+1,3.8476914E+3,0.0000000E+0
13360107,1/10/2021,4:22:11 PM,-4.8946136E+1,-1.1165235E+1,3.8512629E+3,0.0000000E+0
13360108,1/10/2021,4:22:11 PM,-4.9398357E+1,-9.7483891E-1,3.8530491E+3,0.0000000E+0
13360109,1/10/2021,4:22:11 PM,-4.8440716E+1,8.5913010E+0,3.8539419E+3,0.0000000E+0
13360110,1/10/2021,4:22:11 PM,-4.8759926E+1,1.7584116E+1,3.8512629E+3,0.0000000E+0
13360111,1/10/2021,4:22:11 PM,-4.6525429E+1,2.8169977E+1,3.8566208E+3,0.0000000E+0
13360112,1/10/2021,4:22:11 PM,-4.4822956E+1,4.0427143E+1,3.8584065E+3,0.0000000E+0
13360113,1/10/2021,4:22:11 PM,-3.9848537E+1,5.1958553E+1,3.8673359E+3,0.0000000E+0
13360114,1/10/2021,4:22:11 PM,-3.4395302E+1,5.9484886E+1,3.8655500E+3,0.0000000E+0
13360115,1/10/2021,4:22:11 PM,-2.9952908E+1,6.3731884E+1,3.8682290E+3,0.0000000E+0
13360116,1/10/2021,4:22:12 PM,-2.1600142E+1,6.5022110E+1,3.8655500E+3,0.0000000E+0
13360117,1/10/2021,4:22:12 PM,-1.2431034E+1,6.4269485E+1,3.8726936E+3,0.0000000E+0
13360118,1/10/2021,4:22:12 PM,-2.3584766E+0,6.2092224E+1,3.8709080E+3,0.0000000E+0
13360119,1/10/2021,4:22:12 PM,7.7838688E+0,5.6716270E+1,3.8718008E+3,0.0000000E+0
13360120,1/10/2021,4:22:12 PM,1.7672909E+1,4.7630913E+1,3.8673359E+3,0.0000000E+0
13360121,1/10/2021,4:22:12 PM,2.5031693E+1,3.7873566E+1,3.8637642E+3,0.0000000E+0
13360122,1/10/2021,4:22:12 PM,3.0804142E+1,2.9487085E+1,3.8637642E+3,0.0000000E+0
13360123,1/10/2021,4:22:12 PM,3.7135220E+1,2.1073723E+1,3.8619785E+3,0.0000000E+0
13360124,1/10/2021,4:22:12 PM,4.1710617E+1,1.2845737E+1,3.8610852E+3,0.0000000E+0
13360125,1/10/2021,4:22:12 PM,4.0593372E+1,5.5892649E+0,3.8548347E+3,0.0000000E+0
13360126,1/10/2021,4:22:13 PM,4.0327358E+1,1.3045008E+0,3.8584065E+3,0.0000000E+0
13360127,1/10/2021,4:22:13 PM,3.8146065E+1,-1.9115059E+0,3.8566208E+3,0.0000000E+0
13360128,1/10/2021,4:22:13 PM,3.9635731E+1,-5.0282140E+0,3.8601924E+3,0.0000000E+0
13360129,1/10/2021,4:22:13 PM,3.9476120E+1,-8.0621557E+0,3.8566208E+3,0.0000000E+0
13360130,1/10/2021,4:22:13 PM,3.7853451E+1,-1.2566540E+1,3.8557275E+3,0.0000000E+0
13360131,1/10/2021,4:22:13 PM,3.9156910E+1,-1.5374468E+1,3.8566208E+3,0.0000000E+0
13360132,1/10/2021,4:22:13 PM,3.8465279E+1,-1.6427441E+1,3.8584065E+3,0.0000000E+0
13360133,1/10/2021,4:22:13 PM,3.8305672E+1,-1.6765137E+1,3.8610852E+3,0.0000000E+0
13360134,1/10/2021,4:22:13 PM,3.7986458E+1,-1.8235575E+1,3.8584065E+3,0.0000000E+0
13360135,1/10/2021,4:22:13 PM,3.4342098E+1,-2.0099550E+1,3.8601924E+3,0.0000000E+0
13360136,1/10/2021,4:22:14 PM,3.3570663E+1,-2.3519779E+1,3.8548347E+3,0.0000000E+0
13360137,1/10/2021,4:22:14 PM,2.9128273E+1,-2.5562639E+1,3.8539419E+3,0.0000000E+0
13360138,1/10/2021,4:22:14 PM,2.2983402E+1,-2.5965837E+1,3.8548347E+3,0.0000000E+0
13360139,1/10/2021,4:22:14 PM,1.5946670E+1,-2.5105686E+1,3.8575137E+3,0.0000000E+0
13360140,1/10/2021,4:22:14 PM,6.6102362E+0,-2.6234636E+1,3.8530491E+3,0.0000000E+0
13360141,1/10/2021,4:22:14 PM,-4.2446237E+0,-2.6127117E+1,3.8503701E+3,0.0000000E+0
13360142,1/10/2021,4:22:14 PM,-1.7575546E+1,-2.4218653E+1,3.8476914E+3,0.0000000E+0
13360143,1/10/2021,4:22:14 PM,-2.8702652E+1,-2.0804926E+1,3.8512629E+3,0.0000000E+0
13360144,1/10/2021,4:22:14 PM,-4.3359890E+1,-1.5363831E+1,3.8530491E+3,0.0000000E+0
13360145,1/10/2021,4:22:14 PM,-5.6155048E+1,-1.1167893E+1,3.8539419E+3,0.0000000E+0
13360146,1/10/2021,4:22:15 PM,-6.6795517E+1,-1.1689062E+1,3.8494771E+3,0.0000000E+0
13360147,1/10/2021,4:22:15 PM,-7.8313820E+1,-1.2617061E+1,3.8450125E+3,0.0000000E+0
13360148,1/10/2021,4:22:15 PM,-8.4857697E+1,-1.2284683E+1,3.8512629E+3,0.0000000E+0
13360149,1/10/2021,4:22:15 PM,-8.9672516E+1,-1.2577175E+1,3.8476914E+3,0.0000000E+0
13360150,1/10/2021,4:22:15 PM,-9.5072548E+1,-1.2718103E+1,3.8494771E+3,0.0000000E+0
13360151,1/10/2021,4:22:15 PM,-9.5551369E+1,-1.6111017E+1,3.8476914E+3,0.0000000E+0
13360152,1/10/2021,4:22:15 PM,-9.7839066E+1,-1.9961281E+1,3.8405476E+3,0.0000000E+0
13360153,1/10/2021,4:22:15 PM,-9.6695213E+1,-2.1315641E+1,3.8432266E+3,0.0000000E+0
13360154,1/10/2021,4:22:15 PM,-9.4966141E+1,-2.0192616E+1,3.8459053E+3,0.0000000E+0
13360155,1/10/2021,4:22:15 PM,-9.0550354E+1,-1.9062531E+1,3.8467981E+3,0.0000000E+0
13360156,1/10/2021,4:22:16 PM,-8.6240967E+1,-1.9908100E+1,3.8441196E+3,0.0000000E+0
13360157,1/10/2021,4:22:16 PM,-8.1745369E+1,-1.9846943E+1,3.8459053E+3,0.0000000E+0
13360158,1/10/2021,4:22:16 PM,-7.6292130E+1,-1.8440321E+1,3.8467981E+3,0.0000000E+0
13360159,1/10/2021,4:22:16 PM,-7.3259598E+1,-1.6249285E+1,3.8441196E+3,0.0000000E+0
13360160,1/10/2021,4:22:16 PM,-6.5970879E+1,-1.2827123E+1,3.8494771E+3,0.0000000E+0
13360161,1/10/2021,4:22:16 PM,-5.2324482E+1,-9.6575689E+0,3.8530491E+3,0.0000000E+0
13360162,1/10/2021,4:22:16 PM,-4.2136238E+1,-7.8653879E+0,3.8503701E+3,0.0000000E+0
13360163,1/10/2021,4:22:16 PM,-2.6734167E+1,-7.2245641E+0,3.8512629E+3,0.0000000E+0
13360164,1/10/2021,4:22:16 PM,-1.3004693E+1,-4.2170053E+0,3.8539419E+3,0.0000000E+0
13360165,1/10/2021,4:22:16 PM,3.6613445E+0,-1.1511368E+0,3.8584065E+3,0.0000000E+0
13360166,1/10/2021,4:22:17 PM,2.2930201E+1,6.4304698E-1,3.8584065E+3,0.0000000E+0
13360167,1/10/2021,4:22:17 PM,3.7667244E+1,3.0590503E+0,3.8619785E+3,0.0000000E+0
13360168,1/10/2021,4:22:17 PM,5.3335327E+1,5.1667523E+0,3.8619785E+3,0.0000000E+0
13360169,1/10/2021,4:22:17 PM,6.6103882E+1,6.6475558E+0,3.8619785E+3,0.0000000E+0
13360170,1/10/2021,4:22:17 PM,7.7116768E+1,1.0109603E+1,3.8700146E+3,0.0000000E+0
13360171,1/10/2021,4:22:17 PM,9.0231140E+1,1.1444432E+1,3.8700146E+3,0.0000000E+0
13360172,1/10/2021,4:22:17 PM,1.0036618E+2,9.8171101E+0,3.8691218E+3,0.0000000E+0
13360173,1/10/2021,4:22:17 PM,1.0406374E+2,1.0582909E+1,3.8718008E+3,0.0000000E+0
13360174,1/10/2021,4:22:17 PM,1.0544700E+2,9.0061083E+0,3.8664431E+3,0.0000000E+0
13360175,1/10/2021,4:22:17 PM,1.0406374E+2,7.3521967E+0,3.8691218E+3,0.0000000E+0
13360176,1/10/2021,4:22:18 PM,9.9887360E+1,5.7514653E+0,3.8682290E+3,0.0000000E+0
13360177,1/10/2021,4:22:18 PM,9.2173019E+1,3.9110999E+0,3.8655500E+3,0.0000000E+0
13360178,1/10/2021,4:22:18 PM,8.2436996E+1,2.9485402E+0,3.8673359E+3,0.0000000E+0
13360179,1/10/2021,4:22:18 PM,6.8125572E+1,2.1301241E+0,3.8575137E+3,0.0000000E+0
13360180,1/10/2021,4:22:18 PM,5.4638786E+1,3.5082982E+0,3.8619785E+3,0.0000000E+0
13360181,1/10/2021,4:22:18 PM,4.0513569E+1,5.1435289E+0,3.8575137E+3,0.0000000E+0
13360182,1/10/2021,4:22:18 PM,2.4925287E+1,7.2830625E+0,3.8584065E+3,0.0000000E+0
13360183,1/10/2021,4:22:18 PM,9.2759094E+0,9.4448471E+0,3.8584065E+3,0.0000000E+0
13360184,1/10/2021,4:22:18 PM,-7.9259682E+0,1.0136193E+1,3.8530491E+3,0.0000000E+0
13360185,1/10/2021,4:22:18 PM,-2.3409021E+1,1.2686196E+1,3.8566208E+3,0.0000000E+0
13360186,1/10/2021,4:22:19 PM,-3.9901741E+1,1.5722799E+1,3.8566208E+3,0.0000000E+0
13360187,1/10/2021,4:22:19 PM,-5.7165897E+1,1.7873949E+1,3.8539419E+3,0.0000000E+0
13360188,1/10/2021,4:22:19 PM,-7.5307884E+1,2.0410656E+1,3.8548347E+3,0.0000000E+0
13360189,1/10/2021,4:22:19 PM,-8.9300095E+1,1.9644857E+1,3.8530491E+3,0.0000000E+0
13360190,1/10/2021,4:22:19 PM,-9.8105080E+1,1.7424572E+1,3.8512629E+3,0.0000000E+0
13360191,1/10/2021,4:22:19 PM,-1.0714948E+2,1.5153768E+1,3.8521558E+3,0.0000000E+0
13360192,1/10/2021,4:22:19 PM,-1.1403918E+2,1.1845944E+1,3.8476914E+3,0.0000000E+0
13360193,1/10/2021,4:22:19 PM,-1.1773674E+2,8.2349920E+0,3.8530491E+3,0.0000000E+0
13360194,1/10/2021,4:22:19 PM,-1.1848157E+2,-1.6802969E+0,3.8396548E+3,0.0000000E+0
13360195,1/10/2021,4:22:19 PM,-1.1132585E+2,-9.4421883E+0,3.8459053E+3,0.0000000E+0
13360196,1/10/2021,4:22:20 PM,-1.0741549E+2,-1.4050274E+1,3.8414407E+3,0.0000000E+0
13360197,1/10/2021,4:22:20 PM,-1.0215189E+2,-1.7616089E+1,3.8459053E+3,0.0000000E+0
13360198,1/10/2021,4:22:20 PM,-9.3346611E+1,-1.8738201E+1,3.8459053E+3,0.0000000E+0
13360199,1/10/2021,4:22:20 PM,-8.3078217E+1,-2.1692688E+1,3.8423335E+3,0.0000000E+0
13360200,1/10/2021,4:22:20 PM,-7.2597008E+1,-2.3843138E+1,3.8503701E+3,0.0000000E+0
13360201,1/10/2021,4:22:20 PM,-6.2302013E+1,-2.7364504E+1,3.8405476E+3,0.0000000E+0
13360202,1/10/2021,4:22:20 PM,-4.9213802E+1,-2.6961294E+1,3.8539419E+3,0.0000000E+0
13360203,1/10/2021,4:22:20 PM,-3.3891018E+1,-2.8654776E+1,3.8548347E+3,0.0000000E+0
13360204,1/10/2021,4:22:20 PM,-2.0031347E+1,-3.5240536E+1,3.8512629E+3,0.0000000E+0
13360205,1/10/2021,4:22:20 PM,1.0167360E+0,-4.4299316E+1,3.8530491E+3,0.0000000E+0
13360206,1/10/2021,4:22:21 PM,1.9288702E+1,-5.3008648E+1,3.8494771E+3,0.0000000E+0
13360207,1/10/2021,4:22:21 PM,3.6098988E+1,-5.8492302E+1,3.8539419E+3,0.0000000E+0
13360208,1/10/2021,4:22:21 PM,4.8974384E+1,-6.1422291E+1,3.8566208E+3,0.0000000E+0
13360209,1/10/2021,4:22:21 PM,5.5837711E+1,-6.4486687E+1,3.8530491E+3,0.0000000E+0
13360210,1/10/2021,4:22:21 PM,6.2860653E+1,-6.6905945E+1,3.8530491E+3,0.0000000E+0
13360211,1/10/2021,4:22:21 PM,6.5653870E+1,-6.7927406E+1,3.8476914E+3,0.0000000E+0
13360212,1/10/2021,4:22:21 PM,6.6664749E+1,-6.4621086E+1,3.8530491E+3,0.0000000E+0
13360213,1/10/2021,4:22:21 PM,6.4722801E+1,-5.8761105E+1,3.8530491E+3,0.0000000E+0
13360214,1/10/2021,4:22:21 PM,5.8311703E+1,-5.2336632E+1,3.8530491E+3,0.0000000E+0
13360215,1/10/2021,4:22:21 PM,5.2060219E+1,-4.6207844E+1,3.8503701E+3,0.0000000E+0
13360216,1/10/2021,4:22:22 PM,4.6314175E+1,-4.0912354E+1,3.8485842E+3,0.0000000E+0
13360217,1/10/2021,4:22:22 PM,4.3308144E+1,-3.3063202E+1,3.8485842E+3,0.0000000E+0
13360218,1/10/2021,4:22:22 PM,3.9424248E+1,-2.0724983E+1,3.8566208E+3,0.0000000E+0
13360219,1/10/2021,4:22:22 PM,3.4210243E+1,-8.8997812E+0,3.8584065E+3,0.0000000E+0
13360220,1/10/2021,4:22:22 PM,3.0778576E+1,2.0885167E+0,3.8601924E+3,0.0000000E+0
13360221,1/10/2021,4:22:22 PM,2.7240505E+1,1.0699946E+1,3.8557275E+3,0.0000000E+0
13360222,1/10/2021,4:22:22 PM,2.2824564E+1,2.2767914E+1,3.8584065E+3,0.0000000E+0
13360223,1/10/2021,4:22:22 PM,2.1813686E+1,3.7068420E+1,3.8691218E+3,0.0000000E+0
13360224,1/10/2021,4:22:22 PM,1.2415292E+1,5.3573139E+1,3.8691218E+3,0.0000000E+0
13360225,1/10/2021,4:22:22 PM,-1.9490079E+0,6.6986588E+1,3.8709080E+3,0.0000000E+0
13360226,1/10/2021,4:22:23 PM,-1.4215220E+1,7.7631325E+1,3.8700146E+3,0.0000000E+0
13360227,1/10/2021,4:22:23 PM,-2.7479921E+1,8.8679276E+1,3.8762654E+3,0.0000000E+0
13360228,1/10/2021,4:22:23 PM,-4.0940563E+1,9.4243568E+1,3.8682290E+3,0.0000000E+0
13360229,1/10/2021,4:22:23 PM,-5.2831684E+1,9.8302544E+1,3.8762654E+3,0.0000000E+0
13360230,1/10/2021,4:22:23 PM,-6.6451935E+1,1.0090997E+2,3.8726936E+3,0.0000000E+0
13360231,1/10/2021,4:22:23 PM,-7.6853333E+1,9.3571556E+1,3.8655500E+3,0.0000000E+0
13360232,1/10/2021,4:22:23 PM,-8.1003258E+1,8.2738647E+1,3.8584065E+3,0.0000000E+0
13360233,1/10/2021,4:22:23 PM,-8.4887154E+1,7.3652992E+1,3.8619785E+3,0.0000000E+0
13360234,1/10/2021,4:22:23 PM,-8.3583656E+1,6.1637337E+1,3.8610852E+3,0.0000000E+0
13360235,1/10/2021,4:22:23 PM,-8.2147148E+1,4.8627102E+1,3.8539419E+3,0.0000000E+0
13360236,1/10/2021,4:22:24 PM,-7.8768684E+1,3.3520172E+1,3.8557275E+3,0.0000000E+0
13360237,1/10/2021,4:22:24 PM,-6.9617577E+1,1.7249144E+1,3.8476914E+3,0.0000000E+0
13360238,1/10/2021,4:22:24 PM,-6.2568031E+1,3.1327753E+0,3.8485842E+3,0.0000000E+0
13360239,1/10/2021,4:22:24 PM,-5.4135185E+1,-9.2135468E+0,3.8476914E+3,0.0000000E+0
13360240,1/10/2021,4:22:24 PM,-4.6926025E+1,-1.9480072E+1,3.8450125E+3,0.0000000E+0
13360241,1/10/2021,4:22:24 PM,-4.3201736E+1,-2.3466810E+1,3.8485842E+3,0.0000000E+0
13360242,1/10/2021,4:22:24 PM,-3.7828125E+1,-2.6584967E+1,3.8521558E+3,0.0000000E+0
13360243,1/10/2021,4:22:24 PM,-3.2906742E+1,-3.4380356E+1,3.8423335E+3,0.0000000E+0
13360244,1/10/2021,4:22:24 PM,-3.0751976E+1,-3.6073833E+1,3.8539419E+3,0.0000000E+0
13360245,1/10/2021,4:22:24 PM,-2.5937004E+1,-3.9971531E+1,3.8485842E+3,0.0000000E+0
13360246,1/10/2021,4:22:25 PM,-2.2718155E+1,-4.4756287E+1,3.8494771E+3,0.0000000E+0
13360247,1/10/2021,4:22:25 PM,-1.7904545E+1,-4.8922787E+1,3.8548347E+3,0.0000000E+0
13360248,1/10/2021,4:22:25 PM,-1.0236432E+1,-5.6798817E+1,3.8459053E+3,0.0000000E+0
13360249,1/10/2021,4:22:25 PM,-5.4033456E+0,-6.4137238E+1,3.8503701E+3,0.0000000E+0
13360250,1/10/2021,4:22:25 PM,2.4583716E+0,-7.2174553E+1,3.8450125E+3,0.0000000E+0
13360251,1/10/2021,4:22:25 PM,1.0694308E+1,-7.8787193E+1,3.8494771E+3,0.0000000E+0
13360252,1/10/2021,4:22:25 PM,1.8217691E+1,-8.5803047E+1,3.8441196E+3,0.0000000E+0
13360253,1/10/2021,4:22:25 PM,2.4872921E+1,-9.3222107E+1,3.8423335E+3,0.0000000E+0
13360254,1/10/2021,4:22:25 PM,2.7080891E+1,-9.6313377E+1,3.8396548E+3,0.0000000E+0
13360255,1/10/2021,4:22:25 PM,2.7852352E+1,-9.4700539E+1,3.8378687E+3,0.0000000E+0
13360256,1/10/2021,4:22:26 PM,2.7799149E+1,-8.9297523E+1,3.8432266E+3,0.0000000E+0
13360257,1/10/2021,4:22:26 PM,2.8597210E+1,-7.9163521E+1,3.8476914E+3,0.0000000E+0
13360258,1/10/2021,4:22:26 PM,2.8198179E+1,-6.9567131E+1,3.8476914E+3,0.0000000E+0
13360259,1/10/2021,4:22:26 PM,2.2797960E+1,-6.0400826E+1,3.8450125E+3,0.0000000E+0
13360260,1/10/2021,4:22:26 PM,2.2292522E+1,-5.2766720E+1,3.8459053E+3,0.0000000E+0
13360261,1/10/2021,4:22:26 PM,3.5806366E+1,-4.3788586E+1,3.8566208E+3,0.0000000E+0
13360262,1/10/2021,4:22:26 PM,4.8415737E+1,-3.1611647E+1,3.8718008E+3,0.0000000E+0
13360263,1/10/2021,4:22:26 PM,5.4800236E+1,-2.8197805E+1,3.8566208E+3,0.0000000E+0
13360264,1/10/2021,4:22:26 PM,5.5119457E+1,-2.3413050E+1,3.8575137E+3,0.0000000E+0
13360265,1/10/2021,4:22:26 PM,5.6210140E+1,-1.7459208E+1,3.8610852E+3,0.0000000E+0
13360266,1/10/2021,4:22:27 PM,6.5095222E+1,-1.6142986E+1,3.8566208E+3,0.0000000E+0
13360267,1/10/2021,4:22:27 PM,6.9750587E+1,-9.4342470E+0,3.8691218E+3,0.0000000E+0
13360268,1/10/2021,4:22:27 PM,7.1240303E+1,-6.0120721E+0,3.8584065E+3,0.0000000E+0
13360269,1/10/2021,4:22:27 PM,6.3499107E+1,9.8524320E-1,3.8575137E+3,0.0000000E+0
13360270,1/10/2021,4:22:27 PM,4.7564476E+1,1.2005531E+1,3.8548347E+3,0.0000000E+0
13360271,1/10/2021,4:22:27 PM,3.7163071E+1,2.7310743E+1,3.8601924E+3,0.0000000E+0
13360272,1/10/2021,4:22:27 PM,2.9847506E+1,4.4971333E+1,3.8744795E+3,0.0000000E+0
13360273,1/10/2021,4:22:27 PM,1.4928349E+1,6.1207249E+1,3.8655500E+3,0.0000000E+0
13360274,1/10/2021,4:22:27 PM,-4.6845379E+0,7.4943260E+1,3.8655500E+3,0.0000000E+0
13360275,1/10/2021,4:22:27 PM,-2.4394085E+1,8.9996429E+1,3.8691218E+3,0.0000000E+0
13360276,1/10/2021,4:22:28 PM,-4.0169102E+1,1.0104437E+2,3.8709080E+3,0.0000000E+0
13360277,1/10/2021,4:22:28 PM,-4.4771259E+1,1.0797958E+2,3.8762654E+3,0.0000000E+0
13360278,1/10/2021,4:22:28 PM,-4.9320210E+1,1.1080205E+2,3.8753723E+3,0.0000000E+0
13360279,1/10/2021,4:22:28 PM,-6.1025116E+1,1.0924297E+2,3.8691218E+3,0.0000000E+0
13360280,1/10/2021,4:22:28 PM,-7.2756622E+1,1.0674306E+2,3.8726936E+3,0.0000000E+0
13360281,1/10/2021,4:22:28 PM,-8.2413162E+1,1.0021107E+2,3.8682290E+3,0.0000000E+0
13360282,1/10/2021,4:22:28 PM,-8.8505035E+1,8.9055603E+1,3.8619785E+3,0.0000000E+0
13360283,1/10/2021,4:22:28 PM,-9.3559433E+1,8.0668839E+1,3.8682290E+3,0.0000000E+0
13360284,1/10/2021,4:22:28 PM,-1.0390763E+2,6.8196213E+1,3.8592996E+3,0.0000000E+0
13360285,1/10/2021,4:22:28 PM,-1.1196806E+2,5.2417274E+1,3.8566208E+3,0.0000000E+0
13360286,1/10/2021,4:22:29 PM,-1.1755448E+2,4.1208038E+1,3.8566208E+3,0.0000000E+0
13360287,1/10/2021,4:22:29 PM,-1.2008167E+2,2.2552868E+1,3.8441196E+3,0.0000000E+0
13360288,1/10/2021,4:22:29 PM,-1.1925700E+2,7.8494639E+0,3.8476914E+3,0.0000000E+0
13360289,1/10/2021,4:22:29 PM,-1.2385917E+2,-3.9928470E+0,3.8432266E+3,0.0000000E+0
13360290,1/10/2021,4:22:29 PM,-1.3024365E+2,-1.5355912E+1,3.8360830E+3,0.0000000E+0
13360291,1/10/2021,4:22:29 PM,-1.2338033E+2,-2.9622480E+1,3.8369758E+3,0.0000000E+0
13360292,1/10/2021,4:22:29 PM,-1.1183504E+2,-3.8143646E+1,3.8334043E+3,0.0000000E+0
13360293,1/10/2021,4:22:29 PM,-1.0191247E+2,-5.2040943E+1,3.8387620E+3,0.0000000E+0
13360294,1/10/2021,4:22:29 PM,-8.9116882E+1,-5.3492496E+1,3.8387620E+3,0.0000000E+0
13360295,1/10/2021,4:22:29 PM,-7.3075844E+1,-6.2712563E+1,3.8334043E+3,0.0000000E+0
13360296,1/10/2021,4:22:30 PM,-4.8495544E+1,-7.6260406E+1,3.8405476E+3,0.0000000E+0
13360297,1/10/2021,4:22:30 PM,-2.4394085E+1,-8.0158104E+1,3.8441196E+3,0.0000000E+0
13360298,1/10/2021,4:22:30 PM,-6.4392157E+0,-8.4700935E+1,3.8387620E+3,0.0000000E+0
13360299,1/10/2021,4:22:30 PM,6.0102854E+0,-8.0641953E+1,3.8512629E+3,0.0000000E+0
13360300,1/10/2021,4:22:30 PM,1.6309874E+1,-7.6314178E+1,3.8610852E+3,0.0000000E+0
13360301,1/10/2021,4:22:30 PM,2.9102650E+1,-8.2308563E+1,3.8378687E+3,0.0000000E+0
13360302,1/10/2021,4:22:30 PM,4.9027588E+1,-8.7523399E+1,3.8637642E+3,0.0000000E+0
13360303,1/10/2021,4:22:30 PM,6.8021454E+1,-8.9996429E+1,3.8476914E+3,0.0000000E+0
13360304,1/10/2021,4:22:30 PM,8.0657433E+1,-9.4593018E+1,3.8566208E+3,0.0000000E+0
13360305,1/10/2021,4:22:30 PM,8.6962120E+1,-9.4619904E+1,3.8530491E+3,0.0000000E+0
13360306,1/10/2021,4:22:31 PM,8.4168900E+1,-9.5238152E+1,3.8396548E+3,0.0000000E+0
13360307,1/10/2021,4:22:31 PM,9.3213600E+1,-9.7173561E+1,3.8548347E+3,0.0000000E+0
13360308,1/10/2021,4:22:31 PM,1.0225829E+2,-9.6044571E+1,3.8414407E+3,0.0000000E+0
13360309,1/10/2021,4:22:31 PM,1.0898862E+2,-9.4243568E+1,3.8530491E+3,0.0000000E+0
13360310,1/10/2021,4:22:31 PM,1.0374802E+2,-8.2926811E+1,3.8432266E+3,0.0000000E+0
13360311,1/10/2021,4:22:31 PM,9.3745644E+1,-7.0911163E+1,3.8521558E+3,0.0000000E+0
13360312,1/10/2021,4:22:31 PM,8.4647743E+1,-5.5884880E+1,3.8503701E+3,0.0000000E+0
13360313,1/10/2021,4:22:31 PM,7.8369652E+1,-4.0751072E+1,3.8539419E+3,0.0000000E+0
13360314,1/10/2021,4:22:31 PM,6.9431366E+1,-2.2982958E+1,3.8566208E+3,0.0000000E+0
13360315,1/10/2021,4:22:31 PM,5.7566845E+1,-7.0999390E-1,3.8700146E+3,0.0000000E+0
13360316,1/10/2021,4:22:32 PM,4.4797859E+1,1.6765200E+1,3.8601924E+3,0.0000000E+0
13360317,1/10/2021,4:22:32 PM,3.7322685E+1,3.2579350E+1,3.8744795E+3,0.0000000E+0
13360318,1/10/2021,4:22:32 PM,2.5670982E+1,4.5885273E+1,3.8744795E+3,0.0000000E+0
13360319,1/10/2021,4:22:32 PM,2.8597210E+1,4.7068024E+1,3.8548347E+3,0.0000000E+0
13360320,1/10/2021,4:22:32 PM,2.4101461E+1,6.6422096E+1,3.8887666E+3,0.0000000E+0
13360321,1/10/2021,4:22:32 PM,1.5501531E+0,7.5507759E+1,3.8726936E+3,0.0000000E+0
13360322,1/10/2021,4:22:32 PM,7.5331372E-1,7.3007858E+1,3.8619785E+3,0.0000000E+0
13360323,1/10/2021,4:22:32 PM,4.1242318E+0,7.2604645E+1,3.8762654E+3,0.0000000E+0
13360324,1/10/2021,4:22:32 PM,4.3318701E+0,6.5293106E+1,3.8557275E+3,0.0000000E+0
13360325,1/10/2021,4:22:32 PM,-7.4996996E+0,7.1744461E+1,3.8691218E+3,0.0000000E+0
13360326,1/10/2021,4:22:33 PM,-3.6125591E+1,8.1448372E+1,3.8718008E+3,0.0000000E+0
13360327,1/10/2021,4:22:33 PM,-5.8045685E+1,8.8222305E+1,3.8682290E+3,0.0000000E+0
13360328,1/10/2021,4:22:33 PM,-7.0575256E+1,8.4808464E+1,3.8601924E+3,0.0000000E+0
13360329,1/10/2021,4:22:33 PM,-8.7919792E+1,8.1018288E+1,3.8619785E+3,0.0000000E+0
13360330,1/10/2021,4:22:33 PM,-9.0180962E+1,7.3518585E+1,3.8584065E+3,0.0000000E+0
13360331,1/10/2021,4:22:33 PM,-9.5341766E+1,6.7255394E+1,3.8575137E+3,0.0000000E+0
13360332,1/10/2021,4:22:33 PM,-9.7602943E+1,5.8142853E+1,3.8575137E+3,0.0000000E+0
13360333,1/10/2021,4:22:33 PM,-8.3158020E+1,3.9944653E+1,3.8601924E+3,0.0000000E+0
13360334,1/10/2021,4:22:33 PM,-6.9298347E+1,2.1880850E+1,3.8459053E+3,0.0000000E+0
13360335,1/10/2021,4:22:33 PM,-6.0998512E+1,1.0947236E+1,3.8530491E+3,0.0000000E+0
13360336,1/10/2021,4:22:34 PM,-6.3711926E+1,4.7608256E+0,3.8521558E+3,0.0000000E+0
13360337,1/10/2021,4:22:34 PM,-6.4909012E+1,-2.0773056E+0,3.8494771E+3,0.0000000E+0
13360338,1/10/2021,4:22:34 PM,-5.8231895E+1,-8.9449854E+0,3.8539419E+3,0.0000000E+0
13360339,1/10/2021,4:22:34 PM,-5.9482197E+1,-1.4560862E+1,3.8476914E+3,0.0000000E+0
13360340,1/10/2021,4:22:34 PM,-5.9881222E+1,-2.2149658E+1,3.8459053E+3,0.0000000E+0
13360341,1/10/2021,4:22:34 PM,-6.8074654E+1,-2.4595797E+1,3.8423335E+3,0.0000000E+0
13360342,1/10/2021,4:22:34 PM,-7.1346710E+1,-2.5240932E+1,3.8584065E+3,0.0000000E+0
13360343,1/10/2021,4:22:34 PM,-6.6717957E+1,-2.9756882E+1,3.8441196E+3,0.0000000E+0
13360344,1/10/2021,4:22:34 PM,-6.4243965E+1,-3.7713558E+1,3.8512629E+3,0.0000000E+0
13360345,1/10/2021,4:22:34 PM,-6.0227055E+1,-4.9191593E+1,3.8360830E+3,0.0000000E+0
13360346,1/10/2021,4:22:35 PM,-6.1344337E+1,-5.0938835E+1,3.8476914E+3,0.0000000E+0
13360347,1/10/2021,4:22:35 PM,-5.7034809E+1,-5.7417076E+1,3.8360830E+3,0.0000000E+0
13360348,1/10/2021,4:22:35 PM,-5.2964691E+1,-5.6395611E+1,3.8432266E+3,0.0000000E+0
13360349,1/10/2021,4:22:35 PM,-5.1049343E+1,-5.5508549E+1,3.8441196E+3,0.0000000E+0
13360350,1/10/2021,4:22:35 PM,-4.3015526E+1,-5.8572945E+1,3.8405476E+3,0.0000000E+0
13360351,1/10/2021,4:22:35 PM,-3.7987732E+1,-5.5159103E+1,3.8405476E+3,0.0000000E+0
13360352,1/10/2021,4:22:35 PM,-2.7799149E+1,-5.4890293E+1,3.8459053E+3,0.0000000E+0
13360353,1/10/2021,4:22:35 PM,-6.9234066E+0,-5.7497719E+1,3.8387620E+3,0.0000000E+0
13360354,1/10/2021,4:22:35 PM,9.8101339E+0,-5.2901123E+1,3.8494771E+3,0.0000000E+0
13360355,1/10/2021,4:22:35 PM,1.7365093E+1,-4.0159695E+1,3.8619785E+3,0.0000000E+0
13360356,1/10/2021,4:22:36 PM,2.2797960E+1,-3.2283665E+1,3.8485842E+3,0.0000000E+0
13360357,1/10/2021,4:22:36 PM,2.7985361E+1,-2.5617262E+1,3.8691218E+3,0.0000000E+0
13360358,1/10/2021,4:22:36 PM,3.4901894E+1,-2.0590580E+1,3.8512629E+3,0.0000000E+0
13360359,1/10/2021,4:22:36 PM,4.7005829E+1,-1.8958902E+1,3.8655500E+3,0.0000000E+0
13360360,1/10/2021,4:22:36 PM,5.8950153E+1,-1.4467794E+1,3.8691218E+3,0.0000000E+0
13360361,1/10/2021,4:22:36 PM,6.3179882E+1,-1.4967693E+1,3.8637642E+3,0.0000000E+0
13360362,1/10/2021,4:22:36 PM,6.9298347E+1,-1.8198418E+1,3.8575137E+3,0.0000000E+0
13360363,1/10/2021,4:22:36 PM,7.7491783E+1,-2.1289478E+1,3.8637642E+3,0.0000000E+0
13360364,1/10/2021,4:22:36 PM,8.8531639E+1,-2.4918364E+1,3.8592996E+3,0.0000000E+0
13360365,1/10/2021,4:22:36 PM,9.3931854E+1,-2.6558084E+1,3.8566208E+3,0.0000000E+0
13360366,1/10/2021,4:22:37 PM,9.4144676E+1,-2.3063601E+1,3.8637642E+3,0.0000000E+0
13360367,1/10/2021,4:22:37 PM,8.7361145E+1,-1.9033354E+1,3.8584065E+3,0.0000000E+0
13360368,1/10/2021,4:22:37 PM,7.9939178E+1,-1.5550021E+1,3.8566208E+3,0.0000000E+0
13360369,1/10/2021,4:22:37 PM,6.9431366E+1,-9.0885725E+0,3.8548347E+3,0.0000000E+0
13360370,1/10/2021,4:22:37 PM,6.1370941E+1,2.6667027E+0,3.8673359E+3,0.0000000E+0
13360371,1/10/2021,4:22:37 PM,4.8123119E+1,1.1234412E+1,3.8601924E+3,0.0000000E+0
13360372,1/10/2021,4:22:37 PM,2.7453320E+1,2.3466810E+1,3.8619785E+3,0.0000000E+0
13360373,1/10/2021,4:22:37 PM,1.6707226E+1,3.2767517E+1,3.8744795E+3,0.0000000E+0
13360374,1/10/2021,4:22:37 PM,2.4805622E+0,3.8331810E+1,3.8566208E+3,0.0000000E+0
13360375,1/10/2021,4:22:37 PM,-5.4810119E+0,4.1853176E+1,3.8682290E+3,0.0000000E+0
13360376,1/10/2021,4:22:38 PM,-1.2920535E+1,4.4514362E+1,3.8628713E+3,0.0000000E+0
13360377,1/10/2021,4:22:38 PM,-2.2877768E+1,4.6987381E+1,3.8682290E+3,0.0000000E+0
13360378,1/10/2021,4:22:38 PM,-3.6285202E+1,4.8492699E+1,3.8637642E+3,0.0000000E+0
13360379,1/10/2021,4:22:38 PM,-5.0969536E+1,4.7444351E+1,3.8619785E+3,0.0000000E+0
13360380,1/10/2021,4:22:38 PM,-6.4350372E+1,4.5455185E+1,3.8601924E+3,0.0000000E+0
13360381,1/10/2021,4:22:38 PM,-6.9883598E+1,3.5993195E+1,3.8521558E+3,0.0000000E+0
13360382,1/10/2021,4:22:38 PM,-7.5204010E+1,3.1584766E+1,3.8548347E+3,0.0000000E+0
13360383,1/10/2021,4:22:38 PM,-8.9116882E+1,3.2444950E+1,3.8548347E+3,0.0000000E+0
13360384,1/10/2021,4:22:38 PM,-1.0385442E+2,2.9192387E+1,3.8530491E+3,0.0000000E+0
13360385,1/10/2021,4:22:38 PM,-1.1079756E+2,2.0913147E+1,3.8450125E+3,0.0000000E+0
13360386,1/10/2021,4:22:39 PM,-1.1388340E+2,1.4491727E+1,3.8476914E+3,0.0000000E+0
13360387,1/10/2021,4:22:39 PM,-1.1457505E+2,7.1634331E+0,3.8459053E+3,0.0000000E+0
13360388,1/10/2021,4:22:39 PM,-1.0579637E+2,-1.1919469E+0,3.8476914E+3,0.0000000E+0
13360389,1/10/2021,4:22:39 PM,-1.0366821E+2,-6.3550873E+0,3.8467981E+3,0.0000000E+0
13360390,1/10/2021,4:22:39 PM,-9.4676712E+1,-1.6004717E+1,3.8459053E+3,0.0000000E+0
13360391,1/10/2021,4:22:39 PM,-7.4033516E+1,-2.9273029E+1,3.8405476E+3,0.0000000E+0
13360392,1/10/2021,4:22:39 PM,-5.4826836E+1,-3.7659794E+1,3.8450125E+3,0.0000000E+0
13360393,1/10/2021,4:22:39 PM,-3.7216274E+1,-4.3089687E+1,3.8485842E+3,0.0000000E+0
13360394,1/10/2021,4:22:39 PM,-2.5777390E+1,-4.8573341E+1,3.8467981E+3,0.0000000E+0
13360395,1/10/2021,4:22:39 PM,-1.5320439E+1,-5.2954887E+1,3.8441196E+3,0.0000000E+0
13360396,1/10/2021,4:22:40 PM,7.0738637E-1,-5.5320381E+1,3.8548347E+3,0.0000000E+0
13360397,1/10/2021,4:22:40 PM,6.9497213E+0,-5.9056793E+1,3.8441196E+3,0.0000000E+0
13360398,1/10/2021,4:22:40 PM,1.4844143E+1,-5.9029915E+1,3.8494771E+3,0.0000000E+0
13360399,1/10/2021,4:22:40 PM,1.3099475E+1,-5.4513962E+1,3.8503701E+3,0.0000000E+0
13360400,1/10/2021,4:22:40 PM,1.3304730E+1,-5.0481865E+1,3.8530491E+3,0.0000000E+0
13360401,1/10/2021,4:22:40 PM,1.6301979E+1,-4.8277653E+1,3.8530491E+3,0.0000000E+0
13360402,1/10/2021,4:22:40 PM,1.9941307E+1,-4.6960499E+1,3.8476914E+3,0.0000000E+0
13360403,1/10/2021,4:22:40 PM,2.1787083E+1,-4.4863808E+1,3.8539419E+3,0.0000000E+0
13360404,1/10/2021,4:22:40 PM,2.2212717E+1,-4.0992996E+1,3.8441196E+3,0.0000000E+0
13360405,1/10/2021,4:22:40 PM,2.1574266E+1,-3.3869625E+1,3.8619785E+3,0.0000000E+0
13360406,1/10/2021,4:22:41 PM,2.4447289E+1,-3.0482660E+1,3.8441196E+3,0.0000000E+0
13360407,1/10/2021,4:22:41 PM,2.5803995E+1,-2.6773132E+1,3.8539419E+3,0.0000000E+0
13360408,1/10/2021,4:22:41 PM,2.9767698E+1,-1.9581114E+1,3.8494771E+3,0.0000000E+0
13360409,1/10/2021,4:22:41 PM,2.6814873E+1,-8.5142221E+0,3.8548347E+3,0.0000000E+0
13360410,1/10/2021,4:22:41 PM,2.1680676E+1,4.7103744E+0,3.8575137E+3,0.0000000E+0
13360411,1/10/2021,4:22:41 PM,1.7238783E+1,1.7863380E+1,3.8628713E+3,0.0000000E+0
13360412,1/10/2021,4:22:41 PM,1.5046765E+1,2.8735418E+1,3.8637642E+3,0.0000000E+0
13360413,1/10/2021,4:22:41 PM,1.0891668E+1,3.8466213E+1,3.8646572E+3,0.0000000E+0
13360414,1/10/2021,4:22:41 PM,7.3102331E+0,4.8788383E+1,3.8700146E+3,0.0000000E+0
13360415,1/10/2021,4:22:41 PM,1.7617538E+0,5.7632122E+1,3.8709080E+3,0.0000000E+0
13360416,1/10/2021,4:22:42 PM,-4.5442629E+0,6.4352280E+1,3.8753723E+3,0.0000000E+0
13360417,1/10/2021,4:22:42 PM,-8.7654381E+0,6.6475853E+1,3.8718008E+3,0.0000000E+0
13360418,1/10/2021,4:22:42 PM,-8.3549290E+0,6.1959908E+1,3.8700146E+3,0.0000000E+0
13360419,1/10/2021,4:22:42 PM,-8.5707092E+0,5.3976353E+1,3.8637642E+3,0.0000000E+0
13360420,1/10/2021,4:22:42 PM,-9.3522568E+0,4.6342247E+1,3.8637642E+3,0.0000000E+0
13360421,1/10/2021,4:22:42 PM,-9.2312098E+0,3.8681259E+1,3.8610852E+3,0.0000000E+0
13360422,1/10/2021,4:22:42 PM,-7.0970840E+0,2.7982761E+1,3.8584065E+3,0.0000000E+0
13360423,1/10/2021,4:22:42 PM,-1.2173381E+0,1.7562908E+1,3.8566208E+3,0.0000000E+0
13360424,1/10/2021,4:22:42 PM,4.0703406E+0,5.9695277E+0,3.8530491E+3,0.0000000E+0
13360425,1/10/2021,4:22:42 PM,8.8733292E+0,-2.7027395E+0,3.8512629E+3,0.0000000E+0
13360426,1/10/2021,4:22:43 PM,7.8470540E+0,-6.1769323E+0,3.8512629E+3,0.0000000E+0
13360427,1/10/2021,4:22:43 PM,6.5839467E+0,-7.5064487E+0,3.8539419E+3,0.0000000E+0
13360428,1/10/2021,4:22:43 PM,8.0128365E+0,-8.0435734E+0,3.8584065E+3,0.0000000E+0
13360429,1/10/2021,4:22:43 PM,5.7181921E+0,-8.9024410E+0,3.8512629E+3,0.0000000E+0
13360430,1/10/2021,4:22:43 PM,3.6170239E+0,-8.3174534E+0,3.8601924E+3,0.0000000E+0
13360431,1/10/2021,4:22:43 PM,-1.4543653E+0,-6.8150997E+0,3.8548347E+3,0.0000000E+0
13360432,1/10/2021,4:22:43 PM,-6.4286900E+0,-4.9378047E+0,3.8610852E+3,0.0000000E+0
13360433,1/10/2021,4:22:43 PM,-1.0252221E+1,-5.5207953E+0,3.8610852E+3,0.0000000E+0
13360434,1/10/2021,4:22:43 PM,-1.5467802E+1,-9.1710024E+0,3.8584065E+3,0.0000000E+0
13360435,1/10/2021,4:22:43 PM,-1.8999239E+1,-1.4999602E+1,3.8575137E+3,0.0000000E+0
13360436,1/10/2021,4:22:44 PM,-2.7825750E+1,-2.1450762E+1,3.8494771E+3,0.0000000E+0
13360437,1/10/2021,4:22:44 PM,-3.3997425E+1,-2.7391386E+1,3.8548347E+3,0.0000000E+0
13360438,1/10/2021,4:22:44 PM,-3.8333561E+1,-3.3305130E+1,3.8476914E+3,0.0000000E+0
13360439,1/10/2021,4:22:44 PM,-4.3547565E+1,-4.1073639E+1,3.8441196E+3,0.0000000E+0
13360440,1/10/2021,4:22:44 PM,-5.1714394E+1,-4.5159496E+1,3.8396548E+3,0.0000000E+0
13360441,1/10/2021,4:22:44 PM,-6.0785694E+1,-4.7363708E+1,3.8414407E+3,0.0000000E+0
13360442,1/10/2021,4:22:44 PM,-6.7808640E+1,-4.7901321E+1,3.8387620E+3,0.0000000E+0
13360443,1/10/2021,4:22:44 PM,-7.1000885E+1,-4.7793800E+1,3.8405476E+3,0.0000000E+0
13360444,1/10/2021,4:22:44 PM,-7.1399910E+1,-4.6154079E+1,3.8405476E+3,0.0000000E+0
13360445,1/10/2021,4:22:44 PM,-6.9537773E+1,-4.3734821E+1,3.8423335E+3,0.0000000E+0
13360446,1/10/2021,4:22:45 PM,-6.7250000E+1,-4.0509144E+1,3.8432266E+3,0.0000000E+0
13360447,1/10/2021,4:22:45 PM,-6.3046871E+1,-3.6235119E+1,3.8459053E+3,0.0000000E+0
13360448,1/10/2021,4:22:45 PM,-5.1767597E+1,-3.4030907E+1,3.8512629E+3,0.0000000E+0
13360449,1/10/2021,4:22:45 PM,-3.8972012E+1,-3.1934217E+1,3.8521558E+3,0.0000000E+0
13360450,1/10/2021,4:22:45 PM,-2.9820904E+1,-3.1772932E+1,3.8494771E+3,0.0000000E+0
13360451,1/10/2021,4:22:45 PM,-1.9557112E+1,-3.1638529E+1,3.8530491E+3,0.0000000E+0
13360452,1/10/2021,4:22:45 PM,-1.0686415E+1,-3.0805227E+1,3.8530491E+3,0.0000000E+0
13360453,1/10/2021,4:22:45 PM,-1.5237843E+0,-2.8520372E+1,3.8566208E+3,0.0000000E+0
13360454,1/10/2021,4:22:45 PM,5.8918695E+0,-2.8708538E+1,3.8530491E+3,0.0000000E+0
13360455,1/10/2021,4:22:45 PM,9.1943684E+0,-2.7122578E+1,3.8512629E+3,0.0000000E+0
13360456,1/10/2021,4:22:46 PM,1.1533749E+1,-2.3762497E+1,3.8521558E+3,0.0000000E+0
13360457,1/10/2021,4:22:46 PM,1.3117896E+1,-1.8137260E+1,3.8530491E+3,0.0000000E+0
13360458,1/10/2021,4:22:46 PM,1.4057332E+1,-9.9208498E+0,3.8566208E+3,0.0000000E+0
13360459,1/10/2021,4:22:46 PM,1.4896771E+1,-3.5035510E+0,3.8539419E+3,0.0000000E+0
13360460,1/10/2021,4:22:46 PM,1.6328293E+1,2.5561907E+0,3.8566208E+3,0.0000000E+0
13360461,1/10/2021,4:22:46 PM,1.7438776E+1,1.0444679E+1,3.8539419E+3,0.0000000E+0
13360462,1/10/2021,4:22:46 PM,1.7394039E+1,1.8868494E+1,3.8637642E+3,0.0000000E+0
13360463,1/10/2021,4:22:46 PM,2.1467859E+1,2.6289280E+1,3.8619785E+3,0.0000000E+0
13360464,1/10/2021,4:22:46 PM,2.4367483E+1,3.1154676E+1,3.8655500E+3,0.0000000E+0
13360465,1/10/2021,4:22:46 PM,2.8038567E+1,3.4837326E+1,3.8646572E+3,0.0000000E+0
13360466,1/10/2021,4:22:47 PM,3.2720528E+1,3.9245754E+1,3.8673359E+3,0.0000000E+0
13360467,1/10/2021,4:22:47 PM,3.4795486E+1,4.2310146E+1,3.8682290E+3,0.0000000E+0
13360468,1/10/2021,4:22:47 PM,3.7242878E+1,4.5320782E+1,3.8709080E+3,0.0000000E+0
13360469,1/10/2021,4:22:47 PM,3.7242878E+1,4.7309952E+1,3.8726936E+3,0.0000000E+0
13360470,1/10/2021,4:22:47 PM,3.3891018E+1,4.5777752E+1,3.8655500E+3,0.0000000E+0
13360471,1/10/2021,4:22:47 PM,2.8783422E+1,4.4326195E+1,3.8682290E+3,0.0000000E+0
13360472,1/10/2021,4:22:47 PM,2.1414656E+1,4.4541241E+1,3.8655500E+3,0.0000000E+0
13360473,1/10/2021,4:22:47 PM,1.1981099E+1,4.4138031E+1,3.8637642E+3,0.0000000E+0
13360474,1/10/2021,4:22:47 PM,3.6764627E+0,4.3062809E+1,3.8673359E+3,0.0000000E+0
13360475,1/10/2021,4:22:47 PM,-6.3734293E+0,3.9407036E+1,3.8601924E+3,0.0000000E+0
13360476,1/10/2021,4:22:48 PM,-1.1144291E+1,3.3009441E+1,3.8584065E+3,0.0000000E+0
13360477,1/10/2021,4:22:48 PM,-1.7186153E+1,2.8762299E+1,3.8584065E+3,0.0000000E+0
13360478,1/10/2021,4:22:48 PM,-2.0510185E+1,2.1773329E+1,3.8548347E+3,0.0000000E+0
13360479,1/10/2021,4:22:48 PM,-2.0004745E+1,1.4106168E+1,3.8584065E+3,0.0000000E+0
13360480,1/10/2021,4:22:48 PM,-1.7680870E+1,4.9394064E+0,3.8539419E+3,0.0000000E+0
13360481,1/10/2021,4:22:48 PM,-1.4933612E+1,-3.5251729E+0,3.8539419E+3,0.0000000E+0
13360482,1/10/2021,4:22:48 PM,-1.0410110E+1,-1.1404591E+1,3.8512629E+3,0.0000000E+0
13360483,1/10/2021,4:22:48 PM,-1.3125790E+1,-1.5339958E+1,3.8521558E+3,0.0000000E+0
13360484,1/10/2021,4:22:48 PM,-1.6454603E+1,-1.7172031E+1,3.8548347E+3,0.0000000E+0
13360485,1/10/2021,4:22:48 PM,-2.2744757E+1,-1.7895288E+1,3.8530491E+3,0.0000000E+0
13360486,1/10/2021,4:22:49 PM,-3.3039753E+1,-1.8841904E+1,3.8512629E+3,0.0000000E+0
13360487,1/10/2021,4:22:49 PM,-4.2164257E+1,-1.8469639E+1,3.8530491E+3,0.0000000E+0
13360488,1/10/2021,4:22:49 PM,-5.4667221E+1,-1.6696064E+1,3.8494771E+3,0.0000000E+0
13360489,1/10/2021,4:22:49 PM,-6.6106110E+1,-1.5366549E+1,3.8530491E+3,0.0000000E+0
13360490,1/10/2021,4:22:49 PM,-7.6294693E+1,-1.5390480E+1,3.8503701E+3,0.0000000E+0
13360491,1/10/2021,4:22:49 PM,-8.2599380E+1,-1.8953583E+1,3.8494771E+3,0.0000000E+0
13360492,1/10/2021,4:22:49 PM,-8.6509880E+1,-2.4542036E+1,3.8459053E+3,0.0000000E+0
13360493,1/10/2021,4:22:49 PM,-8.8398628E+1,-3.1208437E+1,3.8423335E+3,0.0000000E+0
13360494,1/10/2021,4:22:49 PM,-8.5791626E+1,-3.6638329E+1,3.8423335E+3,0.0000000E+0
13360495,1/10/2021,4:22:49 PM,-7.6640518E+1,-4.3573540E+1,3.8432266E+3,0.0000000E+0
13360496,1/10/2021,4:22:50 PM,-6.7063782E+1,-5.0186180E+1,3.8432266E+3,0.0000000E+0
13360497,1/10/2021,4:22:50 PM,-5.5119457E+1,-5.8250374E+1,3.8414407E+3,0.0000000E+0
13360498,1/10/2021,4:22:50 PM,-4.6074760E+1,-6.5400627E+1,3.8351899E+3,0.0000000E+0
13360499,1/10/2021,4:22:50 PM,-3.7987732E+1,-6.8196213E+1,3.8369758E+3,0.0000000E+0
13360500,1/10/2021,4:22:50 PM,-2.8570606E+1,-6.6448975E+1,3.8441196E+3,0.0000000E+0
13360501,1/10/2021,4:22:50 PM,-1.6162510E+1,-6.1691097E+1,3.8467981E+3,0.0000000E+0
13360502,1/10/2021,4:22:50 PM,-7.5023308E+0,-5.5642952E+1,3.8476914E+3,0.0000000E+0
13360503,1/10/2021,4:22:50 PM,7.1266544E-1,-4.7928204E+1,3.8512629E+3,0.0000000E+0
13360504,1/10/2021,4:22:50 PM,7.9259987E+0,-4.0885471E+1,3.8566208E+3,0.0000000E+0
13360505,1/10/2021,4:22:50 PM,1.5517799E+1,-3.7364105E+1,3.8530491E+3,0.0000000E+0
13360506,1/10/2021,4:22:51 PM,2.4952726E+1,-3.4165310E+1,3.8575137E+3,0.0000000E+0
13360507,1/10/2021,4:22:51 PM,3.6152191E+1,-3.1450365E+1,3.8566208E+3,0.0000000E+0
13360508,1/10/2021,4:22:51 PM,4.8043312E+1,-3.0912748E+1,3.8592996E+3,0.0000000E+0
13360509,1/10/2021,4:22:51 PM,5.9136372E+1,-3.1074034E+1,3.8566208E+3,0.0000000E+0
13360510,1/10/2021,4:22:51 PM,6.7675629E+1,-3.2014858E+1,3.8566208E+3,0.0000000E+0
13360511,1/10/2021,4:22:51 PM,7.6853333E+1,-3.0186972E+1,3.8584065E+3,0.0000000E+0
13360512,1/10/2021,4:22:51 PM,8.1881126E+1,-2.6208637E+1,3.8584065E+3,0.0000000E+0
13360513,1/10/2021,4:22:51 PM,8.3530449E+1,-2.0241131E+1,3.8584065E+3,0.0000000E+0
13360514,1/10/2021,4:22:51 PM,8.1854523E+1,-1.2295365E+1,3.8575137E+3,0.0000000E+0
13360515,1/10/2021,4:22:51 PM,7.4060120E+1,-8.9856094E-1,3.8628713E+3,0.0000000E+0
13360516,1/10/2021,4:22:52 PM,6.1184723E+1,1.2848444E+1,3.8601924E+3,0.0000000E+0
13360517,1/10/2021,4:22:52 PM,4.6447189E+1,2.7149458E+1,3.8646572E+3,0.0000000E+0
13360518,1/10/2021,4:22:52 PM,2.9235659E+1,4.3412254E+1,3.8601924E+3,0.0000000E+0
13360519,1/10/2021,4:22:52 PM,1.5801999E+1,5.9916977E+1,3.8726936E+3,0.0000000E+0
13360520,1/10/2021,4:22:52 PM,7.3181281E+0,7.1744461E+1,3.8726936E+3,0.0000000E+0
13360521,1/10/2021,4:22:52 PM,-8.5522890E+0,8.2658005E+1,3.8682290E+3,0.0000000E+0
13360522,1/10/2021,4:22:52 PM,-2.1707277E+1,9.1663025E+1,3.8744795E+3,0.0000000E+0
13360523,1/10/2021,4:22:52 PM,-3.2401306E+1,9.7979980E+1,3.8771584E+3,0.0000000E+0
13360524,1/10/2021,4:22:52 PM,-4.3042126E+1,9.8436951E+1,3.8709080E+3,0.0000000E+0
13360525,1/10/2021,4:22:52 PM,-4.2217464E+1,9.1232941E+1,3.8709080E+3,0.0000000E+0
13360526,1/10/2021,4:22:53 PM,-4.6926025E+1,8.4378365E+1,3.8735867E+3,0.0000000E+0
13360527,1/10/2021,4:22:53 PM,-5.7646652E+1,7.2846573E+1,3.8584065E+3,0.0000000E+0
13360528,1/10/2021,4:22:53 PM,-6.9910202E+1,6.4486687E+1,3.8655500E+3,0.0000000E+0
13360529,1/10/2021,4:22:53 PM,-8.1881126E+1,5.4755890E+1,3.8610852E+3,0.0000000E+0
13360530,1/10/2021,4:22:53 PM,-8.7547363E+1,3.8923187E+1,3.8548347E+3,0.0000000E+0
13360531,1/10/2021,4:22:53 PM,-9.3586029E+1,2.5724785E+1,3.8530491E+3,0.0000000E+0
13360532,1/10/2021,4:22:53 PM,-1.0473229E+2,1.3678063E+1,3.8459053E+3,0.0000000E+0
13360533,1/10/2021,4:22:53 PM,-1.1252669E+2,2.3776100E+0,3.8459053E+3,0.0000000E+0
13360534,1/10/2021,4:22:53 PM,-1.1659681E+2,-9.1417532E+0,3.8369758E+3,0.0000000E+0
13360535,1/10/2021,4:22:53 PM,-1.1345776E+2,-2.0213964E+1,3.8405476E+3,0.0000000E+0
13360536,1/10/2021,4:22:54 PM,-1.0678065E+2,-3.0079451E+1,3.8342971E+3,0.0000000E+0
13360537,1/10/2021,4:22:54 PM,-9.9252266E+1,-3.8815662E+1,3.8360830E+3,0.0000000E+0
13360538,1/10/2021,4:22:54 PM,-8.5658623E+1,-4.0992996E+1,3.8441196E+3,0.0000000E+0
13360539,1/10/2021,4:22:54 PM,-7.0149620E+1,-5.1019478E+1,3.8334043E+3,0.0000000E+0
13360540,1/10/2021,4:22:54 PM,-4.8069912E+1,-6.0266426E+1,3.8423335E+3,0.0000000E+0
13360541,1/10/2021,4:22:54 PM,-2.5990210E+1,-6.4110352E+1,3.8441196E+3,0.0000000E+0
13360542,1/10/2021,4:22:54 PM,-6.2313294E+0,-6.8357498E+1,3.8476914E+3,0.0000000E+0
13360543,1/10/2021,4:22:54 PM,1.8094011E+1,-7.2712166E+1,3.8566208E+3,0.0000000E+0
13360544,1/10/2021,4:22:54 PM,3.6551224E+1,-7.8142059E+1,3.8476914E+3,0.0000000E+0
13360545,1/10/2021,4:22:54 PM,5.2166630E+1,-8.3652588E+1,3.8548347E+3,0.0000000E+0
13360546,1/10/2021,4:22:55 PM,6.8340683E+1,-8.6690109E+1,3.8503701E+3,0.0000000E+0
13360547,1/10/2021,4:22:55 PM,7.8183441E+1,-8.9297523E+1,3.8548347E+3,0.0000000E+0
13360548,1/10/2021,4:22:55 PM,8.4222107E+1,-8.6932037E+1,3.8548347E+3,0.0000000E+0
13360549,1/10/2021,4:22:55 PM,8.7228142E+1,-8.5507355E+1,3.8521558E+3,0.0000000E+0
13360550,1/10/2021,4:22:55 PM,8.8398628E+1,-8.4351486E+1,3.8494771E+3,0.0000000E+0
13360551,1/10/2021,4:22:55 PM,8.7174934E+1,-7.9781776E+1,3.8512629E+3,0.0000000E+0
13360552,1/10/2021,4:22:55 PM,8.3636864E+1,-7.4486290E+1,3.8459053E+3,0.0000000E+0
13360553,1/10/2021,4:22:55 PM,7.4246338E+1,-6.5239342E+1,3.8476914E+3,0.0000000E+0
13360554,1/10/2021,4:22:55 PM,6.6159309E+1,-5.5024693E+1,3.8476914E+3,0.0000000E+0
13360555,1/10/2021,4:22:55 PM,5.7540245E+1,-4.3546658E+1,3.8485842E+3,0.0000000E+0
13360556,1/10/2021,4:22:56 PM,4.6314175E+1,-2.8251566E+1,3.8539419E+3,0.0000000E+0
13360557,1/10/2021,4:22:56 PM,3.7296082E+1,-1.1928420E+1,3.8548347E+3,0.0000000E+0
13360558,1/10/2021,4:22:56 PM,2.6415842E+1,5.6208973E+0,3.8610852E+3,0.0000000E+0
13360559,1/10/2021,4:22:56 PM,1.8901875E+1,2.0429346E+1,3.8619785E+3,0.0000000E+0
13360560,1/10/2021,4:22:56 PM,1.4049438E+1,3.4944847E+1,3.8673359E+3,0.0000000E+0
13360561,1/10/2021,4:22:56 PM,6.8681459E+0,4.7336830E+1,3.8655500E+3,0.0000000E+0
13360562,1/10/2021,4:22:56 PM,2.0137725E+0,5.9728809E+1,3.8744795E+3,0.0000000E+0
13360563,1/10/2021,4:22:56 PM,-8.6654425E+0,7.1287491E+1,3.8726936E+3,0.0000000E+0
13360564,1/10/2021,4:22:56 PM,-1.7530876E+1,7.7604446E+1,3.8753723E+3,0.0000000E+0
13360565,1/10/2021,4:22:56 PM,-2.4979330E+1,7.9996819E+1,3.8709080E+3,0.0000000E+0
13360566,1/10/2021,4:22:57 PM,-3.5832970E+1,8.2281677E+1,3.8709080E+3,0.0000000E+0
13360567,1/10/2021,4:22:57 PM,-4.6846218E+1,8.3840759E+1,3.8753723E+3,0.0000000E+0
13360568,1/10/2021,4:22:57 PM,-6.5254837E+1,8.0453796E+1,3.8575137E+3,0.0000000E+0
13360569,1/10/2021,4:22:57 PM,-7.6613914E+1,7.4163719E+1,3.8619785E+3,0.0000000E+0
13360570,1/10/2021,4:22:57 PM,-8.7174934E+1,6.7497322E+1,3.8575137E+3,0.0000000E+0
13360571,1/10/2021,4:22:57 PM,-9.5128952E+1,5.9352478E+1,3.8548347E+3,0.0000000E+0
13360572,1/10/2021,4:22:57 PM,-1.0090160E+2,4.8922787E+1,3.8512629E+3,0.0000000E+0
13360573,1/10/2021,4:22:57 PM,-1.0553035E+2,4.0697308E+1,3.8485842E+3,0.0000000E+0
13360574,1/10/2021,4:22:57 PM,-1.0600919E+2,3.1181557E+1,3.8476914E+3,0.0000000E+0
13360575,1/10/2021,4:22:57 PM,-9.9438477E+1,1.9913494E+1,3.8467981E+3,0.0000000E+0
13360576,1/10/2021,4:22:58 PM,-9.1431267E+1,1.3015964E+1,3.8476914E+3,0.0000000E+0
13360577,1/10/2021,4:22:58 PM,-8.0604225E+1,5.4616528E+0,3.8512629E+3,0.0000000E+0
13360578,1/10/2021,4:22:58 PM,-6.8074654E+1,-1.3701121E+0,3.8494771E+3,0.0000000E+0
13360579,1/10/2021,4:22:58 PM,-5.2166630E+1,-9.2720461E+0,3.8476914E+3,0.0000000E+0
13360580,1/10/2021,4:22:58 PM,-3.8812401E+1,-1.4132756E+1,3.8548347E+3,0.0000000E+0
13360581,1/10/2021,4:22:58 PM,-2.8331188E+1,-1.7499092E+1,3.8539419E+3,0.0000000E+0
13360582,1/10/2021,4:22:58 PM,-2.0057951E+1,-2.1907732E+1,3.8548347E+3,0.0000000E+0
13360583,1/10/2021,4:22:58 PM,-1.4454683E+1,-2.6047352E+1,3.8548347E+3,0.0000000E+0
13360584,1/10/2021,4:22:58 PM,-1.0412741E+1,-3.0213856E+1,3.8530491E+3,0.0000000E+0
13360585,1/10/2021,4:22:58 PM,-3.7192583E+0,-3.5831909E+1,3.8521558E+3,0.0000000E+0
13360586,1/10/2021,4:22:59 PM,-2.3616853E+0,-3.8036125E+1,3.8539419E+3,0.0000000E+0
13360587,1/10/2021,4:22:59 PM,-5.7778686E-1,-4.3385376E+1,3.8530491E+3,0.0000000E+0
13360588,1/10/2021,4:22:59 PM,6.7549925E+0,-5.2551674E+1,3.8503701E+3,0.0000000E+0
13360589,1/10/2021,4:22:59 PM,1.7583506E+1,-6.1798622E+1,3.8441196E+3,0.0000000E+0
13360590,1/10/2021,4:22:59 PM,2.5537973E+1,-6.7631721E+1,3.8467981E+3,0.0000000E+0
13360591,1/10/2021,4:22:59 PM,3.2959946E+1,-7.2228310E+1,3.8467981E+3,0.0000000E+0
13360592,1/10/2021,4:22:59 PM,3.7748318E+1,-7.3760506E+1,3.8432266E+3,0.0000000E+0
13360593,1/10/2021,4:22:59 PM,4.0541531E+1,-7.3545464E+1,3.8494771E+3,0.0000000E+0
13360594,1/10/2021,4:22:59 PM,4.8628559E+1,-7.4432526E+1,3.8441196E+3,0.0000000E+0
13360595,1/10/2021,4:22:59 PM,5.6050529E+1,-7.1368134E+1,3.8485842E+3,0.0000000E+0
13360596,1/10/2021,4:23:00 PM,5.5013050E+1,-6.2040550E+1,3.8530491E+3,0.0000000E+0
13360597,1/10/2021,4:23:00 PM,5.2618866E+1,-5.2390388E+1,3.8566208E+3,0.0000000E+0
13360598,1/10/2021,4:23:00 PM,4.6739811E+1,-4.3546658E+1,3.8530491E+3,0.0000000E+0
13360599,1/10/2021,4:23:00 PM,3.9796673E+1,-3.3815861E+1,3.8601924E+3,0.0000000E+0
13360600,1/10/2021,4:23:00 PM,3.5460541E+1,-2.6504324E+1,3.8566208E+3,0.0000000E+0
13360601,1/10/2021,4:23:00 PM,2.4234472E+1,-1.6847630E+1,3.8584065E+3,0.0000000E+0
13360602,1/10/2021,4:23:00 PM,8.1259909E+0,-6.1450243E+0,3.8637642E+3,0.0000000E+0
13360603,1/10/2021,4:23:00 PM,-6.6313133E+0,1.5455666E+0,3.8548347E+3,0.0000000E+0
13360604,1/10/2021,4:23:00 PM,-1.4807302E+1,5.8631668E+0,3.8601924E+3,0.0000000E+0
13360605,1/10/2021,4:23:00 PM,-2.3729033E+1,9.6576061E+0,3.8530491E+3,0.0000000E+0
13360606,1/10/2021,4:23:01 PM,-3.2215088E+1,1.4361434E+1,3.8584065E+3,0.0000000E+0
13360607,1/10/2021,4:23:01 PM,-4.1153378E+1,1.9182261E+1,3.8548347E+3,0.0000000E+0
13360608,1/10/2021,4:23:01 PM,-4.5010677E+1,2.1423880E+1,3.8521558E+3,0.0000000E+0
13360609,1/10/2021,4:23:01 PM,-4.5063881E+1,2.4407633E+1,3.8575137E+3,0.0000000E+0
13360610,1/10/2021,4:23:01 PM,-3.9424248E+1,2.4434513E+1,3.8530491E+3,0.0000000E+0
13360611,1/10/2021,4:23:01 PM,-3.4130436E+1,2.6262400E+1,3.8575137E+3,0.0000000E+0
13360612,1/10/2021,4:23:01 PM,-3.2268291E+1,2.9246151E+1,3.8566208E+3,0.0000000E+0
13360613,1/10/2021,4:23:01 PM,-3.1629845E+1,3.3116962E+1,3.8592996E+3,0.0000000E+0
13360614,1/10/2021,4:23:01 PM,-2.6708464E+1,3.5509342E+1,3.8601924E+3,0.0000000E+0
13360615,1/10/2021,4:23:01 PM,-1.6541443E+1,3.5079254E+1,3.8619785E+3,0.0000000E+0
13360616,1/10/2021,4:23:02 PM,-7.9365239E+0,3.4326591E+1,3.8619785E+3,0.0000000E+0
13360617,1/10/2021,4:23:02 PM,-3.0337353E+0,3.3950264E+1,3.8646572E+3,0.0000000E+0
13360618,1/10/2021,4:23:02 PM,1.6682374E+0,3.3278248E+1,3.8637642E+3,0.0000000E+0
13360619,1/10/2021,4:23:02 PM,6.5813155E+0,3.0160091E+1,3.8637642E+3,0.0000000E+0
13360620,1/10/2021,4:23:02 PM,1.1773212E+1,2.4488276E+1,3.8619785E+3,0.0000000E+0
13360621,1/10/2021,4:23:02 PM,1.5202024E+1,1.9764587E+1,3.8646572E+3,0.0000000E+0
13360622,1/10/2021,4:23:02 PM,1.3488933E+1,1.5214984E+1,3.8584065E+3,0.0000000E+0
13360623,1/10/2021,4:23:02 PM,1.2554761E+1,1.0311728E+1,3.8619785E+3,0.0000000E+0
13360624,1/10/2021,4:23:02 PM,1.5030976E+1,4.7632275E+0,3.8601924E+3,0.0000000E+0
13360625,1/10/2021,4:23:02 PM,1.3420514E+1,-1.1956809E+0,3.8557275E+3,0.0000000E+0
13360626,1/10/2021,4:23:03 PM,9.5917215E+0,-4.7648296E+0,3.8539419E+3,0.0000000E+0
13360627,1/10/2021,4:23:03 PM,-2.4464841E+0,-4.2114687E+0,3.8548347E+3,0.0000000E+0
13360628,1/10/2021,4:23:03 PM,-8.9706936E+0,-4.8953614E+0,3.8584065E+3,0.0000000E+0
13360629,1/10/2021,4:23:03 PM,-9.9890738E+0,-1.0649425E+1,3.8512629E+3,0.0000000E+0
13360630,1/10/2021,4:23:03 PM,-1.5496748E+1,-1.5387820E+1,3.8530491E+3,0.0000000E+0
13360631,1/10/2021,4:23:03 PM,-2.4713310E+1,-1.6642883E+1,3.8467981E+3,0.0000000E+0
13360632,1/10/2021,4:23:03 PM,-3.5247723E+1,-1.5058101E+1,3.8548347E+3,0.0000000E+0
13360633,1/10/2021,4:23:03 PM,-4.7936905E+1,-1.1021689E+1,3.8503701E+3,0.0000000E+0
13360634,1/10/2021,4:23:03 PM,-5.5358879E+1,-1.2803241E+1,3.8476914E+3,0.0000000E+0
13360635,1/10/2021,4:23:03 PM,-5.6502766E+1,-1.4119461E+1,3.8485842E+3,0.0000000E+0
13360636,1/10/2021,4:23:04 PM,-6.0413265E+1,-1.2199641E+1,3.8503701E+3,0.0000000E+0
13360637,1/10/2021,4:23:04 PM,-6.9298347E+1,-7.3469067E+0,3.8512629E+3,0.0000000E+0
13360638,1/10/2021,4:23:04 PM,-7.6268089E+1,-5.1812515E+0,3.8503701E+3,0.0000000E+0
13360639,1/10/2021,4:23:04 PM,-7.9566750E+1,-3.7902415E+0,3.8521558E+3,0.0000000E+0
13360640,1/10/2021,4:23:04 PM,-8.1083061E+1,-4.1802368E+0,3.8476914E+3,0.0000000E+0
13360641,1/10/2021,4:23:04 PM,-8.0178589E+1,-5.2613330E+0,3.8494771E+3,0.0000000E+0
13360642,1/10/2021,4:23:04 PM,-8.0125389E+1,-5.5199947E+0,3.8441196E+3,0.0000000E+0
13360643,1/10/2021,4:23:04 PM,-7.8369652E+1,-9.4816989E-1,3.8557275E+3,0.0000000E+0
13360644,1/10/2021,4:23:04 PM,-7.4405945E+1,-1.5722816E+0,3.8512629E+3,0.0000000E+0
13360645,1/10/2021,4:23:04 PM,-6.3392696E+1,-5.7434216E+0,3.8512629E+3,0.0000000E+0
13360646,1/10/2021,4:23:05 PM,-4.7857098E+1,-1.3260595E+1,3.8476914E+3,0.0000000E+0
13360647,1/10/2021,4:23:05 PM,-3.6098988E+1,-1.6454092E+1,3.8494771E+3,0.0000000E+0
13360648,1/10/2021,4:23:05 PM,-2.1255041E+1,-1.7834131E+1,3.8548347E+3,0.0000000E+0
13360649,1/10/2021,4:23:05 PM,-7.1602397E+0,-2.0134193E+1,3.8548347E+3,0.0000000E+0
13360650,1/10/2021,4:23:05 PM,8.8628025E+0,-2.4918364E+1,3.8601924E+3,0.0000000E+0
13360651,1/10/2021,4:23:05 PM,2.6761667E+1,-3.3735218E+1,3.8494771E+3,0.0000000E+0
13360652,1/10/2021,4:23:05 PM,4.3680573E+1,-3.9837128E+1,3.8548347E+3,0.0000000E+0
13360653,1/10/2021,4:23:05 PM,5.4348000E+1,-4.0105934E+1,3.8566208E+3,0.0000000E+0
13360654,1/10/2021,4:23:05 PM,6.2009388E+1,-4.0105934E+1,3.8584065E+3,0.0000000E+0
13360655,1/10/2021,4:23:05 PM,7.2118172E+1,-3.9030708E+1,3.8646572E+3,0.0000000E+0
13360656,1/10/2021,4:23:06 PM,7.7438583E+1,-4.1073639E+1,3.8575137E+3,0.0000000E+0
13360657,1/10/2021,4:23:06 PM,8.1641708E+1,-4.4379959E+1,3.8566208E+3,0.0000000E+0
13360658,1/10/2021,4:23:06 PM,8.1242676E+1,-4.3331612E+1,3.8575137E+3,0.0000000E+0
13360659,1/10/2021,4:23:06 PM,7.5603035E+1,-3.8842545E+1,3.8575137E+3,0.0000000E+0
13360660,1/10/2021,4:23:06 PM,6.9537773E+1,-3.3950264E+1,3.8610852E+3,0.0000000E+0
13360661,1/10/2021,4:23:06 PM,6.3206486E+1,-3.1127798E+1,3.8575137E+3,0.0000000E+0
13360662,1/10/2021,4:23:06 PM,5.6768784E+1,-3.1289080E+1,3.8530491E+3,0.0000000E+0
13360663,1/10/2021,4:23:06 PM,4.6367382E+1,-2.8466610E+1,3.8512629E+3,0.0000000E+0
13360664,1/10/2021,4:23:06 PM,3.4662476E+1,-2.3359287E+1,3.8512629E+3,0.0000000E+0
13360665,1/10/2021,4:23:06 PM,2.7719341E+1,-1.5066077E+1,3.8601924E+3,0.0000000E+0
13360666,1/10/2021,4:23:07 PM,1.9388697E+1,-1.0250570E+1,3.8548347E+3,0.0000000E+0
13360667,1/10/2021,4:23:07 PM,1.5217813E+1,-8.1339808E+0,3.8584065E+3,0.0000000E+0
13360668,1/10/2021,4:23:07 PM,9.8259220E+0,-4.2026596E+0,3.8512629E+3,0.0000000E+0
13360669,1/10/2021,4:23:07 PM,2.2863967E+0,2.1317606E+0,3.8566208E+3,0.0000000E+0
13360670,1/10/2021,4:23:07 PM,-6.1129131E+0,1.2425658E+1,3.8601924E+3,0.0000000E+0
13360671,1/10/2021,4:23:07 PM,-1.6873009E+1,2.1181955E+1,3.8601924E+3,0.0000000E+0
13360672,1/10/2021,4:23:07 PM,-2.1281645E+1,2.5482859E+1,3.8646572E+3,0.0000000E+0
13360673,1/10/2021,4:23:07 PM,-2.8783422E+1,2.7418266E+1,3.8575137E+3,0.0000000E+0
13360674,1/10/2021,4:23:07 PM,-4.2350471E+1,3.3815861E+1,3.8601924E+3,0.0000000E+0
13360675,1/10/2021,4:23:07 PM,-5.9668407E+1,4.0858593E+1,3.8566208E+3,0.0000000E+0
13360676,1/10/2021,4:23:08 PM,-7.3129051E+1,4.5240139E+1,3.8584065E+3,0.0000000E+0
13360677,1/10/2021,4:23:08 PM,-7.9806160E+1,4.7928204E+1,3.8655500E+3,0.0000000E+0
13360678,1/10/2021,4:23:08 PM,-8.2918602E+1,4.3788586E+1,3.8575137E+3,0.0000000E+0
13360679,1/10/2021,4:23:08 PM,-8.8106010E+1,3.5455582E+1,3.8423335E+3,0.0000000E+0
13360680,1/10/2021,4:23:08 PM,-9.3506218E+1,3.4219070E+1,3.8548347E+3,0.0000000E+0
13360681,1/10/2021,4:23:08 PM,-9.7257118E+1,3.3332008E+1,3.8494771E+3,0.0000000E+0
13360682,1/10/2021,4:23:08 PM,-9.2628349E+1,3.0213856E+1,3.8539419E+3,0.0000000E+0
13360683,1/10/2021,4:23:08 PM,-9.2335732E+1,2.8789177E+1,3.8512629E+3,0.0000000E+0
13360684,1/10/2021,4:23:08 PM,-8.6696098E+1,2.1746449E+1,3.8441196E+3,0.0000000E+0
13360685,1/10/2021,4:23:08 PM,-7.8396255E+1,2.1289478E+1,3.8548347E+3,0.0000000E+0
13360686,1/10/2021,4:23:09 PM,-7.3900513E+1,2.5267813E+1,3.8530491E+3,0.0000000E+0
13360687,1/10/2021,4:23:09 PM,-6.0493073E+1,1.8849882E+1,3.8557275E+3,0.0000000E+0
13360688,1/10/2021,4:23:09 PM,-4.5383106E+1,1.3651473E+1,3.8566208E+3,0.0000000E+0
13360689,1/10/2021,4:23:09 PM,-3.5620152E+1,9.9102135E+0,3.8584065E+3,0.0000000E+0
13360690,1/10/2021,4:23:09 PM,-2.1441256E+1,3.9800339E+0,3.8539419E+3,0.0000000E+0
13360691,1/10/2021,4:23:09 PM,-1.4283639E+1,1.4166359E+0,3.8584065E+3,0.0000000E+0
13360692,1/10/2021,4:23:09 PM,-5.2868466E+0,5.5716646E-1,3.8619785E+3,0.0000000E+0
13360693,1/10/2021,4:23:09 PM,5.5561507E-1,-3.4651120E+0,3.8628713E+3,0.0000000E+0
13360694,1/10/2021,4:23:09 PM,4.8184724E+0,-9.2534332E+0,3.8530491E+3,0.0000000E+0
13360695,1/10/2021,4:23:09 PM,1.0457476E+1,-1.6688087E+1,3.8521558E+3,0.0000000E+0
13360696,1/10/2021,4:23:10 PM,2.1175236E+1,-2.3198002E+1,3.8548347E+3,0.0000000E+0
13360697,1/10/2021,4:23:10 PM,2.8331188E+1,-2.3386168E+1,3.8673359E+3,0.0000000E+0
13360698,1/10/2021,4:23:10 PM,2.5857197E+1,-2.9998808E+1,3.8476914E+3,0.0000000E+0
13360699,1/10/2021,4:23:10 PM,2.5750790E+1,-3.6262001E+1,3.8494771E+3,0.0000000E+0
13360700,1/10/2021,4:23:10 PM,3.3252567E+1,-3.9729607E+1,3.8566208E+3,0.0000000E+0
13360701,1/10/2021,4:23:10 PM,4.0887360E+1,-4.6342247E+1,3.8459053E+3,0.0000000E+0
13360702,1/10/2021,4:23:10 PM,4.8362537E+1,-4.7336830E+1,3.8566208E+3,0.0000000E+0
13360703,1/10/2021,4:23:10 PM,5.0118271E+1,-4.6288483E+1,3.8539419E+3,0.0000000E+0
13360704,1/10/2021,4:23:10 PM,5.1262157E+1,-4.9379761E+1,3.8503701E+3,0.0000000E+0
13360705,1/10/2021,4:23:10 PM,5.5146061E+1,-4.8116367E+1,3.8548347E+3,0.0000000E+0
13360706,1/10/2021,4:23:11 PM,5.6848591E+1,-4.6718575E+1,3.8548347E+3,0.0000000E+0
13360707,1/10/2021,4:23:11 PM,5.5172661E+1,-4.3304733E+1,3.8601924E+3,0.0000000E+0
13360708,1/10/2021,4:23:11 PM,4.7059036E+1,-4.0751072E+1,3.8548347E+3,0.0000000E+0
13360709,1/10/2021,4:23:11 PM,4.0860756E+1,-3.8654377E+1,3.8575137E+3,0.0000000E+0
13360710,1/10/2021,4:23:11 PM,3.4582672E+1,-3.6584568E+1,3.8557275E+3,0.0000000E+0
13360711,1/10/2021,4:23:11 PM,2.7852352E+1,-3.5966312E+1,3.8548347E+3,0.0000000E+0
13360712,1/10/2021,4:23:11 PM,2.2186113E+1,-3.0536423E+1,3.8619785E+3,0.0000000E+0
13360713,1/10/2021,4:23:11 PM,8.6733370E+0,-2.8305328E+1,3.8503701E+3,0.0000000E+0
13360714,1/10/2021,4:23:11 PM,-5.1893678E+0,-2.7256981E+1,3.8512629E+3,0.0000000E+0
13360715,1/10/2021,4:23:11 PM,-1.3436305E+1,-2.4407633E+1,3.8512629E+3,0.0000000E+0
13360716,1/10/2021,4:23:12 PM,-2.1680676E+1,-2.2875435E+1,3.8512629E+3,0.0000000E+0
13360717,1/10/2021,4:23:12 PM,-2.8863230E+1,-2.0778746E+1,3.8494771E+3,0.0000000E+0
13360718,1/10/2021,4:23:12 PM,-3.8173950E+1,-1.8392527E+1,3.8494771E+3,0.0000000E+0
13360719,1/10/2021,4:23:12 PM,-4.6660004E+1,-1.5082032E+1,3.8485842E+3,0.0000000E+0
13360720,1/10/2021,4:23:12 PM,-5.4241589E+1,-1.1311523E+1,3.8476914E+3,0.0000000E+0
13360721,1/10/2021,4:23:12 PM,-5.4481010E+1,-1.0072415E+1,3.8467981E+3,0.0000000E+0
13360722,1/10/2021,4:23:12 PM,-5.4640621E+1,-5.0146823E+0,3.8530491E+3,0.0000000E+0
13360723,1/10/2021,4:23:12 PM,-5.7646652E+1,-1.4647957E+0,3.8503701E+3,0.0000000E+0
13360724,1/10/2021,4:23:12 PM,-5.9854626E+1,1.7153386E+0,3.8494771E+3,0.0000000E+0
13360725,1/10/2021,4:23:12 PM,-5.7114613E+1,7.1847053E+0,3.8548347E+3,0.0000000E+0
13360726,1/10/2021,4:23:13 PM,-5.8231895E+1,1.1120073E+1,3.8512629E+3,0.0000000E+0
13360727,1/10/2021,4:23:13 PM,-5.6715580E+1,1.6007376E+1,3.8584065E+3,0.0000000E+0
13360728,1/10/2021,4:23:13 PM,-6.3419300E+1,2.2821674E+1,3.8494771E+3,0.0000000E+0
13360729,1/10/2021,4:23:13 PM,-6.2142399E+1,2.7821476E+1,3.8584065E+3,0.0000000E+0
13360730,1/10/2021,4:23:13 PM,-5.8684132E+1,3.4272835E+1,3.8628713E+3,0.0000000E+0
13360731,1/10/2021,4:23:13 PM,-5.8338306E+1,3.7471630E+1,3.8548347E+3,0.0000000E+0
13360732,1/10/2021,4:23:13 PM,-5.6555965E+1,4.0428505E+1,3.8548347E+3,0.0000000E+0
13360733,1/10/2021,4:23:13 PM,-5.2805077E+1,4.4863808E+1,3.8646572E+3,0.0000000E+0
13360734,1/10/2021,4:23:13 PM,-4.7830498E+1,4.5965916E+1,3.8601924E+3,0.0000000E+0
13360735,1/10/2021,4:23:13 PM,-4.1419399E+1,4.4621883E+1,3.8619785E+3,0.0000000E+0
13360736,1/10/2021,4:23:14 PM,-3.4103836E+1,3.9998409E+1,3.8566208E+3,0.0000000E+0
13360737,1/10/2021,4:23:14 PM,-2.6336035E+1,3.7310349E+1,3.8584065E+3,0.0000000E+0
13360738,1/10/2021,4:23:14 PM,-1.7880863E+1,3.4192192E+1,3.8628713E+3,0.0000000E+0
13360739,1/10/2021,4:23:14 PM,-6.1602793E+0,2.8950462E+1,3.8584065E+3,0.0000000E+0
13360740,1/10/2021,4:23:14 PM,2.7619038E+0,2.4864603E+1,3.8655500E+3,0.0000000E+0
13360741,1/10/2021,4:23:14 PM,1.1657428E+1,1.7203939E+1,3.8548347E+3,0.0000000E+0
13360742,1/10/2021,4:23:14 PM,2.0541283E+1,1.0864806E+1,3.8628713E+3,0.0000000E+0
13360743,1/10/2021,4:23:14 PM,2.3196991E+1,8.1685476E+0,3.8566208E+3,0.0000000E+0
13360744,1/10/2021,4:23:14 PM,2.7346912E+1,6.7034206E+0,3.8673359E+3,0.0000000E+0
13360745,1/10/2021,4:23:14 PM,3.0991392E+1,3.1431859E+0,3.8584065E+3,0.0000000E+0
13360746,1/10/2021,4:23:15 PM,3.0884985E+1,8.9931148E-1,3.8646572E+3,0.0000000E+0
13360747,1/10/2021,4:23:15 PM,2.9581484E+1,-4.2755332E+0,3.8566208E+3,0.0000000E+0
13360748,1/10/2021,4:23:15 PM,2.6070013E+1,-6.6076961E+0,3.8584065E+3,0.0000000E+0
13360749,1/10/2021,4:23:15 PM,2.3622625E+1,-8.7721481E+0,3.8619785E+3,0.0000000E+0
13360750,1/10/2021,4:23:15 PM,1.9962358E+1,-1.3337706E+1,3.8584065E+3,0.0000000E+0
13360751,1/10/2021,4:23:15 PM,1.8012436E+1,-2.1423880E+1,3.8584065E+3,0.0000000E+0
13360752,1/10/2021,4:23:15 PM,1.6404606E+1,-3.0912748E+1,3.8467981E+3,0.0000000E+0
13360753,1/10/2021,4:23:15 PM,1.2483710E+1,-3.7767315E+1,3.8539419E+3,0.0000000E+0
13360754,1/10/2021,4:23:15 PM,1.1331125E+1,-4.3627300E+1,3.8485842E+3,0.0000000E+0
13360755,1/10/2021,4:23:15 PM,1.0873249E+1,-5.0723789E+1,3.8494771E+3,0.0000000E+0
13360756,1/10/2021,4:23:16 PM,1.0978508E+1,-5.6126801E+1,3.8494771E+3,0.0000000E+0
13360757,1/10/2021,4:23:16 PM,1.1886367E+1,-6.3250175E+1,3.8441196E+3,0.0000000E+0
13360758,1/10/2021,4:23:16 PM,1.0465370E+1,-6.6852188E+1,3.8405476E+3,0.0000000E+0
13360759,1/10/2021,4:23:16 PM,6.1971202E+0,-6.4513565E+1,3.8459053E+3,0.0000000E+0
13360760,1/10/2021,4:23:16 PM,5.2194829E+0,-6.1234131E+1,3.8459053E+3,0.0000000E+0
13360761,1/10/2021,4:23:16 PM,5.2503910E+0,-5.6933220E+1,3.8512629E+3,0.0000000E+0
13360762,1/10/2021,4:23:16 PM,5.2511835E+0,-5.4567726E+1,3.8459053E+3,0.0000000E+0
13360763,1/10/2021,4:23:16 PM,-7.6044035E-1,-4.8895908E+1,3.8476914E+3,0.0000000E+0
13360764,1/10/2021,4:23:16 PM,-7.0891895E+0,-4.0858593E+1,3.8485842E+3,0.0000000E+0
13360765,1/10/2021,4:23:16 PM,-1.0362743E+1,-3.2955681E+1,3.8530491E+3,0.0000000E+0
13360766,1/10/2021,4:23:17 PM,-9.8338165E+0,-2.5402216E+1,3.8575137E+3,0.0000000E+0
13360767,1/10/2021,4:23:17 PM,-1.2796856E+1,-2.0617460E+1,3.8512629E+3,0.0000000E+0
13360768,1/10/2021,4:23:17 PM,-1.4773092E+1,-1.7265097E+1,3.8530491E+3,0.0000000E+0
13360769,1/10/2021,4:23:17 PM,-2.0563389E+1,-1.0569654E+1,3.8512629E+3,0.0000000E+0
13360770,1/10/2021,4:23:17 PM,-2.5325157E+1,-3.5676160E+0,3.8557275E+3,0.0000000E+0
13360771,1/10/2021,4:23:17 PM,-2.6868074E+1,3.7894409E+0,3.8584065E+3,0.0000000E+0
13360772,1/10/2021,4:23:17 PM,-2.9049444E+1,8.5142221E+0,3.8539419E+3,0.0000000E+0
13360773,1/10/2021,4:23:17 PM,-3.2986546E+1,1.4550225E+1,3.8539419E+3,0.0000000E+0
13360774,1/10/2021,4:23:17 PM,-3.8972012E+1,2.1961493E+1,3.8530491E+3,0.0000000E+0
13360775,1/10/2021,4:23:17 PM,-4.3893391E+1,3.2713753E+1,3.8619785E+3,0.0000000E+0
13360776,1/10/2021,4:23:18 PM,-4.9027588E+1,4.2068222E+1,3.8610852E+3,0.0000000E+0
13360777,1/10/2021,4:23:18 PM,-5.1794201E+1,4.8600220E+1,3.8637642E+3,0.0000000E+0
13360778,1/10/2021,4:23:18 PM,-5.5997326E+1,5.2632317E+1,3.8619785E+3,0.0000000E+0
13360779,1/10/2021,4:23:18 PM,-6.0493073E+1,5.4648369E+1,3.8584065E+3,0.0000000E+0
13360780,1/10/2021,4:23:18 PM,-6.4509987E+1,5.8572945E+1,3.8655500E+3,0.0000000E+0
13360781,1/10/2021,4:23:18 PM,-6.8287476E+1,6.0588989E+1,3.8655500E+3,0.0000000E+0
13360782,1/10/2021,4:23:18 PM,-6.8367279E+1,5.5965523E+1,3.8637642E+3,0.0000000E+0
13360783,1/10/2021,4:23:18 PM,-6.7170189E+1,4.6745457E+1,3.8575137E+3,0.0000000E+0
13360784,1/10/2021,4:23:18 PM,-6.5600670E+1,3.7686672E+1,3.8601924E+3,0.0000000E+0
13360785,1/10/2021,4:23:18 PM,-6.2727646E+1,2.8251566E+1,3.8566208E+3,0.0000000E+0
13360786,1/10/2021,4:23:19 PM,-5.7832870E+1,1.6302528E+1,3.8530491E+3,0.0000000E+0
13360787,1/10/2021,4:23:19 PM,-5.0916332E+1,5.2223396E+0,3.8539419E+3,0.0000000E+0
13360788,1/10/2021,4:23:19 PM,-4.6154568E+1,-3.1223648E+0,3.8476914E+3,0.0000000E+0
13360789,1/10/2021,4:23:19 PM,-3.8067539E+1,-9.3597937E+0,3.8512629E+3,0.0000000E+0
13360790,1/10/2021,4:23:19 PM,-3.0539160E+1,-1.6068533E+1,3.8485842E+3,0.0000000E+0
13360791,1/10/2021,4:23:19 PM,-2.2531940E+1,-2.3977543E+1,3.8476914E+3,0.0000000E+0
13360792,1/10/2021,4:23:19 PM,-1.2449501E+1,-3.0724586E+1,3.8459053E+3,0.0000000E+0
13360793,1/10/2021,4:23:19 PM,-2.4125044E-1,-3.7068420E+1,3.8476914E+3,0.0000000E+0
13360794,1/10/2021,4:23:19 PM,1.0986402E+1,-4.0105934E+1,3.8530491E+3,0.0000000E+0
13360795,1/10/2021,4:23:19 PM,2.1813686E+1,-4.4917572E+1,3.8494771E+3,0.0000000E+0
13360796,1/10/2021,4:23:20 PM,3.1762854E+1,-4.9756088E+1,3.8521558E+3,0.0000000E+0
13360797,1/10/2021,4:23:20 PM,4.2377071E+1,-5.3196812E+1,3.8485842E+3,0.0000000E+0
13360798,1/10/2021,4:23:20 PM,5.3736149E+1,-5.5051579E+1,3.8548347E+3,0.0000000E+0
13360799,1/10/2021,4:23:20 PM,6.3765125E+1,-5.5024693E+1,3.8575137E+3,0.0000000E+0
13360800,1/10/2021,4:23:20 PM,7.3528076E+1,-5.7309551E+1,3.8566208E+3,0.0000000E+0
13360801,1/10/2021,4:23:20 PM,8.2519577E+1,-5.9137436E+1,3.8566208E+3,0.0000000E+0
13360802,1/10/2021,4:23:20 PM,8.6323669E+1,-6.0024498E+1,3.8521558E+3,0.0000000E+0
13360803,1/10/2021,4:23:20 PM,8.9755333E+1,-5.8438541E+1,3.8575137E+3,0.0000000E+0
13360804,1/10/2021,4:23:20 PM,8.8292221E+1,-5.3626900E+1,3.8548347E+3,0.0000000E+0
13360805,1/10/2021,4:23:20 PM,8.1854523E+1,-4.6772335E+1,3.8610852E+3,0.0000000E+0
13360806,1/10/2021,4:23:21 PM,7.1985161E+1,-4.1665012E+1,3.8521558E+3,0.0000000E+0
13360807,1/10/2021,4:23:21 PM,5.7274223E+1,-3.5724388E+1,3.8467981E+3,0.0000000E+0
13360808,1/10/2021,4:23:21 PM,4.5329903E+1,-2.4918364E+1,3.8548347E+3,0.0000000E+0
13360809,1/10/2021,4:23:21 PM,3.3092957E+1,-1.2064030E+1,3.8584065E+3,0.0000000E+0
13360810,1/10/2021,4:23:21 PM,1.9628160E+1,-1.3709122E-1,3.8601924E+3,0.0000000E+0
13360811,1/10/2021,4:23:21 PM,6.9207754E+0,9.2880001E+0,3.8575137E+3,0.0000000E+0
13360812,1/10/2021,4:23:21 PM,-5.9366045E+0,1.7363482E+1,3.8530491E+3,0.0000000E+0
13360813,1/10/2021,4:23:21 PM,-1.2204775E+1,2.5778547E+1,3.8610852E+3,0.0000000E+0
13360814,1/10/2021,4:23:21 PM,-1.7512457E+1,3.5321178E+1,3.8673359E+3,0.0000000E+0
13360815,1/10/2021,4:23:21 PM,-2.4606901E+1,4.2148861E+1,3.8655500E+3,0.0000000E+0
13360816,1/10/2021,4:23:22 PM,-3.7296082E+1,4.7390591E+1,3.8637642E+3,0.0000000E+0
13360817,1/10/2021,4:23:22 PM,-5.2033623E+1,5.2578560E+1,3.8566208E+3,0.0000000E+0
13360818,1/10/2021,4:23:22 PM,-6.1450748E+1,5.6664417E+1,3.8691218E+3,0.0000000E+0
13360819,1/10/2021,4:23:22 PM,-6.2568031E+1,5.7309551E+1,3.8619785E+3,0.0000000E+0
13360820,1/10/2021,4:23:22 PM,-7.0522049E+1,5.6798817E+1,3.8610852E+3,0.0000000E+0
13360821,1/10/2021,4:23:22 PM,-8.2625984E+1,5.5562309E+1,3.8619785E+3,0.0000000E+0
13360822,1/10/2021,4:23:22 PM,-9.4543701E+1,4.9971134E+1,3.8459053E+3,0.0000000E+0
13360823,1/10/2021,4:23:22 PM,-9.8933037E+1,4.7121784E+1,3.8584065E+3,0.0000000E+0
13360824,1/10/2021,4:23:22 PM,-1.0185928E+2,4.4433720E+1,3.8584065E+3,0.0000000E+0
13360825,1/10/2021,4:23:22 PM,-1.0191247E+2,3.6369522E+1,3.8503701E+3,0.0000000E+0
13360826,1/10/2021,4:23:23 PM,-1.0108781E+2,2.9703123E+1,3.8512629E+3,0.0000000E+0
13360827,1/10/2021,4:23:23 PM,-1.0491850E+2,2.4031303E+1,3.8467981E+3,0.0000000E+0
13360828,1/10/2021,4:23:23 PM,-1.0199228E+2,1.7794245E+1,3.8476914E+3,0.0000000E+0
13360829,1/10/2021,4:23:23 PM,-9.2309135E+1,1.3444068E+1,3.8548347E+3,0.0000000E+0
13360830,1/10/2021,4:23:23 PM,-7.9008102E+1,7.0810037E+0,3.8512629E+3,0.0000000E+0
13360831,1/10/2021,4:23:23 PM,-6.9138741E+1,-5.0995803E-1,3.8521558E+3,0.0000000E+0
13360832,1/10/2021,4:23:23 PM,-6.2328617E+1,-1.0202707E+1,3.8441196E+3,0.0000000E+0
13360833,1/10/2021,4:23:23 PM,-5.0996140E+1,-1.5720200E+1,3.8476914E+3,0.0000000E+0
13360834,1/10/2021,4:23:23 PM,-3.9264633E+1,-1.8626522E+1,3.8548347E+3,0.0000000E+0
13360835,1/10/2021,4:23:23 PM,-2.5750790E+1,-2.0248531E+1,3.8566208E+3,0.0000000E+0
13360836,1/10/2021,4:23:24 PM,-1.7475616E+1,-2.4837723E+1,3.8566208E+3,0.0000000E+0
13360837,1/10/2021,4:23:24 PM,-1.1452173E+1,-3.3116962E+1,3.8476914E+3,0.0000000E+0
13360838,1/10/2021,4:23:24 PM,-7.0342714E-1,-4.2552071E+1,3.8494771E+3,0.0000000E+0
13360839,1/10/2021,4:23:24 PM,9.7048740E+0,-4.6852978E+1,3.8512629E+3,0.0000000E+0
13360840,1/10/2021,4:23:24 PM,1.8670305E+1,-4.9594803E+1,3.8557275E+3,0.0000000E+0
13360841,1/10/2021,4:23:24 PM,2.5697586E+1,-5.5239738E+1,3.8530491E+3,0.0000000E+0
13360842,1/10/2021,4:23:24 PM,2.8198179E+1,-6.0884678E+1,3.8459053E+3,0.0000000E+0
13360843,1/10/2021,4:23:24 PM,3.2215088E+1,-6.6664017E+1,3.8441196E+3,0.0000000E+0
13360844,1/10/2021,4:23:24 PM,4.0887360E+1,-6.9997223E+1,3.8441196E+3,0.0000000E+0
13360845,1/10/2021,4:23:24 PM,5.3656342E+1,-6.9459602E+1,3.8530491E+3,0.0000000E+0
13360846,1/10/2021,4:23:25 PM,6.3366093E+1,-6.7739250E+1,3.8557275E+3,0.0000000E+0
13360847,1/10/2021,4:23:25 PM,6.7436211E+1,-6.6771545E+1,3.8476914E+3,0.0000000E+0
13360848,1/10/2021,4:23:25 PM,7.2623611E+1,-6.7524200E+1,3.8476914E+3,0.0000000E+0
13360849,1/10/2021,4:23:25 PM,7.7837616E+1,-6.2497517E+1,3.8539419E+3,0.0000000E+0
13360850,1/10/2021,4:23:25 PM,8.3264435E+1,-5.6503132E+1,3.8566208E+3,0.0000000E+0
13360851,1/10/2021,4:23:25 PM,8.4514725E+1,-4.9406639E+1,3.8601924E+3,0.0000000E+0
13360852,1/10/2021,4:23:25 PM,7.8210037E+1,-4.1960701E+1,3.8575137E+3,0.0000000E+0
13360853,1/10/2021,4:23:25 PM,6.7250000E+1,-3.4192192E+1,3.8566208E+3,0.0000000E+0
13360854,1/10/2021,4:23:25 PM,5.7088009E+1,-2.2875435E+1,3.8601924E+3,0.0000000E+0
13360855,1/10/2021,4:23:25 PM,4.9080791E+1,-1.3898763E+1,3.8619785E+3,0.0000000E+0
13360856,1/10/2021,4:23:26 PM,4.1233185E+1,-5.1283979E+0,3.8637642E+3,0.0000000E+0
13360857,1/10/2021,4:23:26 PM,2.6708464E+1,1.8122368E+0,3.8584065E+3,0.0000000E+0
13360858,1/10/2021,4:23:26 PM,1.2133724E+1,8.6817408E+0,3.8601924E+3,0.0000000E+0
13360859,1/10/2021,4:23:26 PM,-2.2951145E+0,1.4624679E+1,3.8575137E+3,0.0000000E+0
13360860,1/10/2021,4:23:26 PM,-1.4041542E+1,1.8110670E+1,3.8530491E+3,0.0000000E+0
13360861,1/10/2021,4:23:26 PM,-2.2026503E+1,2.5214052E+1,3.8628713E+3,0.0000000E+0
13360862,1/10/2021,4:23:26 PM,-3.1869261E+1,3.0778347E+1,3.8566208E+3,0.0000000E+0
13360863,1/10/2021,4:23:26 PM,-4.2589890E+1,3.3708340E+1,3.8548347E+3,0.0000000E+0
13360864,1/10/2021,4:23:26 PM,-4.7697483E+1,3.7740437E+1,3.8637642E+3,0.0000000E+0
13360865,1/10/2021,4:23:26 PM,-5.4454403E+1,4.2874641E+1,3.8584065E+3,0.0000000E+0
13360866,1/10/2021,4:23:27 PM,-6.5334648E+1,4.4810047E+1,3.8521558E+3,0.0000000E+0
13360867,1/10/2021,4:23:27 PM,-7.4751770E+1,4.9137836E+1,3.8548347E+3,0.0000000E+0
13360868,1/10/2021,4:23:27 PM,-8.3557060E+1,5.8680462E+1,3.8718008E+3,0.0000000E+0
13360869,1/10/2021,4:23:27 PM,-8.2173752E+1,5.4863415E+1,3.8584065E+3,0.0000000E+0
13360870,1/10/2021,4:23:27 PM,-7.9646553E+1,4.8062607E+1,3.8566208E+3,0.0000000E+0
13360871,1/10/2021,4:23:27 PM,-8.0231804E+1,4.1799416E+1,3.8548347E+3,0.0000000E+0
13360872,1/10/2021,4:23:27 PM,-7.8609070E+1,3.6718971E+1,3.8548347E+3,0.0000000E+0
13360873,1/10/2021,4:23:27 PM,-7.4405945E+1,3.3681458E+1,3.8584065E+3,0.0000000E+0
13360874,1/10/2021,4:23:27 PM,-7.0628456E+1,2.7364504E+1,3.8566208E+3,0.0000000E+0
13360875,1/10/2021,4:23:27 PM,-6.2834057E+1,1.5433024E+1,3.8485842E+3,0.0000000E+0
13360876,1/10/2021,4:23:28 PM,-5.4081982E+1,6.6927848E+0,3.8459053E+3,0.0000000E+0
13360877,1/10/2021,4:23:28 PM,-4.8069912E+1,6.2699981E+0,3.8548347E+3,0.0000000E+0
13360878,1/10/2021,4:23:28 PM,-4.6340782E+1,5.7381921E+0,3.8512629E+3,0.0000000E+0
13360879,1/10/2021,4:23:28 PM,-3.8839001E+1,3.2456899E+0,3.8566208E+3,0.0000000E+0
13360880,1/10/2021,4:23:28 PM,-3.0273138E+1,-1.1119325E+0,3.8530491E+3,0.0000000E+0
13360881,1/10/2021,4:23:28 PM,-2.3596022E+1,-4.6415048E+0,3.8503701E+3,0.0000000E+0
13360882,1/10/2021,4:23:28 PM,-2.0696398E+1,-7.2432046E+0,3.8512629E+3,0.0000000E+0
13360883,1/10/2021,4:23:28 PM,-1.3959968E+1,-5.3958693E+0,3.8575137E+3,0.0000000E+0
13360884,1/10/2021,4:23:28 PM,-7.0760322E+0,-5.3109832E+0,3.8637642E+3,0.0000000E+0
13360885,1/10/2021,4:23:28 PM,1.4090861E+0,-1.0335659E+1,3.8575137E+3,0.0000000E+0
13360886,1/10/2021,4:23:29 PM,8.3917694E+0,-1.7632044E+1,3.8557275E+3,0.0000000E+0
13360887,1/10/2021,4:23:29 PM,1.4596785E+1,-2.3251766E+1,3.8530491E+3,0.0000000E+0
13360888,1/10/2021,4:23:29 PM,1.5180971E+1,-2.4568918E+1,3.8557275E+3,0.0000000E+0
13360889,1/10/2021,4:23:29 PM,2.0829409E+1,-2.7015057E+1,3.8584065E+3,0.0000000E+0
13360890,1/10/2021,4:23:29 PM,2.3649227E+1,-3.0186972E+1,3.8584065E+3,0.0000000E+0
13360891,1/10/2021,4:23:29 PM,2.7320311E+1,-3.7767315E+1,3.8494771E+3,0.0000000E+0
13360892,1/10/2021,4:23:29 PM,2.8038567E+1,-4.5992794E+1,3.8432266E+3,0.0000000E+0
13360893,1/10/2021,4:23:29 PM,2.9741098E+1,-4.4406837E+1,3.8530491E+3,0.0000000E+0
13360894,1/10/2021,4:23:29 PM,2.5537973E+1,-3.8735020E+1,3.8601924E+3,0.0000000E+0
13360895,1/10/2021,4:23:29 PM,1.9543955E+1,-3.8976948E+1,3.8459053E+3,0.0000000E+0
13360896,1/10/2021,4:23:30 PM,1.6480919E+1,-3.7794197E+1,3.8548347E+3,0.0000000E+0
13360897,1/10/2021,4:23:30 PM,1.0270641E+1,-3.3735218E+1,3.8485842E+3,0.0000000E+0
13360898,1/10/2021,4:23:30 PM,3.0226402E+0,-3.0025690E+1,3.8548347E+3,0.0000000E+0
13360899,1/10/2021,4:23:30 PM,-2.2562811E+0,-2.3977543E+1,3.8548347E+3,0.0000000E+0
13360900,1/10/2021,4:23:30 PM,-9.3969927E+0,-1.9179600E+1,3.8584065E+3,0.0000000E+0
13360901,1/10/2021,4:23:30 PM,-1.0249589E+1,-2.0139511E+1,3.8539419E+3,0.0000000E+0
13360902,1/10/2021,4:23:30 PM,-1.0694308E+1,-2.2606628E+1,3.8503701E+3,0.0000000E+0
13360903,1/10/2021,4:23:30 PM,-9.7259264E+0,-2.2364702E+1,3.8557275E+3,0.0000000E+0
13360904,1/10/2021,4:23:30 PM,-1.1644270E+1,-2.1155073E+1,3.8530491E+3,0.0000000E+0
13360905,1/10/2021,4:23:30 PM,-1.0504842E+1,-2.2714151E+1,3.8530491E+3,0.0000000E+0
13360906,1/10/2021,4:23:31 PM,-6.7628870E+0,-2.3950661E+1,3.8530491E+3,0.0000000E+0
13360907,1/10/2021,4:23:31 PM,-8.4443989E+0,-2.5402216E+1,3.8476914E+3,0.0000000E+0
13360908,1/10/2021,4:23:31 PM,-1.0057492E+1,-2.1907732E+1,3.8494771E+3,0.0000000E+0
13360909,1/10/2021,4:23:31 PM,-9.6680336E+0,-1.6802425E+1,3.8557275E+3,0.0000000E+0
13360910,1/10/2021,4:23:31 PM,-1.5546746E+1,-1.0253229E+1,3.8530491E+3,0.0000000E+0
13360911,1/10/2021,4:23:31 PM,-1.9415012E+1,-6.9400744E+0,3.8521558E+3,0.0000000E+0
13360912,1/10/2021,4:23:31 PM,-2.0589991E+1,-2.0652933E+0,3.8530491E+3,0.0000000E+0
13360913,1/10/2021,4:23:31 PM,-2.5005932E+1,4.5478096E+0,3.8539419E+3,0.0000000E+0
13360914,1/10/2021,4:23:31 PM,-2.8144974E+1,1.2143802E+1,3.8601924E+3,0.0000000E+0
13360915,1/10/2021,4:23:31 PM,-2.9501680E+1,1.6666815E+1,3.8584065E+3,0.0000000E+0
13360916,1/10/2021,4:23:32 PM,-2.8677013E+1,1.8740860E+1,3.8619785E+3,0.0000000E+0
13360917,1/10/2021,4:23:32 PM,-2.5458166E+1,1.7634705E+1,3.8548347E+3,0.0000000E+0
13360918,1/10/2021,4:23:32 PM,-2.1521063E+1,1.7459208E+1,3.8584065E+3,0.0000000E+0
13360919,1/10/2021,4:23:32 PM,-1.8291372E+1,1.7788927E+1,3.8628713E+3,0.0000000E+0
13360920,1/10/2021,4:23:32 PM,-1.7659821E+1,1.6956650E+1,3.8575137E+3,0.0000000E+0
13360921,1/10/2021,4:23:32 PM,-1.6530918E+1,1.4497046E+1,3.8619785E+3,0.0000000E+0
13360922,1/10/2021,4:23:32 PM,-1.4283639E+1,1.0218662E+1,3.8530491E+3,0.0000000E+0
13360923,1/10/2021,4:23:32 PM,-1.3652084E+1,8.2217283E+0,3.8566208E+3,0.0000000E+0
13360924,1/10/2021,4:23:32 PM,-1.2873169E+1,5.7647824E+0,3.8557275E+3,0.0000000E+0
13360925,1/10/2021,4:23:32 PM,-1.3004742E+1,4.9089756E+0,3.8566208E+3,0.0000000E+0
13360926,1/10/2021,4:23:33 PM,-1.3523143E+1,2.2622931E+0,3.8557275E+3,0.0000000E+0
13360927,1/10/2021,4:23:33 PM,-1.2783698E+1,-8.1481266E-1,3.8512629E+3,0.0000000E+0
13360928,1/10/2021,4:23:33 PM,-1.1328494E+1,-2.1173460E+0,3.8539419E+3,0.0000000E+0
13360929,1/10/2021,4:23:33 PM,-9.0338488E+0,-1.7257491E+0,3.8539419E+3,0.0000000E+0
13360930,1/10/2021,4:23:33 PM,-5.6550364E+0,-1.7665905E+0,3.8584065E+3,0.0000000E+0
13360931,1/10/2021,4:23:33 PM,-5.1655042E-1,-4.1930499E+0,3.8557275E+3,0.0000000E+0
13360932,1/10/2021,4:23:33 PM,5.8918695E+0,-7.9292345E+0,3.8548347E+3,0.0000000E+0
13360933,1/10/2021,4:23:33 PM,1.4830985E+1,-1.2502770E+1,3.8539419E+3,0.0000000E+0
13360934,1/10/2021,4:23:33 PM,2.2186113E+1,-1.4302936E+1,3.8566208E+3,0.0000000E+0
13360935,1/10/2021,4:23:33 PM,2.8597210E+1,-1.5409093E+1,3.8566208E+3,0.0000000E+0
13360936,1/10/2021,4:23:34 PM,3.3119560E+1,-1.5550021E+1,3.8601924E+3,0.0000000E+0
13360937,1/10/2021,4:23:34 PM,3.4024029E+1,-1.5326663E+1,3.8548347E+3,0.0000000E+0
13360938,1/10/2021,4:23:34 PM,3.2826935E+1,-1.4486409E+1,3.8566208E+3,0.0000000E+0
13360939,1/10/2021,4:23:34 PM,2.7745943E+1,-1.0045825E+1,3.8566208E+3,0.0000000E+0
13360940,1/10/2021,4:23:34 PM,2.2212717E+1,-5.4791536E+0,3.8601924E+3,0.0000000E+0
13360941,1/10/2021,4:23:34 PM,1.6883533E+1,-5.0675744E-1,3.8601924E+3,0.0000000E+0
13360942,1/10/2021,4:23:34 PM,9.1154242E+0,3.0727143E+0,3.8601924E+3,0.0000000E+0
13360943,1/10/2021,4:23:34 PM,-6.3638383E-1,4.9858537E+0,3.8539419E+3,0.0000000E+0
13360944,1/10/2021,4:23:34 PM,-1.2617915E+1,7.3336115E+0,3.8530491E+3,0.0000000E+0
13360945,1/10/2021,4:23:34 PM,-2.0829409E+1,1.2311320E+1,3.8601924E+3,0.0000000E+0
13360946,1/10/2021,4:23:35 PM,-2.7320311E+1,1.4499704E+1,3.8584065E+3,0.0000000E+0
13360947,1/10/2021,4:23:35 PM,-3.2720528E+1,1.4273686E+1,3.8557275E+3,0.0000000E+0
13360948,1/10/2021,4:23:35 PM,-4.0621338E+1,1.3882809E+1,3.8512629E+3,0.0000000E+0
13360949,1/10/2021,4:23:35 PM,-4.8335934E+1,1.4640633E+1,3.8530491E+3,0.0000000E+0
13360950,1/10/2021,4:23:35 PM,-5.3948967E+1,1.7682566E+1,3.8566208E+3,0.0000000E+0
13360951,1/10/2021,4:23:35 PM,-5.7407238E+1,1.9004105E+1,3.8592996E+3,0.0000000E+0
13360952,1/10/2021,4:23:35 PM,-6.0599483E+1,1.7674587E+1,3.8548347E+3,0.0000000E+0
13360953,1/10/2021,4:23:35 PM,-6.5999695E+1,1.4185938E+1,3.8503701E+3,0.0000000E+0
13360954,1/10/2021,4:23:35 PM,-7.1213699E+1,1.2404387E+1,3.8503701E+3,0.0000000E+0
13360955,1/10/2021,4:23:35 PM,-7.4884781E+1,1.3098393E+1,3.8530491E+3,0.0000000E+0
13360956,1/10/2021,4:23:36 PM,-7.7598198E+1,1.4587452E+1,3.8566208E+3,0.0000000E+0
13360957,1/10/2021,4:23:36 PM,-7.8210037E+1,1.2914921E+1,3.8557275E+3,0.0000000E+0
13360958,1/10/2021,4:23:36 PM,-7.6959747E+1,7.4133821E+0,3.8512629E+3,0.0000000E+0
13360959,1/10/2021,4:23:36 PM,-7.6347900E+1,2.4288619E+0,3.8476914E+3,0.0000000E+0
13360960,1/10/2021,4:23:36 PM,-7.3129051E+1,-1.0380526E+0,3.8530491E+3,0.0000000E+0
13360961,1/10/2021,4:23:36 PM,-6.6505135E+1,-2.6074429E+0,3.8530491E+3,0.0000000E+0
13360962,1/10/2021,4:23:36 PM,-5.7194420E+1,-7.6739678E+0,3.8530491E+3,0.0000000E+0
13360963,1/10/2021,4:23:36 PM,-4.3308144E+1,-1.9038671E+1,3.8485842E+3,0.0000000E+0
13360964,1/10/2021,4:23:36 PM,-2.9874107E+1,-2.8305328E+1,3.8459053E+3,0.0000000E+0
13360965,1/10/2021,4:23:36 PM,-1.3378411E+1,-3.4595402E+1,3.8503701E+3,0.0000000E+0
13360966,1/10/2021,4:23:37 PM,3.5448506E-1,-3.9030708E+1,3.8503701E+3,0.0000000E+0
13360967,1/10/2021,4:23:37 PM,1.3323150E+1,-4.2793999E+1,3.8584065E+3,0.0000000E+0
13360968,1/10/2021,4:23:37 PM,2.6070013E+1,-5.0239937E+1,3.8459053E+3,0.0000000E+0
13360969,1/10/2021,4:23:37 PM,3.5540344E+1,-5.5992397E+1,3.8512629E+3,0.0000000E+0
13360970,1/10/2021,4:23:37 PM,4.2164257E+1,-5.6153683E+1,3.8512629E+3,0.0000000E+0
13360971,1/10/2021,4:23:37 PM,4.4505238E+1,-5.4379559E+1,3.8530491E+3,0.0000000E+0
13360972,1/10/2021,4:23:37 PM,4.5170288E+1,-5.0347466E+1,3.8584065E+3,0.0000000E+0
13360973,1/10/2021,4:23:37 PM,4.5250095E+1,-4.8062607E+1,3.8530491E+3,0.0000000E+0
13360974,1/10/2021,4:23:37 PM,4.3494358E+1,-4.6234722E+1,3.8521558E+3,0.0000000E+0
13360975,1/10/2021,4:23:37 PM,4.5835342E+1,-4.3600418E+1,3.8539419E+3,0.0000000E+0
13360976,1/10/2021,4:23:38 PM,4.8655159E+1,-3.9191990E+1,3.8566208E+3,0.0000000E+0
13360977,1/10/2021,4:23:38 PM,4.7458065E+1,-3.4192192E+1,3.8566208E+3,0.0000000E+0
13360978,1/10/2021,4:23:38 PM,4.9080791E+1,-3.2740635E+1,3.8566208E+3,0.0000000E+0
13360979,1/10/2021,4:23:38 PM,5.4800236E+1,-3.4219070E+1,3.8548347E+3,0.0000000E+0
13360980,1/10/2021,4:23:38 PM,5.6662376E+1,-3.4649158E+1,3.8530491E+3,0.0000000E+0
13360981,1/10/2021,4:23:38 PM,5.9695011E+1,-3.3815861E+1,3.8548347E+3,0.0000000E+0
13360982,1/10/2021,4:23:38 PM,5.7859467E+1,-2.8627895E+1,3.8584065E+3,0.0000000E+0
13360983,1/10/2021,4:23:38 PM,5.2991295E+1,-2.3762497E+1,3.8557275E+3,0.0000000E+0
13360984,1/10/2021,4:23:38 PM,4.6793015E+1,-1.7374119E+1,3.8584065E+3,0.0000000E+0
13360985,1/10/2021,4:23:38 PM,3.6817245E+1,-9.9421225E+0,3.8566208E+3,0.0000000E+0
13360986,1/10/2021,4:23:39 PM,2.8038567E+1,-2.2462766E+0,3.8575137E+3,0.0000000E+0
13360987,1/10/2021,4:23:39 PM,1.4299427E+1,9.0885725E+0,3.8610852E+3,0.0000000E+0
13360988,1/10/2021,4:23:39 PM,-8.6232519E-1,2.0179398E+1,3.8610852E+3,0.0000000E+0
13360989,1/10/2021,4:23:39 PM,-1.5851997E+1,3.0106333E+1,3.8619785E+3,0.0000000E+0
13360990,1/10/2021,4:23:39 PM,-3.2587517E+1,3.9514557E+1,3.8601924E+3,0.0000000E+0
13360991,1/10/2021,4:23:39 PM,-3.9743469E+1,4.3761700E+1,3.8646572E+3,0.0000000E+0
13360992,1/10/2021,4:23:39 PM,-4.7724087E+1,4.8008846E+1,3.8619785E+3,0.0000000E+0
13360993,1/10/2021,4:23:39 PM,-6.4696198E+1,5.1987183E+1,3.8575137E+3,0.0000000E+0
13360994,1/10/2021,4:23:39 PM,-7.4964592E+1,5.1073238E+1,3.8539419E+3,0.0000000E+0
13360995,1/10/2021,4:23:39 PM,-8.0737236E+1,5.4083874E+1,3.8655500E+3,0.0000000E+0
13360996,1/10/2021,4:23:40 PM,-8.0630829E+1,5.0481865E+1,3.8601924E+3,0.0000000E+0
13360997,1/10/2021,4:23:40 PM,-7.9885971E+1,3.9998409E+1,3.8503701E+3,0.0000000E+0
13360998,1/10/2021,4:23:40 PM,-8.3184624E+1,3.4326591E+1,3.8512629E+3,0.0000000E+0
13360999,1/10/2021,4:23:40 PM,-8.6935516E+1,3.0697704E+1,3.8494771E+3,0.0000000E+0
13361000,1/10/2021,4:23:40 PM,-8.3344238E+1,2.9031105E+1,3.8601924E+3,0.0000000E+0
13361001,1/10/2021,4:23:40 PM,-8.2226952E+1,2.5402216E+1,3.8530491E+3,0.0000000E+0
13361002,1/10/2021,4:23:40 PM,-7.8742081E+1,1.6236052E+1,3.8476914E+3,0.0000000E+0
13361003,1/10/2021,4:23:40 PM,-7.2224579E+1,1.0210684E+1,3.8476914E+3,0.0000000E+0
13361004,1/10/2021,4:23:40 PM,-6.9830391E+1,1.0641448E+1,3.8539419E+3,0.0000000E+0
13361005,1/10/2021,4:23:40 PM,-6.6531738E+1,8.9050999E+0,3.8512629E+3,0.0000000E+0
13361006,1/10/2021,4:23:41 PM,-5.5385483E+1,5.6158767E+0,3.8557275E+3,0.0000000E+0
13361007,1/10/2021,4:23:41 PM,-4.6314175E+1,8.2964092E-1,3.8530491E+3,0.0000000E+0
13361008,1/10/2021,4:23:41 PM,-3.3545193E+1,-5.7193971E+0,3.8476914E+3,0.0000000E+0
13361009,1/10/2021,4:23:41 PM,-2.4527096E+1,-1.0410112E+1,3.8512629E+3,0.0000000E+0
13361010,1/10/2021,4:23:41 PM,-1.5836207E+1,-1.2021485E+1,3.8548347E+3,0.0000000E+0
13361011,1/10/2021,4:23:41 PM,-4.7891493E+0,-1.3545111E+1,3.8628713E+3,0.0000000E+0
13361012,1/10/2021,4:23:41 PM,3.7533362E+0,-1.9682158E+1,3.8530491E+3,0.0000000E+0
13361013,1/10/2021,4:23:41 PM,8.7285976E+0,-2.4945246E+1,3.8548347E+3,0.0000000E+0
13361014,1/10/2021,4:23:41 PM,1.4225746E+1,-2.9299913E+1,3.8494771E+3,0.0000000E+0
13361015,1/10/2021,4:23:41 PM,1.5415173E+1,-2.9004225E+1,3.8584065E+3,0.0000000E+0
13361016,1/10/2021,4:23:42 PM,1.7767710E+1,-2.8923582E+1,3.8530491E+3,0.0000000E+0
13361017,1/10/2021,4:23:42 PM,2.1228439E+1,-3.1692289E+1,3.8575137E+3,0.0000000E+0
13361018,1/10/2021,4:23:42 PM,2.8650414E+1,-3.7498512E+1,3.8548347E+3,0.0000000E+0
13361019,1/10/2021,4:23:42 PM,3.0193331E+1,-4.2041340E+1,3.8459053E+3,0.0000000E+0
13361020,1/10/2021,4:23:42 PM,3.0086924E+1,-4.2713356E+1,3.8476914E+3,0.0000000E+0
13361021,1/10/2021,4:23:42 PM,3.2002274E+1,-3.7525391E+1,3.8548347E+3,0.0000000E+0
13361022,1/10/2021,4:23:42 PM,3.4689079E+1,-3.3681458E+1,3.8566208E+3,0.0000000E+0
13361023,1/10/2021,4:23:42 PM,3.4582672E+1,-3.1074034E+1,3.8494771E+3,0.0000000E+0
13361024,1/10/2021,4:23:42 PM,3.2959946E+1,-2.6665609E+1,3.8548347E+3,0.0000000E+0
13361025,1/10/2021,4:23:42 PM,2.6868074E+1,-1.8586637E+1,3.8512629E+3,0.0000000E+0
13361026,1/10/2021,4:23:43 PM,2.1627470E+1,-7.7803292E+0,3.8637642E+3,0.0000000E+0
13361027,1/10/2021,4:23:43 PM,2.0723001E+1,-1.0116478E+0,3.8619785E+3,0.0000000E+0
13361028,1/10/2021,4:23:43 PM,1.6791433E+1,3.2649090E+0,3.8610852E+3,0.0000000E+0
13361029,1/10/2021,4:23:43 PM,1.4207325E+1,5.5387645E+0,3.8601924E+3,0.0000000E+0
13361030,1/10/2021,4:23:43 PM,1.0273273E+1,8.2137508E+0,3.8637642E+3,0.0000000E+0
13361031,1/10/2021,4:23:43 PM,4.2645063E+0,1.2401728E+1,3.8655500E+3,0.0000000E+0
13361032,1/10/2021,4:23:43 PM,-4.4290835E-1,1.1588063E+1,3.8637642E+3,0.0000000E+0
13361033,1/10/2021,4:23:43 PM,-3.1225303E-1,5.5041971E+0,3.8610852E+3,0.0000000E+0
13361034,1/10/2021,4:23:43 PM,-5.2790027E-2,-3.3273723E+0,3.8566208E+3,0.0000000E+0
13361035,1/10/2021,4:23:43 PM,-6.3497458E+0,-9.7985344E+0,3.8530491E+3,0.0000000E+0
13361036,1/10/2021,4:23:44 PM,-8.7549124E+0,-1.7004513E+1,3.8539419E+3,0.0000000E+0
13361037,1/10/2021,4:23:44 PM,-1.0036440E+1,-2.2875435E+1,3.8539419E+3,0.0000000E+0
13361038,1/10/2021,4:23:44 PM,-1.1960047E+1,-3.1154676E+1,3.8512629E+3,0.0000000E+0
13361039,1/10/2021,4:23:44 PM,-1.1315336E+1,-4.0025295E+1,3.8441196E+3,0.0000000E+0
13361040,1/10/2021,4:23:44 PM,-1.7309834E+1,-4.3519775E+1,3.8441196E+3,0.0000000E+0
13361041,1/10/2021,4:23:44 PM,-2.3995054E+1,-4.2928402E+1,3.8459053E+3,0.0000000E+0
13361042,1/10/2021,4:23:44 PM,-2.8065166E+1,-3.9998409E+1,3.8476914E+3,0.0000000E+0
13361043,1/10/2021,4:23:44 PM,-3.1736252E+1,-3.7955482E+1,3.8467981E+3,0.0000000E+0
13361044,1/10/2021,4:23:44 PM,-3.3811214E+1,-3.5589985E+1,3.8476914E+3,0.0000000E+0
13361045,1/10/2021,4:23:44 PM,-3.6125591E+1,-3.3358891E+1,3.8450125E+3,0.0000000E+0
13361046,1/10/2021,4:23:45 PM,-3.7615307E+1,-2.7418266E+1,3.8503701E+3,0.0000000E+0
13361047,1/10/2021,4:23:45 PM,-3.9025215E+1,-2.2982958E+1,3.8494771E+3,0.0000000E+0
13361048,1/10/2021,4:23:45 PM,-3.9371040E+1,-1.9192896E+1,3.8494771E+3,0.0000000E+0
13361049,1/10/2021,4:23:45 PM,-3.6710838E+1,-1.6398252E+1,3.8512629E+3,0.0000000E+0
13361050,1/10/2021,4:23:45 PM,-3.6843845E+1,-1.2369819E+1,3.8494771E+3,0.0000000E+0
13361051,1/10/2021,4:23:45 PM,-3.2800335E+1,-8.0861177E+0,3.8512629E+3,0.0000000E+0
13361052,1/10/2021,4:23:45 PM,-3.0565762E+1,-1.3015665E-1,3.8548347E+3,0.0000000E+0
13361053,1/10/2021,4:23:45 PM,-3.2481110E+1,8.6471729E+0,3.8530491E+3,0.0000000E+0
13361054,1/10/2021,4:23:45 PM,-3.2028873E+1,1.6839653E+1,3.8566208E+3,0.0000000E+0
13361055,1/10/2021,4:23:45 PM,-3.0618967E+1,2.4864603E+1,3.8601924E+3,0.0000000E+0
13361056,1/10/2021,4:23:46 PM,-2.7825750E+1,2.9971928E+1,3.8575137E+3,0.0000000E+0
13361057,1/10/2021,4:23:46 PM,-2.6522249E+1,3.5052372E+1,3.8584065E+3,0.0000000E+0
13361058,1/10/2021,4:23:46 PM,-2.7054289E+1,4.2014462E+1,3.8610852E+3,0.0000000E+0
13361059,1/10/2021,4:23:46 PM,-2.6974483E+1,4.9137836E+1,3.8637642E+3,0.0000000E+0
13361060,1/10/2021,4:23:46 PM,-2.3409809E+1,5.3573139E+1,3.8655500E+3,0.0000000E+0
13361061,1/10/2021,4:23:46 PM,-1.6978268E+1,5.5804237E+1,3.8691218E+3,0.0000000E+0
13361062,1/10/2021,4:23:46 PM,-1.2765278E+1,5.4083874E+1,3.8655500E+3,0.0000000E+0
13361063,1/10/2021,4:23:46 PM,-9.2601557E+0,5.0428104E+1,3.8646572E+3,0.0000000E+0
13361064,1/10/2021,4:23:46 PM,-6.8576202E+0,4.6207844E+1,3.8646572E+3,0.0000000E+0
13361065,1/10/2021,4:23:46 PM,-1.7403560E+0,3.9111347E+1,3.8655500E+3,0.0000000E+0
13361066,1/10/2021,4:23:47 PM,4.3120570E+0,3.0106333E+1,3.8655500E+3,0.0000000E+0
13361067,1/10/2021,4:23:47 PM,7.8838949E+0,1.8328711E+1,3.8584065E+3,0.0000000E+0
13361068,1/10/2021,4:23:47 PM,1.2215301E+1,7.5941963E+0,3.8584065E+3,0.0000000E+0
13361069,1/10/2021,4:23:47 PM,1.1436384E+1,2.1843915E-1,3.8512629E+3,0.0000000E+0
13361070,1/10/2021,4:23:47 PM,9.2680502E+0,-3.1984417E+0,3.8601924E+3,0.0000000E+0
13361071,1/10/2021,4:23:47 PM,9.6838226E+0,-7.2086372E+0,3.8584065E+3,0.0000000E+0
13361072,1/10/2021,4:23:47 PM,6.0576520E+0,-1.2321956E+1,3.8503701E+3,0.0000000E+0
13361073,1/10/2021,4:23:47 PM,3.1129866E+0,-1.6273279E+1,3.8530491E+3,0.0000000E+0
13361074,1/10/2021,4:23:47 PM,-2.6366870E+0,-1.9317871E+1,3.8467981E+3,0.0000000E+0
13361075,1/10/2021,4:23:47 PM,-6.6681538E+0,-1.8993469E+1,3.8530491E+3,0.0000000E+0
13361076,1/10/2021,4:23:48 PM,-6.6786799E+0,-1.9224806E+1,3.8575137E+3,0.0000000E+0
13361077,1/10/2021,4:23:48 PM,-6.8076224E+0,-2.4058184E+1,3.8512629E+3,0.0000000E+0
13361078,1/10/2021,4:23:48 PM,-4.8145094E+0,-3.0025690E+1,3.8494771E+3,0.0000000E+0
13361079,1/10/2021,4:23:48 PM,-3.3428152E+0,-3.4272835E+1,3.8459053E+3,0.0000000E+0
13361080,1/10/2021,4:23:48 PM,8.4120911E-1,-3.5428699E+1,3.8530491E+3,0.0000000E+0
13361081,1/10/2021,4:23:48 PM,7.4760160E+0,-3.5993195E+1,3.8548347E+3,0.0000000E+0
13361082,1/10/2021,4:23:48 PM,1.1299548E+1,-3.7256584E+1,3.8539419E+3,0.0000000E+0
13361083,1/10/2021,4:23:48 PM,1.5620427E+1,-4.0804829E+1,3.8512629E+3,0.0000000E+0
13361084,1/10/2021,4:23:48 PM,1.5836207E+1,-4.2283268E+1,3.8476914E+3,0.0000000E+0
13361085,1/10/2021,4:23:48 PM,1.3994176E+1,-3.7686672E+1,3.8530491E+3,0.0000000E+0
13361086,1/10/2021,4:23:49 PM,1.2144251E+1,-3.1826691E+1,3.8566208E+3,0.0000000E+0
13361087,1/10/2021,4:23:49 PM,6.2734327E+0,-2.4703320E+1,3.8575137E+3,0.0000000E+0
13361088,1/10/2021,4:23:49 PM,-7.6835889E-1,-2.0509937E+1,3.8548347E+3,0.0000000E+0
13361089,1/10/2021,4:23:49 PM,-1.1336389E+1,-1.6839653E+1,3.8494771E+3,0.0000000E+0
13361090,1/10/2021,4:23:49 PM,-1.9936045E+1,-1.0843534E+1,3.8557275E+3,0.0000000E+0
13361091,1/10/2021,4:23:49 PM,-2.6788267E+1,-6.2061815E+0,3.8566208E+3,0.0000000E+0
13361092,1/10/2021,4:23:49 PM,-3.2880138E+1,-3.5588071E+0,3.8584065E+3,0.0000000E+0
13361093,1/10/2021,4:23:49 PM,-3.9184826E+1,-5.1364059E+0,3.8512629E+3,0.0000000E+0
13361094,1/10/2021,4:23:49 PM,-4.4425434E+1,-6.9214616E+0,3.8512629E+3,0.0000000E+0
13361095,1/10/2021,4:23:49 PM,-4.9080791E+1,-7.7218299E+0,3.8512629E+3,0.0000000E+0
13361096,1/10/2021,4:23:50 PM,-5.0623711E+1,-8.3334074E+0,3.8539419E+3,0.0000000E+0
13361097,1/10/2021,4:23:50 PM,-5.3603142E+1,-9.4289284E+0,3.8503701E+3,0.0000000E+0
13361098,1/10/2021,4:23:50 PM,-5.5944122E+1,-1.1734310E+1,3.8494771E+3,0.0000000E+0
13361099,1/10/2021,4:23:50 PM,-5.8896950E+1,-1.2321956E+1,3.8503701E+3,0.0000000E+0
13361100,1/10/2021,4:23:50 PM,-6.1450748E+1,-1.3215392E+1,3.8467981E+3,0.0000000E+0
13361101,1/10/2021,4:23:50 PM,-6.2514828E+1,-1.1274298E+1,3.8512629E+3,0.0000000E+0
13361102,1/10/2021,4:23:50 PM,-6.3844933E+1,-1.0247911E+1,3.8494771E+3,0.0000000E+0
13361103,1/10/2021,4:23:50 PM,-6.5600670E+1,-1.1856626E+1,3.8459053E+3,0.0000000E+0
13361104,1/10/2021,4:23:50 PM,-6.5467659E+1,-1.0596245E+1,3.8441196E+3,0.0000000E+0
13361105,1/10/2021,4:23:50 PM,-6.2435020E+1,-6.6741714E+0,3.8512629E+3,0.0000000E+0
13361106,1/10/2021,4:23:51 PM,-5.4188385E+1,-4.8393049E+0,3.8512629E+3,0.0000000E+0
13361107,1/10/2021,4:23:51 PM,-4.5622524E+1,-3.8246763E+0,3.8530491E+3,0.0000000E+0
13361108,1/10/2021,4:23:51 PM,-3.2268291E+1,-4.8425078E+0,3.8539419E+3,0.0000000E+0
13361109,1/10/2021,4:23:51 PM,-1.8186113E+1,-6.7220340E+0,3.8530491E+3,0.0000000E+0
13361110,1/10/2021,4:23:51 PM,-3.7469962E+0,-8.2350235E+0,3.8521558E+3,0.0000000E+0
13361111,1/10/2021,4:23:51 PM,1.4362583E+1,-9.0593233E+0,3.8584065E+3,0.0000000E+0
13361112,1/10/2021,4:23:51 PM,3.5566948E+1,-1.0710583E+1,3.8619785E+3,0.0000000E+0
13361113,1/10/2021,4:23:51 PM,5.3097702E+1,-1.3300481E+1,3.8619785E+3,0.0000000E+0
13361114,1/10/2021,4:23:51 PM,6.5334648E+1,-1.6674793E+1,3.8584065E+3,0.0000000E+0
13361115,1/10/2021,4:23:51 PM,7.2863029E+1,-1.7456549E+1,3.8584065E+3,0.0000000E+0
13361116,1/10/2021,4:23:52 PM,8.0923454E+1,-1.6587044E+1,3.8619785E+3,0.0000000E+0
13361117,1/10/2021,4:23:52 PM,8.8026199E+1,-1.4725721E+1,3.8664431E+3,0.0000000E+0
13361118,1/10/2021,4:23:52 PM,9.1484467E+1,-1.3382911E+1,3.8646572E+3,0.0000000E+0
13361119,1/10/2021,4:23:52 PM,8.9702133E+1,-1.2571905E+1,3.8610852E+3,0.0000000E+0
13361120,1/10/2021,4:23:52 PM,8.2226952E+1,-1.0309069E+1,3.8601924E+3,0.0000000E+0
13361121,1/10/2021,4:23:52 PM,6.9723991E+1,-5.5972629E+0,3.8584065E+3,0.0000000E+0
13361122,1/10/2021,4:23:52 PM,5.7354027E+1,-1.3069007E+0,3.8610852E+3,0.0000000E+0
13361123,1/10/2021,4:23:52 PM,4.8947781E+1,1.0514657E+0,3.8575137E+3,0.0000000E+0
13361124,1/10/2021,4:23:52 PM,4.2962318E+1,5.9562325E+0,3.8601924E+3,0.0000000E+0
13361125,1/10/2021,4:23:52 PM,3.1177608E+1,1.3563725E+1,3.8619785E+3,0.0000000E+0
13361126,1/10/2021,4:23:53 PM,1.7201942E+1,2.0575592E+1,3.8610852E+3,0.0000000E+0
13361127,1/10/2021,4:23:53 PM,2.9671643E+0,2.5644142E+1,3.8566208E+3,0.0000000E+0
13361128,1/10/2021,4:23:53 PM,-7.9128413E+0,3.0240734E+1,3.8566208E+3,0.0000000E+0
13361129,1/10/2021,4:23:53 PM,-1.4033648E+1,3.6450165E+1,3.8646572E+3,0.0000000E+0
13361130,1/10/2021,4:23:53 PM,-2.1201838E+1,4.1718773E+1,3.8628713E+3,0.0000000E+0
13361131,1/10/2021,4:23:53 PM,-3.2720528E+1,4.5697109E+1,3.8610852E+3,0.0000000E+0
13361132,1/10/2021,4:23:53 PM,-4.7245251E+1,4.9944256E+1,3.8637642E+3,0.0000000E+0
13361133,1/10/2021,4:23:53 PM,-5.8444714E+1,5.2471031E+1,3.8619785E+3,0.0000000E+0
13361134,1/10/2021,4:23:53 PM,-6.5627266E+1,5.1718380E+1,3.8637642E+3,0.0000000E+0
13361135,1/10/2021,4:23:53 PM,-7.6613914E+1,4.9084072E+1,3.8601924E+3,0.0000000E+0
13361136,1/10/2021,4:23:54 PM,-8.6962120E+1,4.2417671E+1,3.8548347E+3,0.0000000E+0
13361137,1/10/2021,4:23:54 PM,-9.7576340E+1,3.8842545E+1,3.8548347E+3,0.0000000E+0
13361138,1/10/2021,4:23:54 PM,-1.0638161E+2,3.2982563E+1,3.8548347E+3,0.0000000E+0
13361139,1/10/2021,4:23:54 PM,-1.0912163E+2,2.2821674E+1,3.8467981E+3,0.0000000E+0
13361140,1/10/2021,4:23:54 PM,-1.1106358E+2,1.6616295E+1,3.8512629E+3,0.0000000E+0
13361141,1/10/2021,4:23:54 PM,-1.1218086E+2,1.1077529E+1,3.8512629E+3,0.0000000E+0
13361142,1/10/2021,4:23:54 PM,-1.1140941E+2,2.4384716E+0,3.8423335E+3,0.0000000E+0
13361143,1/10/2021,4:23:54 PM,-1.0800435E+2,-7.1421609E+0,3.8432266E+3,0.0000000E+0
13361144,1/10/2021,4:23:54 PM,-1.0060898E+2,-1.5757426E+1,3.8405476E+3,0.0000000E+0
13361145,1/10/2021,4:23:54 PM,-8.9755333E+1,-2.2525988E+1,3.8459053E+3,0.0000000E+0
13361146,1/10/2021,4:23:55 PM,-7.8343056E+1,-2.6988176E+1,3.8476914E+3,0.0000000E+0
13361147,1/10/2021,4:23:55 PM,-7.0016609E+1,-3.1342842E+1,3.8459053E+3,0.0000000E+0
13361148,1/10/2021,4:23:55 PM,-5.7939274E+1,-3.6208241E+1,3.8485842E+3,0.0000000E+0
13361149,1/10/2021,4:23:55 PM,-4.0834156E+1,-4.7740040E+1,3.8423335E+3,0.0000000E+0
13361150,1/10/2021,4:23:55 PM,-2.6495647E+1,-5.1019478E+1,3.8530491E+3,0.0000000E+0
13361151,1/10/2021,4:23:55 PM,-1.7457195E+1,-5.4272041E+1,3.8512629E+3,0.0000000E+0
13361152,1/10/2021,4:23:55 PM,-1.0486423E+1,-6.0562111E+1,3.8476914E+3,0.0000000E+0
13361153,1/10/2021,4:23:55 PM,1.4185963E+0,-6.7094109E+1,3.8476914E+3,0.0000000E+0
13361154,1/10/2021,4:23:55 PM,1.1604798E+1,-7.2658401E+1,3.8432266E+3,0.0000000E+0
13361155,1/10/2021,4:23:55 PM,2.3915249E+1,-7.6609863E+1,3.8512629E+3,0.0000000E+0
13361156,1/10/2021,4:23:56 PM,3.4609276E+1,-7.8088295E+1,3.8459053E+3,0.0000000E+0
13361157,1/10/2021,4:23:56 PM,3.8945408E+1,-7.8975357E+1,3.8530491E+3,0.0000000E+0
13361158,1/10/2021,4:23:56 PM,4.5329903E+1,-8.0507553E+1,3.8432266E+3,0.0000000E+0
13361159,1/10/2021,4:23:56 PM,5.5678097E+1,-8.5722404E+1,3.8441196E+3,0.0000000E+0
13361160,1/10/2021,4:23:56 PM,6.6398735E+1,-8.5077271E+1,3.8450125E+3,0.0000000E+0
13361161,1/10/2021,4:23:56 PM,7.4645370E+1,-7.8948479E+1,3.8530491E+3,0.0000000E+0
13361162,1/10/2021,4:23:56 PM,8.2785591E+1,-7.4002434E+1,3.8512629E+3,0.0000000E+0
13361163,1/10/2021,4:23:56 PM,8.6616287E+1,-6.7739250E+1,3.8494771E+3,0.0000000E+0
13361164,1/10/2021,4:23:56 PM,8.8132614E+1,-5.9594406E+1,3.8530491E+3,0.0000000E+0
13361165,1/10/2021,4:23:56 PM,9.0154366E+1,-4.9191593E+1,3.8539419E+3,0.0000000E+0
13361166,1/10/2021,4:23:57 PM,9.1830292E+1,-3.5267414E+1,3.8655500E+3,0.0000000E+0
13361167,1/10/2021,4:23:57 PM,8.8797661E+1,-2.2875435E+1,3.8610852E+3,0.0000000E+0
13361168,1/10/2021,4:23:57 PM,7.9912575E+1,-9.5326309E+0,3.8637642E+3,0.0000000E+0
13361169,1/10/2021,4:23:57 PM,6.9856995E+1,2.6843207E+0,3.8619785E+3,0.0000000E+0
13361170,1/10/2021,4:23:57 PM,5.6449562E+1,1.8139919E+1,3.8655500E+3,0.0000000E+0
13361171,1/10/2021,4:23:57 PM,4.0913963E+1,3.1450365E+1,3.8619785E+3,0.0000000E+0
13361172,1/10/2021,4:23:57 PM,2.4926126E+1,4.9675446E+1,3.8691218E+3,0.0000000E+0
13361173,1/10/2021,4:23:57 PM,7.0234032E+0,6.6180168E+1,3.8744795E+3,0.0000000E+0
13361174,1/10/2021,4:23:57 PM,-5.9550247E+0,7.4351883E+1,3.8682290E+3,0.0000000E+0
13361175,1/10/2021,4:23:57 PM,-2.4686707E+1,8.2254791E+1,3.8655500E+3,0.0000000E+0
13361176,1/10/2021,4:23:58 PM,-3.7588703E+1,8.6958908E+1,3.8637642E+3,0.0000000E+0
13361177,1/10/2021,4:23:58 PM,-4.4851067E+1,9.2496330E+1,3.8735867E+3,0.0000000E+0
13361178,1/10/2021,4:23:58 PM,-5.3124306E+1,9.6205856E+1,3.8744795E+3,0.0000000E+0
13361179,1/10/2021,4:23:58 PM,-6.4297173E+1,9.3920998E+1,3.8673359E+3,0.0000000E+0
13361180,1/10/2021,4:23:58 PM,-7.5549835E+1,8.8249184E+1,3.8584065E+3,0.0000000E+0
13361181,1/10/2021,4:23:58 PM,-8.1029861E+1,8.3061218E+1,3.8637642E+3,0.0000000E+0
13361182,1/10/2021,4:23:58 PM,-7.7012947E+1,7.5050781E+1,3.8664431E+3,0.0000000E+0
13361183,1/10/2021,4:23:58 PM,-7.2676819E+1,6.3492104E+1,3.8628713E+3,0.0000000E+0
13361184,1/10/2021,4:23:58 PM,-7.2783218E+1,5.1180763E+1,3.8584065E+3,0.0000000E+0
13361185,1/10/2021,4:23:58 PM,-7.1399910E+1,3.4891087E+1,3.8548347E+3,0.0000000E+0
13361186,1/10/2021,4:23:59 PM,-6.6026306E+1,1.9325848E+1,3.8476914E+3,0.0000000E+0
13361187,1/10/2021,4:23:59 PM,-6.6159309E+1,1.1112097E+1,3.8548347E+3,0.0000000E+0
13361188,1/10/2021,4:23:59 PM,-6.4776001E+1,1.2140305E+0,3.8503701E+3,0.0000000E+0
13361189,1/10/2021,4:23:59 PM,-6.2621239E+1,-9.5804939E+0,3.8441196E+3,0.0000000E+0
13361190,1/10/2021,4:23:59 PM,-6.4536583E+1,-1.6164257E+1,3.8485842E+3,0.0000000E+0
13361191,1/10/2021,4:23:59 PM,-6.7116989E+1,-2.2230299E+1,3.8369758E+3,0.0000000E+0
13361192,1/10/2021,4:23:59 PM,-6.5547462E+1,-2.3870020E+1,3.8476914E+3,0.0000000E+0
13361193,1/10/2021,4:23:59 PM,-6.2674442E+1,-2.3198002E+1,3.8494771E+3,0.0000000E+0
13361194,1/10/2021,4:23:59 PM,-5.7088009E+1,-2.5348454E+1,3.8485842E+3,0.0000000E+0
13361195,1/10/2021,4:23:59 PM,-5.0543903E+1,-3.0939632E+1,3.8485842E+3,0.0000000E+0
13361196,1/10/2021,4:24:00 PM,-4.4585045E+1,-3.6638329E+1,3.8432266E+3,0.0000000E+0
13361197,1/10/2021,4:24:00 PM,-3.2640720E+1,-4.1987579E+1,3.8530491E+3,0.0000000E+0
13361198,1/10/2021,4:24:00 PM,-1.6036200E+1,-4.9756088E+1,3.8485842E+3,0.0000000E+0
13361199,1/10/2021,4:24:00 PM,-2.1255169E+0,-5.5831112E+1,3.8530491E+3,0.0000000E+0
13361200,1/10/2021,4:24:00 PM,5.5708299E+0,-6.0266426E+1,3.8459053E+3,0.0000000E+0
13361201,1/10/2021,4:24:00 PM,1.3696819E+1,-6.7336037E+1,3.8512629E+3,0.0000000E+0
13361202,1/10/2021,4:24:00 PM,2.0209717E+1,-7.1932625E+1,3.8432266E+3,0.0000000E+0
13361203,1/10/2021,4:24:00 PM,2.6016811E+1,-7.5346474E+1,3.8476914E+3,0.0000000E+0
13361204,1/10/2021,4:24:00 PM,3.1177608E+1,-7.4647568E+1,3.8494771E+3,0.0000000E+0
13361205,1/10/2021,4:24:00 PM,2.8943035E+1,-7.2497124E+1,3.8467981E+3,0.0000000E+0
13361206,1/10/2021,4:24:01 PM,2.2079706E+1,-6.6986588E+1,3.8467981E+3,0.0000000E+0
13361207,1/10/2021,4:24:01 PM,1.2641599E+1,-5.8841747E+1,3.8441196E+3,0.0000000E+0
13361208,1/10/2021,4:24:01 PM,8.7575436E+0,-4.9057194E+1,3.8503701E+3,0.0000000E+0
13361209,1/10/2021,4:24:01 PM,8.5917606E+0,-4.0885471E+1,3.8494771E+3,0.0000000E+0
13361210,1/10/2021,4:24:01 PM,6.3207994E+0,-3.1772932E+1,3.8530491E+3,0.0000000E+0
13361211,1/10/2021,4:24:01 PM,3.1565750E+0,-2.4568918E+1,3.8503701E+3,0.0000000E+0
13361212,1/10/2021,4:24:01 PM,1.2315634E+0,-1.6852947E+1,3.8530491E+3,0.0000000E+0
13361213,1/10/2021,4:24:01 PM,3.8294172E+0,-9.6895142E+0,3.8584065E+3,0.0000000E+0
13361214,1/10/2021,4:24:01 PM,1.1086398E+1,-4.7392035E+0,3.8575137E+3,0.0000000E+0
13361215,1/10/2021,4:24:01 PM,1.5465171E+1,2.6938158E-1,3.8619785E+3,0.0000000E+0
13361216,1/10/2021,4:24:02 PM,1.9191338E+1,4.9490161E+0,3.8619785E+3,0.0000000E+0
13361217,1/10/2021,4:24:02 PM,1.9638687E+1,8.3387260E+0,3.8601924E+3,0.0000000E+0
13361218,1/10/2021,4:24:02 PM,2.0456982E+1,1.2018826E+1,3.8619785E+3,0.0000000E+0
13361219,1/10/2021,4:24:02 PM,2.0643194E+1,1.5507477E+1,3.8655500E+3,0.0000000E+0
13361220,1/10/2021,4:24:02 PM,1.8462420E+1,1.8501549E+1,3.8601924E+3,0.0000000E+0
13361221,1/10/2021,4:24:02 PM,1.2270561E+1,2.2230299E+1,3.8646572E+3,0.0000000E+0
13361222,1/10/2021,4:24:02 PM,1.9250113E+0,2.5886068E+1,3.8601924E+3,0.0000000E+0
13361223,1/10/2021,4:24:02 PM,-5.7260866E+0,2.8816061E+1,3.8601924E+3,0.0000000E+0
13361224,1/10/2021,4:24:02 PM,-1.0518000E+1,3.0724586E+1,3.8610852E+3,0.0000000E+0
13361225,1/10/2021,4:24:02 PM,-1.6494076E+1,3.1826691E+1,3.8601924E+3,0.0000000E+0
13361226,1/10/2021,4:24:03 PM,-2.0856010E+1,3.2122379E+1,3.8584065E+3,0.0000000E+0
13361227,1/10/2021,4:24:03 PM,-2.4686707E+1,3.0294495E+1,3.8566208E+3,0.0000000E+0
13361228,1/10/2021,4:24:03 PM,-2.8144974E+1,3.0536423E+1,3.8584065E+3,0.0000000E+0
13361229,1/10/2021,4:24:03 PM,-2.7134096E+1,2.8923582E+1,3.8601924E+3,0.0000000E+0
13361230,1/10/2021,4:24:03 PM,-2.2904369E+1,2.4622679E+1,3.8566208E+3,0.0000000E+0
13361231,1/10/2021,4:24:03 PM,-1.7451933E+1,1.9982630E+1,3.8575137E+3,0.0000000E+0
13361232,1/10/2021,4:24:03 PM,-1.2491605E+1,1.5826561E+1,3.8575137E+3,0.0000000E+0
13361233,1/10/2021,4:24:03 PM,-9.1338453E+0,1.3119666E+1,3.8601924E+3,0.0000000E+0
13361234,1/10/2021,4:24:03 PM,-6.5181603E+0,8.5301762E+0,3.8566208E+3,0.0000000E+0
13361235,1/10/2021,4:24:03 PM,-4.1472144E+0,4.9778452E+0,3.8601924E+3,0.0000000E+0
13361236,1/10/2021,4:24:04 PM,-2.3759506E+0,1.0250390E+0,3.8584065E+3,0.0000000E+0
13361237,1/10/2021,4:24:04 PM,-2.1072891E+0,-4.0497046E+0,3.8539419E+3,0.0000000E+0
13361238,1/10/2021,4:24:04 PM,-6.5365801E+0,-4.8977642E+0,3.8548347E+3,0.0000000E+0
13361239,1/10/2021,4:24:04 PM,-8.1575680E+0,-6.9055071E+0,3.8557275E+3,0.0000000E+0
13361240,1/10/2021,4:24:04 PM,-1.2710017E+1,-7.1740694E+0,3.8530491E+3,0.0000000E+0
13361241,1/10/2021,4:24:04 PM,-1.6388819E+1,-7.8866901E+0,3.8530491E+3,0.0000000E+0
13361242,1/10/2021,4:24:04 PM,-1.9486061E+1,-9.8942595E+0,3.8512629E+3,0.0000000E+0
13361243,1/10/2021,4:24:04 PM,-2.1334848E+1,-1.0665380E+1,3.8512629E+3,0.0000000E+0
13361244,1/10/2021,4:24:04 PM,-2.0536787E+1,-1.3675405E+1,3.8503701E+3,0.0000000E+0
13361245,1/10/2021,4:24:04 PM,-1.8015068E+1,-1.5167122E+1,3.8512629E+3,0.0000000E+0
13361246,1/10/2021,4:24:05 PM,-1.5583586E+1,-1.6953991E+1,3.8539419E+3,0.0000000E+0
13361247,1/10/2021,4:24:05 PM,-1.2804750E+1,-1.8485594E+1,3.8530491E+3,0.0000000E+0
13361248,1/10/2021,4:24:05 PM,-8.9391155E+0,-2.0940029E+1,3.8530491E+3,0.0000000E+0
13361249,1/10/2021,4:24:05 PM,-5.8260827E+0,-2.3009840E+1,3.8512629E+3,0.0000000E+0
13361250,1/10/2021,4:24:05 PM,-6.2023835E+0,-2.2633509E+1,3.8548347E+3,0.0000000E+0
13361251,1/10/2021,4:24:05 PM,-6.3734293E+0,-2.1558283E+1,3.8557275E+3,0.0000000E+0
13361252,1/10/2021,4:24:05 PM,-1.2594234E+1,-2.0054422E+1,3.8548347E+3,0.0000000E+0
13361253,1/10/2021,4:24:05 PM,-1.9967621E+1,-1.9381687E+1,3.8521558E+3,0.0000000E+0
13361254,1/10/2021,4:24:05 PM,-2.7080891E+1,-1.7121510E+1,3.8530491E+3,0.0000000E+0
13361255,1/10/2021,4:24:05 PM,-3.6631031E+1,-1.3510544E+1,3.8530491E+3,0.0000000E+0
13361256,1/10/2021,4:24:06 PM,-4.4771259E+1,-9.8862829E+0,3.8548347E+3,0.0000000E+0
13361257,1/10/2021,4:24:06 PM,-5.4321396E+1,-7.2618170E+0,3.8494771E+3,0.0000000E+0
13361258,1/10/2021,4:24:06 PM,-6.0599483E+1,-6.2726574E+0,3.8512629E+3,0.0000000E+0
13361259,1/10/2021,4:24:06 PM,-6.3898136E+1,-6.0625939E+0,3.8467981E+3,0.0000000E+0
13361260,1/10/2021,4:24:06 PM,-6.3366093E+1,-4.9346013E+0,3.8485842E+3,0.0000000E+0
13361261,1/10/2021,4:24:06 PM,-6.0439869E+1,-2.8997390E+0,3.8530491E+3,0.0000000E+0
13361262,1/10/2021,4:24:06 PM,-5.6635773E+1,-2.4032357E+0,3.8503701E+3,0.0000000E+0
13361263,1/10/2021,4:24:06 PM,-5.0490700E+1,-3.3946404E+0,3.8512629E+3,0.0000000E+0
13361264,1/10/2021,4:24:06 PM,-4.5649128E+1,-5.4903646E+0,3.8494771E+3,0.0000000E+0
13361265,1/10/2021,4:24:06 PM,-3.9956287E+1,-4.9762440E+0,3.8530491E+3,0.0000000E+0
13361266,1/10/2021,4:24:07 PM,-3.3944221E+1,-3.3033483E+0,3.8521558E+3,0.0000000E+0
13361267,1/10/2021,4:24:07 PM,-2.8863230E+1,-1.8554806E+0,3.8575137E+3,0.0000000E+0
13361268,1/10/2021,4:24:07 PM,-2.3569422E+1,-5.9503990E-1,3.8548347E+3,0.0000000E+0
13361269,1/10/2021,4:24:07 PM,-2.1068829E+1,5.4169703E-1,3.8548347E+3,0.0000000E+0
13361270,1/10/2021,4:24:07 PM,-1.5717792E+1,1.8442693E+0,3.8566208E+3,0.0000000E+0
13361271,1/10/2021,4:24:07 PM,-1.1112713E+1,3.8791316E+0,3.8601924E+3,0.0000000E+0
13361272,1/10/2021,4:24:07 PM,-6.8049903E+0,4.2731314E+0,3.8584065E+3,0.0000000E+0
13361273,1/10/2021,4:24:07 PM,-1.7526290E-1,2.0941224E+0,3.8584065E+3,0.0000000E+0
13361274,1/10/2021,4:24:07 PM,8.0391521E+0,-2.1758053E+0,3.8584065E+3,0.0000000E+0
13361275,1/10/2021,4:24:07 PM,1.6388819E+1,-5.9588914E+0,3.8566208E+3,0.0000000E+0
13361276,1/10/2021,4:24:08 PM,2.4553696E+1,-1.0505837E+1,3.8584065E+3,0.0000000E+0
13361277,1/10/2021,4:24:08 PM,3.2561344E+1,-1.4810895E+1,3.8584065E+3,0.0000000E+0
13361278,1/10/2021,4:24:08 PM,4.1792377E+1,-2.0967184E+1,3.8566208E+3,0.0000000E+0
13361279,1/10/2021,4:24:08 PM,4.9719894E+1,-2.6988529E+1,3.8557275E+3,0.0000000E+0
13361280,1/10/2021,4:24:08 PM,5.4348717E+1,-3.1370134E+1,3.8557275E+3,0.0000000E+0
13361281,1/10/2021,4:24:08 PM,5.5865051E+1,-3.3009876E+1,3.8548347E+3,0.0000000E+0
13361282,1/10/2021,4:24:08 PM,5.4721146E+1,-3.2149685E+1,3.8575137E+3,0.0000000E+0
13361283,1/10/2021,4:24:08 PM,5.0597775E+1,-3.1262609E+1,3.8566208E+3,0.0000000E+0
13361284,1/10/2021,4:24:08 PM,4.5702930E+1,-2.9703512E+1,3.8530491E+3,0.0000000E+0
13361285,1/10/2021,4:24:08 PM,3.9132137E+1,-2.6424028E+1,3.8548347E+3,0.0000000E+0
13361286,1/10/2021,4:24:09 PM,3.0991802E+1,-2.0886541E+1,3.8566208E+3,0.0000000E+0
13361287,1/10/2021,4:24:09 PM,2.3968767E+1,-1.6036715E+1,3.8566208E+3,0.0000000E+0
13361288,1/10/2021,4:24:09 PM,1.6980995E+1,-1.3037310E+1,3.8539419E+3,0.0000000E+0
13361289,1/10/2021,4:24:09 PM,1.3333753E+1,-9.7719994E+0,3.8557275E+3,0.0000000E+0
13361290,1/10/2021,4:24:09 PM,1.2189054E+1,-7.9824605E+0,3.8557275E+3,0.0000000E+0
13361291,1/10/2021,4:24:09 PM,8.7549620E+0,-5.2156897E+0,3.8539419E+3,0.0000000E+0
13361292,1/10/2021,4:24:09 PM,6.0497918E+0,-7.8041786E-1,3.8601924E+3,0.0000000E+0
13361293,1/10/2021,4:24:09 PM,1.0334361E+0,2.2582903E+0,3.8539419E+3,0.0000000E+0
13361294,1/10/2021,4:24:09 PM,-1.5897950E+0,3.7822356E+0,3.8566208E+3,0.0000000E+0
13361295,1/10/2021,4:24:09 PM,-3.9895070E+0,5.6930208E+0,3.8548347E+3,0.0000000E+0
13361296,1/10/2021,4:24:10 PM,-1.1825910E+1,1.0338377E+1,3.8566208E+3,0.0000000E+0
13361297,1/10/2021,4:24:10 PM,-1.9115133E+1,1.5520860E+1,3.8584065E+3,0.0000000E+0
13361298,1/10/2021,4:24:10 PM,-2.9635077E+1,2.0967184E+1,3.8601924E+3,0.0000000E+0
13361299,1/10/2021,4:24:10 PM,-4.1712570E+1,2.6289623E+1,3.8566208E+3,0.0000000E+0
13361300,1/10/2021,4:24:10 PM,-5.3577240E+1,2.9649750E+1,3.8521558E+3,0.0000000E+0
13361301,1/10/2021,4:24:10 PM,-6.4510834E+1,3.7364597E+1,3.8592996E+3,0.0000000E+0
13361302,1/10/2021,4:24:10 PM,-7.3396034E+1,4.3493465E+1,3.8619785E+3,0.0000000E+0
13361303,1/10/2021,4:24:10 PM,-7.5497620E+1,4.1665558E+1,3.8575137E+3,0.0000000E+0
13361304,1/10/2021,4:24:10 PM,-7.8423889E+1,3.8923695E+1,3.8548347E+3,0.0000000E+0
13361305,1/10/2021,4:24:10 PM,-7.8902733E+1,3.3359329E+1,3.8539419E+3,0.0000000E+0
13361306,1/10/2021,4:24:11 PM,-7.5843452E+1,2.9031485E+1,3.8530491E+3,0.0000000E+0
13361307,1/10/2021,4:24:11 PM,-7.1826492E+1,2.4945572E+1,3.8584065E+3,0.0000000E+0
13361308,1/10/2021,4:24:11 PM,-6.5707939E+1,1.7073744E+1,3.8530491E+3,0.0000000E+0
13361309,1/10/2021,4:24:11 PM,-5.7035553E+1,8.2058210E+0,3.8512629E+3,0.0000000E+0
13361310,1/10/2021,4:24:11 PM,-4.9533676E+1,4.6515679E-1,3.8512629E+3,0.0000000E+0
13361311,1/10/2021,4:24:11 PM,-4.3388519E+1,-3.7502031E+0,3.8521558E+3,0.0000000E+0
13361312,1/10/2021,4:24:11 PM,-3.8945919E+1,-7.2033596E+0,3.8548347E+3,0.0000000E+0
13361313,1/10/2021,4:24:11 PM,-3.4157490E+1,-1.0793074E+1,3.8512629E+3,0.0000000E+0
13361314,1/10/2021,4:24:11 PM,-3.1284428E+1,-1.4568922E+1,3.8530491E+3,0.0000000E+0
13361315,1/10/2021,4:24:11 PM,-3.1523851E+1,-1.6167009E+1,3.8476914E+3,0.0000000E+0
13361316,1/10/2021,4:24:12 PM,-3.0885391E+1,-1.5885150E+1,3.8548347E+3,0.0000000E+0
13361317,1/10/2021,4:24:12 PM,-3.0326740E+1,-1.5212411E+1,3.8530491E+3,0.0000000E+0
13361318,1/10/2021,4:24:12 PM,-2.9209440E+1,-1.5919717E+1,3.8557275E+3,0.0000000E+0
13361319,1/10/2021,4:24:12 PM,-2.2505634E+1,-2.1908020E+1,3.8512629E+3,0.0000000E+0
13361320,1/10/2021,4:24:12 PM,-1.7402033E+1,-2.7794960E+1,3.8494771E+3,0.0000000E+0
13361321,1/10/2021,4:24:12 PM,-5.6208596E+0,-3.3977592E+1,3.8539419E+3,0.0000000E+0
13361322,1/10/2021,4:24:12 PM,7.6260533E+0,-4.1773083E+1,3.8512629E+3,0.0000000E+0
13361323,1/10/2021,4:24:12 PM,1.9767742E+1,-4.9810505E+1,3.8539419E+3,0.0000000E+0
13361324,1/10/2021,4:24:12 PM,3.1710066E+1,-5.8815643E+1,3.8459053E+3,0.0000000E+0
13361325,1/10/2021,4:24:12 PM,4.3361919E+1,-6.5777824E+1,3.8494771E+3,0.0000000E+0
13361326,1/10/2021,4:24:13 PM,5.3710255E+1,-6.9406754E+1,3.8503701E+3,0.0000000E+0
13361327,1/10/2021,4:24:13 PM,6.0281052E+1,-7.1637886E+1,3.8494771E+3,0.0000000E+0
13361328,1/10/2021,4:24:13 PM,6.2622063E+1,-6.9406754E+1,3.8530491E+3,0.0000000E+0
13361329,1/10/2021,4:24:13 PM,6.1025917E+1,-6.5939110E+1,3.8503701E+3,0.0000000E+0
13361330,1/10/2021,4:24:13 PM,5.5199993E+1,-5.9299500E+1,3.8512629E+3,0.0000000E+0
13361331,1/10/2021,4:24:13 PM,4.7831123E+1,-5.1100792E+1,3.8530491E+3,0.0000000E+0
13361332,1/10/2021,4:24:13 PM,4.1978596E+1,-4.3950443E+1,3.8539419E+3,0.0000000E+0
13361333,1/10/2021,4:24:13 PM,3.2880573E+1,-3.4864666E+1,3.8539419E+3,0.0000000E+0
13361334,1/10/2021,4:24:13 PM,2.3117489E+1,-2.8171293E+1,3.8503701E+3,0.0000000E+0
13361335,1/10/2021,4:24:13 PM,1.1625916E+1,-1.8233089E+1,3.8539419E+3,0.0000000E+0
13361336,1/10/2021,4:24:14 PM,1.8703291E+0,-7.9053478E+0,3.8548347E+3,0.0000000E+0
13361337,1/10/2021,4:24:14 PM,-4.1559343E+0,2.0212498E+0,3.8575137E+3,0.0000000E+0
13361338,1/10/2021,4:24:14 PM,-1.0773314E+1,1.0524510E+1,3.8566208E+3,0.0000000E+0
13361339,1/10/2021,4:24:14 PM,-1.5862613E+1,1.7424738E+1,3.8548347E+3,0.0000000E+0
13361340,1/10/2021,4:24:14 PM,-2.2612043E+1,2.6907887E+1,3.8584065E+3,0.0000000E+0
13361341,1/10/2021,4:24:14 PM,-2.9129633E+1,3.5859264E+1,3.8584065E+3,0.0000000E+0
13361342,1/10/2021,4:24:14 PM,-3.1763271E+1,4.5213852E+1,3.8646572E+3,0.0000000E+0
13361343,1/10/2021,4:24:14 PM,-3.6099461E+1,5.2364201E+1,3.8637642E+3,0.0000000E+0
13361344,1/10/2021,4:24:14 PM,-4.2218018E+1,5.8170494E+1,3.8646572E+3,0.0000000E+0
13361345,1/10/2021,4:24:14 PM,-4.8602592E+1,6.2901554E+1,3.8628713E+3,0.0000000E+0
13361346,1/10/2021,4:24:15 PM,-5.6556713E+1,6.8707848E+1,3.8655500E+3,0.0000000E+0
13361347,1/10/2021,4:24:15 PM,-6.1611168E+1,7.1852928E+1,3.8673359E+3,0.0000000E+0
13361348,1/10/2021,4:24:15 PM,-6.3632954E+1,6.9729332E+1,3.8646572E+3,0.0000000E+0
13361349,1/10/2021,4:24:15 PM,-6.6319794E+1,6.5643417E+1,3.8610852E+3,0.0000000E+0
13361350,1/10/2021,4:24:15 PM,-6.7038055E+1,5.8546833E+1,3.8566208E+3,0.0000000E+0
13361351,1/10/2021,4:24:15 PM,-6.5229095E+1,5.2794296E+1,3.8619785E+3,0.0000000E+0
13361352,1/10/2021,4:24:15 PM,-6.0786495E+1,4.5751472E+1,3.8601924E+3,0.0000000E+0
13361353,1/10/2021,4:24:15 PM,-5.2699364E+1,3.4837784E+1,3.8566208E+3,0.0000000E+0
13361354,1/10/2021,4:24:15 PM,-4.5942352E+1,2.4918694E+1,3.8548347E+3,0.0000000E+0
13361355,1/10/2021,4:24:15 PM,-3.8094643E+1,1.5350682E+1,3.8512629E+3,0.0000000E+0
13361356,1/10/2021,4:24:16 PM,-2.9236044E+1,8.0569143E+0,3.8566208E+3,0.0000000E+0
13361357,1/10/2021,4:24:16 PM,-2.2425827E+1,1.8947215E+0,3.8539419E+3,0.0000000E+0
13361358,1/10/2021,4:24:16 PM,-1.5152111E+1,-4.1962557E+0,3.8566208E+3,0.0000000E+0
13361359,1/10/2021,4:24:16 PM,-8.3812904E+0,-1.3986590E+1,3.8485842E+3,0.0000000E+0
13361360,1/10/2021,4:24:16 PM,-1.9194648E+0,-1.9666315E+1,3.8566208E+3,0.0000000E+0
13361361,1/10/2021,4:24:16 PM,2.4742234E+0,-2.3924095E+1,3.8566208E+3,0.0000000E+0
13361362,1/10/2021,4:24:16 PM,6.9155521E+0,-3.0294893E+1,3.8566208E+3,0.0000000E+0
13361363,1/10/2021,4:24:16 PM,1.2725879E+1,-4.0321507E+1,3.8548347E+3,0.0000000E+0
13361364,1/10/2021,4:24:16 PM,1.7525715E+1,-5.0778221E+1,3.8494771E+3,0.0000000E+0
13361365,1/10/2021,4:24:16 PM,2.2665249E+1,-6.0777954E+1,3.8530491E+3,0.0000000E+0
13361366,1/10/2021,4:24:17 PM,2.5352093E+1,-7.0965851E+1,3.8467981E+3,0.0000000E+0
13361367,1/10/2021,4:24:17 PM,2.9927706E+1,-8.1852661E+1,3.8494771E+3,0.0000000E+0
13361368,1/10/2021,4:24:17 PM,3.3013584E+1,-9.2524422E+1,3.8396548E+3,0.0000000E+0
13361369,1/10/2021,4:24:17 PM,3.4716141E+1,-1.0104570E+2,3.8387620E+3,0.0000000E+0
13361370,1/10/2021,4:24:17 PM,3.7988235E+1,-1.0405637E+2,3.8396548E+3,0.0000000E+0
13361371,1/10/2021,4:24:17 PM,3.7722210E+1,-1.0179837E+2,3.8405476E+3,0.0000000E+0
13361372,1/10/2021,4:24:17 PM,3.6950741E+1,-9.4540497E+1,3.8476914E+3,0.0000000E+0
13361373,1/10/2021,4:24:17 PM,3.3279610E+1,-8.9164291E+1,3.8369758E+3,0.0000000E+0
13361374,1/10/2021,4:24:17 PM,3.0379946E+1,-8.2121475E+1,3.8423335E+3,0.0000000E+0
13361375,1/10/2021,4:24:17 PM,2.9103031E+1,-7.2121742E+1,3.8459053E+3,0.0000000E+0
13361376,1/10/2021,4:24:18 PM,2.4314598E+1,-5.9595192E+1,3.8467981E+3,0.0000000E+0
13361377,1/10/2021,4:24:18 PM,1.9767742E+1,-4.7391212E+1,3.8494771E+3,0.0000000E+0
13361378,1/10/2021,4:24:18 PM,1.2886399E+1,-3.3601257E+1,3.8548347E+3,0.0000000E+0
13361379,1/10/2021,4:24:18 PM,5.6682262E+0,-1.8807442E+1,3.8485842E+3,0.0000000E+0
13361380,1/10/2021,4:24:18 PM,3.8365519E+0,-5.3739347E+0,3.8601924E+3,0.0000000E+0
13361381,1/10/2021,4:24:18 PM,-4.1900125E+0,1.2367230E+1,3.8566208E+3,0.0000000E+0
13361382,1/10/2021,4:24:18 PM,-1.3799525E+1,3.0671228E+1,3.8628713E+3,0.0000000E+0
13361383,1/10/2021,4:24:18 PM,-2.4820044E+1,4.8654621E+1,3.8673359E+3,0.0000000E+0
13361384,1/10/2021,4:24:18 PM,-3.7669006E+1,6.3842388E+1,3.8619785E+3,0.0000000E+0
13361385,1/10/2021,4:24:18 PM,-4.8735603E+1,7.7605461E+1,3.8673359E+3,0.0000000E+0
13361386,1/10/2021,4:24:19 PM,-5.4401917E+1,9.0024490E+1,3.8691218E+3,0.0000000E+0
13361387,1/10/2021,4:24:19 PM,-6.1158932E+1,1.0147580E+2,3.8718008E+3,0.0000000E+0
13361388,1/10/2021,4:24:19 PM,-6.8368179E+1,1.0921753E+2,3.8735867E+3,0.0000000E+0
13361389,1/10/2021,4:24:19 PM,-7.6561722E+1,1.1472813E+2,3.8709080E+3,0.0000000E+0
13361390,1/10/2021,4:24:19 PM,-7.8503693E+1,1.1351849E+2,3.8709080E+3,0.0000000E+0
13361391,1/10/2021,4:24:19 PM,-7.5471024E+1,1.0765843E+2,3.8726936E+3,0.0000000E+0
13361392,1/10/2021,4:24:19 PM,-7.2331940E+1,9.6422165E+1,3.8619785E+3,0.0000000E+0
13361393,1/10/2021,4:24:19 PM,-6.6266586E+1,8.4648285E+1,3.8691218E+3,0.0000000E+0
13361394,1/10/2021,4:24:19 PM,-6.4484230E+1,7.3842125E+1,3.8646572E+3,0.0000000E+0
13361395,1/10/2021,4:24:19 PM,-5.8551895E+1,5.7525356E+1,3.8610852E+3,0.0000000E+0
13361396,1/10/2021,4:24:20 PM,-4.8363171E+1,4.1799965E+1,3.8601924E+3,0.0000000E+0
13361397,1/10/2021,4:24:20 PM,-4.3920570E+1,2.7848724E+1,3.8566208E+3,0.0000000E+0
13361398,1/10/2021,4:24:20 PM,-3.9531174E+1,1.4449265E+1,3.8548347E+3,0.0000000E+0
13361399,1/10/2021,4:24:20 PM,-3.9078930E+1,1.5431650E+0,3.8512629E+3,0.0000000E+0
13361400,1/10/2021,4:24:20 PM,-4.0116425E+1,-1.0378263E+1,3.8467981E+3,0.0000000E+0
13361401,1/10/2021,4:24:20 PM,-3.9531174E+1,-1.4784305E+1,3.8539419E+3,0.0000000E+0
13361402,1/10/2021,4:24:20 PM,-3.7349773E+1,-2.7418625E+1,3.8459053E+3,0.0000000E+0
13361403,1/10/2021,4:24:20 PM,-3.3811657E+1,-3.7794693E+1,3.8459053E+3,0.0000000E+0
13361404,1/10/2021,4:24:20 PM,-3.4423512E+1,-4.4299900E+1,3.8441196E+3,0.0000000E+0
13361405,1/10/2021,4:24:20 PM,-2.7028044E+1,-5.3735130E+1,3.8423335E+3,0.0000000E+0
13361406,1/10/2021,4:24:21 PM,-1.4904751E+1,-6.2417694E+1,3.8476914E+3,0.0000000E+0
13361407,1/10/2021,4:24:21 PM,-9.8718804E-1,-7.2041100E+1,3.8459053E+3,0.0000000E+0
13361408,1/10/2021,4:24:21 PM,1.3444274E+1,-8.2282761E+1,3.8459053E+3,0.0000000E+0
13361409,1/10/2021,4:24:21 PM,2.4021971E+1,-9.0508347E+1,3.8432266E+3,0.0000000E+0
13361410,1/10/2021,4:24:21 PM,3.6525105E+1,-9.9540367E+1,3.8441196E+3,0.0000000E+0
13361411,1/10/2021,4:24:21 PM,5.1502258E+1,-1.0658319E+2,3.8441196E+3,0.0000000E+0
13361412,1/10/2021,4:24:21 PM,6.5681335E+1,-1.1279271E+2,3.8459053E+3,0.0000000E+0
13361413,1/10/2021,4:24:21 PM,7.4327118E+1,-1.1545393E+2,3.8405476E+3,0.0000000E+0
13361414,1/10/2021,4:24:21 PM,7.6588326E+1,-1.1327657E+2,3.8485842E+3,0.0000000E+0
13361415,1/10/2021,4:24:21 PM,8.0126442E+1,-1.0897559E+2,3.8405476E+3,0.0000000E+0
13361416,1/10/2021,4:24:22 PM,7.7492805E+1,-9.9110268E+1,3.8512629E+3,0.0000000E+0
13361417,1/10/2021,4:24:22 PM,7.4912369E+1,-8.8653557E+1,3.8459053E+3,0.0000000E+0
13361418,1/10/2021,4:24:22 PM,6.6639023E+1,-7.6530220E+1,3.8485842E+3,0.0000000E+0
13361419,1/10/2021,4:24:22 PM,5.3603844E+1,-6.1154289E+1,3.8503701E+3,0.0000000E+0
13361420,1/10/2021,4:24:22 PM,3.8387268E+1,-4.4729996E+1,3.8521558E+3,0.0000000E+0
13361421,1/10/2021,4:24:22 PM,2.5884138E+1,-2.8950842E+1,3.8548347E+3,0.0000000E+0
13361422,1/10/2021,4:24:22 PM,1.6733635E+1,-1.4417356E+1,3.8584065E+3,0.0000000E+0
13361423,1/10/2021,4:24:22 PM,6.1103163E+0,-1.3834680E+0,3.8557275E+3,0.0000000E+0
13361424,1/10/2021,4:24:22 PM,-3.5560029E+0,1.0989843E+1,3.8530491E+3,0.0000000E+0
13361425,1/10/2021,4:24:22 PM,-1.0994359E+1,2.6665958E+1,3.8646572E+3,0.0000000E+0
13361426,1/10/2021,4:24:23 PM,-1.7646763E+1,3.9783890E+1,3.8637642E+3,0.0000000E+0
13361427,1/10/2021,4:24:23 PM,-2.1069103E+1,4.8896549E+1,3.8673359E+3,0.0000000E+0
13361428,1/10/2021,4:24:23 PM,-2.5219080E+1,5.2202915E+1,3.8584065E+3,0.0000000E+0
13361429,1/10/2021,4:24:23 PM,-3.1470646E+1,6.0052170E+1,3.8637642E+3,0.0000000E+0
13361430,1/10/2021,4:24:23 PM,-3.6791122E+1,6.8492805E+1,3.8709080E+3,0.0000000E+0
13361431,1/10/2021,4:24:23 PM,-4.6900040E+1,7.4433510E+1,3.8682290E+3,0.0000000E+0
13361432,1/10/2021,4:24:23 PM,-5.6609917E+1,7.9003273E+1,3.8682290E+3,0.0000000E+0
13361433,1/10/2021,4:24:23 PM,-6.6798637E+1,7.9917236E+1,3.8637642E+3,0.0000000E+0
13361434,1/10/2021,4:24:23 PM,-7.6003067E+1,8.0804298E+1,3.8610852E+3,0.0000000E+0
13361435,1/10/2021,4:24:23 PM,-7.9035744E+1,8.0078522E+1,3.8610852E+3,0.0000000E+0
13361436,1/10/2021,4:24:24 PM,-7.9434784E+1,7.8788231E+1,3.8700146E+3,0.0000000E+0
13361437,1/10/2021,4:24:24 PM,-7.3821678E+1,6.7874542E+1,3.8575137E+3,0.0000000E+0
13361438,1/10/2021,4:24:24 PM,-6.7117867E+1,5.3762012E+1,3.8521558E+3,0.0000000E+0
13361439,1/10/2021,4:24:24 PM,-6.1930401E+1,4.4004208E+1,3.8566208E+3,0.0000000E+0
13361440,1/10/2021,4:24:24 PM,-5.3657051E+1,3.5079716E+1,3.8503701E+3,0.0000000E+0
13361441,1/10/2021,4:24:24 PM,-4.4080185E+1,2.8198177E+1,3.8566208E+3,0.0000000E+0
13361442,1/10/2021,4:24:24 PM,-3.0832188E+1,2.1235994E+1,3.8566208E+3,0.0000000E+0
13361443,1/10/2021,4:24:24 PM,-1.9794058E+1,1.2454979E+1,3.8530491E+3,0.0000000E+0
13361444,1/10/2021,4:24:24 PM,-1.2483781E+1,8.6738129E+0,3.8512629E+3,0.0000000E+0
13361445,1/10/2021,4:24:24 PM,-6.2155757E+0,8.7216759E+0,3.8584065E+3,0.0000000E+0
13361446,1/10/2021,4:24:25 PM,-2.5740800E+0,1.0146926E+1,3.8628713E+3,0.0000000E+0
13361447,1/10/2021,4:24:25 PM,-6.0603845E-1,1.0628213E+1,3.8637642E+3,0.0000000E+0
13361448,1/10/2021,4:24:25 PM,2.3521764E+0,6.3551235E+0,3.8584065E+3,0.0000000E+0
13361449,1/10/2021,4:24:25 PM,2.3727818E+0,3.2881348E+0,3.8619785E+3,0.0000000E+0
13361450,1/10/2021,4:24:25 PM,2.7698305E+0,-1.0399348E+0,3.8601924E+3,0.0000000E+0
13361451,1/10/2021,4:24:25 PM,4.3516850E+0,-6.3205557E+0,3.8619785E+3,0.0000000E+0
13361452,1/10/2021,4:24:25 PM,5.6261225E+0,-1.5108707E+1,3.8601924E+3,0.0000000E+0
13361453,1/10/2021,4:24:25 PM,8.9444294E+0,-2.8870199E+1,3.8530491E+3,0.0000000E+0
13361454,1/10/2021,4:24:25 PM,1.1157512E+1,-4.0025818E+1,3.8530491E+3,0.0000000E+0
13361455,1/10/2021,4:24:25 PM,1.5931031E+1,-5.7149017E+1,3.8459053E+3,0.0000000E+0
13361456,1/10/2021,4:24:26 PM,1.7252039E+1,-6.7632614E+1,3.8476914E+3,0.0000000E+0
13361457,1/10/2021,4:24:26 PM,1.6849421E+1,-7.7632347E+1,3.8432266E+3,0.0000000E+0
13361458,1/10/2021,4:24:26 PM,1.6136288E+1,-8.7201981E+1,3.8396548E+3,0.0000000E+0
13361459,1/10/2021,4:24:26 PM,1.2081164E+1,-9.2174973E+1,3.8351899E+3,0.0000000E+0
13361460,1/10/2021,4:24:26 PM,4.9841099E+0,-9.0965324E+1,3.8387620E+3,0.0000000E+0
13361461,1/10/2021,4:24:26 PM,-3.9165959E+0,-8.4083786E+1,3.8405476E+3,0.0000000E+0
13361462,1/10/2021,4:24:26 PM,-1.6457329E+1,-7.3895889E+1,3.8459053E+3,0.0000000E+0
13361463,1/10/2021,4:24:26 PM,-2.7506887E+1,-6.4084320E+1,3.8432266E+3,0.0000000E+0
13361464,1/10/2021,4:24:26 PM,-3.6392090E+1,-5.2713654E+1,3.8467981E+3,0.0000000E+0
13361465,1/10/2021,4:24:26 PM,-4.3920570E+1,-4.3627872E+1,3.8459053E+3,0.0000000E+0
13361466,1/10/2021,4:24:27 PM,-4.5809341E+1,-3.5724857E+1,3.8503701E+3,0.0000000E+0
13361467,1/10/2021,4:24:27 PM,-4.7432087E+1,-2.7821840E+1,3.8548347E+3,0.0000000E+0
13361468,1/10/2021,4:24:27 PM,-4.4213196E+1,-2.7042292E+1,3.8530491E+3,0.0000000E+0
13361469,1/10/2021,4:24:27 PM,-3.8520283E+1,-2.8977726E+1,3.8494771E+3,0.0000000E+0
13361470,1/10/2021,4:24:27 PM,-2.8544380E+1,-3.3708782E+1,3.8459053E+3,0.0000000E+0
13361471,1/10/2021,4:24:27 PM,-1.8009907E+1,-3.2714184E+1,3.8512629E+3,0.0000000E+0
13361472,1/10/2021,4:24:27 PM,-1.4094253E+1,-2.8332579E+1,3.8512629E+3,0.0000000E+0
13361473,1/10/2021,4:24:27 PM,-1.3044289E+1,-2.4219788E+1,3.8476914E+3,0.0000000E+0
13361474,1/10/2021,4:24:27 PM,-8.3891859E+0,-1.8929760E+1,3.8503701E+3,0.0000000E+0
13361475,1/10/2021,4:24:27 PM,-6.9181833E+0,-1.0210742E+1,3.8494771E+3,0.0000000E+0
13361476,1/10/2021,4:24:28 PM,-8.2234011E+0,2.0076361E+0,3.8566208E+3,0.0000000E+0
13361477,1/10/2021,4:24:28 PM,-1.1560129E+1,1.4393424E+1,3.8557275E+3,0.0000000E+0
13361478,1/10/2021,4:24:28 PM,-1.7502029E+1,2.6934769E+1,3.8601924E+3,0.0000000E+0
13361479,1/10/2021,4:24:28 PM,-1.9162498E+1,3.9649487E+1,3.8628713E+3,0.0000000E+0
13361480,1/10/2021,4:24:28 PM,-1.9370386E+1,4.8358932E+1,3.8619785E+3,0.0000000E+0
13361481,1/10/2021,4:24:28 PM,-1.4546867E+1,5.6476997E+1,3.8691218E+3,0.0000000E+0
13361482,1/10/2021,4:24:28 PM,-6.8839741E+0,6.1557503E+1,3.8709080E+3,0.0000000E+0
13361483,1/10/2021,4:24:28 PM,-2.4521329E-1,6.2310173E+1,3.8709080E+3,0.0000000E+0
13361484,1/10/2021,4:24:28 PM,1.0112810E+1,5.9756477E+1,3.8700146E+3,0.0000000E+0
13361485,1/10/2021,4:24:28 PM,2.2957876E+1,5.3546963E+1,3.8709080E+3,0.0000000E+0
13361486,1/10/2021,4:24:29 PM,3.3944668E+1,4.5213852E+1,3.8691218E+3,0.0000000E+0
13361487,1/10/2021,4:24:29 PM,4.2005196E+1,3.7714050E+1,3.8682290E+3,0.0000000E+0
13361488,1/10/2021,4:24:29 PM,4.3760956E+1,2.8950842E+1,3.8619785E+3,0.0000000E+0
13361489,1/10/2021,4:24:29 PM,4.0887894E+1,2.4058500E+1,3.8655500E+3,0.0000000E+0
13361490,1/10/2021,4:24:29 PM,3.5993053E+1,2.0805899E+1,3.8619785E+3,0.0000000E+0
13361491,1/10/2021,4:24:29 PM,2.6948236E+1,1.7496532E+1,3.8566208E+3,0.0000000E+0
13361492,1/10/2021,4:24:29 PM,1.6028397E+1,1.7815619E+1,3.8601924E+3,0.0000000E+0
13361493,1/10/2021,4:24:29 PM,4.3564401E+0,1.6765295E+1,3.8548347E+3,0.0000000E+0
13361494,1/10/2021,4:24:29 PM,-4.7606215E+0,1.5768151E+1,3.8592996E+3,0.0000000E+0
13361495,1/10/2021,4:24:29 PM,-1.0923308E+1,1.4773668E+1,3.8548347E+3,0.0000000E+0
13361496,1/10/2021,4:24:30 PM,-1.5709986E+1,1.1308929E+1,3.8584065E+3,0.0000000E+0
13361497,1/10/2021,4:24:30 PM,-1.6949417E+1,6.4269176E+0,3.8557275E+3,0.0000000E+0
13361498,1/10/2021,4:24:30 PM,-1.8270424E+1,-4.0301144E-1,3.8539419E+3,0.0000000E+0
13361499,1/10/2021,4:24:30 PM,-1.2936399E+1,-8.8253784E+0,3.8566208E+3,0.0000000E+0
13361500,1/10/2021,4:24:30 PM,-7.3707991E+0,-1.8073545E+1,3.8512629E+3,0.0000000E+0
13361501,1/10/2021,4:24:30 PM,-4.7526960E+0,-2.6907887E+1,3.8521558E+3,0.0000000E+0
13361502,1/10/2021,4:24:30 PM,-6.0024252E+0,-3.1719587E+1,3.8512629E+3,0.0000000E+0
13361503,1/10/2021,4:24:30 PM,-1.2173266E+1,-3.4864666E+1,3.8494771E+3,0.0000000E+0
13361504,1/10/2021,4:24:30 PM,-1.6446802E+1,-3.7955982E+1,3.8512629E+3,0.0000000E+0
13361505,1/10/2021,4:24:30 PM,-2.4234791E+1,-3.7552765E+1,3.8476914E+3,0.0000000E+0
13361506,1/10/2021,4:24:31 PM,-3.1710066E+1,-3.7875336E+1,3.8467981E+3,0.0000000E+0
13361507,1/10/2021,4:24:31 PM,-4.1473148E+1,-3.4837784E+1,3.8494771E+3,0.0000000E+0
13361508,1/10/2021,4:24:31 PM,-5.4029484E+1,-3.1934635E+1,3.8432266E+3,0.0000000E+0
13361509,1/10/2021,4:24:31 PM,-6.0706688E+1,-3.0026085E+1,3.8485842E+3,0.0000000E+0
13361510,1/10/2021,4:24:31 PM,-6.3765961E+1,-2.8923964E+1,3.8441196E+3,0.0000000E+0
13361511,1/10/2021,4:24:31 PM,-6.4484230E+1,-2.8359461E+1,3.8441196E+3,0.0000000E+0
13361512,1/10/2021,4:24:31 PM,-6.1025917E+1,-2.7176697E+1,3.8459053E+3,0.0000000E+0
13361513,1/10/2021,4:24:31 PM,-5.8019844E+1,-2.3520880E+1,3.8459053E+3,0.0000000E+0
13361514,1/10/2021,4:24:31 PM,-5.0251942E+1,-1.9738110E+1,3.8530491E+3,0.0000000E+0
13361515,1/10/2021,4:24:31 PM,-4.0781487E+1,-1.9695564E+1,3.8476914E+3,0.0000000E+0
13361516,1/10/2021,4:24:32 PM,-3.0326740E+1,-1.9432320E+1,3.8494771E+3,0.0000000E+0
13361517,1/10/2021,4:24:32 PM,-2.0031610E+1,-1.5680403E+1,3.8566208E+3,0.0000000E+0
13361518,1/10/2021,4:24:32 PM,-1.3704792E+1,-1.0785097E+1,3.8566208E+3,0.0000000E+0
13361519,1/10/2021,4:24:32 PM,-8.7654886E+0,-7.6926246E+0,3.8584065E+3,0.0000000E+0
13361520,1/10/2021,4:24:32 PM,-9.2970486E+0,-4.5301943E+0,3.8575137E+3,0.0000000E+0
13361521,1/10/2021,4:24:32 PM,-1.0657529E+1,-5.0676488E-3,3.8592996E+3,0.0000000E+0
13361522,1/10/2021,4:24:32 PM,-1.0846995E+1,2.7700090E+0,3.8584065E+3,0.0000000E+0
13361523,1/10/2021,4:24:32 PM,-1.4938960E+1,7.4772420E+0,3.8592996E+3,0.0000000E+0
13361524,1/10/2021,4:24:32 PM,-1.8988821E+1,1.0529828E+1,3.8610852E+3,0.0000000E+0
13361525,1/10/2021,4:24:32 PM,-2.0723272E+1,9.5991611E+0,3.8566208E+3,0.0000000E+0
13361526,1/10/2021,4:24:33 PM,-2.1946985E+1,7.3150396E+0,3.8566208E+3,0.0000000E+0
13361527,1/10/2021,4:24:33 PM,-1.8473049E+1,3.5860367E+0,3.8530491E+3,0.0000000E+0
13361528,1/10/2021,4:24:33 PM,-1.5799457E+1,1.0810964E+0,3.8557275E+3,0.0000000E+0
13361529,1/10/2021,4:24:33 PM,-9.9522896E+0,-2.7187572E+0,3.8548347E+3,0.0000000E+0
13361530,1/10/2021,4:24:33 PM,-7.5602665E+0,-6.5758247E+0,3.8512629E+3,0.0000000E+0
13361531,1/10/2021,4:24:33 PM,-3.5869107E+0,-8.9131269E+0,3.8530491E+3,0.0000000E+0
13361532,1/10/2021,4:24:33 PM,3.2255179E-1,-9.4927998E+0,3.8539419E+3,0.0000000E+0
13361533,1/10/2021,4:24:33 PM,2.2237897E+0,-8.6339273E+0,3.8566208E+3,0.0000000E+0
13361534,1/10/2021,4:24:33 PM,3.8294194E+0,-7.4054475E+0,3.8584065E+3,0.0000000E+0
13361535,1/10/2021,4:24:33 PM,4.0200195E-1,-6.1530361E+0,3.8557275E+3,0.0000000E+0
13361536,1/10/2021,4:24:34 PM,-3.0575125E+0,-5.6611123E+0,3.8575137E+3,0.0000000E+0
13361537,1/10/2021,4:24:34 PM,-5.1402349E+0,-5.1636367E+0,3.8548347E+3,0.0000000E+0
13361538,1/10/2021,4:24:34 PM,-6.8945003E+0,-4.2114711E+0,3.8601924E+3,0.0000000E+0
13361539,1/10/2021,4:24:34 PM,-5.8813767E+0,-5.6048841E+0,3.8575137E+3,0.0000000E+0
13361540,1/10/2021,4:24:34 PM,-7.4418492E+0,-7.8096228E+0,3.8548347E+3,0.0000000E+0
13361541,1/10/2021,4:24:34 PM,-5.5866499E+0,-1.1612061E+1,3.8548347E+3,0.0000000E+0
13361542,1/10/2021,4:24:34 PM,1.0531764E-1,-1.6919519E+1,3.8512629E+3,0.0000000E+0
13361543,1/10/2021,4:24:34 PM,5.5419149E+0,-2.0698376E+1,3.8512629E+3,0.0000000E+0
13361544,1/10/2021,4:24:34 PM,1.1715386E+1,-2.3063904E+1,3.8530491E+3,0.0000000E+0
13361545,1/10/2021,4:24:34 PM,1.7302036E+1,-2.5053099E+1,3.8530491E+3,0.0000000E+0
13361546,1/10/2021,4:24:35 PM,1.8720409E+1,-2.4434835E+1,3.8512629E+3,0.0000000E+0
13361547,1/10/2021,4:24:35 PM,2.0643465E+1,-2.2741331E+1,3.8530491E+3,0.0000000E+0
13361548,1/10/2021,4:24:35 PM,2.2585442E+1,-1.8916464E+1,3.8548347E+3,0.0000000E+0
13361549,1/10/2021,4:24:35 PM,2.4075176E+1,-1.4997028E+1,3.8575137E+3,0.0000000E+0
13361550,1/10/2021,4:24:35 PM,2.1920382E+1,-9.6789331E+0,3.8584065E+3,0.0000000E+0
13361551,1/10/2021,4:24:35 PM,1.9512487E+1,-6.0147657E+0,3.8584065E+3,0.0000000E+0
13361552,1/10/2021,4:24:35 PM,1.9388807E+1,-3.4947441E+0,3.8601924E+3,0.0000000E+0
13361553,1/10/2021,4:24:35 PM,1.7725706E+1,-1.6645892E+0,3.8584065E+3,0.0000000E+0
13361554,1/10/2021,4:24:35 PM,1.6086290E+1,-2.2831090E-1,3.8601924E+3,0.0000000E+0
13361555,1/10/2021,4:24:35 PM,1.3523219E+1,7.5481296E-2,3.8566208E+3,0.0000000E+0
13361556,1/10/2021,4:24:36 PM,1.0946992E+1,-3.3473155E-1,3.8566208E+3,0.0000000E+0
13361557,1/10/2021,4:24:36 PM,9.8101892E+0,5.1903391E-1,3.8575137E+3,0.0000000E+0
13361558,1/10/2021,4:24:36 PM,5.7366447E+0,1.6801038E+0,3.8548347E+3,0.0000000E+0
13361559,1/10/2021,4:24:36 PM,3.6821586E-1,4.8168850E+0,3.8539419E+3,0.0000000E+0
13361560,1/10/2021,4:24:36 PM,-3.9760342E+0,8.5701103E+0,3.8566208E+3,0.0000000E+0
13361561,1/10/2021,4:24:36 PM,-9.5207253E+0,1.2417751E+1,3.8575137E+3,0.0000000E+0
13361562,1/10/2021,4:24:36 PM,-1.8088852E+1,1.7044495E+1,3.8548347E+3,0.0000000E+0
13361563,1/10/2021,4:24:36 PM,-2.8677393E+1,2.3252069E+1,3.8548347E+3,0.0000000E+0
13361564,1/10/2021,4:24:36 PM,-3.8892715E+1,3.2042160E+1,3.8610852E+3,0.0000000E+0
13361565,1/10/2021,4:24:36 PM,-4.8176952E+1,3.8332314E+1,3.8601924E+3,0.0000000E+0
13361566,1/10/2021,4:24:37 PM,-5.3364426E+1,4.1369869E+1,3.8601924E+3,0.0000000E+0
13361567,1/10/2021,4:24:37 PM,-5.7274979E+1,4.4084850E+1,3.8619785E+3,0.0000000E+0
13361568,1/10/2021,4:24:37 PM,-6.2781677E+1,4.4434303E+1,3.8584065E+3,0.0000000E+0
13361569,1/10/2021,4:24:37 PM,-6.4218201E+1,4.2041893E+1,3.8601924E+3,0.0000000E+0
13361570,1/10/2021,4:24:37 PM,-6.4776855E+1,4.0052696E+1,3.8610852E+3,0.0000000E+0
13361571,1/10/2021,4:24:37 PM,-6.3313725E+1,3.4327045E+1,3.8601924E+3,0.0000000E+0
13361572,1/10/2021,4:24:37 PM,-5.9323364E+1,2.5268147E+1,3.8539419E+3,0.0000000E+0
13361573,1/10/2021,4:24:37 PM,-5.3603844E+1,1.5480974E+1,3.8530491E+3,0.0000000E+0
13361574,1/10/2021,4:24:37 PM,-5.1076618E+1,1.0420807E+1,3.8548347E+3,0.0000000E+0
13361575,1/10/2021,4:24:37 PM,-4.7352280E+1,3.7998536E+0,3.8548347E+3,0.0000000E+0
13361576,1/10/2021,4:24:38 PM,-4.2670258E+1,-2.8781188E+0,3.8521558E+3,0.0000000E+0
13361577,1/10/2021,4:24:38 PM,-3.7110355E+1,-1.1152045E+1,3.8494771E+3,0.0000000E+0
13361578,1/10/2021,4:24:38 PM,-3.1417440E+1,-1.8586742E+1,3.8503701E+3,0.0000000E+0
13361579,1/10/2021,4:24:38 PM,-2.8464575E+1,-2.2580046E+1,3.8530491E+3,0.0000000E+0
13361580,1/10/2021,4:24:38 PM,-2.8065536E+1,-2.5321909E+1,3.8512629E+3,0.0000000E+0
13361581,1/10/2021,4:24:38 PM,-2.3755947E+1,-3.1262609E+1,3.8539419E+3,0.0000000E+0
13361582,1/10/2021,4:24:38 PM,-1.6578377E+1,-4.0832245E+1,3.8485842E+3,0.0000000E+0
13361583,1/10/2021,4:24:38 PM,-8.8260126E+0,-4.8493336E+1,3.8485842E+3,0.0000000E+0
13361584,1/10/2021,4:24:38 PM,-2.9061427E+0,-5.5509277E+1,3.8503701E+3,0.0000000E+0
13361585,1/10/2021,4:24:38 PM,2.2095244E+0,-6.1449982E+1,3.8459053E+3,0.0000000E+0
13361586,1/10/2021,4:24:39 PM,8.5260220E+0,-6.6396088E+1,3.8476914E+3,0.0000000E+0
13361587,1/10/2021,4:24:39 PM,1.5978398E+1,-7.1503471E+1,3.8476914E+3,0.0000000E+0
13361588,1/10/2021,4:24:39 PM,2.1840574E+1,-7.6234535E+1,3.8405476E+3,0.0000000E+0
13361589,1/10/2021,4:24:39 PM,2.5378693E+1,-7.7981796E+1,3.8459053E+3,0.0000000E+0
13361590,1/10/2021,4:24:39 PM,2.6150164E+1,-7.4944244E+1,3.8459053E+3,0.0000000E+0
13361591,1/10/2021,4:24:39 PM,2.5272285E+1,-7.1046494E+1,3.8476914E+3,0.0000000E+0
13361592,1/10/2021,4:24:39 PM,2.4021971E+1,-6.6772415E+1,3.8441196E+3,0.0000000E+0
13361593,1/10/2021,4:24:39 PM,2.3968767E+1,-6.0509144E+1,3.8494771E+3,0.0000000E+0
13361594,1/10/2021,4:24:39 PM,2.2479033E+1,-5.2821178E+1,3.8459053E+3,0.0000000E+0
13361595,1/10/2021,4:24:39 PM,1.9620378E+1,-4.2391346E+1,3.8521558E+3,0.0000000E+0
13361596,1/10/2021,4:24:40 PM,1.7073097E+1,-3.0993799E+1,3.8512629E+3,0.0000000E+0
13361597,1/10/2021,4:24:40 PM,1.3904784E+1,-1.9155779E+1,3.8548347E+3,0.0000000E+0
13361598,1/10/2021,4:24:40 PM,1.0410169E+1,-5.5547504E+0,3.8584065E+3,0.0000000E+0
13361599,1/10/2021,4:24:40 PM,7.5023737E+0,5.5653863E+0,3.8584065E+3,0.0000000E+0
13361600,1/10/2021,4:24:40 PM,3.9197659E+0,1.6927498E+1,3.8637642E+3,0.0000000E+0
13361601,1/10/2021,4:24:40 PM,-7.9714112E-2,2.6558434E+1,3.8619785E+3,0.0000000E+0
13361602,1/10/2021,4:24:40 PM,-4.7376385E+0,3.6020550E+1,3.8655500E+3,0.0000000E+0
13361603,1/10/2021,4:24:40 PM,-8.9470615E+0,4.3600990E+1,3.8637642E+3,0.0000000E+0
13361604,1/10/2021,4:24:40 PM,-1.0420694E+1,4.9084717E+1,3.8673359E+3,0.0000000E+0
13361605,1/10/2021,4:24:40 PM,-1.7178356E+1,5.4917896E+1,3.8673359E+3,0.0000000E+0
13361606,1/10/2021,4:24:41 PM,-2.1973585E+1,5.7686642E+1,3.8682290E+3,0.0000000E+0
13361607,1/10/2021,4:24:41 PM,-2.7746307E+1,5.6745808E+1,3.8619785E+3,0.0000000E+0
13361608,1/10/2021,4:24:41 PM,-3.2428333E+1,5.4595322E+1,3.8655500E+3,0.0000000E+0
13361609,1/10/2021,4:24:41 PM,-3.7669006E+1,5.0939507E+1,3.8610852E+3,0.0000000E+0
13361610,1/10/2021,4:24:41 PM,-3.9265148E+1,4.6047165E+1,3.8619785E+3,0.0000000E+0
13361611,1/10/2021,4:24:41 PM,-4.3441727E+1,3.9945175E+1,3.8566208E+3,0.0000000E+0
13361612,1/10/2021,4:24:41 PM,-4.6846832E+1,3.3251804E+1,3.8557275E+3,0.0000000E+0
13361613,1/10/2021,4:24:41 PM,-4.5756134E+1,2.6450911E+1,3.8566208E+3,0.0000000E+0
13361614,1/10/2021,4:24:41 PM,-4.0728283E+1,1.7392830E+1,3.8539419E+3,0.0000000E+0
13361615,1/10/2021,4:24:41 PM,-3.9078930E+1,1.0670758E+1,3.8557275E+3,0.0000000E+0
13361616,1/10/2021,4:24:42 PM,-3.6658115E+1,2.1541846E+0,3.8494771E+3,0.0000000E+0
13361617,1/10/2021,4:24:42 PM,-3.2694355E+1,-5.5616403E+0,3.8494771E+3,0.0000000E+0
13361618,1/10/2021,4:24:42 PM,-2.7054644E+1,-1.0005996E+1,3.8530491E+3,0.0000000E+0
13361619,1/10/2021,4:24:42 PM,-1.8533573E+1,-1.5451725E+1,3.8539419E+3,0.0000000E+0
13361620,1/10/2021,4:24:42 PM,-1.1065410E+1,-1.9948175E+1,3.8512629E+3,0.0000000E+0
13361621,1/10/2021,4:24:42 PM,-7.6471052E+0,-2.4246668E+1,3.8494771E+3,0.0000000E+0
13361622,1/10/2021,4:24:42 PM,-5.5471778E+0,-2.6074575E+1,3.8485842E+3,0.0000000E+0
13361623,1/10/2021,4:24:42 PM,-4.0860081E-1,-2.5805767E+1,3.8530491E+3,0.0000000E+0
13361624,1/10/2021,4:24:42 PM,2.9560709E+0,-2.4596121E+1,3.8575137E+3,0.0000000E+0
13361625,1/10/2021,4:24:42 PM,5.1243844E+0,-2.5967052E+1,3.8512629E+3,0.0000000E+0
13361626,1/10/2021,4:24:43 PM,5.0094700E+0,-2.6585316E+1,3.8548347E+3,0.0000000E+0
13361627,1/10/2021,4:24:43 PM,4.5434728E+0,-2.7741198E+1,3.8494771E+3,0.0000000E+0
13361628,1/10/2021,4:24:43 PM,6.2392592E+0,-2.6934769E+1,3.8548347E+3,0.0000000E+0
13361629,1/10/2021,4:24:43 PM,9.0812664E+0,-2.6961649E+1,3.8548347E+3,0.0000000E+0
13361630,1/10/2021,4:24:43 PM,1.2836401E+1,-2.8010008E+1,3.8530491E+3,0.0000000E+0
13361631,1/10/2021,4:24:43 PM,1.5836298E+1,-2.8897083E+1,3.8530491E+3,0.0000000E+0
13361632,1/10/2021,4:24:43 PM,1.8880930E+1,-2.8762678E+1,3.8512629E+3,0.0000000E+0
13361633,1/10/2021,4:24:43 PM,2.0803082E+1,-2.5053099E+1,3.8548347E+3,0.0000000E+0
13361634,1/10/2021,4:24:43 PM,2.0749876E+1,-2.2230591E+1,3.8566208E+3,0.0000000E+0
13361635,1/10/2021,4:24:43 PM,2.0320354E+1,-2.1020947E+1,3.8530491E+3,0.0000000E+0
13361636,1/10/2021,4:24:44 PM,1.6602060E+1,-1.8294247E+1,3.8548347E+3,0.0000000E+0
13361637,1/10/2021,4:24:44 PM,7.9444637E+0,-1.2782042E+1,3.8548347E+3,0.0000000E+0
13361638,1/10/2021,4:24:44 PM,2.9140526E-1,-8.1632757E+0,3.8548347E+3,0.0000000E+0
13361639,1/10/2021,4:24:44 PM,-1.0502271E+1,-9.3244731E-1,3.8566208E+3,0.0000000E+0
13361640,1/10/2021,4:24:44 PM,-1.9612484E+1,5.1219945E+0,3.8601924E+3,0.0000000E+0
13361641,1/10/2021,4:24:44 PM,-3.0034115E+1,1.1005797E+1,3.8557275E+3,0.0000000E+0
13361642,1/10/2021,4:24:44 PM,-4.2404232E+1,1.5361317E+1,3.8548347E+3,0.0000000E+0
13361643,1/10/2021,4:24:44 PM,-5.2672760E+1,2.0994066E+1,3.8584065E+3,0.0000000E+0
13361644,1/10/2021,4:24:44 PM,-6.1637772E+1,2.4757406E+1,3.8548347E+3,0.0000000E+0
13361645,1/10/2021,4:24:44 PM,-6.4909866E+1,2.5590717E+1,3.8575137E+3,0.0000000E+0
13361646,1/10/2021,4:24:45 PM,-6.5308899E+1,2.4004740E+1,3.8557275E+3,0.0000000E+0
13361647,1/10/2021,4:24:45 PM,-6.5282303E+1,2.0594322E+1,3.8512629E+3,0.0000000E+0
13361648,1/10/2021,4:24:45 PM,-6.1212135E+1,1.7273172E+1,3.8530491E+3,0.0000000E+0
13361649,1/10/2021,4:24:45 PM,-5.5678833E+1,1.4667306E+1,3.8530491E+3,0.0000000E+0
13361650,1/10/2021,4:24:45 PM,-4.6314785E+1,1.2167802E+1,3.8566208E+3,0.0000000E+0
13361651,1/10/2021,4:24:45 PM,-3.5806835E+1,8.1366854E+0,3.8530491E+3,0.0000000E+0
13361652,1/10/2021,4:24:45 PM,-2.7879320E+1,4.1970563E+0,3.8512629E+3,0.0000000E+0
13361653,1/10/2021,4:24:45 PM,-2.0882887E+1,4.2194791E+0,3.8566208E+3,0.0000000E+0
13361654,1/10/2021,4:24:45 PM,-1.8420420E+1,4.6903567E+0,3.8575137E+3,0.0000000E+0
13361655,1/10/2021,4:24:45 PM,-1.4817911E+1,3.5491993E+0,3.8575137E+3,0.0000000E+0
13361656,1/10/2021,4:24:46 PM,-7.4629011E+0,-3.8140725E-2,3.8566208E+3,0.0000000E+0
13361657,1/10/2021,4:24:46 PM,2.3434589E+0,-4.0553126E+0,3.8601924E+3,0.0000000E+0
13361658,1/10/2021,4:24:46 PM,8.5470753E+0,-8.1313667E+0,3.8601924E+3,0.0000000E+0
13361659,1/10/2021,4:24:46 PM,1.4191617E+1,-1.5058186E+1,3.8601924E+3,0.0000000E+0
13361660,1/10/2021,4:24:46 PM,2.1601152E+1,-2.2795094E+1,3.8566208E+3,0.0000000E+0
13361661,1/10/2021,4:24:46 PM,3.1364235E+1,-3.2552898E+1,3.8548347E+3,0.0000000E+0
13361662,1/10/2021,4:24:46 PM,4.2563847E+1,-4.2848324E+1,3.8530491E+3,0.0000000E+0
13361663,1/10/2021,4:24:46 PM,5.3577240E+1,-5.1369602E+1,3.8539419E+3,0.0000000E+0
13361664,1/10/2021,4:24:46 PM,5.8791313E+1,-5.9272621E+1,3.8512629E+3,0.0000000E+0
13361665,1/10/2021,4:24:46 PM,5.6982349E+1,-6.4191841E+1,3.8485842E+3,0.0000000E+0
13361666,1/10/2021,4:24:47 PM,5.4987171E+1,-6.9487396E+1,3.8459053E+3,0.0000000E+0
13361667,1/10/2021,4:24:47 PM,5.6583317E+1,-7.0562645E+1,3.8441196E+3,0.0000000E+0
13361668,1/10/2021,4:24:47 PM,5.2991989E+1,-6.3923031E+1,3.8530491E+3,0.0000000E+0
13361669,1/10/2021,4:24:47 PM,4.6048763E+1,-5.5778088E+1,3.8503701E+3,0.0000000E+0
13361670,1/10/2021,4:24:47 PM,3.3944668E+1,-4.8063236E+1,3.8459053E+3,0.0000000E+0
13361671,1/10/2021,4:24:47 PM,2.1202116E+1,-3.7391479E+1,3.8512629E+3,0.0000000E+0
13361672,1/10/2021,4:24:47 PM,1.1260139E+1,-2.5913290E+1,3.8512629E+3,0.0000000E+0
13361673,1/10/2021,4:24:47 PM,2.3949723E+0,-1.3962659E+1,3.8512629E+3,0.0000000E+0
13361674,1/10/2021,4:24:47 PM,-4.7503190E+0,-1.6977217E+0,3.8601924E+3,0.0000000E+0
13361675,1/10/2021,4:24:47 PM,-1.8925665E+1,1.2276822E+1,3.8548347E+3,0.0000000E+0
13361676,1/10/2021,4:24:48 PM,-3.6392090E+1,2.5214384E+1,3.8566208E+3,0.0000000E+0
13361677,1/10/2021,4:24:48 PM,-4.6288185E+1,3.7391479E+1,3.8610852E+3,0.0000000E+0
13361678,1/10/2021,4:24:48 PM,-5.5732037E+1,4.9353527E+1,3.8619785E+3,0.0000000E+0
13361679,1/10/2021,4:24:48 PM,-6.5787750E+1,5.9057571E+1,3.8673359E+3,0.0000000E+0
13361680,1/10/2021,4:24:48 PM,-7.7945045E+1,6.5831581E+1,3.8601924E+3,0.0000000E+0
13361681,1/10/2021,4:24:48 PM,-9.0581184E+1,7.3627075E+1,3.8673359E+3,0.0000000E+0
13361682,1/10/2021,4:24:48 PM,-1.0356316E+2,7.7766747E+1,3.8637642E+3,0.0000000E+0
13361683,1/10/2021,4:24:48 PM,-1.0811217E+2,7.4702316E+1,3.8637642E+3,0.0000000E+0
13361684,1/10/2021,4:24:48 PM,-1.1042658E+2,6.8035828E+1,3.8592996E+3,0.0000000E+0
13361685,1/10/2021,4:24:48 PM,-1.0992113E+2,5.8358665E+1,3.8566208E+3,0.0000000E+0
13361686,1/10/2021,4:24:49 PM,-1.0933588E+2,4.9353527E+1,3.8575137E+3,0.0000000E+0
13361687,1/10/2021,4:24:49 PM,-1.0380258E+2,3.6262474E+1,3.8539419E+3,0.0000000E+0
13361688,1/10/2021,4:24:49 PM,-9.1937912E+1,1.9823198E+1,3.8494771E+3,0.0000000E+0
13361689,1/10/2021,4:24:49 PM,-7.7226776E+1,4.3508124E+0,3.8503701E+3,0.0000000E+0
13361690,1/10/2021,4:24:49 PM,-6.3420132E+1,-9.5699120E+0,3.8459053E+3,0.0000000E+0
13361691,1/10/2021,4:24:49 PM,-5.1156425E+1,-2.2284355E+1,3.8405476E+3,0.0000000E+0
13361692,1/10/2021,4:24:49 PM,-3.9956810E+1,-2.9972322E+1,3.8459053E+3,0.0000000E+0
13361693,1/10/2021,4:24:49 PM,-2.3356911E+1,-3.7203312E+1,3.8423335E+3,0.0000000E+0
13361694,1/10/2021,4:24:49 PM,-8.8865366E+0,-4.0025818E+1,3.8494771E+3,0.0000000E+0
13361695,1/10/2021,4:24:49 PM,3.1351786E+0,-4.1988132E+1,3.8485842E+3,0.0000000E+0
13361696,1/10/2021,4:24:50 PM,1.4954748E+1,-4.3251537E+1,3.8503701E+3,0.0000000E+0
13361697,1/10/2021,4:24:50 PM,2.7107849E+1,-4.4649353E+1,3.8521558E+3,0.0000000E+0
13361698,1/10/2021,4:24:50 PM,4.0781487E+1,-4.5509544E+1,3.8584065E+3,0.0000000E+0
13361699,1/10/2021,4:24:50 PM,5.4268902E+1,-4.7579380E+1,3.8575137E+3,0.0000000E+0
13361700,1/10/2021,4:24:50 PM,6.1265335E+1,-4.9729862E+1,3.8601924E+3,0.0000000E+0
13361701,1/10/2021,4:24:50 PM,6.9458878E+1,-5.4756607E+1,3.8539419E+3,0.0000000E+0
13361702,1/10/2021,4:24:50 PM,7.6322304E+1,-5.8062969E+1,3.8548347E+3,0.0000000E+0
13361703,1/10/2021,4:24:50 PM,8.3159119E+1,-6.1208050E+1,3.8530491E+3,0.0000000E+0
13361704,1/10/2021,4:24:50 PM,9.1485672E+1,-6.2014481E+1,3.8530491E+3,0.0000000E+0
13361705,1/10/2021,4:24:50 PM,9.3427643E+1,-5.8519951E+1,3.8601924E+3,0.0000000E+0
13361706,1/10/2021,4:24:51 PM,9.1512268E+1,-5.5751205E+1,3.8467981E+3,0.0000000E+0
13361707,1/10/2021,4:24:51 PM,8.7362297E+1,-4.9165359E+1,3.8566208E+3,0.0000000E+0
13361708,1/10/2021,4:24:51 PM,8.3664558E+1,-4.2848324E+1,3.8494771E+3,0.0000000E+0
13361709,1/10/2021,4:24:51 PM,7.9647598E+1,-3.4004471E+1,3.8521558E+3,0.0000000E+0
13361710,1/10/2021,4:24:51 PM,7.0842201E+1,-1.9738110E+1,3.8566208E+3,0.0000000E+0
13361711,1/10/2021,4:24:51 PM,5.7700619E+1,-5.0715432E+0,3.8575137E+3,0.0000000E+0
13361712,1/10/2021,4:24:51 PM,4.5197483E+1,1.1112160E+1,3.8655500E+3,0.0000000E+0
13361713,1/10/2021,4:24:51 PM,3.2454933E+1,2.4515476E+1,3.8628713E+3,0.0000000E+0
13361714,1/10/2021,4:24:51 PM,2.5618116E+1,3.7579647E+1,3.8735867E+3,0.0000000E+0
13361715,1/10/2021,4:24:51 PM,1.4012677E+1,4.7740665E+1,3.8673359E+3,0.0000000E+0
13361716,1/10/2021,4:24:52 PM,-1.2738421E+0,5.6799564E+1,3.8726936E+3,0.0000000E+0
13361717,1/10/2021,4:24:52 PM,-1.8199375E+1,6.3439175E+1,3.8726936E+3,0.0000000E+0
13361718,1/10/2021,4:24:52 PM,-2.9395657E+1,6.3869270E+1,3.8709080E+3,0.0000000E+0
13361719,1/10/2021,4:24:52 PM,-4.4239799E+1,6.4621941E+1,3.8726936E+3,0.0000000E+0
13361720,1/10/2021,4:24:52 PM,-6.0573673E+1,5.9541424E+1,3.8619785E+3,0.0000000E+0
13361721,1/10/2021,4:24:52 PM,-8.0126442E+1,5.2982464E+1,3.8548347E+3,0.0000000E+0
13361722,1/10/2021,4:24:52 PM,-9.8455498E+1,4.9272884E+1,3.8548347E+3,0.0000000E+0
13361723,1/10/2021,4:24:52 PM,-1.1260797E+2,4.4649353E+1,3.8575137E+3,0.0000000E+0
13361724,1/10/2021,4:24:52 PM,-1.2175920E+2,3.4918427E+1,3.8459053E+3,0.0000000E+0
13361725,1/10/2021,4:24:52 PM,-1.2899506E+2,2.4354193E+1,3.8441196E+3,0.0000000E+0
13361726,1/10/2021,4:24:53 PM,-1.3357068E+2,1.4018498E+1,3.8423335E+3,0.0000000E+0
13361727,1/10/2021,4:24:53 PM,-1.3551265E+2,5.3765941E+0,3.8396548E+3,0.0000000E+0
13361728,1/10/2021,4:24:53 PM,-1.3162871E+2,-4.4461948E-1,3.8467981E+3,0.0000000E+0
13361729,1/10/2021,4:24:53 PM,-1.2505790E+2,-9.0248070E+0,3.8414407E+3,0.0000000E+0
13361730,1/10/2021,4:24:53 PM,-1.1441695E+2,-1.8350086E+1,3.8441196E+3,0.0000000E+0
13361731,1/10/2021,4:24:53 PM,-1.0457405E+2,-2.5133741E+1,3.8369758E+3,0.0000000E+0
13361732,1/10/2021,4:24:53 PM,-9.3081810E+1,-2.7176697E+1,3.8459053E+3,0.0000000E+0
13361733,1/10/2021,4:24:53 PM,-8.1589577E+1,-2.7875603E+1,3.8494771E+3,0.0000000E+0
13361734,1/10/2021,4:24:53 PM,-7.1533867E+1,-3.1638945E+1,3.8441196E+3,0.0000000E+0
13361735,1/10/2021,4:24:53 PM,-6.0041630E+1,-3.3896950E+1,3.8512629E+3,0.0000000E+0
13361736,1/10/2021,4:24:54 PM,-4.7432087E+1,-3.7176430E+1,3.8459053E+3,0.0000000E+0
13361737,1/10/2021,4:24:54 PM,-3.4875751E+1,-3.9649487E+1,3.8512629E+3,0.0000000E+0
13361738,1/10/2021,4:24:54 PM,-2.6389585E+1,-4.0213985E+1,3.8494771E+3,0.0000000E+0
13361739,1/10/2021,4:24:54 PM,-1.5836298E+1,-4.2471989E+1,3.8512629E+3,0.0000000E+0
13361740,1/10/2021,4:24:54 PM,-1.3932366E+0,-4.7525620E+1,3.8503701E+3,0.0000000E+0
13361741,1/10/2021,4:24:54 PM,1.5502098E+1,-5.3788895E+1,3.8476914E+3,0.0000000E+0
13361742,1/10/2021,4:24:54 PM,2.9236044E+1,-5.7364063E+1,3.8521558E+3,0.0000000E+0
13361743,1/10/2021,4:24:54 PM,4.4505821E+1,-6.2552101E+1,3.8476914E+3,0.0000000E+0
13361744,1/10/2021,4:24:54 PM,5.8339073E+1,-6.5670296E+1,3.8512629E+3,0.0000000E+0
13361745,1/10/2021,4:24:54 PM,7.3130013E+1,-6.7605728E+1,3.8539419E+3,0.0000000E+0
13361746,1/10/2021,4:24:55 PM,8.8639214E+1,-7.1234665E+1,3.8494771E+3,0.0000000E+0
13361747,1/10/2021,4:24:55 PM,1.0225964E+2,-7.0508881E+1,3.8548347E+3,0.0000000E+0
13361748,1/10/2021,4:24:55 PM,1.0957530E+2,-6.6584251E+1,3.8521558E+3,0.0000000E+0
13361749,1/10/2021,4:24:55 PM,1.1295381E+2,-5.8062969E+1,3.8548347E+3,0.0000000E+0
13361750,1/10/2021,4:24:55 PM,1.1053299E+2,-4.5455780E+1,3.8601924E+3,0.0000000E+0
13361751,1/10/2021,4:24:55 PM,1.0640962E+2,-3.3655018E+1,3.8628713E+3,0.0000000E+0
13361752,1/10/2021,4:24:55 PM,9.6034683E+1,-2.0214518E+1,3.8601924E+3,0.0000000E+0
13361753,1/10/2021,4:24:55 PM,8.3930588E+1,-7.0278625E+0,3.8619785E+3,0.0000000E+0
13361754,1/10/2021,4:24:55 PM,6.8128761E+1,8.6764727E+0,3.8673359E+3,0.0000000E+0
13361755,1/10/2021,4:24:55 PM,5.0438160E+1,2.1746733E+1,3.8592996E+3,0.0000000E+0
13361756,1/10/2021,4:24:56 PM,3.9185341E+1,3.5321640E+1,3.8709080E+3,0.0000000E+0
13361757,1/10/2021,4:24:56 PM,2.4021971E+1,4.6208450E+1,3.8646572E+3,0.0000000E+0
13361758,1/10/2021,4:24:56 PM,1.1820646E+1,5.4837250E+1,3.8682290E+3,0.0000000E+0
13361759,1/10/2021,4:24:56 PM,7.7269948E-1,6.3923031E+1,3.8682290E+3,0.0000000E+0
13361760,1/10/2021,4:24:56 PM,-9.5917759E+0,6.9756210E+1,3.8682290E+3,0.0000000E+0
13361761,1/10/2021,4:24:56 PM,-1.4667917E+1,7.4272217E+1,3.8700146E+3,0.0000000E+0
13361762,1/10/2021,4:24:56 PM,-2.1308525E+1,7.2901291E+1,3.8637642E+3,0.0000000E+0
13361763,1/10/2021,4:24:56 PM,-2.4607224E+1,7.2605591E+1,3.8726936E+3,0.0000000E+0
13361764,1/10/2021,4:24:56 PM,-2.8916813E+1,7.1073380E+1,3.8709080E+3,0.0000000E+0
13361765,1/10/2021,4:24:56 PM,-4.4878258E+1,6.7686371E+1,3.8592996E+3,0.0000000E+0
13361766,1/10/2021,4:24:57 PM,-5.6875938E+1,6.4030556E+1,3.8575137E+3,0.0000000E+0
13361767,1/10/2021,4:24:57 PM,-7.0097336E+1,6.3143482E+1,3.8691218E+3,0.0000000E+0
13361768,1/10/2021,4:24:57 PM,-7.7306587E+1,5.5939373E+1,3.8592996E+3,0.0000000E+0
13361769,1/10/2021,4:24:57 PM,-8.3132515E+1,4.3842918E+1,3.8566208E+3,0.0000000E+0
13361770,1/10/2021,4:24:57 PM,-9.6779549E+1,3.4864666E+1,3.8467981E+3,0.0000000E+0
13361771,1/10/2021,4:24:57 PM,-1.0606378E+2,2.5832647E+1,3.8521558E+3,0.0000000E+0
13361772,1/10/2021,4:24:57 PM,-1.1002755E+2,2.0530504E+1,3.8530491E+3,0.0000000E+0
13361773,1/10/2021,4:24:57 PM,-1.1165029E+2,1.1909874E+1,3.8521558E+3,0.0000000E+0
13361774,1/10/2021,4:24:57 PM,-1.0768653E+2,-3.8150690E+0,3.8405476E+3,0.0000000E+0
13361775,1/10/2021,4:24:57 PM,-1.0534552E+2,-1.5733583E+1,3.8396548E+3,0.0000000E+0
13361776,1/10/2021,4:24:58 PM,-9.9147163E+1,-2.5214384E+1,3.8369758E+3,0.0000000E+0
13361777,1/10/2021,4:24:58 PM,-8.9197861E+1,-3.1692705E+1,3.8432266E+3,0.0000000E+0
13361778,1/10/2021,4:24:58 PM,-7.4859169E+1,-3.9515079E+1,3.8459053E+3,0.0000000E+0
13361779,1/10/2021,4:24:58 PM,-5.9349968E+1,-4.8332047E+1,3.8432266E+3,0.0000000E+0
13361780,1/10/2021,4:24:58 PM,-4.9001629E+1,-5.6369469E+1,3.8396548E+3,0.0000000E+0
13361781,1/10/2021,4:24:58 PM,-3.8094643E+1,-6.2471458E+1,3.8387620E+3,0.0000000E+0
13361782,1/10/2021,4:24:58 PM,-2.5219080E+1,-6.4299370E+1,3.8459053E+3,0.0000000E+0
13361783,1/10/2021,4:24:58 PM,-1.2917976E+1,-6.1960720E+1,3.8548347E+3,0.0000000E+0
13361784,1/10/2021,4:24:58 PM,-2.0415118E+0,-6.5293961E+1,3.8485842E+3,0.0000000E+0
13361785,1/10/2021,4:24:58 PM,6.5629325E+0,-7.0589523E+1,3.8467981E+3,0.0000000E+0
13361786,1/10/2021,4:24:59 PM,1.5731039E+1,-7.4218460E+1,3.8459053E+3,0.0000000E+0
13361787,1/10/2021,4:24:59 PM,2.6921633E+1,-7.6906555E+1,3.8459053E+3,0.0000000E+0
13361788,1/10/2021,4:24:59 PM,3.6179272E+1,-7.4541031E+1,3.8512629E+3,0.0000000E+0
13361789,1/10/2021,4:24:59 PM,4.1792377E+1,-7.0025017E+1,3.8548347E+3,0.0000000E+0
13361790,1/10/2021,4:24:59 PM,4.3016087E+1,-6.9863731E+1,3.8494771E+3,0.0000000E+0
13361791,1/10/2021,4:24:59 PM,4.6873440E+1,-6.9971260E+1,3.8405476E+3,0.0000000E+0
13361792,1/10/2021,4:24:59 PM,4.9693291E+1,-6.4299370E+1,3.8503701E+3,0.0000000E+0
13361793,1/10/2021,4:24:59 PM,5.2672760E+1,-5.5885609E+1,3.8512629E+3,0.0000000E+0
13361794,1/10/2021,4:24:59 PM,5.6184277E+1,-4.8009480E+1,3.8530491E+3,0.0000000E+0
13361795,1/10/2021,4:24:59 PM,5.3311222E+1,-3.8386078E+1,3.8512629E+3,0.0000000E+0
13361796,1/10/2021,4:25:00 PM,4.7804520E+1,-2.6370268E+1,3.8566208E+3,0.0000000E+0
13361797,1/10/2021,4:25:00 PM,4.6740425E+1,-1.6010124E+1,3.8530491E+3,0.0000000E+0
13361798,1/10/2021,4:25:00 PM,4.6926640E+1,-2.0268555E+0,3.8637642E+3,0.0000000E+0
13361799,1/10/2021,4:25:00 PM,4.4106789E+1,1.1351474E+1,3.8655500E+3,0.0000000E+0
13361800,1/10/2021,4:25:00 PM,3.8014835E+1,2.2875736E+1,3.8655500E+3,0.0000000E+0
13361801,1/10/2021,4:25:00 PM,3.3332813E+1,3.1746468E+1,3.8673359E+3,0.0000000E+0
13361802,1/10/2021,4:25:00 PM,2.6389585E+1,4.0751606E+1,3.8637642E+3,0.0000000E+0
13361803,1/10/2021,4:25:00 PM,2.1574551E+1,4.9165359E+1,3.8735867E+3,0.0000000E+0
13361804,1/10/2021,4:25:00 PM,1.8086220E+1,5.4702847E+1,3.8691218E+3,0.0000000E+0
13361805,1/10/2021,4:25:00 PM,1.1649600E+1,5.7471588E+1,3.8709080E+3,0.0000000E+0
13361806,1/10/2021,4:25:01 PM,1.1863909E+0,6.1342457E+1,3.8682290E+3,0.0000000E+0
13361807,1/10/2021,4:25:01 PM,-9.4102030E+0,6.3143482E+1,3.8628713E+3,0.0000000E+0
13361808,1/10/2021,4:25:01 PM,-1.7633604E+1,6.5052032E+1,3.8691218E+3,0.0000000E+0
13361809,1/10/2021,4:25:01 PM,-2.8996620E+1,6.7148750E+1,3.8655500E+3,0.0000000E+0
13361810,1/10/2021,4:25:01 PM,-3.7589199E+1,6.2928436E+1,3.8619785E+3,0.0000000E+0
13361811,1/10/2021,4:25:01 PM,-4.4904858E+1,5.9165096E+1,3.8646572E+3,0.0000000E+0
13361812,1/10/2021,4:25:01 PM,-6.1398350E+1,5.6396355E+1,3.8512629E+3,0.0000000E+0
13361813,1/10/2021,4:25:01 PM,-7.1241241E+1,5.2417961E+1,3.8584065E+3,0.0000000E+0
13361814,1/10/2021,4:25:01 PM,-7.4539932E+1,4.9219124E+1,3.8610852E+3,0.0000000E+0
13361815,1/10/2021,4:25:01 PM,-7.1480659E+1,3.8224789E+1,3.8601924E+3,0.0000000E+0
13361816,1/10/2021,4:25:02 PM,-6.8288376E+1,2.3655285E+1,3.8476914E+3,0.0000000E+0
13361817,1/10/2021,4:25:02 PM,-6.7250877E+1,1.3688776E+1,3.8494771E+3,0.0000000E+0
13361818,1/10/2021,4:25:02 PM,-6.4963066E+1,8.4557705E+0,3.8584065E+3,0.0000000E+0
13361819,1/10/2021,4:25:02 PM,-5.5865051E+1,-1.7352695E+0,3.8512629E+3,0.0000000E+0
13361820,1/10/2021,4:25:02 PM,-4.8123753E+1,-1.2845860E+1,3.8548347E+3,0.0000000E+0
13361821,1/10/2021,4:25:02 PM,-4.3122498E+1,-2.4730524E+1,3.8432266E+3,0.0000000E+0
13361822,1/10/2021,4:25:02 PM,-4.4239799E+1,-3.2284088E+1,3.8441196E+3,0.0000000E+0
13361823,1/10/2021,4:25:02 PM,-4.3202305E+1,-3.4703377E+1,3.8476914E+3,0.0000000E+0
13361824,1/10/2021,4:25:02 PM,-4.1313538E+1,-3.6907623E+1,3.8521558E+3,0.0000000E+0
13361825,1/10/2021,4:25:02 PM,-3.4902355E+1,-4.4622467E+1,3.8459053E+3,0.0000000E+0
13361826,1/10/2021,4:25:03 PM,-2.8437969E+1,-5.2955582E+1,3.8450125E+3,0.0000000E+0
13361827,1/10/2021,4:25:03 PM,-2.7746307E+1,-5.7955452E+1,3.8405476E+3,0.0000000E+0
13361828,1/10/2021,4:25:03 PM,-2.5165874E+1,-6.0374741E+1,3.8450125E+3,0.0000000E+0
13361829,1/10/2021,4:25:03 PM,-1.5465258E+1,-6.3815506E+1,3.8494771E+3,0.0000000E+0
13361830,1/10/2021,4:25:03 PM,-3.7786987E+0,-7.0078781E+1,3.8441196E+3,0.0000000E+0
13361831,1/10/2021,4:25:03 PM,6.7892408E+0,-7.8116203E+1,3.8423335E+3,0.0000000E+0
13361832,1/10/2021,4:25:03 PM,1.6459961E+1,-8.2390282E+1,3.8387620E+3,0.0000000E+0
13361833,1/10/2021,4:25:03 PM,2.3330309E+1,-7.8788231E+1,3.8485842E+3,0.0000000E+0
13361834,1/10/2021,4:25:03 PM,2.7427080E+1,-7.3546432E+1,3.8476914E+3,0.0000000E+0
13361835,1/10/2021,4:25:03 PM,3.2694355E+1,-6.9164825E+1,3.8467981E+3,0.0000000E+0
13361836,1/10/2021,4:25:04 PM,3.7349773E+1,-6.3815506E+1,3.8476914E+3,0.0000000E+0
13361837,1/10/2021,4:25:04 PM,3.9265148E+1,-5.5751205E+1,3.8476914E+3,0.0000000E+0
13361838,1/10/2021,4:25:04 PM,3.6578304E+1,-4.2821442E+1,3.8530491E+3,0.0000000E+0
13361839,1/10/2021,4:25:04 PM,3.2215515E+1,-2.9837917E+1,3.8530491E+3,0.0000000E+0
13361840,1/10/2021,4:25:04 PM,2.7879320E+1,-1.5566065E+1,3.8601924E+3,0.0000000E+0
13361841,1/10/2021,4:25:04 PM,2.1893780E+1,-2.7652042E+0,3.8584065E+3,0.0000000E+0
13361842,1/10/2021,4:25:04 PM,1.6531012E+1,1.0101722E+1,3.8610852E+3,0.0000000E+0
13361843,1/10/2021,4:25:04 PM,8.0023565E+0,2.3870333E+1,3.8637642E+3,0.0000000E+0
13361844,1/10/2021,4:25:04 PM,-1.6388906E+0,3.5617332E+1,3.8601924E+3,0.0000000E+0
13361845,1/10/2021,4:25:04 PM,-8.2128754E+0,4.7525620E+1,3.8691218E+3,0.0000000E+0
13361846,1/10/2021,4:25:05 PM,-1.4025834E+1,5.7417831E+1,3.8673359E+3,0.0000000E+0
13361847,1/10/2021,4:25:05 PM,-1.5515256E+1,6.0939240E+1,3.8673359E+3,0.0000000E+0
13361848,1/10/2021,4:25:05 PM,-1.9883526E+1,6.5186440E+1,3.8646572E+3,0.0000000E+0
13361849,1/10/2021,4:25:05 PM,-2.6256575E+1,6.8089584E+1,3.8655500E+3,0.0000000E+0
13361850,1/10/2021,4:25:05 PM,-2.9661682E+1,7.0051903E+1,3.8691218E+3,0.0000000E+0
13361851,1/10/2021,4:25:05 PM,-3.5221584E+1,7.0777687E+1,3.8682290E+3,0.0000000E+0
13361852,1/10/2021,4:25:05 PM,-3.6604908E+1,6.6584251E+1,3.8673359E+3,0.0000000E+0
13361853,1/10/2021,4:25:05 PM,-4.1446545E+1,5.9675835E+1,3.8601924E+3,0.0000000E+0
13361854,1/10/2021,4:25:05 PM,-4.8097149E+1,5.3869537E+1,3.8610852E+3,0.0000000E+0
13361855,1/10/2021,4:25:05 PM,-5.4721146E+1,4.8332047E+1,3.8610852E+3,0.0000000E+0
13361856,1/10/2021,4:25:06 PM,-5.8924324E+1,4.0536556E+1,3.8601924E+3,0.0000000E+0
13361857,1/10/2021,4:25:06 PM,-6.1478157E+1,3.1101324E+1,3.8584065E+3,0.0000000E+0
13361858,1/10/2021,4:25:06 PM,-6.2196426E+1,1.9081326E+1,3.8530491E+3,0.0000000E+0
13361859,1/10/2021,4:25:06 PM,-6.2435844E+1,8.2882509E+0,3.8476914E+3,0.0000000E+0
13361860,1/10/2021,4:25:06 PM,-5.8631702E+1,-1.9337080E-1,3.8485842E+3,0.0000000E+0
13361861,1/10/2021,4:25:06 PM,-5.4508327E+1,-7.9558702E+0,3.8494771E+3,0.0000000E+0
13361862,1/10/2021,4:25:06 PM,-4.1499752E+1,-1.9331276E+1,3.8485842E+3,0.0000000E+0
13361863,1/10/2021,4:25:06 PM,-3.2907177E+1,-3.0133608E+1,3.8423335E+3,0.0000000E+0
13361864,1/10/2021,4:25:06 PM,-2.0643465E+1,-3.8063503E+1,3.8476914E+3,0.0000000E+0
13361865,1/10/2021,4:25:06 PM,-8.1023531E+0,-4.4380543E+1,3.8450125E+3,0.0000000E+0
13361866,1/10/2021,4:25:07 PM,3.0797029E+0,-4.8332047E+1,3.8512629E+3,0.0000000E+0
13361867,1/10/2021,4:25:07 PM,1.7349403E+1,-5.3815773E+1,3.8512629E+3,0.0000000E+0
13361868,1/10/2021,4:25:07 PM,2.9129633E+1,-6.1449982E+1,3.8476914E+3,0.0000000E+0
13361869,1/10/2021,4:25:07 PM,3.9238548E+1,-6.6584251E+1,3.8503701E+3,0.0000000E+0
13361870,1/10/2021,4:25:07 PM,4.9906109E+1,-6.8734734E+1,3.8512629E+3,0.0000000E+0
13361871,1/10/2021,4:25:07 PM,5.4322113E+1,-6.8869133E+1,3.8557275E+3,0.0000000E+0
13361872,1/10/2021,4:25:07 PM,5.8418880E+1,-6.9809975E+1,3.8494771E+3,0.0000000E+0
13361873,1/10/2021,4:25:07 PM,6.0839699E+1,-7.0240074E+1,3.8512629E+3,0.0000000E+0
13361874,1/10/2021,4:25:07 PM,6.4670448E+1,-6.9568039E+1,3.8494771E+3,0.0000000E+0
13361875,1/10/2021,4:25:07 PM,6.3420132E+1,-6.4890747E+1,3.8512629E+3,0.0000000E+0
13361876,1/10/2021,4:25:08 PM,5.6210880E+1,-5.7337189E+1,3.8530491E+3,0.0000000E+0
13361877,1/10/2021,4:25:08 PM,4.7831123E+1,-5.0697578E+1,3.8539419E+3,0.0000000E+0
13361878,1/10/2021,4:25:08 PM,4.0701679E+1,-4.6880474E+1,3.8450125E+3,0.0000000E+0
13361879,1/10/2021,4:25:08 PM,3.4689533E+1,-4.0240868E+1,3.8530491E+3,0.0000000E+0
13361880,1/10/2021,4:25:08 PM,2.7400476E+1,-3.2310970E+1,3.8485842E+3,0.0000000E+0
13361881,1/10/2021,4:25:08 PM,1.5762616E+1,-2.0322041E+1,3.8557275E+3,0.0000000E+0
13361882,1/10/2021,4:25:08 PM,2.3347414E+0,-7.7750554E+0,3.8548347E+3,0.0000000E+0
13361883,1/10/2021,4:25:08 PM,-5.1418200E+0,2.2927251E+0,3.8592996E+3,0.0000000E+0
13361884,1/10/2021,4:25:08 PM,-1.3020605E+1,1.1077592E+1,3.8539419E+3,0.0000000E+0
13361885,1/10/2021,4:25:08 PM,-2.1973585E+1,2.2123068E+1,3.8601924E+3,0.0000000E+0
13361886,1/10/2021,4:25:09 PM,-3.5780235E+1,3.6047428E+1,3.8637642E+3,0.0000000E+0
13361887,1/10/2021,4:25:09 PM,-5.0464764E+1,4.8090118E+1,3.8655500E+3,0.0000000E+0
13361888,1/10/2021,4:25:09 PM,-6.2701870E+1,5.5670563E+1,3.8673359E+3,0.0000000E+0
13361889,1/10/2021,4:25:09 PM,-7.1560471E+1,5.7337189E+1,3.8601924E+3,0.0000000E+0
13361890,1/10/2021,4:25:09 PM,-8.1376755E+1,5.8412422E+1,3.8566208E+3,0.0000000E+0
13361891,1/10/2021,4:25:09 PM,-9.0581184E+1,6.0777954E+1,3.8584065E+3,0.0000000E+0
13361892,1/10/2021,4:25:09 PM,-9.6566727E+1,6.2847794E+1,3.8637642E+3,0.0000000E+0
13361893,1/10/2021,4:25:09 PM,-9.7231789E+1,5.9245739E+1,3.8575137E+3,0.0000000E+0
13361894,1/10/2021,4:25:09 PM,-9.4704559E+1,4.9783623E+1,3.8539419E+3,0.0000000E+0
13361895,1/10/2021,4:25:09 PM,-9.0102348E+1,3.9730129E+1,3.8476914E+3,0.0000000E+0
13361896,1/10/2021,4:25:10 PM,-8.5260704E+1,3.3251804E+1,3.8512629E+3,0.0000000E+0
13361897,1/10/2021,4:25:10 PM,-7.7865242E+1,2.9999203E+1,3.8557275E+3,0.0000000E+0
13361898,1/10/2021,4:25:10 PM,-6.9964325E+1,2.4891811E+1,3.8512629E+3,0.0000000E+0
13361899,1/10/2021,4:25:10 PM,-5.7141964E+1,1.7812960E+1,3.8530491E+3,0.0000000E+0
13361900,1/10/2021,4:25:10 PM,-4.8097149E+1,1.3635595E+1,3.8530491E+3,0.0000000E+0
13361901,1/10/2021,4:25:10 PM,-4.0063221E+1,9.4050512E+0,3.8494771E+3,0.0000000E+0
13361902,1/10/2021,4:25:10 PM,-3.1683464E+1,1.1346156E+1,3.8601924E+3,0.0000000E+0
13361903,1/10/2021,4:25:10 PM,-2.1255322E+1,1.1441881E+1,3.8601924E+3,0.0000000E+0
13361904,1/10/2021,4:25:10 PM,-9.1286335E+0,8.8679237E+0,3.8637642E+3,0.0000000E+0
13361905,1/10/2021,4:25:10 PM,-2.9362581E+0,4.3299913E+0,3.8548347E+3,0.0000000E+0
13361906,1/10/2021,4:25:11 PM,3.4498060E+0,3.9741036E-1,3.8566208E+3,0.0000000E+0
13361907,1/10/2021,4:25:11 PM,9.6286163E+0,-2.8388789E+0,3.8619785E+3,0.0000000E+0
13361908,1/10/2021,4:25:11 PM,1.7609921E+1,-6.6635733E+0,3.8637642E+3,0.0000000E+0
13361909,1/10/2021,4:25:11 PM,2.4075176E+1,-1.4858757E+1,3.8610852E+3,0.0000000E+0
13361910,1/10/2021,4:25:11 PM,2.9315851E+1,-2.6477791E+1,3.8530491E+3,0.0000000E+0
13361911,1/10/2021,4:25:11 PM,3.4662933E+1,-3.6880741E+1,3.8530491E+3,0.0000000E+0
13361912,1/10/2021,4:25:11 PM,3.7216766E+1,-4.4219257E+1,3.8494771E+3,0.0000000E+0
13361913,1/10/2021,4:25:11 PM,4.3654545E+1,-5.0563171E+1,3.8584065E+3,0.0000000E+0
13361914,1/10/2021,4:25:11 PM,4.8363171E+1,-5.7175903E+1,3.8503701E+3,0.0000000E+0
13361915,1/10/2021,4:25:11 PM,4.9108040E+1,-6.5724060E+1,3.8467981E+3,0.0000000E+0
13361916,1/10/2021,4:25:12 PM,5.2087509E+1,-7.1852928E+1,3.8432266E+3,0.0000000E+0
13361917,1/10/2021,4:25:12 PM,5.1369244E+1,-7.3788361E+1,3.8467981E+3,0.0000000E+0
13361918,1/10/2021,4:25:12 PM,5.3364426E+1,-7.1772285E+1,3.8530491E+3,0.0000000E+0
13361919,1/10/2021,4:25:12 PM,5.2459938E+1,-7.0804565E+1,3.8503701E+3,0.0000000E+0
13361920,1/10/2021,4:25:12 PM,4.7698109E+1,-6.8761612E+1,3.8503701E+3,0.0000000E+0
13361921,1/10/2021,4:25:12 PM,4.0462257E+1,-6.5428368E+1,3.8485842E+3,0.0000000E+0
13361922,1/10/2021,4:25:12 PM,3.3412621E+1,-6.0912361E+1,3.8494771E+3,0.0000000E+0
13361923,1/10/2021,4:25:12 PM,3.1151415E+1,-5.5993134E+1,3.8548347E+3,0.0000000E+0
13361924,1/10/2021,4:25:12 PM,2.5830936E+1,-5.0939507E+1,3.8512629E+3,0.0000000E+0
13361925,1/10/2021,4:25:12 PM,1.7430979E+1,-4.5428902E+1,3.8530491E+3,0.0000000E+0
13361926,1/10/2021,4:25:13 PM,8.4444466E+0,-4.0348392E+1,3.8494771E+3,0.0000000E+0
13361927,1/10/2021,4:25:13 PM,-2.4345977E+0,-3.3198044E+1,3.8494771E+3,0.0000000E+0
13361928,1/10/2021,4:25:13 PM,-1.0857521E+1,-2.5106859E+1,3.8557275E+3,0.0000000E+0
13361929,1/10/2021,4:25:13 PM,-1.7415190E+1,-2.0913424E+1,3.8467981E+3,0.0000000E+0
13361930,1/10/2021,4:25:13 PM,-2.8278357E+1,-1.3305874E+1,3.8512629E+3,0.0000000E+0
13361931,1/10/2021,4:25:13 PM,-4.3920570E+1,-1.5327544E+0,3.8459053E+3,0.0000000E+0
13361932,1/10/2021,4:25:13 PM,-5.7514400E+1,1.1822124E+1,3.8530491E+3,0.0000000E+0
13361933,1/10/2021,4:25:13 PM,-6.6772034E+1,2.5510075E+1,3.8548347E+3,0.0000000E+0
13361934,1/10/2021,4:25:13 PM,-7.2012711E+1,3.7552765E+1,3.8575137E+3,0.0000000E+0
13361935,1/10/2021,4:25:13 PM,-7.8769722E+1,4.6880474E+1,3.8548347E+3,0.0000000E+0
13361936,1/10/2021,4:25:14 PM,-8.3531548E+1,5.5025417E+1,3.8548347E+3,0.0000000E+0
13361937,1/10/2021,4:25:14 PM,-8.9517097E+1,6.7014351E+1,3.8610852E+3,0.0000000E+0
13361938,1/10/2021,4:25:14 PM,-8.7734726E+1,7.5347458E+1,3.8691218E+3,0.0000000E+0
13361939,1/10/2021,4:25:14 PM,-8.3292130E+1,7.9003273E+1,3.8691218E+3,0.0000000E+0
13361940,1/10/2021,4:25:14 PM,-7.5790253E+1,7.4971123E+1,3.8619785E+3,0.0000000E+0
13361941,1/10/2021,4:25:14 PM,-6.6851845E+1,6.9111069E+1,3.8619785E+3,0.0000000E+0
13361942,1/10/2021,4:25:14 PM,-5.9855412E+1,6.5509010E+1,3.8646572E+3,0.0000000E+0
13361943,1/10/2021,4:25:14 PM,-4.9719894E+1,5.8761875E+1,3.8655500E+3,0.0000000E+0
13361944,1/10/2021,4:25:14 PM,-3.6126064E+1,4.7606262E+1,3.8637642E+3,0.0000000E+0
13361945,1/10/2021,4:25:14 PM,-2.5804331E+1,3.6316238E+1,3.8584065E+3,0.0000000E+0
13361946,1/10/2021,4:25:15 PM,-1.9317757E+1,2.6316505E+1,3.8575137E+3,0.0000000E+0
13361947,1/10/2021,4:25:15 PM,-1.6591534E+1,1.8584084E+1,3.8530491E+3,0.0000000E+0
13361948,1/10/2021,4:25:15 PM,-1.4138988E+1,1.4122202E+1,3.8566208E+3,0.0000000E+0
13361949,1/10/2021,4:25:15 PM,-1.1525920E+1,1.0333059E+1,3.8601924E+3,0.0000000E+0
13361950,1/10/2021,4:25:15 PM,-5.2044282E+0,3.5019515E+0,3.8539419E+3,0.0000000E+0
13361951,1/10/2021,4:25:15 PM,-3.3166640E+0,-3.4659150E+0,3.8512629E+3,0.0000000E+0
13361952,1/10/2021,4:25:15 PM,-3.5924585E+0,-7.2139959E+0,3.8512629E+3,0.0000000E+0
13361953,1/10/2021,4:25:15 PM,-5.4374528E-1,-9.5193901E+0,3.8575137E+3,0.0000000E+0
13361954,1/10/2021,4:25:15 PM,6.3445191E+0,-1.4486490E+1,3.8575137E+3,0.0000000E+0
13361955,1/10/2021,4:25:15 PM,1.4983696E+1,-2.2257473E+1,3.8575137E+3,0.0000000E+0
13361956,1/10/2021,4:25:16 PM,2.2372622E+1,-3.1746468E+1,3.8512629E+3,0.0000000E+0
13361957,1/10/2021,4:25:16 PM,2.9315851E+1,-3.9192505E+1,3.8539419E+3,0.0000000E+0
13361958,1/10/2021,4:25:16 PM,3.5061970E+1,-4.5267616E+1,3.8494771E+3,0.0000000E+0
13361959,1/10/2021,4:25:16 PM,4.0329243E+1,-4.7552498E+1,3.8601924E+3,0.0000000E+0
13361960,1/10/2021,4:25:16 PM,4.4479221E+1,-5.1154556E+1,3.8557275E+3,0.0000000E+0
13361961,1/10/2021,4:25:16 PM,4.3973774E+1,-5.6423229E+1,3.8485842E+3,0.0000000E+0
13361962,1/10/2021,4:25:16 PM,4.1951992E+1,-5.9917763E+1,3.8485842E+3,0.0000000E+0
13361963,1/10/2021,4:25:16 PM,3.7935028E+1,-5.9272621E+1,3.8476914E+3,0.0000000E+0
13361964,1/10/2021,4:25:16 PM,2.9768089E+1,-5.4702847E+1,3.8530491E+3,0.0000000E+0
13361965,1/10/2021,4:25:16 PM,2.3117489E+1,-5.2095390E+1,3.8476914E+3,0.0000000E+0
13361966,1/10/2021,4:25:17 PM,1.3520588E+1,-4.7068642E+1,3.8494771E+3,0.0000000E+0
13361967,1/10/2021,4:25:17 PM,4.5997415E+0,-4.1799965E+1,3.8476914E+3,0.0000000E+0
13361968,1/10/2021,4:25:17 PM,-3.2960589E+0,-3.6880741E+1,3.8476914E+3,0.0000000E+0
13361969,1/10/2021,4:25:17 PM,-7.5234261E+0,-2.9058369E+1,3.8512629E+3,0.0000000E+0
13361970,1/10/2021,4:25:17 PM,-1.1328558E+1,-2.1854258E+1,3.8566208E+3,0.0000000E+0
13361971,1/10/2021,4:25:17 PM,-1.6767845E+1,-1.6478119E+1,3.8512629E+3,0.0000000E+0
13361972,1/10/2021,4:25:17 PM,-1.7817808E+1,-1.4576899E+1,3.8530491E+3,0.0000000E+0
13361973,1/10/2021,4:25:17 PM,-1.7991488E+1,-1.1082911E+1,3.8512629E+3,0.0000000E+0
13361974,1/10/2021,4:25:17 PM,-1.8812511E+1,-4.4445071E+0,3.8601924E+3,0.0000000E+0
13361975,1/10/2021,4:25:17 PM,-1.9330914E+1,-8.8577169E-1,3.8584065E+3,0.0000000E+0
13361976,1/10/2021,4:25:18 PM,-2.1255322E+1,5.7984567E-1,3.8566208E+3,0.0000000E+0
13361977,1/10/2021,4:25:18 PM,-2.4421007E+1,2.9878302E+0,3.8584065E+3,0.0000000E+0
13361978,1/10/2021,4:25:18 PM,-2.8544380E+1,3.8006542E+0,3.8539419E+3,0.0000000E+0
13361979,1/10/2021,4:25:18 PM,-3.0034115E+1,5.4537063E+0,3.8575137E+3,0.0000000E+0
13361980,1/10/2021,4:25:18 PM,-3.1976089E+1,6.4322362E+0,3.8566208E+3,0.0000000E+0
13361981,1/10/2021,4:25:18 PM,-3.6099461E+1,6.5891199E+0,3.8566208E+3,0.0000000E+0
13361982,1/10/2021,4:25:18 PM,-3.6019653E+1,4.6230884E+0,3.8512629E+3,0.0000000E+0
13361983,1/10/2021,4:25:18 PM,-3.6791122E+1,2.3479812E+0,3.8494771E+3,0.0000000E+0
13361984,1/10/2021,4:25:18 PM,-3.3492428E+1,2.4024363E+0,3.8530491E+3,0.0000000E+0
13361985,1/10/2021,4:25:18 PM,-2.9927706E+1,3.0454884E+0,3.8539419E+3,0.0000000E+0
13361986,1/10/2021,4:25:19 PM,-2.9395657E+1,3.1231673E+0,3.8539419E+3,0.0000000E+0
13361987,1/10/2021,4:25:19 PM,-2.5378693E+1,1.1611776E+0,3.8530491E+3,0.0000000E+0
13361988,1/10/2021,4:25:19 PM,-2.5165874E+1,1.7930183E+0,3.8494771E+3,0.0000000E+0
13361989,1/10/2021,4:25:19 PM,-2.2745056E+1,5.1099820E+0,3.8584065E+3,0.0000000E+0
13361990,1/10/2021,4:25:19 PM,-2.0350840E+1,8.1712523E+0,3.8584065E+3,0.0000000E+0
13361991,1/10/2021,4:25:19 PM,-2.2745056E+1,1.0766483E+1,3.8566208E+3,0.0000000E+0
13361992,1/10/2021,4:25:19 PM,-2.2612043E+1,1.2976151E+1,3.8601924E+3,0.0000000E+0
13361993,1/10/2021,4:25:19 PM,-2.3197298E+1,1.5028936E+1,3.8584065E+3,0.0000000E+0
13361994,1/10/2021,4:25:19 PM,-2.2186407E+1,1.6273371E+1,3.8584065E+3,0.0000000E+0
13361995,1/10/2021,4:25:19 PM,-2.2532236E+1,1.7783709E+1,3.8610852E+3,0.0000000E+0
13361996,1/10/2021,4:25:20 PM,-2.4740236E+1,1.7318377E+1,3.8566208E+3,0.0000000E+0
13361997,1/10/2021,4:25:20 PM,-2.3037682E+1,1.4576899E+1,3.8548347E+3,0.0000000E+0
13361998,1/10/2021,4:25:20 PM,-2.3543129E+1,1.2114621E+1,3.8530491E+3,0.0000000E+0
13361999,1/10/2021,4:25:20 PM,-1.9886160E+1,1.0646826E+1,3.8584065E+3,0.0000000E+0
13362000,1/10/2021,4:25:20 PM,-1.7120464E+1,8.5967007E+0,3.8566208E+3,0.0000000E+0
13362001,1/10/2021,4:25:20 PM,-1.7778336E+1,5.3978667E+0,3.8530491E+3,0.0000000E+0
13362002,1/10/2021,4:25:20 PM,-1.6946785E+1,3.4490976E+0,3.8548347E+3,0.0000000E+0
13362003,1/10/2021,4:25:20 PM,-1.9004610E+1,2.8364766E+0,3.8512629E+3,0.0000000E+0
13362004,1/10/2021,4:25:20 PM,-1.5396839E+1,2.4528875E+0,3.8566208E+3,0.0000000E+0
13362005,1/10/2021,4:25:20 PM,-1.0273331E+1,2.5874238E+0,3.8548347E+3,0.0000000E+0
13362006,1/10/2021,4:25:21 PM,-1.0607531E+1,3.4490976E+0,3.8601924E+3,0.0000000E+0
13362007,1/10/2021,4:25:21 PM,-5.9208488E+0,1.5087301E+0,3.8548347E+3,0.0000000E+0
13362008,1/10/2021,4:25:21 PM,-1.0151672E+0,-1.9683962E+0,3.8548347E+3,0.0000000E+0
13362009,1/10/2021,4:25:21 PM,4.3041344E+0,-2.2006316E+0,3.8637642E+3,0.0000000E+0
13362010,1/10/2021,4:25:21 PM,9.8391361E+0,-5.8552227E+0,3.8575137E+3,0.0000000E+0
13362011,1/10/2021,4:25:21 PM,1.1849592E+1,-1.1758308E+1,3.8548347E+3,0.0000000E+0
13362012,1/10/2021,4:25:21 PM,1.4496871E+1,-1.4560945E+1,3.8584065E+3,0.0000000E+0
13362013,1/10/2021,4:25:21 PM,1.3857419E+1,-1.7836891E+1,3.8521558E+3,0.0000000E+0
13362014,1/10/2021,4:25:21 PM,1.5212635E+1,-2.1934902E+1,3.8566208E+3,0.0000000E+0
13362015,1/10/2021,4:25:21 PM,1.7878332E+1,-2.5752005E+1,3.8548347E+3,0.0000000E+0
13362016,1/10/2021,4:25:22 PM,1.6462591E+1,-2.9139011E+1,3.8512629E+3,0.0000000E+0
13362017,1/10/2021,4:25:22 PM,1.6088921E+1,-3.2902351E+1,3.8503701E+3,0.0000000E+0
13362018,1/10/2021,4:25:22 PM,1.7323088E+1,-3.4810905E+1,3.8494771E+3,0.0000000E+0
13362019,1/10/2021,4:25:22 PM,1.5909979E+1,-3.3896950E+1,3.8539419E+3,0.0000000E+0
13362020,1/10/2021,4:25:22 PM,1.3604796E+1,-3.3520615E+1,3.8503701E+3,0.0000000E+0
13362021,1/10/2021,4:25:22 PM,8.7575941E+0,-3.0268013E+1,3.8530491E+3,0.0000000E+0
13362022,1/10/2021,4:25:22 PM,3.5758154E+0,-2.6182100E+1,3.8539419E+3,0.0000000E+0
13362023,1/10/2021,4:25:22 PM,-3.8906822E-1,-2.3977858E+1,3.8512629E+3,0.0000000E+0
13362024,1/10/2021,4:25:22 PM,-5.1877856E+0,-1.9942856E+1,3.8530491E+3,0.0000000E+0
13362025,1/10/2021,4:25:22 PM,-9.7891369E+0,-1.4231222E+1,3.8548347E+3,0.0000000E+0
13362026,1/10/2021,4:25:23 PM,-1.5952084E+1,-8.8094244E+0,3.8539419E+3,0.0000000E+0
13362027,1/10/2021,4:25:23 PM,-2.1281923E+1,-4.0513086E+0,3.8566208E+3,0.0000000E+0
13362028,1/10/2021,4:25:23 PM,-2.5139273E+1,-5.0383097E-1,3.8539419E+3,0.0000000E+0
13362029,1/10/2021,4:25:23 PM,-2.8225151E+1,1.5095309E+0,3.8557275E+3,0.0000000E+0
13362030,1/10/2021,4:25:23 PM,-3.1550451E+1,4.7127795E+0,3.8548347E+3,0.0000000E+0
13362031,1/10/2021,4:25:23 PM,-3.6232475E+1,7.4799008E+0,3.8566208E+3,0.0000000E+0
13362032,1/10/2021,4:25:23 PM,-4.1260330E+1,9.6762743E+0,3.8566208E+3,0.0000000E+0
13362033,1/10/2021,4:25:23 PM,-4.5117676E+1,1.0402194E+1,3.8548347E+3,0.0000000E+0
13362034,1/10/2021,4:25:23 PM,-4.7059654E+1,1.0415489E+1,3.8539419E+3,0.0000000E+0
13362035,1/10/2021,4:25:23 PM,-4.6900040E+1,9.5034351E+0,3.8530491E+3,0.0000000E+0
13362036,1/10/2021,4:25:24 PM,-4.7059654E+1,9.5619345E+0,3.8566208E+3,0.0000000E+0
13362037,1/10/2021,4:25:24 PM,-4.6501003E+1,1.0266582E+1,3.8548347E+3,0.0000000E+0
13362038,1/10/2021,4:25:24 PM,-4.4745243E+1,6.8789558E+0,3.8512629E+3,0.0000000E+0
13362039,1/10/2021,4:25:24 PM,-3.7110355E+1,3.6773293E+0,3.8548347E+3,0.0000000E+0
13362040,1/10/2021,4:25:24 PM,-3.0725777E+1,1.1379540E+0,3.8530491E+3,0.0000000E+0
13362041,1/10/2021,4:25:24 PM,-2.3995369E+1,-7.5721341E-1,3.8566208E+3,0.0000000E+0
13362042,1/10/2021,4:25:24 PM,-1.8194113E+1,-3.0671105E+0,3.8539419E+3,0.0000000E+0
13362043,1/10/2021,4:25:24 PM,-1.2496939E+1,-7.5862627E+0,3.8539419E+3,0.0000000E+0
13362044,1/10/2021,4:25:24 PM,-4.1369143E+0,-1.1263725E+1,3.8548347E+3,0.0000000E+0
13362045,1/10/2021,4:25:24 PM,3.0289819E+0,-1.5847923E+1,3.8512629E+3,0.0000000E+0
13362046,1/10/2021,4:25:25 PM,7.6576314E+0,-1.6720091E+1,3.8575137E+3,0.0000000E+0
13362047,1/10/2021,4:25:25 PM,9.8207150E+0,-1.7791687E+1,3.8548347E+3,0.0000000E+0
13362048,1/10/2021,4:25:25 PM,1.0854890E+1,-1.9823198E+1,3.8548347E+3,0.0000000E+0
13362049,1/10/2021,4:25:25 PM,1.0923308E+1,-1.9985401E+1,3.8548347E+3,0.0000000E+0
13362050,1/10/2021,4:25:25 PM,1.1260139E+1,-2.0698376E+1,3.8530491E+3,0.0000000E+0
13362051,1/10/2021,4:25:25 PM,1.0675948E+1,-1.8560152E+1,3.8575137E+3,0.0000000E+0
13362052,1/10/2021,4:25:25 PM,8.2312956E+0,-1.7919321E+1,3.8548347E+3,0.0000000E+0
13362053,1/10/2021,4:25:25 PM,5.3813939E+0,-1.7329014E+1,3.8539419E+3,0.0000000E+0
13362054,1/10/2021,4:25:25 PM,5.2068062E+0,-1.7352945E+1,3.8530491E+3,0.0000000E+0
13362055,1/10/2021,4:25:25 PM,8.7891722E+0,-1.9283413E+1,3.8530491E+3,0.0000000E+0
13362056,1/10/2021,4:25:26 PM,1.2357471E+1,-1.7903366E+1,3.8548347E+3,0.0000000E+0
13362057,1/10/2021,4:25:26 PM,1.4875804E+1,-1.8089500E+1,3.8548347E+3,0.0000000E+0
13362058,1/10/2021,4:25:26 PM,1.5241581E+1,-1.6688181E+1,3.8557275E+3,0.0000000E+0
13362059,1/10/2021,4:25:26 PM,1.4420557E+1,-1.6204235E+1,3.8530491E+3,0.0000000E+0
13362060,1/10/2021,4:25:26 PM,1.4128461E+1,-1.4321630E+1,3.8530491E+3,0.0000000E+0
13362061,1/10/2021,4:25:26 PM,1.3649530E+1,-1.0412830E+1,3.8566208E+3,0.0000000E+0
13362062,1/10/2021,4:25:26 PM,9.4128342E+0,-5.8631997E+0,3.8548347E+3,0.0000000E+0
13362063,1/10/2021,4:25:26 PM,1.2014487E+0,-5.9664893E-1,3.8575137E+3,0.0000000E+0
13362064,1/10/2021,4:25:26 PM,-6.8813429E+0,4.3868484E+0,3.8566208E+3,0.0000000E+0
13362065,1/10/2021,4:25:26 PM,-1.5915243E+1,8.8572874E+0,3.8539419E+3,0.0000000E+0
13362066,1/10/2021,4:25:27 PM,-2.2904671E+1,1.4201973E+1,3.8584065E+3,0.0000000E+0
13362067,1/10/2021,4:25:27 PM,-3.0273537E+1,1.9113234E+1,3.8566208E+3,0.0000000E+0
13362068,1/10/2021,4:25:27 PM,-3.6179272E+1,2.3574642E+1,3.8601924E+3,0.0000000E+0
13362069,1/10/2021,4:25:27 PM,-4.2696857E+1,2.6289623E+1,3.8566208E+3,0.0000000E+0
13362070,1/10/2021,4:25:27 PM,-4.5915752E+1,2.7042292E+1,3.8575137E+3,0.0000000E+0
13362071,1/10/2021,4:25:27 PM,-4.6979847E+1,2.7526150E+1,3.8566208E+3,0.0000000E+0
13362072,1/10/2021,4:25:27 PM,-4.5889149E+1,2.6289623E+1,3.8584065E+3,0.0000000E+0
13362073,1/10/2021,4:25:27 PM,-4.5676327E+1,2.4327311E+1,3.8575137E+3,0.0000000E+0
13362074,1/10/2021,4:25:27 PM,-4.4106789E+1,1.9650360E+1,3.8548347E+3,0.0000000E+0
13362075,1/10/2021,4:25:27 PM,-4.3308716E+1,1.5933012E+1,3.8530491E+3,0.0000000E+0
13362076,1/10/2021,4:25:28 PM,-4.0621872E+1,1.3170262E+1,3.8539419E+3,0.0000000E+0
13362077,1/10/2021,4:25:28 PM,-3.9531174E+1,1.2821928E+1,3.8548347E+3,0.0000000E+0
13362078,1/10/2021,4:25:28 PM,-3.8759705E+1,1.1955078E+1,3.8548347E+3,0.0000000E+0
13362079,1/10/2021,4:25:28 PM,-4.2377632E+1,1.2361912E+1,3.8521558E+3,0.0000000E+0
13362080,1/10/2021,4:25:28 PM,-4.3069294E+1,1.3095808E+1,3.8566208E+3,0.0000000E+0
13362081,1/10/2021,4:25:28 PM,-4.2962883E+1,1.4140815E+1,3.8566208E+3,0.0000000E+0
13362082,1/10/2021,4:25:28 PM,-4.0542065E+1,1.2157166E+1,3.8584065E+3,0.0000000E+0
13362083,1/10/2021,4:25:28 PM,-3.7961632E+1,7.7165561E+0,3.8539419E+3,0.0000000E+0
13362084,1/10/2021,4:25:28 PM,-3.3465828E+1,5.1908646E+0,3.8548347E+3,0.0000000E+0
13362085,1/10/2021,4:25:28 PM,-2.5458500E+1,2.8052449E+0,3.8584065E+3,0.0000000E+0
13362086,1/10/2021,4:25:29 PM,-1.6133656E+1,-3.2953420E+0,3.8539419E+3,0.0000000E+0
13362087,1/10/2021,4:25:29 PM,-7.0181794E+0,-8.2430468E+0,3.8601924E+3,0.0000000E+0
13362088,1/10/2021,4:25:29 PM,3.8460619E+0,-1.6063305E+1,3.8548347E+3,0.0000000E+0
13362089,1/10/2021,4:25:29 PM,1.1812752E+1,-2.4515476E+1,3.8521558E+3,0.0000000E+0
13362090,1/10/2021,4:25:29 PM,2.1867176E+1,-3.0536823E+1,3.8530491E+3,0.0000000E+0
13362091,1/10/2021,4:25:29 PM,2.9954308E+1,-3.5052830E+1,3.8566208E+3,0.0000000E+0
13362092,1/10/2021,4:25:29 PM,3.6338886E+1,-3.9138744E+1,3.8584065E+3,0.0000000E+0
13362093,1/10/2021,4:25:29 PM,3.8733101E+1,-4.5509544E+1,3.8512629E+3,0.0000000E+0
13362094,1/10/2021,4:25:29 PM,3.9610981E+1,-5.2928699E+1,3.8503701E+3,0.0000000E+0
13362095,1/10/2021,4:25:29 PM,4.0276043E+1,-5.7364063E+1,3.8494771E+3,0.0000000E+0
13362096,1/10/2021,4:25:30 PM,3.9025730E+1,-6.0751076E+1,3.8476914E+3,0.0000000E+0
13362097,1/10/2021,4:25:30 PM,3.8280861E+1,-5.9971527E+1,3.8548347E+3,0.0000000E+0
13362098,1/10/2021,4:25:30 PM,3.6844330E+1,-6.1073647E+1,3.8503701E+3,0.0000000E+0
13362099,1/10/2021,4:25:30 PM,3.2694355E+1,-6.1396217E+1,3.8476914E+3,0.0000000E+0
13362100,1/10/2021,4:25:30 PM,2.6602406E+1,-5.9702717E+1,3.8476914E+3,0.0000000E+0
13362101,1/10/2021,4:25:30 PM,2.0324238E+1,-5.6181301E+1,3.8459053E+3,0.0000000E+0
13362102,1/10/2021,4:25:30 PM,1.3860050E+1,-4.8815907E+1,3.8539419E+3,0.0000000E+0
13362103,1/10/2021,4:25:30 PM,9.8101892E+0,-4.4945042E+1,3.8494771E+3,0.0000000E+0
13362104,1/10/2021,4:25:30 PM,3.0812879E+0,-4.0079582E+1,3.8503701E+3,0.0000000E+0
13362105,1/10/2021,4:25:30 PM,-3.4553535E+0,-3.6074310E+1,3.8467981E+3,0.0000000E+0
13362106,1/10/2021,4:25:31 PM,-1.0710158E+1,-2.8950842E+1,3.8512629E+3,0.0000000E+0
13362107,1/10/2021,4:25:31 PM,-1.8523048E+1,-1.9158438E+1,3.8539419E+3,0.0000000E+0
13362108,1/10/2021,4:25:31 PM,-2.2745056E+1,-1.3563802E+1,3.8512629E+3,0.0000000E+0
13362109,1/10/2021,4:25:31 PM,-2.7719706E+1,-8.0622320E+0,3.8521558E+3,0.0000000E+0
13362110,1/10/2021,4:25:31 PM,-3.5700428E+1,-6.2358755E-1,3.8503701E+3,0.0000000E+0
13362111,1/10/2021,4:25:31 PM,-3.7722210E+1,5.4599371E+0,3.8530491E+3,0.0000000E+0
13362112,1/10/2021,4:25:31 PM,-4.0302643E+1,1.4287062E+1,3.8575137E+3,0.0000000E+0
13362113,1/10/2021,4:25:31 PM,-4.7192665E+1,2.2768211E+1,3.8566208E+3,0.0000000E+0
13362114,1/10/2021,4:25:31 PM,-5.2619560E+1,2.8628273E+1,3.8530491E+3,0.0000000E+0
13362115,1/10/2021,4:25:31 PM,-5.6104469E+1,3.6934502E+1,3.8584065E+3,0.0000000E+0
13362116,1/10/2021,4:25:32 PM,-5.8977531E+1,4.5052567E+1,3.8575137E+3,0.0000000E+0
13362117,1/10/2021,4:25:32 PM,-5.6450302E+1,5.0697578E+1,3.8610852E+3,0.0000000E+0
13362118,1/10/2021,4:25:32 PM,-5.2619560E+1,5.6692039E+1,3.8646572E+3,0.0000000E+0
13362119,1/10/2021,4:25:32 PM,-5.3683651E+1,6.1665028E+1,3.8646572E+3,0.0000000E+0
13362120,1/10/2021,4:25:32 PM,-4.9746498E+1,5.9622074E+1,3.8619785E+3,0.0000000E+0
13362121,1/10/2021,4:25:32 PM,-4.1207127E+1,5.6450111E+1,3.8601924E+3,0.0000000E+0
13362122,1/10/2021,4:25:32 PM,-2.8783802E+1,5.2229794E+1,3.8673359E+3,0.0000000E+0
13362123,1/10/2021,4:25:32 PM,-1.9346703E+1,4.8332047E+1,3.8637642E+3,0.0000000E+0
13362124,1/10/2021,4:25:32 PM,-1.2033796E+1,4.1853725E+1,3.8601924E+3,0.0000000E+0
13362125,1/10/2021,4:25:32 PM,-6.2603111E+0,3.5563568E+1,3.8619785E+3,0.0000000E+0
13362126,1/10/2021,4:25:33 PM,-6.0788614E-1,2.9112131E+1,3.8584065E+3,0.0000000E+0
13362127,1/10/2021,4:25:33 PM,4.9516168E+0,2.2983261E+1,3.8619785E+3,0.0000000E+0
13362128,1/10/2021,4:25:33 PM,6.0682125E+0,1.8541538E+1,3.8601924E+3,0.0000000E+0
13362129,1/10/2021,4:25:33 PM,5.8945341E+0,1.4135497E+1,3.8601924E+3,0.0000000E+0
13362130,1/10/2021,4:25:33 PM,3.2374127E+0,9.7480679E+0,3.8548347E+3,0.0000000E+0
13362131,1/10/2021,4:25:33 PM,3.1014597E-1,8.6153135E+0,3.8601924E+3,0.0000000E+0
13362132,1/10/2021,4:25:33 PM,-1.7300544E+0,6.5253024E+0,3.8601924E+3,0.0000000E+0
13362133,1/10/2021,4:25:33 PM,-6.1339998E+0,2.5818183E+0,3.8548347E+3,0.0000000E+0
13362134,1/10/2021,4:25:33 PM,-1.2304840E+1,-4.5342121E-1,3.8575137E+3,0.0000000E+0
13362135,1/10/2021,4:25:33 PM,-1.6409962E+1,-4.7151818E+0,3.8521558E+3,0.0000000E+0
13362136,1/10/2021,4:25:34 PM,-1.9246708E+1,-7.5516949E+0,3.8575137E+3,0.0000000E+0
13362137,1/10/2021,4:25:34 PM,-2.2053394E+1,-1.1290316E+1,3.8512629E+3,0.0000000E+0
13362138,1/10/2021,4:25:34 PM,-2.4820044E+1,-1.5007665E+1,3.8548347E+3,0.0000000E+0
13362139,1/10/2021,4:25:34 PM,-2.4713633E+1,-2.0397552E+1,3.8512629E+3,0.0000000E+0
13362140,1/10/2021,4:25:34 PM,-2.1680960E+1,-2.6504671E+1,3.8476914E+3,0.0000000E+0
13362141,1/10/2021,4:25:34 PM,-1.5899454E+1,-3.5052830E+1,3.8512629E+3,0.0000000E+0
13362142,1/10/2021,4:25:34 PM,-9.9101858E+0,-4.2095654E+1,3.8432266E+3,0.0000000E+0
13362143,1/10/2021,4:25:34 PM,-5.6919093E+0,-4.4273014E+1,3.8521558E+3,0.0000000E+0
13362144,1/10/2021,4:25:34 PM,-7.2918544E+0,-4.5348259E+1,3.8476914E+3,0.0000000E+0
13362145,1/10/2021,4:25:34 PM,-1.1220667E+1,-4.5025684E+1,3.8494771E+3,0.0000000E+0
13362146,1/10/2021,4:25:35 PM,-1.3720580E+1,-4.5052567E+1,3.8476914E+3,0.0000000E+0
13362147,1/10/2021,4:25:35 PM,-1.4946855E+1,-4.7041759E+1,3.8476914E+3,0.0000000E+0
13362148,1/10/2021,4:25:35 PM,-1.1349609E+1,-4.7713783E+1,3.8521558E+3,0.0000000E+0
13362149,1/10/2021,4:25:35 PM,-9.0417948E+0,-5.0751339E+1,3.8476914E+3,0.0000000E+0
13362150,1/10/2021,4:25:35 PM,-1.0810155E+1,-5.0831978E+1,3.8503701E+3,0.0000000E+0
13362151,1/10/2021,4:25:35 PM,-9.0339003E+0,-5.4138344E+1,3.8441196E+3,0.0000000E+0
13362152,1/10/2021,4:25:35 PM,1.9662230E+0,-5.8197380E+1,3.8512629E+3,0.0000000E+0
13362153,1/10/2021,4:25:35 PM,1.2720615E+1,-6.0993004E+1,3.8485842E+3,0.0000000E+0
13362154,1/10/2021,4:25:35 PM,1.8725672E+1,-6.4621941E+1,3.8459053E+3,0.0000000E+0
13362155,1/10/2021,4:25:35 PM,2.5431898E+1,-6.4621941E+1,3.8530491E+3,0.0000000E+0
13362156,1/10/2021,4:25:36 PM,2.6815224E+1,-6.5482132E+1,3.8459053E+3,0.0000000E+0
13362157,1/10/2021,4:25:36 PM,3.0034115E+1,-6.6207916E+1,3.8485842E+3,0.0000000E+0
13362158,1/10/2021,4:25:36 PM,3.3997871E+1,-6.5320847E+1,3.8441196E+3,0.0000000E+0
13362159,1/10/2021,4:25:36 PM,3.6870934E+1,-6.0320980E+1,3.8485842E+3,0.0000000E+0
13362160,1/10/2021,4:25:36 PM,3.3705246E+1,-5.0670696E+1,3.8530491E+3,0.0000000E+0
13362161,1/10/2021,4:25:36 PM,3.1018402E+1,-4.4004208E+1,3.8476914E+3,0.0000000E+0
13362162,1/10/2021,4:25:36 PM,2.4766838E+1,-3.4273281E+1,3.8503701E+3,0.0000000E+0
13362163,1/10/2021,4:25:36 PM,2.0344036E+1,-2.4004740E+1,3.8503701E+3,0.0000000E+0
13362164,1/10/2021,4:25:36 PM,1.5607358E+1,-1.0620235E+1,3.8512629E+3,0.0000000E+0
13362165,1/10/2021,4:25:36 PM,1.1512762E+1,4.8216901E+0,3.8548347E+3,0.0000000E+0
13362166,1/10/2021,4:25:37 PM,1.1515393E+1,2.0913408E+1,3.8655500E+3,0.0000000E+0
13362167,1/10/2021,4:25:37 PM,4.1694069E+0,3.5993668E+1,3.8601924E+3,0.0000000E+0
13362168,1/10/2021,4:25:37 PM,-9.3707304E+0,5.2713654E+1,3.8601924E+3,0.0000000E+0
13362169,1/10/2021,4:25:37 PM,-2.0404043E+1,6.9836853E+1,3.8655500E+3,0.0000000E+0
13362170,1/10/2021,4:25:37 PM,-2.9315851E+1,9.0373947E+1,3.8807302E+3,0.0000000E+0
13362171,1/10/2021,4:25:37 PM,-3.2960377E+1,9.9405960E+1,3.8718008E+3,0.0000000E+0
13362172,1/10/2021,4:25:37 PM,-3.8493679E+1,1.0569611E+2,3.8744795E+3,0.0000000E+0
13362173,1/10/2021,4:25:37 PM,-5.0491364E+1,1.1314215E+2,3.8735867E+3,0.0000000E+0
13362174,1/10/2021,4:25:37 PM,-5.8498684E+1,1.1569585E+2,3.8744795E+3,0.0000000E+0
13362175,1/10/2021,4:25:37 PM,-6.5787750E+1,1.1776569E+2,3.8771584E+3,0.0000000E+0
13362176,1/10/2021,4:25:38 PM,-6.9192856E+1,1.1158305E+2,3.8726936E+3,0.0000000E+0
13362177,1/10/2021,4:25:38 PM,-6.9033241E+1,9.7174835E+1,3.8646572E+3,0.0000000E+0
13362178,1/10/2021,4:25:38 PM,-6.6639023E+1,8.2874146E+1,3.8637642E+3,0.0000000E+0
13362179,1/10/2021,4:25:38 PM,-7.0070732E+1,7.1745399E+1,3.8601924E+3,0.0000000E+0
13362180,1/10/2021,4:25:38 PM,-6.9751503E+1,5.8869404E+1,3.8619785E+3,0.0000000E+0
13362181,1/10/2021,4:25:38 PM,-6.3952179E+1,4.3278419E+1,3.8584065E+3,0.0000000E+0
13362182,1/10/2021,4:25:38 PM,-5.4189095E+1,2.5429432E+1,3.8530491E+3,0.0000000E+0
13362183,1/10/2021,4:25:38 PM,-4.7166065E+1,7.2618585E+0,3.8485842E+3,0.0000000E+0
13362184,1/10/2021,4:25:38 PM,-4.4346207E+1,-6.2886472E+0,3.8423335E+3,0.0000000E+0
13362185,1/10/2021,4:25:38 PM,-4.1818981E+1,-1.4693896E+1,3.8512629E+3,0.0000000E+0
13362186,1/10/2021,4:25:39 PM,-3.8812908E+1,-2.2633808E+1,3.8485842E+3,0.0000000E+0
13362187,1/10/2021,4:25:39 PM,-3.3465828E+1,-3.0751871E+1,3.8503701E+3,0.0000000E+0
13362188,1/10/2021,4:25:39 PM,-2.8065536E+1,-3.9353790E+1,3.8459053E+3,0.0000000E+0
13362189,1/10/2021,4:25:39 PM,-2.0882887E+1,-5.2229794E+1,3.8405476E+3,0.0000000E+0
13362190,1/10/2021,4:25:39 PM,-1.2260105E+1,-5.7175903E+1,3.8476914E+3,0.0000000E+0
13362191,1/10/2021,4:25:39 PM,-5.8866401E+0,-5.9890881E+1,3.8548347E+3,0.0000000E+0
13362192,1/10/2021,4:25:39 PM,3.3523271E+0,-6.8627205E+1,3.8485842E+3,0.0000000E+0
13362193,1/10/2021,4:25:39 PM,1.3739001E+1,-8.1180641E+1,3.8485842E+3,0.0000000E+0
13362194,1/10/2021,4:25:39 PM,2.3649538E+1,-9.2820114E+1,3.8405476E+3,0.0000000E+0
13362195,1/10/2021,4:25:39 PM,3.3997871E+1,-9.9352196E+1,3.8476914E+3,0.0000000E+0
13362196,1/10/2021,4:25:40 PM,3.8999126E+1,-1.0472840E+2,3.8459053E+3,0.0000000E+0
13362197,1/10/2021,4:25:40 PM,4.3920570E+1,-1.1010460E+2,3.8441196E+3,0.0000000E+0
13362198,1/10/2021,4:25:40 PM,4.6926640E+1,-1.1319592E+2,3.8432266E+3,0.0000000E+0
13362199,1/10/2021,4:25:40 PM,4.7432087E+1,-1.1736246E+2,3.8360830E+3,0.0000000E+0
13362200,1/10/2021,4:25:40 PM,4.6687222E+1,-1.1467438E+2,3.8387620E+3,0.0000000E+0
13362201,1/10/2021,4:25:40 PM,4.0701679E+1,-1.0459399E+2,3.8441196E+3,0.0000000E+0
13362202,1/10/2021,4:25:40 PM,3.1071608E+1,-9.2820114E+1,3.8476914E+3,0.0000000E+0
13362203,1/10/2021,4:25:40 PM,2.3277103E+1,-8.4648285E+1,3.8378687E+3,0.0000000E+0
13362204,1/10/2021,4:25:40 PM,1.4181090E+1,-7.5401222E+1,3.8369758E+3,0.0000000E+0
13362205,1/10/2021,4:25:40 PM,5.7261190E+0,-6.0482265E+1,3.8441196E+3,0.0000000E+0
13362206,1/10/2021,4:25:41 PM,-3.4957719E+0,-4.0267746E+1,3.8539419E+3,0.0000000E+0
13362207,1/10/2021,4:25:41 PM,-1.4115304E+1,-2.1612329E+1,3.8503701E+3,0.0000000E+0
13362208,1/10/2021,4:25:41 PM,-2.2346020E+1,-5.8871312E+0,3.8575137E+3,0.0000000E+0
13362209,1/10/2021,4:25:41 PM,-2.5219080E+1,6.0865598E+0,3.8512629E+3,0.0000000E+0
13362210,1/10/2021,4:25:41 PM,-2.5458500E+1,1.9543999E+1,3.8601924E+3,0.0000000E+0
13362211,1/10/2021,4:25:41 PM,-2.7347273E+1,3.5509811E+1,3.8619785E+3,0.0000000E+0
13362212,1/10/2021,4:25:41 PM,-3.0725777E+1,5.0294361E+1,3.8718008E+3,0.0000000E+0
13362213,1/10/2021,4:25:41 PM,-3.4396908E+1,6.3062840E+1,3.8700146E+3,0.0000000E+0
13362214,1/10/2021,4:25:41 PM,-3.5939850E+1,6.8465919E+1,3.8628713E+3,0.0000000E+0
13362215,1/10/2021,4:25:41 PM,-3.6658115E+1,7.3546432E+1,3.8655500E+3,0.0000000E+0
13362216,1/10/2021,4:25:42 PM,-3.7003944E+1,8.1341927E+1,3.8709080E+3,0.0000000E+0
13362217,1/10/2021,4:25:42 PM,-4.1552956E+1,8.6583717E+1,3.8718008E+3,0.0000000E+0
13362218,1/10/2021,4:25:42 PM,-4.1792377E+1,8.6637482E+1,3.8691218E+3,0.0000000E+0
13362219,1/10/2021,4:25:42 PM,-4.3069294E+1,8.3411758E+1,3.8655500E+3,0.0000000E+0
13362220,1/10/2021,4:25:42 PM,-3.7535992E+1,7.5723793E+1,3.8601924E+3,0.0000000E+0
13362221,1/10/2021,4:25:42 PM,-3.1736670E+1,6.9433640E+1,3.8610852E+3,0.0000000E+0
13362222,1/10/2021,4:25:42 PM,-2.8092138E+1,6.6100395E+1,3.8619785E+3,0.0000000E+0
13362223,1/10/2021,4:25:42 PM,-2.4846645E+1,6.1772552E+1,3.8655500E+3,0.0000000E+0
13362224,1/10/2021,4:25:42 PM,-1.8436209E+1,5.4030823E+1,3.8610852E+3,0.0000000E+0
13362225,1/10/2021,4:25:42 PM,-1.4536343E+1,4.6235329E+1,3.8575137E+3,0.0000000E+0
13362226,1/10/2021,4:25:43 PM,-6.1339998E+0,3.9084984E+1,3.8601924E+3,0.0000000E+0
13362227,1/10/2021,4:25:43 PM,-3.1042707E+0,3.4945309E+1,3.8619785E+3,0.0000000E+0
13362228,1/10/2021,4:25:43 PM,-1.7078640E+0,3.3439972E+1,3.8655500E+3,0.0000000E+0
13362229,1/10/2021,4:25:43 PM,-2.3410814E+0,3.1020681E+1,3.8691218E+3,0.0000000E+0
13362230,1/10/2021,4:25:43 PM,-1.8663665E+0,2.3440237E+1,3.8601924E+3,0.0000000E+0
13362231,1/10/2021,4:25:43 PM,-4.0200195E-1,1.3279283E+1,3.8601924E+3,0.0000000E+0
13362232,1/10/2021,4:25:43 PM,9.6369493E-1,4.4717350E+0,3.8584065E+3,0.0000000E+0
13362233,1/10/2021,4:25:43 PM,2.9790537E+0,-5.0659375E+0,3.8610852E+3,0.0000000E+0
13362234,1/10/2021,4:25:43 PM,6.0366344E+0,-1.6733387E+1,3.8584065E+3,0.0000000E+0
13362235,1/10/2021,4:25:43 PM,8.1839294E+0,-3.1558300E+1,3.8512629E+3,0.0000000E+0
13362236,1/10/2021,4:25:44 PM,1.3862681E+1,-4.7982594E+1,3.8476914E+3,0.0000000E+0
13362237,1/10/2021,4:25:44 PM,1.8386209E+1,-6.1638145E+1,3.8432266E+3,0.0000000E+0
13362238,1/10/2021,4:25:44 PM,2.0670069E+1,-7.2336792E+1,3.8432266E+3,0.0000000E+0
13362239,1/10/2021,4:25:44 PM,2.5086067E+1,-8.2148354E+1,3.8432266E+3,0.0000000E+0
13362240,1/10/2021,4:25:44 PM,2.7959126E+1,-8.8841721E+1,3.8405476E+3,0.0000000E+0
13362241,1/10/2021,4:25:44 PM,3.0087320E+1,-9.4594261E+1,3.8387620E+3,0.0000000E+0
13362242,1/10/2021,4:25:44 PM,3.1364235E+1,-9.6126472E+1,3.8405476E+3,0.0000000E+0
13362243,1/10/2021,4:25:44 PM,2.8517776E+1,-9.2282494E+1,3.8414407E+3,0.0000000E+0
13362244,1/10/2021,4:25:44 PM,2.3596333E+1,-8.3707451E+1,3.8476914E+3,0.0000000E+0
13362245,1/10/2021,4:25:44 PM,2.0007208E+1,-7.6153893E+1,3.8512629E+3,0.0000000E+0
13362246,1/10/2021,4:25:45 PM,1.4020571E+1,-6.9299232E+1,3.8441196E+3,0.0000000E+0
13362247,1/10/2021,4:25:45 PM,8.4997072E+0,-6.1154289E+1,3.8485842E+3,0.0000000E+0
13362248,1/10/2021,4:25:45 PM,3.4709954E-1,-5.0079315E+1,3.8530491E+3,0.0000000E+0
13362249,1/10/2021,4:25:45 PM,-8.6891747E+0,-3.8520481E+1,3.8548347E+3,0.0000000E+0
13362250,1/10/2021,4:25:45 PM,-1.7194145E+1,-2.9461584E+1,3.8557275E+3,0.0000000E+0
13362251,1/10/2021,4:25:45 PM,-2.7826115E+1,-2.3520880E+1,3.8476914E+3,0.0000000E+0
13362252,1/10/2021,4:25:45 PM,-3.7935028E+1,-1.6177645E+1,3.8512629E+3,0.0000000E+0
13362253,1/10/2021,4:25:45 PM,-4.9799702E+1,-7.0730667E+0,3.8494771E+3,0.0000000E+0
13362254,1/10/2021,4:25:45 PM,-6.4058594E+1,3.4563053E+0,3.8530491E+3,0.0000000E+0
13362255,1/10/2021,4:25:45 PM,-7.6561722E+1,1.3853639E+1,3.8539419E+3,0.0000000E+0
13362256,1/10/2021,4:25:46 PM,-8.6910057E+1,2.0511892E+1,3.8494771E+3,0.0000000E+0
13362257,1/10/2021,4:25:46 PM,-9.5609039E+1,2.7445507E+1,3.8503701E+3,0.0000000E+0
13362258,1/10/2021,4:25:46 PM,-1.0401540E+2,3.5321640E+1,3.8476914E+3,0.0000000E+0
13362259,1/10/2021,4:25:46 PM,-1.0877724E+2,4.5428902E+1,3.8566208E+3,0.0000000E+0
13362260,1/10/2021,4:25:46 PM,-1.1276759E+2,5.4568443E+1,3.8584065E+3,0.0000000E+0
13362261,1/10/2021,4:25:46 PM,-1.1170350E+2,5.7256546E+1,3.8566208E+3,0.0000000E+0
13362262,1/10/2021,4:25:46 PM,-1.0377599E+2,5.7390945E+1,3.8601924E+3,0.0000000E+0
13362263,1/10/2021,4:25:46 PM,-9.2922195E+1,5.5347992E+1,3.8566208E+3,0.0000000E+0
13362264,1/10/2021,4:25:46 PM,-8.2361046E+1,5.4487797E+1,3.8601924E+3,0.0000000E+0
13362265,1/10/2021,4:25:46 PM,-6.9857918E+1,5.0939507E+1,3.8601924E+3,0.0000000E+0
13362266,1/10/2021,4:25:47 PM,-5.1183025E+1,4.4918163E+1,3.8601924E+3,0.0000000E+0
13362267,1/10/2021,4:25:47 PM,-3.4529922E+1,3.8197910E+1,3.8601924E+3,0.0000000E+0
13362268,1/10/2021,4:25:47 PM,-1.7773073E+1,3.1638945E+1,3.8601924E+3,0.0000000E+0
13362269,1/10/2021,4:25:47 PM,-4.6591802E+0,2.7445507E+1,3.8601924E+3,0.0000000E+0
13362270,1/10/2021,4:25:47 PM,9.9417629E+0,2.1988663E+1,3.8628713E+3,0.0000000E+0
13362271,1/10/2021,4:25:47 PM,2.5777731E+1,1.5137957E+1,3.8619785E+3,0.0000000E+0
13362272,1/10/2021,4:25:47 PM,3.8014835E+1,1.0186811E+1,3.8592996E+3,0.0000000E+0
13362273,1/10/2021,4:25:47 PM,5.1449051E+1,3.9359918E+0,3.8637642E+3,0.0000000E+0
13362274,1/10/2021,4:25:47 PM,6.2196426E+1,-1.1682264E+0,3.8619785E+3,0.0000000E+0
13362275,1/10/2021,4:25:47 PM,6.8900230E+1,-4.5165806E+0,3.8655500E+3,0.0000000E+0
13362276,1/10/2021,4:25:48 PM,7.1959503E+1,-1.0091085E+1,3.8619785E+3,0.0000000E+0
13362277,1/10/2021,4:25:48 PM,7.7359795E+1,-1.6595116E+1,3.8646572E+3,0.0000000E+0
13362278,1/10/2021,4:25:48 PM,8.0020035E+1,-2.5805767E+1,3.8584065E+3,0.0000000E+0
13362279,1/10/2021,4:25:48 PM,7.9142151E+1,-3.5133472E+1,3.8584065E+3,0.0000000E+0
13362280,1/10/2021,4:25:48 PM,7.9487984E+1,-4.3600990E+1,3.8566208E+3,0.0000000E+0
13362281,1/10/2021,4:25:48 PM,7.9434784E+1,-5.0885746E+1,3.8548347E+3,0.0000000E+0
13362282,1/10/2021,4:25:48 PM,7.7200172E+1,-5.6880207E+1,3.8566208E+3,0.0000000E+0
13362283,1/10/2021,4:25:48 PM,7.6481918E+1,-6.5482132E+1,3.8467981E+3,0.0000000E+0
13362284,1/10/2021,4:25:48 PM,7.2996994E+1,-7.1127136E+1,3.8485842E+3,0.0000000E+0
13362285,1/10/2021,4:25:48 PM,6.8181961E+1,-7.3976532E+1,3.8476914E+3,0.0000000E+0
13362286,1/10/2021,4:25:49 PM,6.3287121E+1,-7.5051765E+1,3.8512629E+3,0.0000000E+0
13362287,1/10/2021,4:25:49 PM,5.6742931E+1,-7.4460388E+1,3.8476914E+3,0.0000000E+0
13362288,1/10/2021,4:25:49 PM,5.0597775E+1,-7.4809837E+1,3.8459053E+3,0.0000000E+0
13362289,1/10/2021,4:25:49 PM,4.2244617E+1,-6.8869133E+1,3.8467981E+3,0.0000000E+0
13362290,1/10/2021,4:25:49 PM,2.8890213E+1,-6.0347858E+1,3.8476914E+3,0.0000000E+0
13362291,1/10/2021,4:25:49 PM,1.4633707E+1,-4.9891144E+1,3.8503701E+3,0.0000000E+0
13362292,1/10/2021,4:25:49 PM,-5.7594764E-1,-4.0133343E+1,3.8476914E+3,0.0000000E+0
13362293,1/10/2021,4:25:49 PM,-9.6312475E+0,-3.2956112E+1,3.8512629E+3,0.0000000E+0
13362294,1/10/2021,4:25:49 PM,-2.6070356E+1,-1.9033461E+1,3.8512629E+3,0.0000000E+0
13362295,1/10/2021,4:25:49 PM,-5.3417625E+1,-3.8382926E+0,3.8459053E+3,0.0000000E+0
13362296,1/10/2021,4:25:50 PM,-7.8344078E+1,1.3723345E+1,3.8476914E+3,0.0000000E+0
13362297,1/10/2021,4:25:50 PM,-9.2868996E+1,2.9569107E+1,3.8619785E+3,0.0000000E+0
13362298,1/10/2021,4:25:50 PM,-1.0233945E+2,4.0509678E+1,3.8503701E+3,0.0000000E+0
13362299,1/10/2021,4:25:50 PM,-1.1018716E+2,4.8170761E+1,3.8530491E+3,0.0000000E+0
13362300,1/10/2021,4:25:50 PM,-1.1912556E+2,5.8788761E+1,3.8548347E+3,0.0000000E+0
13362301,1/10/2021,4:25:50 PM,-1.2686687E+2,6.6181038E+1,3.8557275E+3,0.0000000E+0
13362302,1/10/2021,4:25:50 PM,-1.2838319E+2,7.4917366E+1,3.8628713E+3,0.0000000E+0
13362303,1/10/2021,4:25:50 PM,-1.2359477E+2,7.8304367E+1,3.8619785E+3,0.0000000E+0
13362304,1/10/2021,4:25:50 PM,-1.1284740E+2,7.5777557E+1,3.8637642E+3,0.0000000E+0
13362305,1/10/2021,4:25:50 PM,-1.0191381E+2,7.0965851E+1,3.8566208E+3,0.0000000E+0
13362306,1/10/2021,4:25:51 PM,-9.7737236E+1,6.9433640E+1,3.8646572E+3,0.0000000E+0
13362307,1/10/2021,4:25:51 PM,-9.0288567E+1,6.3439175E+1,3.8601924E+3,0.0000000E+0
13362308,1/10/2021,4:25:51 PM,-7.2730972E+1,5.3546963E+1,3.8619785E+3,0.0000000E+0
13362309,1/10/2021,4:25:51 PM,-5.9802204E+1,4.3493465E+1,3.8637642E+3,0.0000000E+0
13362310,1/10/2021,4:25:51 PM,-5.5625629E+1,3.3601257E+1,3.8530491E+3,0.0000000E+0
13362311,1/10/2021,4:25:51 PM,-5.1981098E+1,2.4730524E+1,3.8521558E+3,0.0000000E+0
13362312,1/10/2021,4:25:51 PM,-4.3335320E+1,2.0134308E+1,3.8601924E+3,0.0000000E+0
13362313,1/10/2021,4:25:51 PM,-3.6844330E+1,1.3949364E+1,3.8610852E+3,0.0000000E+0
13362314,1/10/2021,4:25:51 PM,-2.6788620E+1,6.4455314E+0,3.8548347E+3,0.0000000E+0
13362315,1/10/2021,4:25:51 PM,-3.0300138E+1,-2.0460751E+0,3.8503701E+3,0.0000000E+0
13362316,1/10/2021,4:25:52 PM,-2.9156237E+1,-7.1182699E+0,3.8512629E+3,0.0000000E+0
13362317,1/10/2021,4:25:52 PM,-2.8118742E+1,-1.2859155E+1,3.8539419E+3,0.0000000E+0
13362318,1/10/2021,4:25:52 PM,-1.7478346E+1,-2.2311234E+1,3.8494771E+3,0.0000000E+0
13362319,1/10/2021,4:25:52 PM,-3.1185360E+0,-2.9999203E+1,3.8610852E+3,0.0000000E+0
13362320,1/10/2021,4:25:52 PM,6.0261087E+0,-4.0644081E+1,3.8476914E+3,0.0000000E+0
13362321,1/10/2021,4:25:52 PM,1.0936466E+1,-5.0616936E+1,3.8396548E+3,0.0000000E+0
13362322,1/10/2021,4:25:52 PM,1.5381050E+1,-5.2417961E+1,3.8637642E+3,0.0000000E+0
13362323,1/10/2021,4:25:52 PM,2.6602406E+1,-6.2148888E+1,3.8423335E+3,0.0000000E+0
13362324,1/10/2021,4:25:52 PM,4.2510643E+1,-7.2551834E+1,3.8512629E+3,0.0000000E+0
13362325,1/10/2021,4:25:52 PM,5.6343891E+1,-8.2121475E+1,3.8459053E+3,0.0000000E+0
13362326,1/10/2021,4:25:53 PM,6.2542252E+1,-8.5105263E+1,3.8441196E+3,0.0000000E+0
13362327,1/10/2021,4:25:53 PM,6.6692223E+1,-8.6718124E+1,3.8476914E+3,0.0000000E+0
13362328,1/10/2021,4:25:53 PM,7.2438347E+1,-8.5642883E+1,3.8485842E+3,0.0000000E+0
13362329,1/10/2021,4:25:53 PM,7.9940231E+1,-8.6422432E+1,3.8530491E+3,0.0000000E+0
13362330,1/10/2021,4:25:53 PM,8.7043068E+1,-8.6368668E+1,3.8423335E+3,0.0000000E+0
13362331,1/10/2021,4:25:53 PM,8.4622246E+1,-7.8868874E+1,3.8584065E+3,0.0000000E+0
13362332,1/10/2021,4:25:53 PM,8.1456566E+1,-7.0697044E+1,3.8494771E+3,0.0000000E+0
13362333,1/10/2021,4:25:53 PM,7.3050209E+1,-6.0428501E+1,3.8566208E+3,0.0000000E+0
13362334,1/10/2021,4:25:53 PM,6.9937721E+1,-5.4810371E+1,3.8530491E+3,0.0000000E+0
13362335,1/10/2021,4:25:53 PM,6.6106972E+1,-4.8412689E+1,3.8530491E+3,0.0000000E+0
13362336,1/10/2021,4:25:54 PM,6.1504761E+1,-3.9219391E+1,3.8539419E+3,0.0000000E+0
13362337,1/10/2021,4:25:54 PM,5.4189095E+1,-2.7257339E+1,3.8601924E+3,0.0000000E+0
13362338,1/10/2021,4:25:54 PM,4.8283363E+1,-1.7057789E+1,3.8655500E+3,0.0000000E+0
13362339,1/10/2021,4:25:54 PM,3.4609730E+1,-8.0329828E+0,3.8548347E+3,0.0000000E+0
13362340,1/10/2021,4:25:54 PM,3.2135704E+1,-6.7140946E+0,3.8512629E+3,0.0000000E+0
13362341,1/10/2021,4:25:54 PM,1.9451962E+1,8.3680229E+0,3.8584065E+3,0.0000000E+0
13362342,1/10/2021,4:25:54 PM,-3.3737249E+0,2.3977858E+1,3.8655500E+3,0.0000000E+0
13362343,1/10/2021,4:25:54 PM,-1.3254807E+1,3.3816307E+1,3.8575137E+3,0.0000000E+0
13362344,1/10/2021,4:25:54 PM,-1.7280985E+1,3.9810772E+1,3.8584065E+3,0.0000000E+0
13362345,1/10/2021,4:25:54 PM,-2.6336380E+1,4.5536423E+1,3.8610852E+3,0.0000000E+0
13362346,1/10/2021,4:25:55 PM,-3.5248184E+1,5.6342587E+1,3.8610852E+3,0.0000000E+0
13362347,1/10/2021,4:25:55 PM,-6.0015026E+1,7.1906693E+1,3.8655500E+3,0.0000000E+0
13362348,1/10/2021,4:25:55 PM,-8.0685097E+1,8.6207382E+1,3.8691218E+3,0.0000000E+0
13362349,1/10/2021,4:25:55 PM,-9.1565475E+1,8.8304100E+1,3.8646572E+3,0.0000000E+0
13362350,1/10/2021,4:25:55 PM,-9.4438530E+1,8.6503075E+1,3.8673359E+3,0.0000000E+0
13362351,1/10/2021,4:25:55 PM,-9.4225716E+1,8.2632210E+1,3.8655500E+3,0.0000000E+0
13362352,1/10/2021,4:25:55 PM,-9.7418007E+1,7.4030289E+1,3.8566208E+3,0.0000000E+0
13362353,1/10/2021,4:25:55 PM,-9.7630821E+1,6.5643417E+1,3.8637642E+3,0.0000000E+0
13362354,1/10/2021,4:25:55 PM,-8.5526733E+1,5.2176033E+1,3.8566208E+3,0.0000000E+0
13362355,1/10/2021,4:25:55 PM,-7.2544754E+1,3.7875336E+1,3.8539419E+3,0.0000000E+0
13362356,1/10/2021,4:25:56 PM,-6.6027168E+1,2.3037022E+1,3.8503701E+3,0.0000000E+0
13362357,1/10/2021,4:25:56 PM,-5.9775021E+1,1.0989872E+1,3.8476914E+3,0.0000000E+0
13362358,1/10/2021,4:25:56 PM,-6.8074890E+1,1.2513510E+1,3.8494771E+3,0.0000000E+0
13362359,1/10/2021,4:25:56 PM,-7.3102699E+1,1.3869628E+1,3.8619785E+3,0.0000000E+0
13362360,1/10/2021,4:25:56 PM,-6.8261108E+1,4.6767478E+0,3.8396548E+3,0.0000000E+0
13362361,1/10/2021,4:25:56 PM,-5.9588802E+1,-3.2280772E+0,3.8512629E+3,0.0000000E+0
13362362,1/10/2021,4:25:56 PM,-5.6981796E+1,-5.3374181E+0,3.8530491E+3,0.0000000E+0
13362363,1/10/2021,4:25:56 PM,-5.6183727E+1,-4.8072801E+0,3.8512629E+3,0.0000000E+0
13362364,1/10/2021,4:25:56 PM,-4.8894745E+1,-1.1144097E+1,3.8503701E+3,0.0000000E+0
13362365,1/10/2021,4:25:56 PM,-3.9663799E+1,-1.7204082E+1,3.8584065E+3,0.0000000E+0
13362366,1/10/2021,4:25:57 PM,-2.5777479E+1,-2.7122671E+1,3.8512629E+3,0.0000000E+0
13362367,1/10/2021,4:25:57 PM,-1.4931105E+1,-3.6934143E+1,3.8423335E+3,0.0000000E+0
13362368,1/10/2021,4:25:57 PM,-1.2894327E+1,-4.1584511E+1,3.8503701E+3,0.0000000E+0
13362369,1/10/2021,4:25:57 PM,-7.3550301E+0,-4.5240292E+1,3.8476914E+3,0.0000000E+0
13362370,1/10/2021,4:25:57 PM,-1.3791387E+0,-4.4998363E+1,3.8619785E+3,0.0000000E+0
13362371,1/10/2021,4:25:57 PM,7.6523886E+0,-5.4164703E+1,3.8423335E+3,0.0000000E+0
13362372,1/10/2021,4:25:57 PM,1.0581243E+1,-6.3411678E+1,3.8459053E+3,0.0000000E+0
13362373,1/10/2021,4:25:57 PM,1.7381027E+1,-6.6099747E+1,3.8405476E+3,0.0000000E+0
13362374,1/10/2021,4:25:57 PM,1.9212547E+1,-6.0669838E+1,3.8584065E+3,0.0000000E+0
13362375,1/10/2021,4:25:57 PM,1.4728479E+1,-5.6960297E+1,3.8459053E+3,0.0000000E+0
13362376,1/10/2021,4:25:58 PM,7.4287114E+0,-5.3492680E+1,3.8503701E+3,0.0000000E+0
13362377,1/10/2021,4:25:58 PM,7.0681968E+0,-5.1046532E+1,3.8423335E+3,0.0000000E+0
13362378,1/10/2021,4:25:58 PM,8.2576332E+0,-4.6046715E+1,3.8521558E+3,0.0000000E+0
13362379,1/10/2021,4:25:58 PM,1.2486446E+1,-4.2525337E+1,3.8459053E+3,0.0000000E+0
13362380,1/10/2021,4:25:58 PM,1.7209980E+1,-3.5375057E+1,3.8592996E+3,0.0000000E+0
13362381,1/10/2021,4:25:58 PM,2.0030943E+1,-2.9864508E+1,3.8610852E+3,0.0000000E+0
13362382,1/10/2021,4:25:58 PM,2.5883888E+1,-3.5751392E+1,3.8423335E+3,0.0000000E+0
13362383,1/10/2021,4:25:58 PM,4.0541668E+1,-3.6423409E+1,3.8584065E+3,0.0000000E+0
13362384,1/10/2021,4:25:58 PM,4.7458229E+1,-3.3224602E+1,3.8539419E+3,0.0000000E+0
13362385,1/10/2021,4:25:58 PM,5.3949150E+1,-2.6853865E+1,3.8655500E+3,0.0000000E+0
13362386,1/10/2021,4:25:59 PM,5.4694008E+1,-2.3977623E+1,3.8592996E+3,0.0000000E+0
13362387,1/10/2021,4:25:59 PM,4.8548916E+1,-2.0137020E+1,3.8584065E+3,0.0000000E+0
13362388,1/10/2021,4:25:59 PM,4.3627518E+1,-1.6409025E+1,3.8539419E+3,0.0000000E+0
13362389,1/10/2021,4:25:59 PM,3.7455822E+1,-9.0886488E+0,3.8566208E+3,0.0000000E+0
13362390,1/10/2021,4:25:59 PM,2.9767799E+1,3.4050565E+0,3.8691218E+3,0.0000000E+0
13362391,1/10/2021,4:25:59 PM,1.5383721E+1,1.2699645E+1,3.8601924E+3,0.0000000E+0
13362392,1/10/2021,4:25:59 PM,3.2263207E+0,1.6337233E+1,3.8566208E+3,0.0000000E+0
13362393,1/10/2021,4:25:59 PM,-5.3114228E+0,2.1262669E+1,3.8601924E+3,0.0000000E+0
13362394,1/10/2021,4:25:59 PM,-1.4633746E+1,2.5241018E+1,3.8539419E+3,0.0000000E+0
13362395,1/10/2021,4:25:59 PM,-1.9062551E+1,3.0482765E+1,3.8619785E+3,0.0000000E+0
13362396,1/10/2021,4:26:00 PM,-2.3143867E+1,3.5401939E+1,3.8619785E+3,0.0000000E+0
13362397,1/10/2021,4:26:00 PM,-2.7160789E+1,3.6745975E+1,3.8601924E+3,0.0000000E+0
13362398,1/10/2021,4:26:00 PM,-2.8969736E+1,3.5106251E+1,3.8566208E+3,0.0000000E+0
13362399,1/10/2021,4:26:00 PM,-2.9528379E+1,3.3842857E+1,3.8548347E+3,0.0000000E+0
13362400,1/10/2021,4:26:00 PM,-3.0885092E+1,3.7176067E+1,3.8655500E+3,0.0000000E+0
13362401,1/10/2021,4:26:00 PM,-3.2215199E+1,3.7256710E+1,3.8619785E+3,0.0000000E+0
13362402,1/10/2021,4:26:00 PM,-3.4795605E+1,3.4192307E+1,3.8619785E+3,0.0000000E+0
13362403,1/10/2021,4:26:00 PM,-3.6710960E+1,2.9300013E+1,3.8557275E+3,0.0000000E+0
13362404,1/10/2021,4:26:00 PM,-4.2004787E+1,2.5913036E+1,3.8530491E+3,0.0000000E+0
13362405,1/10/2021,4:26:00 PM,-4.2989067E+1,2.6047441E+1,3.8584065E+3,0.0000000E+0
13362406,1/10/2021,4:26:01 PM,-4.5276852E+1,2.7821569E+1,3.8628713E+3,0.0000000E+0
13362407,1/10/2021,4:26:01 PM,-4.7617840E+1,2.5482946E+1,3.8584065E+3,0.0000000E+0
13362408,1/10/2021,4:26:01 PM,-4.6447346E+1,1.7103039E+1,3.8521558E+3,0.0000000E+0
13362409,1/10/2021,4:26:01 PM,-4.6580357E+1,9.1418295E+0,3.8459053E+3,0.0000000E+0
13362410,1/10/2021,4:26:01 PM,-4.2111195E+1,4.2931581E+0,3.8521558E+3,0.0000000E+0
13362411,1/10/2021,4:26:01 PM,-3.3438896E+1,-1.9736856E-2,3.8584065E+3,0.0000000E+0
13362412,1/10/2021,4:26:01 PM,-2.4979414E+1,-7.9425960E+0,3.8512629E+3,0.0000000E+0
13362413,1/10/2021,4:26:01 PM,-1.4975840E+1,-1.8052320E+1,3.8503701E+3,0.0000000E+0
13362414,1/10/2021,4:26:01 PM,-3.5330236E+0,-2.6853865E+1,3.8467981E+3,0.0000000E+0
13362415,1/10/2021,4:26:01 PM,6.6550522E+0,-3.2095608E+1,3.8476914E+3,0.0000000E+0
13362416,1/10/2021,4:26:02 PM,1.5015313E+1,-3.0590288E+1,3.8601924E+3,0.0000000E+0
13362417,1/10/2021,4:26:02 PM,1.7641544E+1,-3.1477350E+1,3.8548347E+3,0.0000000E+0
13362418,1/10/2021,4:26:02 PM,1.8159950E+1,-3.3412766E+1,3.8548347E+3,0.0000000E+0
13362419,1/10/2021,4:26:02 PM,1.7859961E+1,-3.5133133E+1,3.8503701E+3,0.0000000E+0
13362420,1/10/2021,4:26:02 PM,1.5038996E+1,-3.3412766E+1,3.8566208E+3,0.0000000E+0
13362421,1/10/2021,4:26:02 PM,1.0673346E+1,-3.0644047E+1,3.8548347E+3,0.0000000E+0
13362422,1/10/2021,4:26:02 PM,2.6295586E+0,-2.8843037E+1,3.8539419E+3,0.0000000E+0
13362423,1/10/2021,4:26:02 PM,-4.8295751E+0,-2.8789278E+1,3.8530491E+3,0.0000000E+0
13362424,1/10/2021,4:26:02 PM,-9.3760176E+0,-3.0160194E+1,3.8476914E+3,0.0000000E+0
13362425,1/10/2021,4:26:02 PM,-1.2302241E+1,-3.1154783E+1,3.8494771E+3,0.0000000E+0
13362426,1/10/2021,4:26:03 PM,-1.4833739E+1,-2.8735514E+1,3.8503701E+3,0.0000000E+0
13362427,1/10/2021,4:26:03 PM,-1.7865223E+1,-2.7337717E+1,3.8530491E+3,0.0000000E+0
13362428,1/10/2021,4:26:03 PM,-1.9754635E+1,-2.6316250E+1,3.8476914E+3,0.0000000E+0
13362429,1/10/2021,4:26:03 PM,-2.1920168E+1,-2.6719460E+1,3.8467981E+3,0.0000000E+0
13362430,1/10/2021,4:26:03 PM,-2.2212791E+1,-2.4488358E+1,3.8476914E+3,0.0000000E+0
13362431,1/10/2021,4:26:03 PM,-2.4846405E+1,-1.8501701E+1,3.8512629E+3,0.0000000E+0
13362432,1/10/2021,4:26:03 PM,-2.8384489E+1,-1.1654636E+1,3.8530491E+3,0.0000000E+0
13362433,1/10/2021,4:26:03 PM,-3.5886295E+1,-4.5726418E+0,3.8539419E+3,0.0000000E+0
13362434,1/10/2021,4:26:03 PM,-4.1579151E+1,2.1581910E+0,3.8530491E+3,0.0000000E+0
13362435,1/10/2021,4:26:03 PM,-4.5835499E+1,9.2136240E+0,3.8548347E+3,0.0000000E+0
13362436,1/10/2021,4:26:04 PM,-5.0384460E+1,1.6627068E+1,3.8584065E+3,0.0000000E+0
13362437,1/10/2021,4:26:04 PM,-5.6050720E+1,2.3332487E+1,3.8575137E+3,0.0000000E+0
13362438,1/10/2021,4:26:04 PM,-5.8843945E+1,2.6961388E+1,3.8601924E+3,0.0000000E+0
13362439,1/10/2021,4:26:04 PM,-6.2594849E+1,2.8171019E+1,3.8557275E+3,0.0000000E+0
13362440,1/10/2021,4:26:04 PM,-6.1078529E+1,2.6585056E+1,3.8575137E+3,0.0000000E+0
13362441,1/10/2021,4:26:04 PM,-5.9402592E+1,2.4891569E+1,3.8566208E+3,0.0000000E+0
13362442,1/10/2021,4:26:04 PM,-5.7567043E+1,2.2042210E+1,3.8548347E+3,0.0000000E+0
13362443,1/10/2021,4:26:04 PM,-5.7088200E+1,1.8097525E+1,3.8530491E+3,0.0000000E+0
13362444,1/10/2021,4:26:04 PM,-5.2087002E+1,1.2345990E+1,3.8485842E+3,0.0000000E+0
13362445,1/10/2021,4:26:04 PM,-4.4026550E+1,9.5699377E+0,3.8539419E+3,0.0000000E+0
13362446,1/10/2021,4:26:05 PM,-3.7296207E+1,8.3574085E+0,3.8512629E+3,0.0000000E+0
13362447,1/10/2021,4:26:05 PM,-3.2108788E+1,8.1845694E+0,3.8512629E+3,0.0000000E+0
13362448,1/10/2021,4:26:05 PM,-2.5431652E+1,8.6711769E+0,3.8548347E+3,0.0000000E+0
13362449,1/10/2021,4:26:05 PM,-1.4973208E+1,8.9370823E+0,3.8557275E+3,0.0000000E+0
13362450,1/10/2021,4:26:05 PM,-4.4745293E+0,9.4316664E+0,3.8592996E+3,0.0000000E+0
13362451,1/10/2021,4:26:05 PM,7.0181980E+0,8.1579790E+0,3.8619785E+3,0.0000000E+0
13362452,1/10/2021,4:26:05 PM,1.8641514E+1,6.1823015E+0,3.8619785E+3,0.0000000E+0
13362453,1/10/2021,4:26:05 PM,2.8517500E+1,2.3439796E+0,3.8584065E+3,0.0000000E+0
13362454,1/10/2021,4:26:05 PM,4.2856056E+1,-1.7184401E+0,3.8655500E+3,0.0000000E+0
13362455,1/10/2021,4:26:05 PM,5.7513840E+1,-5.5159993E+0,3.8637642E+3,0.0000000E+0
13362456,1/10/2021,4:26:06 PM,6.6398956E+1,-9.2747822E+0,3.8691218E+3,0.0000000E+0
13362457,1/10/2021,4:26:06 PM,7.2889877E+1,-1.7150902E+1,3.8628713E+3,0.0000000E+0
13362458,1/10/2021,4:26:06 PM,7.6880203E+1,-2.6826982E+1,3.8584065E+3,0.0000000E+0
13362459,1/10/2021,4:26:06 PM,8.1801598E+1,-3.7417995E+1,3.8566208E+3,0.0000000E+0
13362460,1/10/2021,4:26:06 PM,8.7042221E+1,-4.6288643E+1,3.8557275E+3,0.0000000E+0
13362461,1/10/2021,4:26:06 PM,8.8718155E+1,-5.2336811E+1,3.8584065E+3,0.0000000E+0
13362462,1/10/2021,4:26:06 PM,8.4967255E+1,-5.8600025E+1,3.8476914E+3,0.0000000E+0
13362463,1/10/2021,4:26:06 PM,7.9700027E+1,-6.1530022E+1,3.8548347E+3,0.0000000E+0
13362464,1/10/2021,4:26:06 PM,7.2623856E+1,-6.3008465E+1,3.8467981E+3,0.0000000E+0
13362465,1/10/2021,4:26:06 PM,6.7675858E+1,-6.2202038E+1,3.8485842E+3,0.0000000E+0
13362466,1/10/2021,4:26:07 PM,6.8048286E+1,-5.8626904E+1,3.8566208E+3,0.0000000E+0
13362467,1/10/2021,4:26:07 PM,5.8950356E+1,-5.2901302E+1,3.8539419E+3,0.0000000E+0
13362468,1/10/2021,4:26:07 PM,4.3441303E+1,-4.8600384E+1,3.8450125E+3,0.0000000E+0
13362469,1/10/2021,4:26:07 PM,3.9291370E+1,-4.4138184E+1,3.8530491E+3,0.0000000E+0
13362470,1/10/2021,4:26:07 PM,3.5088230E+1,-3.7122307E+1,3.8512629E+3,0.0000000E+0
13362471,1/10/2021,4:26:07 PM,3.2747242E+1,-3.1423590E+1,3.8601924E+3,0.0000000E+0
13362472,1/10/2021,4:26:07 PM,2.6921370E+1,-2.4327074E+1,3.8628713E+3,0.0000000E+0
13362473,1/10/2021,4:26:07 PM,-3.0900087E+0,-1.3858992E+1,3.8459053E+3,0.0000000E+0
13362474,1/10/2021,4:26:07 PM,-3.2773846E+1,-3.9175768E+0,3.8432266E+3,0.0000000E+0
13362475,1/10/2021,4:26:07 PM,-5.2858459E+1,1.0910101E+1,3.8601924E+3,0.0000000E+0
13362476,1/10/2021,4:26:08 PM,-6.9112373E+1,2.6531294E+1,3.8584065E+3,0.0000000E+0
13362477,1/10/2021,4:26:08 PM,-8.6962410E+1,3.3197716E+1,3.8584065E+3,0.0000000E+0
13362478,1/10/2021,4:26:08 PM,-1.1167580E+2,4.1261940E+1,3.8459053E+3,0.0000000E+0
13362479,1/10/2021,4:26:08 PM,-1.3136139E+2,4.4917721E+1,3.8476914E+3,0.0000000E+0
13362480,1/10/2021,4:26:08 PM,-1.4256090E+2,5.4084061E+1,3.8494771E+3,0.0000000E+0
13362481,1/10/2021,4:26:08 PM,-1.5048834E+2,6.5051399E+1,3.8566208E+3,0.0000000E+0
13362482,1/10/2021,4:26:08 PM,-1.4971687E+2,6.7578194E+1,3.8664431E+3,0.0000000E+0
13362483,1/10/2021,4:26:08 PM,-1.5152582E+2,6.4836357E+1,3.8459053E+3,0.0000000E+0
13362484,1/10/2021,4:26:08 PM,-1.5266971E+2,6.1153690E+1,3.8530491E+3,0.0000000E+0
13362485,1/10/2021,4:26:08 PM,-1.4817395E+2,5.8196812E+1,3.8530491E+3,0.0000000E+0
13362486,1/10/2021,4:26:09 PM,-1.3061653E+2,4.9379929E+1,3.8539419E+3,0.0000000E+0
13362487,1/10/2021,4:26:09 PM,-1.1021268E+2,3.9407173E+1,3.8566208E+3,0.0000000E+0
13362488,1/10/2021,4:26:09 PM,-9.5980545E+1,3.2283772E+1,3.8539419E+3,0.0000000E+0
13362489,1/10/2021,4:26:09 PM,-8.3264717E+1,2.0373676E+1,3.8485842E+3,0.0000000E+0
13362490,1/10/2021,4:26:09 PM,-7.0708504E+1,1.3574473E+1,3.8476914E+3,0.0000000E+0
13362491,1/10/2021,4:26:09 PM,-5.8817345E+1,1.2984164E+1,3.8601924E+3,0.0000000E+0
13362492,1/10/2021,4:26:09 PM,-4.1765369E+1,1.0306496E+1,3.8601924E+3,0.0000000E+0
13362493,1/10/2021,4:26:09 PM,-3.1789564E+1,3.8054631E+0,3.8548347E+3,0.0000000E+0
13362494,1/10/2021,4:26:09 PM,-2.8969736E+1,3.3866379E+0,3.8467981E+3,0.0000000E+0
13362495,1/10/2021,4:26:09 PM,-3.3598511E+1,5.0883656E+0,3.8584065E+3,0.0000000E+0
13362496,1/10/2021,4:26:10 PM,-1.7628387E+1,4.5998697E+0,3.8584065E+3,0.0000000E+0
13362497,1/10/2021,4:26:10 PM,-1.1936463E+1,3.8382964E+0,3.8566208E+3,0.0000000E+0
13362498,1/10/2021,4:26:10 PM,1.8235728E+0,-2.9085526E+0,3.8584065E+3,0.0000000E+0
13362499,1/10/2021,4:26:10 PM,1.8438889E+1,-9.2800999E+0,3.8628713E+3,0.0000000E+0
13362500,1/10/2021,4:26:10 PM,2.7852448E+1,-1.6616432E+1,3.8530491E+3,0.0000000E+0
13362501,1/10/2021,4:26:10 PM,3.4449780E+1,-2.0536888E+1,3.8450125E+3,0.0000000E+0
13362502,1/10/2021,4:26:10 PM,4.8229687E+1,-2.0256678E+1,3.8825161E+3,0.0000000E+0
13362503,1/10/2021,4:26:10 PM,6.1105125E+1,-2.9864508E+1,3.8521558E+3,0.0000000E+0
13362504,1/10/2021,4:26:10 PM,7.4805229E+1,-4.6208000E+1,3.8566208E+3,0.0000000E+0
13362505,1/10/2021,4:26:10 PM,8.2546463E+1,-5.3008827E+1,3.8530491E+3,0.0000000E+0
13362506,1/10/2021,4:26:11 PM,9.0686714E+1,-5.8841946E+1,3.8557275E+3,0.0000000E+0
13362507,1/10/2021,4:26:11 PM,9.6858414E+1,-6.1126808E+1,3.8655500E+3,0.0000000E+0
13362508,1/10/2021,4:26:11 PM,9.5847534E+1,-6.4943878E+1,3.8512629E+3,0.0000000E+0
13362509,1/10/2021,4:26:11 PM,9.7603271E+1,-7.2255440E+1,3.8619785E+3,0.0000000E+0
13362510,1/10/2021,4:26:11 PM,9.8534348E+1,-7.9970215E+1,3.8432266E+3,0.0000000E+0
13362511,1/10/2021,4:26:11 PM,9.3958778E+1,-8.3841042E+1,3.8512629E+3,0.0000000E+0
13362512,1/10/2021,4:26:11 PM,8.6909210E+1,-8.2497009E+1,3.8530491E+3,0.0000000E+0
13362513,1/10/2021,4:26:11 PM,7.5975731E+1,-7.7309021E+1,3.8566208E+3,0.0000000E+0
13362514,1/10/2021,4:26:11 PM,6.9005966E+1,-8.1824982E+1,3.8476914E+3,0.0000000E+0
13362515,1/10/2021,4:26:11 PM,6.7090607E+1,-8.3491592E+1,3.8467981E+3,0.0000000E+0
13362516,1/10/2021,4:26:12 PM,6.4590004E+1,-8.4217369E+1,3.8441196E+3,0.0000000E+0
13362517,1/10/2021,4:26:12 PM,6.4244179E+1,-7.9567001E+1,3.8494771E+3,0.0000000E+0
13362518,1/10/2021,4:26:12 PM,5.5784698E+1,-7.3196266E+1,3.8557275E+3,0.0000000E+0
13362519,1/10/2021,4:26:12 PM,4.1818573E+1,-6.7927635E+1,3.8405476E+3,0.0000000E+0
13362520,1/10/2021,4:26:12 PM,3.2587627E+1,-6.1341862E+1,3.8539419E+3,0.0000000E+0
13362521,1/10/2021,4:26:12 PM,2.6043501E+1,-5.5804424E+1,3.8387620E+3,0.0000000E+0
13362522,1/10/2021,4:26:12 PM,1.0525982E+1,-4.2498455E+1,3.8494771E+3,0.0000000E+0
13362523,1/10/2021,4:26:12 PM,-1.5352144E+1,-1.5794785E+1,3.8601924E+3,0.0000000E+0
13362524,1/10/2021,4:26:12 PM,-3.8972141E+1,-4.5253940E+0,3.8467981E+3,0.0000000E+0
13362525,1/10/2021,4:26:12 PM,-6.0253860E+1,1.3904197E+1,3.8459053E+3,0.0000000E+0
13362526,1/10/2021,4:26:13 PM,-9.1617790E+1,4.8761669E+1,3.8691218E+3,0.0000000E+0
13362527,1/10/2021,4:26:13 PM,-1.1763469E+2,6.2094521E+1,3.8414407E+3,0.0000000E+0
13362528,1/10/2021,4:26:13 PM,-1.3503249E+2,8.3195900E+1,3.8744795E+3,0.0000000E+0
13362529,1/10/2021,4:26:13 PM,-1.4612560E+2,9.1152603E+1,3.8476914E+3,0.0000000E+0
13362530,1/10/2021,4:26:13 PM,-1.5673984E+2,1.0101784E+2,3.8637642E+3,0.0000000E+0
13362531,1/10/2021,4:26:13 PM,-1.6485350E+2,1.0580260E+2,3.8575137E+3,0.0000000E+0
13362532,1/10/2021,4:26:13 PM,-1.6402884E+2,1.0504995E+2,3.8610852E+3,0.0000000E+0
13362533,1/10/2021,4:26:13 PM,-1.6354999E+2,1.1292600E+2,3.8753723E+3,0.0000000E+0
13362534,1/10/2021,4:26:13 PM,-1.5767091E+2,1.0765739E+2,3.8610852E+3,0.0000000E+0
13362535,1/10/2021,4:26:13 PM,-1.4274710E+2,9.3061134E+1,3.8575137E+3,0.0000000E+0
13362536,1/10/2021,4:26:14 PM,-1.2308813E+2,7.9298195E+1,3.8557275E+3,0.0000000E+0
13362537,1/10/2021,4:26:14 PM,-1.0273748E+2,6.5589012E+1,3.8601924E+3,0.0000000E+0
13362538,1/10/2021,4:26:14 PM,-8.0338478E+1,5.5132408E+1,3.8601924E+3,0.0000000E+0
13362539,1/10/2021,4:26:14 PM,-5.9987839E+1,4.2202770E+1,3.8646572E+3,0.0000000E+0
13362540,1/10/2021,4:26:14 PM,-4.7165604E+1,2.5832394E+1,3.8342971E+3,0.0000000E+0
13362541,1/10/2021,4:26:14 PM,-2.9448576E+1,2.1531475E+1,3.8673359E+3,0.0000000E+0
13362542,1/10/2021,4:26:14 PM,-2.0590061E+1,1.5738943E+1,3.8459053E+3,0.0000000E+0
13362543,1/10/2021,4:26:14 PM,-5.7682381E+0,6.9055643E+0,3.8655500E+3,0.0000000E+0
13362544,1/10/2021,4:26:14 PM,1.5881075E+1,-3.0695159E+0,3.8584065E+3,0.0000000E+0
13362545,1/10/2021,4:26:14 PM,2.2957651E+1,-6.7539983E+0,3.8476914E+3,0.0000000E+0
13362546,1/10/2021,4:26:15 PM,3.6604553E+1,-1.8382044E+1,3.8601924E+3,0.0000000E+0
13362547,1/10/2021,4:26:15 PM,5.7700050E+1,-2.5563587E+1,3.8512629E+3,0.0000000E+0
13362548,1/10/2021,4:26:15 PM,7.2224823E+1,-2.2418541E+1,3.8843018E+3,0.0000000E+0
13362549,1/10/2021,4:26:15 PM,7.9088173E+1,-3.0697809E+1,3.8512629E+3,0.0000000E+0
13362550,1/10/2021,4:26:15 PM,8.1934608E+1,-4.4971485E+1,3.8610852E+3,0.0000000E+0
13362551,1/10/2021,4:26:15 PM,9.1059143E+1,-5.6046352E+1,3.8450125E+3,0.0000000E+0
13362552,1/10/2021,4:26:15 PM,9.9571831E+1,-6.3169750E+1,3.8682290E+3,0.0000000E+0
13362553,1/10/2021,4:26:15 PM,9.7709679E+1,-6.4406258E+1,3.8566208E+3,0.0000000E+0
13362554,1/10/2021,4:26:15 PM,9.2788284E+1,-7.2819931E+1,3.8557275E+3,0.0000000E+0
13362555,1/10/2021,4:26:15 PM,8.1668587E+1,-7.6018745E+1,3.8530491E+3,0.0000000E+0
13362556,1/10/2021,4:26:16 PM,7.1134140E+1,-8.3437828E+1,3.8387620E+3,0.0000000E+0
13362557,1/10/2021,4:26:16 PM,6.8926163E+1,-8.5695816E+1,3.8494771E+3,0.0000000E+0
13362558,1/10/2021,4:26:16 PM,5.9695213E+1,-8.0669113E+1,3.8476914E+3,0.0000000E+0
13362559,1/10/2021,4:26:16 PM,4.6553757E+1,-7.5669296E+1,3.8467981E+3,0.0000000E+0
13362560,1/10/2021,4:26:16 PM,3.8546509E+1,-7.5051041E+1,3.8405476E+3,0.0000000E+0
13362561,1/10/2021,4:26:16 PM,3.4902016E+1,-7.1771584E+1,3.8432266E+3,0.0000000E+0
13362562,1/10/2021,4:26:16 PM,3.0459457E+1,-6.7578194E+1,3.8450125E+3,0.0000000E+0
13362563,1/10/2021,4:26:16 PM,2.6894768E+1,-5.8626904E+1,3.8503701E+3,0.0000000E+0
13362564,1/10/2021,4:26:16 PM,2.0430447E+1,-5.1154057E+1,3.8512629E+3,0.0000000E+0
13362565,1/10/2021,4:26:16 PM,8.0418501E+0,-4.0267353E+1,3.8530491E+3,0.0000000E+0
13362566,1/10/2021,4:26:17 PM,-4.1139359E+0,-3.3600929E+1,3.8476914E+3,0.0000000E+0
13362567,1/10/2021,4:26:17 PM,-1.2423290E+1,-2.4085146E+1,3.8548347E+3,0.0000000E+0
13362568,1/10/2021,4:26:17 PM,-3.1603350E+1,-8.8200836E+0,3.8566208E+3,0.0000000E+0
13362569,1/10/2021,4:26:17 PM,-4.7165604E+1,3.3033535E+0,3.8584065E+3,0.0000000E+0
13362570,1/10/2021,4:26:17 PM,-6.7489647E+1,1.7153561E+1,3.8566208E+3,0.0000000E+0
13362571,1/10/2021,4:26:17 PM,-8.4648026E+1,2.6370008E+1,3.8548347E+3,0.0000000E+0
13362572,1/10/2021,4:26:17 PM,-9.5741119E+1,3.2606342E+1,3.8539419E+3,0.0000000E+0
13362573,1/10/2021,4:26:17 PM,-9.9944260E+1,3.5832031E+1,3.8548347E+3,0.0000000E+0
13362574,1/10/2021,4:26:17 PM,-1.0962744E+2,4.4030659E+1,3.8548347E+3,0.0000000E+0
13362575,1/10/2021,4:26:17 PM,-1.1806033E+2,4.8627266E+1,3.8512629E+3,0.0000000E+0
13362576,1/10/2021,4:26:18 PM,-1.1869878E+2,5.0697083E+1,3.8548347E+3,0.0000000E+0
13362577,1/10/2021,4:26:18 PM,-1.1018609E+2,4.7014423E+1,3.8494771E+3,0.0000000E+0
13362578,1/10/2021,4:26:18 PM,-9.5687920E+1,4.3224236E+1,3.8539419E+3,0.0000000E+0
13362579,1/10/2021,4:26:18 PM,-7.8529533E+1,3.8493225E+1,3.8459053E+3,0.0000000E+0
13362580,1/10/2021,4:26:18 PM,-6.2860870E+1,3.9541573E+1,3.8601924E+3,0.0000000E+0
13362581,1/10/2021,4:26:18 PM,-4.9613003E+1,4.0885612E+1,3.8610852E+3,0.0000000E+0
13362582,1/10/2021,4:26:18 PM,-3.4902016E+1,3.6772858E+1,3.8601924E+3,0.0000000E+0
13362583,1/10/2021,4:26:18 PM,-1.8694143E+1,3.3681572E+1,3.8628713E+3,0.0000000E+0
13362584,1/10/2021,4:26:18 PM,-1.0433879E+1,3.4407352E+1,3.8619785E+3,0.0000000E+0
13362585,1/10/2021,4:26:18 PM,-7.5313396E+0,3.4729919E+1,3.8655500E+3,0.0000000E+0
13362586,1/10/2021,4:26:19 PM,-9.4628582E+0,3.8412582E+1,3.8655500E+3,0.0000000E+0
13362587,1/10/2021,4:26:19 PM,-1.2662756E+1,3.8788914E+1,3.8655500E+3,0.0000000E+0
13362588,1/10/2021,4:26:19 PM,-1.2349607E+1,3.5939556E+1,3.8646572E+3,0.0000000E+0
13362589,1/10/2021,4:26:19 PM,-1.4107448E+1,3.2122490E+1,3.8601924E+3,0.0000000E+0
13362590,1/10/2021,4:26:19 PM,-1.5475825E+1,2.7929092E+1,3.8646572E+3,0.0000000E+0
13362591,1/10/2021,4:26:19 PM,-1.7128403E+1,2.0590649E+1,3.8584065E+3,0.0000000E+0
13362592,1/10/2021,4:26:19 PM,-1.2825909E+1,9.0540800E+0,3.8548347E+3,0.0000000E+0
13362593,1/10/2021,4:26:19 PM,-5.8042604E-1,-4.5173860E+0,3.8566208E+3,0.0000000E+0
13362594,1/10/2021,4:26:19 PM,8.6576195E+0,-1.7602940E+1,3.8476914E+3,0.0000000E+0
13362595,1/10/2021,4:26:19 PM,1.8520464E+1,-3.1235426E+1,3.8530491E+3,0.0000000E+0
13362596,1/10/2021,4:26:20 PM,2.8703714E+1,-4.0643684E+1,3.8503701E+3,0.0000000E+0
13362597,1/10/2021,4:26:20 PM,3.5434055E+1,-4.9514332E+1,3.8530491E+3,0.0000000E+0
13362598,1/10/2021,4:26:20 PM,4.3122078E+1,-5.8976357E+1,3.8494771E+3,0.0000000E+0
13362599,1/10/2021,4:26:20 PM,4.9719410E+1,-6.6449203E+1,3.8485842E+3,0.0000000E+0
13362600,1/10/2021,4:26:20 PM,4.7990273E+1,-6.8519020E+1,3.8494771E+3,0.0000000E+0
13362601,1/10/2021,4:26:20 PM,4.3441303E+1,-6.7631950E+1,3.8530491E+3,0.0000000E+0
13362602,1/10/2021,4:26:20 PM,3.8067669E+1,-6.7766350E+1,3.8503701E+3,0.0000000E+0
13362603,1/10/2021,4:26:20 PM,3.1124510E+1,-6.8088921E+1,3.8450125E+3,0.0000000E+0
13362604,1/10/2021,4:26:20 PM,2.2345802E+1,-6.4164337E+1,3.8467981E+3,0.0000000E+0
13362605,1/10/2021,4:26:20 PM,1.2352240E+1,-5.7793598E+1,3.8494771E+3,0.0000000E+0
13362606,1/10/2021,4:26:21 PM,3.3658032E+0,-5.2390572E+1,3.8476914E+3,0.0000000E+0
13362607,1/10/2021,4:26:21 PM,-3.1375597E+0,-4.7767082E+1,3.8476914E+3,0.0000000E+0
13362608,1/10/2021,4:26:21 PM,-6.1761198E+0,-4.4380112E+1,3.8476914E+3,0.0000000E+0
13362609,1/10/2021,4:26:21 PM,-2.7674558E+0,-4.1423225E+1,3.8494771E+3,0.0000000E+0
13362610,1/10/2021,4:26:21 PM,-1.2769901E+0,-3.7444878E+1,3.8476914E+3,0.0000000E+0
13362611,1/10/2021,4:26:21 PM,-3.1106141E+0,-3.1208546E+1,3.8503701E+3,0.0000000E+0
13362612,1/10/2021,4:26:21 PM,-2.1984315E+0,-2.6558174E+1,3.8503701E+3,0.0000000E+0
13362613,1/10/2021,4:26:21 PM,-1.9369020E+0,-2.0099792E+1,3.8512629E+3,0.0000000E+0
13362614,1/10/2021,4:26:21 PM,-2.8443296E+0,-1.1396708E+1,3.8548347E+3,0.0000000E+0
13362615,1/10/2021,4:26:21 PM,-6.2261181E+0,-1.3325045E+0,3.8584065E+3,0.0000000E+0
13362616,1/10/2021,4:26:22 PM,-1.0823340E+1,8.0010948E+0,3.8584065E+3,0.0000000E+0
13362617,1/10/2021,4:26:22 PM,-1.6038963E+1,1.7095062E+1,3.8575137E+3,0.0000000E+0
13362618,1/10/2021,4:26:22 PM,-2.4739994E+1,2.7579645E+1,3.8601924E+3,0.0000000E+0
13362619,1/10/2021,4:26:22 PM,-2.6841566E+1,3.4219189E+1,3.8610852E+3,0.0000000E+0
13362620,1/10/2021,4:26:22 PM,-3.0592466E+1,4.1665154E+1,3.8619785E+3,0.0000000E+0
13362621,1/10/2021,4:26:22 PM,-3.6444939E+1,4.7041302E+1,3.8637642E+3,0.0000000E+0
13362622,1/10/2021,4:26:22 PM,-3.9105152E+1,5.0105709E+1,3.8601924E+3,0.0000000E+0
13362623,1/10/2021,4:26:22 PM,-4.0648079E+1,5.3277634E+1,3.8637642E+3,0.0000000E+0
13362624,1/10/2021,4:26:22 PM,-4.2270809E+1,5.3116348E+1,3.8619785E+3,0.0000000E+0
13362625,1/10/2021,4:26:22 PM,-3.8386894E+1,5.1127174E+1,3.8655500E+3,0.0000000E+0
13362626,1/10/2021,4:26:23 PM,-3.7083389E+1,4.6691853E+1,3.8610852E+3,0.0000000E+0
13362627,1/10/2021,4:26:23 PM,-3.4263561E+1,3.9487816E+1,3.8610852E+3,0.0000000E+0
13362628,1/10/2021,4:26:23 PM,-3.5194637E+1,3.3063316E+1,3.8566208E+3,0.0000000E+0
13362629,1/10/2021,4:26:23 PM,-3.0672274E+1,2.5671112E+1,3.8601924E+3,0.0000000E+0
13362630,1/10/2021,4:26:23 PM,-2.9342165E+1,1.9445667E+1,3.8584065E+3,0.0000000E+0
13362631,1/10/2021,4:26:23 PM,-2.8544100E+1,1.1277051E+1,3.8521558E+3,0.0000000E+0
13362632,1/10/2021,4:26:23 PM,-2.9155951E+1,5.7196264E+0,3.8548347E+3,0.0000000E+0
13362633,1/10/2021,4:26:23 PM,-3.0486059E+1,1.6192437E+0,3.8521558E+3,0.0000000E+0
13362634,1/10/2021,4:26:23 PM,-3.0033821E+1,-2.2751095E+0,3.8530491E+3,0.0000000E+0
13362635,1/10/2021,4:26:23 PM,-2.7799242E+1,-5.2485280E+0,3.8539419E+3,0.0000000E+0
13362636,1/10/2021,4:26:24 PM,-2.7293802E+1,-9.8517962E+0,3.8494771E+3,0.0000000E+0
13362637,1/10/2021,4:26:24 PM,-2.3409887E+1,-1.4441325E+1,3.8503701E+3,0.0000000E+0
13362638,1/10/2021,4:26:24 PM,-2.1547737E+1,-1.6619091E+1,3.8485842E+3,0.0000000E+0
13362639,1/10/2021,4:26:24 PM,-1.5994229E+1,-1.8794197E+1,3.8530491E+3,0.0000000E+0
13362640,1/10/2021,4:26:24 PM,-1.2539075E+1,-2.0751934E+1,3.8512629E+3,0.0000000E+0
13362641,1/10/2021,4:26:24 PM,-1.0052313E+1,-2.2095970E+1,3.8512629E+3,0.0000000E+0
13362642,1/10/2021,4:26:24 PM,-7.3366094E+0,-2.2848633E+1,3.8530491E+3,0.0000000E+0
13362643,1/10/2021,4:26:24 PM,-3.7929676E+0,-2.2821751E+1,3.8512629E+3,0.0000000E+0
13362644,1/10/2021,4:26:24 PM,-1.0154157E+0,-2.1827166E+1,3.8575137E+3,0.0000000E+0
13362645,1/10/2021,4:26:24 PM,1.8497256E+0,-2.0805696E+1,3.8548347E+3,0.0000000E+0
13362646,1/10/2021,4:26:25 PM,3.4815104E+0,-2.1585238E+1,3.8548347E+3,0.0000000E+0
13362647,1/10/2021,4:26:25 PM,5.7524490E+0,-2.2499182E+1,3.8530491E+3,0.0000000E+0
13362648,1/10/2021,4:26:25 PM,7.1971397E+0,-2.3063679E+1,3.8548347E+3,0.0000000E+0
13362649,1/10/2021,4:26:25 PM,9.1339207E+0,-2.2687347E+1,3.8557275E+3,0.0000000E+0
13362650,1/10/2021,4:26:25 PM,1.0244411E+1,-2.3789459E+1,3.8548347E+3,0.0000000E+0
13362651,1/10/2021,4:26:25 PM,9.5839062E+0,-2.5402304E+1,3.8521558E+3,0.0000000E+0
13362652,1/10/2021,4:26:25 PM,1.0565454E+1,-2.8197899E+1,3.8494771E+3,0.0000000E+0
13362653,1/10/2021,4:26:25 PM,1.1552265E+1,-2.8144140E+1,3.8530491E+3,0.0000000E+0
13362654,1/10/2021,4:26:25 PM,1.1339113E+1,-2.7068909E+1,3.8539419E+3,0.0000000E+0
13362655,1/10/2021,4:26:25 PM,9.8707390E+0,-2.5859278E+1,3.8557275E+3,0.0000000E+0
13362656,1/10/2021,4:26:26 PM,9.1970758E+0,-2.5778635E+1,3.8530491E+3,0.0000000E+0
13362657,1/10/2021,4:26:26 PM,8.1944771E+0,-2.5671112E+1,3.8530491E+3,0.0000000E+0
13362658,1/10/2021,4:26:26 PM,6.7892580E+0,-2.3735697E+1,3.8539419E+3,0.0000000E+0
13362659,1/10/2021,4:26:26 PM,5.3077264E+0,-2.0456245E+1,3.8584065E+3,0.0000000E+0
13362660,1/10/2021,4:26:26 PM,2.0851021E+0,-1.8927149E+1,3.8548347E+3,0.0000000E+0
13362661,1/10/2021,4:26:26 PM,-1.4863024E+0,-1.8967037E+1,3.8539419E+3,0.0000000E+0
13362662,1/10/2021,4:26:26 PM,-4.1495986E+0,-1.8350136E+1,3.8530491E+3,0.0000000E+0
13362663,1/10/2021,4:26:26 PM,-5.9392853E+0,-1.7948618E+1,3.8530491E+3,0.0000000E+0
13362664,1/10/2021,4:26:26 PM,-8.4207850E+0,-1.6318617E+1,3.8548347E+3,0.0000000E+0
13362665,1/10/2021,4:26:26 PM,-1.2420658E+1,-1.5183201E+1,3.8521558E+3,0.0000000E+0
13362666,1/10/2021,4:26:27 PM,-1.6846832E+1,-1.3680835E+1,3.8512629E+3,0.0000000E+0
13362667,1/10/2021,4:26:27 PM,-2.1308319E+1,-1.2159857E+1,3.8512629E+3,0.0000000E+0
13362668,1/10/2021,4:26:27 PM,-2.3702511E+1,-9.6576853E+0,3.8512629E+3,0.0000000E+0
13362669,1/10/2021,4:26:27 PM,-2.9661392E+1,-3.5435972E+0,3.8530491E+3,0.0000000E+0
13362670,1/10/2021,4:26:27 PM,-3.4635994E+1,-1.7869856E-2,3.8512629E+3,0.0000000E+0
13362671,1/10/2021,4:26:27 PM,-4.1605755E+1,6.8949285E+0,3.8566208E+3,0.0000000E+0
13362672,1/10/2021,4:26:27 PM,-4.7351818E+1,1.2029563E+1,3.8521558E+3,0.0000000E+0
13362673,1/10/2021,4:26:27 PM,-5.0969707E+1,1.6278732E+1,3.8584065E+3,0.0000000E+0
13362674,1/10/2021,4:26:27 PM,-5.3656528E+1,2.1074503E+1,3.8566208E+3,0.0000000E+0
13362675,1/10/2021,4:26:27 PM,-5.4188572E+1,2.3198082E+1,3.8575137E+3,0.0000000E+0
13362676,1/10/2021,4:26:28 PM,-5.3284100E+1,2.3332487E+1,3.8566208E+3,0.0000000E+0
13362677,1/10/2021,4:26:28 PM,-5.2698853E+1,2.3117439E+1,3.8548347E+3,0.0000000E+0
13362678,1/10/2021,4:26:28 PM,-4.7644444E+1,2.1343311E+1,3.8584065E+3,0.0000000E+0
13362679,1/10/2021,4:26:28 PM,-4.2935863E+1,1.7855551E+1,3.8548347E+3,0.0000000E+0
13362680,1/10/2021,4:26:28 PM,-3.4928619E+1,1.2851210E+1,3.8557275E+3,0.0000000E+0
13362681,1/10/2021,4:26:28 PM,-2.8836727E+1,8.9424000E+0,3.8530491E+3,0.0000000E+0
13362682,1/10/2021,4:26:28 PM,-2.3330082E+1,4.2475119E+0,3.8530491E+3,0.0000000E+0
13362683,1/10/2021,4:26:28 PM,-1.4439016E+1,1.3237438E+0,3.8548347E+3,0.0000000E+0
13362684,1/10/2021,4:26:28 PM,-9.3549662E+0,2.7604929E-1,3.8521558E+3,0.0000000E+0
13362685,1/10/2021,4:26:28 PM,-2.1429555E+0,-1.9019308E+0,3.8548347E+3,0.0000000E+0
13362686,1/10/2021,4:26:29 PM,4.4032030E+0,-1.2578245E+0,3.8557275E+3,0.0000000E+0
13362687,1/10/2021,4:26:29 PM,6.8497825E+0,2.4697743E-1,3.8584065E+3,0.0000000E+0
13362688,1/10/2021,4:26:29 PM,1.1068069E+1,1.3202357E-1,3.8584065E+3,0.0000000E+0
13362689,1/10/2021,4:26:29 PM,1.3233791E+1,8.7028873E-1,3.8584065E+3,0.0000000E+0
13362690,1/10/2021,4:26:29 PM,1.5949493E+1,8.3161509E-1,3.8566208E+3,0.0000000E+0
13362691,1/10/2021,4:26:29 PM,1.9209917E+1,1.8947234E+0,3.8601924E+3,0.0000000E+0
13362692,1/10/2021,4:26:29 PM,1.9323071E+1,3.2152641E+0,3.8601924E+3,0.0000000E+0
13362693,1/10/2021,4:26:29 PM,2.2505415E+1,3.4587111E+0,3.8628713E+3,0.0000000E+0
13362694,1/10/2021,4:26:29 PM,2.4287758E+1,1.4110324E+0,3.8566208E+3,0.0000000E+0
13362695,1/10/2021,4:26:29 PM,2.5378447E+1,-1.0897945E+0,3.8584065E+3,0.0000000E+0
13362696,1/10/2021,4:26:30 PM,2.5484854E+1,-2.5377762E+0,3.8566208E+3,0.0000000E+0
13362697,1/10/2021,4:26:30 PM,2.4154747E+1,-2.5137520E+0,3.8566208E+3,0.0000000E+0
13362698,1/10/2021,4:26:30 PM,2.1920168E+1,-9.4496870E-1,3.8619785E+3,0.0000000E+0
13362699,1/10/2021,4:26:30 PM,1.8920452E+1,-1.1044638E+0,3.8566208E+3,0.0000000E+0
13362700,1/10/2021,4:26:30 PM,1.5002156E+1,-1.8947234E+0,3.8548347E+3,0.0000000E+0
13362701,1/10/2021,4:26:30 PM,1.3844297E+1,-2.9005444E+0,3.8548347E+3,0.0000000E+0
13362702,1/10/2021,4:26:30 PM,9.6260099E+0,2.1897241E-1,3.8601924E+3,0.0000000E+0
13362703,1/10/2021,4:26:30 PM,7.4813409E+0,1.7273536E+0,3.8566208E+3,0.0000000E+0
13362704,1/10/2021,4:26:30 PM,5.9498110E+0,2.1694024E+0,3.8619785E+3,0.0000000E+0
13362705,1/10/2021,4:26:30 PM,5.7050824E+0,-4.9875572E-1,3.8601924E+3,0.0000000E+0
13362706,1/10/2021,4:26:31 PM,3.6978664E+0,-4.2274919E+0,3.8566208E+3,0.0000000E+0
13362707,1/10/2021,4:26:31 PM,-4.8645982E-1,-6.6954994E+0,3.8584065E+3,0.0000000E+0
13362708,1/10/2021,4:26:31 PM,-3.7826653E+0,-1.0987213E+1,3.8575137E+3,0.0000000E+0
13362709,1/10/2021,4:26:31 PM,-8.9181385E+0,-1.5332108E+1,3.8539419E+3,0.0000000E+0
13362710,1/10/2021,4:26:31 PM,-1.2615389E+1,-2.0671291E+1,3.8548347E+3,0.0000000E+0
13362711,1/10/2021,4:26:31 PM,-1.9573063E+1,-2.5617350E+1,3.8503701E+3,0.0000000E+0
13362712,1/10/2021,4:26:31 PM,-2.7187391E+1,-2.9541937E+1,3.8494771E+3,0.0000000E+0
13362713,1/10/2021,4:26:31 PM,-3.4689198E+1,-3.3036434E+1,3.8485842E+3,0.0000000E+0
13362714,1/10/2021,4:26:31 PM,-4.2909260E+1,-3.6584694E+1,3.8459053E+3,0.0000000E+0
13362715,1/10/2021,4:26:31 PM,-4.6261131E+1,-4.2095245E+1,3.8432266E+3,0.0000000E+0
13362716,1/10/2021,4:26:32 PM,-4.9533195E+1,-4.7390751E+1,3.8387620E+3,0.0000000E+0
13362717,1/10/2021,4:26:32 PM,-5.4694008E+1,-4.6880016E+1,3.8441196E+3,0.0000000E+0
13362718,1/10/2021,4:26:32 PM,-5.6502956E+1,-4.5025246E+1,3.8441196E+3,0.0000000E+0
13362719,1/10/2021,4:26:32 PM,-6.0546486E+1,-4.3761852E+1,3.8423335E+3,0.0000000E+0
13362720,1/10/2021,4:26:32 PM,-5.8072479E+1,-4.0724327E+1,3.8467981E+3,0.0000000E+0
13362721,1/10/2021,4:26:32 PM,-5.5066441E+1,-3.8224419E+1,3.8432266E+3,0.0000000E+0
13362722,1/10/2021,4:26:32 PM,-5.4108765E+1,-3.3547169E+1,3.8459053E+3,0.0000000E+0
13362723,1/10/2021,4:26:32 PM,-5.4933430E+1,-2.6907623E+1,3.8476914E+3,0.0000000E+0
13362724,1/10/2021,4:26:32 PM,-5.6077324E+1,-1.8919172E+1,3.8521558E+3,0.0000000E+0
13362725,1/10/2021,4:26:32 PM,-5.4348183E+1,-1.4212646E+1,3.8512629E+3,0.0000000E+0
13362726,1/10/2021,4:26:33 PM,-5.2885063E+1,-1.1231847E+1,3.8467981E+3,0.0000000E+0
13362727,1/10/2021,4:26:33 PM,-5.2698853E+1,-4.7624345E+0,3.8503701E+3,0.0000000E+0
13362728,1/10/2021,4:26:33 PM,-4.7617840E+1,1.9748048E+0,3.8548347E+3,0.0000000E+0
13362729,1/10/2021,4:26:33 PM,-4.8149883E+1,8.2085018E+0,3.8548347E+3,0.0000000E+0
13362730,1/10/2021,4:26:33 PM,-4.3627518E+1,1.3149024E+1,3.8548347E+3,0.0000000E+0
13362731,1/10/2021,4:26:33 PM,-3.5434055E+1,1.6079304E+1,3.8530491E+3,0.0000000E+0
13362732,1/10/2021,4:26:33 PM,-2.7719435E+1,2.0041294E+1,3.8548347E+3,0.0000000E+0
13362733,1/10/2021,4:26:33 PM,-1.6912622E+1,2.4757166E+1,3.8575137E+3,0.0000000E+0
13362734,1/10/2021,4:26:33 PM,-9.3944387E+0,3.0429003E+1,3.8601924E+3,0.0000000E+0
13362735,1/10/2021,4:26:33 PM,2.6447788E-1,3.4810562E+1,3.8664431E+3,0.0000000E+0
13362736,1/10/2021,4:26:34 PM,1.0902286E+1,3.5939556E+1,3.8584065E+3,0.0000000E+0
13362737,1/10/2021,4:26:34 PM,2.0301987E+1,3.8977077E+1,3.8655500E+3,0.0000000E+0
13362738,1/10/2021,4:26:34 PM,3.2348209E+1,4.3009190E+1,3.8691218E+3,0.0000000E+0
13362739,1/10/2021,4:26:34 PM,3.8759327E+1,4.6181118E+1,3.8709080E+3,0.0000000E+0
13362740,1/10/2021,4:26:34 PM,4.4984226E+1,4.6906898E+1,3.8744795E+3,0.0000000E+0
13362741,1/10/2021,4:26:34 PM,5.2752056E+1,4.1933964E+1,3.8682290E+3,0.0000000E+0
13362742,1/10/2021,4:26:34 PM,5.7753258E+1,3.6020199E+1,3.8709080E+3,0.0000000E+0
13362743,1/10/2021,4:26:34 PM,6.3605728E+1,2.9111845E+1,3.8691218E+3,0.0000000E+0
13362744,1/10/2021,4:26:34 PM,6.3791946E+1,2.2069092E+1,3.8673359E+3,0.0000000E+0
13362745,1/10/2021,4:26:34 PM,6.1184933E+1,1.7182810E+1,3.8718008E+3,0.0000000E+0
13362746,1/10/2021,4:26:35 PM,5.8897152E+1,6.7141128E+0,3.8610852E+3,0.0000000E+0
13362747,1/10/2021,4:26:35 PM,5.4933430E+1,-4.7824550E+0,3.8592996E+3,0.0000000E+0
13362748,1/10/2021,4:26:35 PM,4.8681923E+1,-1.2585305E+1,3.8566208E+3,0.0000000E+0
13362749,1/10/2021,4:26:35 PM,4.1100315E+1,-1.8889923E+1,3.8512629E+3,0.0000000E+0
13362750,1/10/2021,4:26:35 PM,3.2295002E+1,-2.2848633E+1,3.8584065E+3,0.0000000E+0
13362751,1/10/2021,4:26:35 PM,2.4207952E+1,-2.9380651E+1,3.8494771E+3,0.0000000E+0
13362752,1/10/2021,4:26:35 PM,1.4812688E+1,-3.3789097E+1,3.8512629E+3,0.0000000E+0
13362753,1/10/2021,4:26:35 PM,8.5339394E+0,-3.8896435E+1,3.8494771E+3,0.0000000E+0
13362754,1/10/2021,4:26:35 PM,-4.6983096E-1,-4.2525337E+1,3.8459053E+3,0.0000000E+0
13362755,1/10/2021,4:26:35 PM,-8.5392027E+0,-4.5213413E+1,3.8485842E+3,0.0000000E+0
13362756,1/10/2021,4:26:36 PM,-1.3620621E+1,-4.7820843E+1,3.8485842E+3,0.0000000E+0
13362757,1/10/2021,4:26:36 PM,-1.9154655E+1,-5.1100296E+1,3.8459053E+3,0.0000000E+0
13362758,1/10/2021,4:26:36 PM,-2.3383286E+1,-5.2793785E+1,3.8459053E+3,0.0000000E+0
13362759,1/10/2021,4:26:36 PM,-3.0858488E+1,-5.1799194E+1,3.8441196E+3,0.0000000E+0
13362760,1/10/2021,4:26:36 PM,-3.9717003E+1,-4.7820843E+1,3.8476914E+3,0.0000000E+0
13362761,1/10/2021,4:26:36 PM,-5.1129322E+1,-4.2175888E+1,3.8476914E+3,0.0000000E+0
13362762,1/10/2021,4:26:36 PM,-6.2834263E+1,-3.8439465E+1,3.8432266E+3,0.0000000E+0
13362763,1/10/2021,4:26:36 PM,-7.3714539E+1,-3.3170837E+1,3.8432266E+3,0.0000000E+0
13362764,1/10/2021,4:26:36 PM,-8.7627464E+1,-2.4542118E+1,3.8441196E+3,0.0000000E+0
13362765,1/10/2021,4:26:36 PM,-1.0060931E+2,-1.6555273E+1,3.8459053E+3,0.0000000E+0
13362766,1/10/2021,4:26:37 PM,-1.1119697E+2,-8.8573103E+0,3.8441196E+3,0.0000000E+0
13362767,1/10/2021,4:26:37 PM,-1.1899139E+2,-1.2650259E+0,3.8459053E+3,0.0000000E+0
13362768,1/10/2021,4:26:37 PM,-1.2029490E+2,5.4183006E+0,3.8476914E+3,0.0000000E+0
13362769,1/10/2021,4:26:37 PM,-1.1904460E+2,7.8708019E+0,3.8459053E+3,0.0000000E+0
13362770,1/10/2021,4:26:37 PM,-1.1465524E+2,1.2284832E+1,3.8467981E+3,0.0000000E+0
13362771,1/10/2021,4:26:37 PM,-1.0382817E+2,1.4810934E+1,3.8503701E+3,0.0000000E+0
13362772,1/10/2021,4:26:37 PM,-8.8079704E+1,1.5544832E+1,3.8512629E+3,0.0000000E+0
13362773,1/10/2021,4:26:37 PM,-7.2969681E+1,1.5401243E+1,3.8521558E+3,0.0000000E+0
13362774,1/10/2021,4:26:37 PM,-5.3656528E+1,1.4265828E+1,3.8530491E+3,0.0000000E+0
13362775,1/10/2021,4:26:37 PM,-3.2960060E+1,1.3718061E+1,3.8584065E+3,0.0000000E+0
13362776,1/10/2021,4:26:38 PM,-1.5546875E+1,1.4576938E+1,3.8592996E+3,0.0000000E+0
13362777,1/10/2021,4:26:38 PM,5.5165547E-1,1.3537246E+1,3.8575137E+3,0.0000000E+0
13362778,1/10/2021,4:26:38 PM,1.5886338E+1,1.3760608E+1,3.8601924E+3,0.0000000E+0
13362779,1/10/2021,4:26:38 PM,2.9076143E+1,1.6754704E+1,3.8610852E+3,0.0000000E+0
13362780,1/10/2021,4:26:38 PM,4.1605755E+1,1.9381849E+1,3.8655500E+3,0.0000000E+0
13362781,1/10/2021,4:26:38 PM,5.4055561E+1,2.2149734E+1,3.8700146E+3,0.0000000E+0
13362782,1/10/2021,4:26:38 PM,6.2860870E+1,2.2956154E+1,3.8673359E+3,0.0000000E+0
13362783,1/10/2021,4:26:38 PM,6.6505363E+1,2.3144321E+1,3.8682290E+3,0.0000000E+0
13362784,1/10/2021,4:26:38 PM,6.9883835E+1,2.2284138E+1,3.8673359E+3,0.0000000E+0
13362785,1/10/2021,4:26:38 PM,7.4193382E+1,1.9533415E+1,3.8691218E+3,0.0000000E+0
13362786,1/10/2021,4:26:39 PM,7.8556129E+1,1.6507410E+1,3.8709080E+3,0.0000000E+0
13362787,1/10/2021,4:26:39 PM,8.1801598E+1,7.8681421E+0,3.8664431E+3,0.0000000E+0
13362788,1/10/2021,4:26:39 PM,8.2812477E+1,-1.7493790E+0,3.8646572E+3,0.0000000E+0
13362789,1/10/2021,4:26:39 PM,7.9912842E+1,-1.0370313E+1,3.8601924E+3,0.0000000E+0
13362790,1/10/2021,4:26:39 PM,7.9567017E+1,-1.8387362E+1,3.8637642E+3,0.0000000E+0
13362791,1/10/2021,4:26:39 PM,7.6614182E+1,-2.5939919E+1,3.8584065E+3,0.0000000E+0
13362792,1/10/2021,4:26:39 PM,7.2597252E+1,-3.3143959E+1,3.8521558E+3,0.0000000E+0
13362793,1/10/2021,4:26:39 PM,6.5787102E+1,-3.5616985E+1,3.8548347E+3,0.0000000E+0
13362794,1/10/2021,4:26:39 PM,5.8737537E+1,-3.7337353E+1,3.8512629E+3,0.0000000E+0
13362795,1/10/2021,4:26:39 PM,4.9932224E+1,-3.4703041E+1,3.8539419E+3,0.0000000E+0
13362796,1/10/2021,4:26:40 PM,3.7934658E+1,-3.1531113E+1,3.8566208E+3,0.0000000E+0
13362797,1/10/2021,4:26:40 PM,2.7426811E+1,-3.0240837E+1,3.8512629E+3,0.0000000E+0
13362798,1/10/2021,4:26:40 PM,1.3804825E+1,-2.6450651E+1,3.8512629E+3,0.0000000E+0
13362799,1/10/2021,4:26:40 PM,-7.0157909E-1,-2.2902393E+1,3.8512629E+3,0.0000000E+0
13362800,1/10/2021,4:26:40 PM,-1.4807425E+1,-1.6573887E+1,3.8566208E+3,0.0000000E+0
13362801,1/10/2021,4:26:40 PM,-3.2694038E+1,-9.9847498E+0,3.8530491E+3,0.0000000E+0
13362802,1/10/2021,4:26:40 PM,-5.3417107E+1,-5.1756539E+0,3.8512629E+3,0.0000000E+0
13362803,1/10/2021,4:26:40 PM,-6.9564606E+1,4.6141569E-2,3.8530491E+3,0.0000000E+0
13362804,1/10/2021,4:26:40 PM,-8.4195793E+1,4.1530161E+0,3.8476914E+3,0.0000000E+0
13362805,1/10/2021,4:26:40 PM,-9.6299767E+1,6.5306382E+0,3.8539419E+3,0.0000000E+0
13362806,1/10/2021,4:26:41 PM,-1.1077133E+2,1.0237360E+1,3.8459053E+3,0.0000000E+0
13362807,1/10/2021,4:26:41 PM,-1.2290192E+2,1.3074572E+1,3.8512629E+3,0.0000000E+0
13362808,1/10/2021,4:26:41 PM,-1.3495268E+2,1.4951864E+1,3.8441196E+3,0.0000000E+0
13362809,1/10/2021,4:26:41 PM,-1.3998050E+2,1.3462793E+1,3.8476914E+3,0.0000000E+0
13362810,1/10/2021,4:26:41 PM,-1.4112439E+2,1.0739922E+1,3.8423335E+3,0.0000000E+0
13362811,1/10/2021,4:26:41 PM,-1.3915582E+2,8.2962503E+0,3.8459053E+3,0.0000000E+0
13362812,1/10/2021,4:26:41 PM,-1.3362257E+2,5.7807841E+0,3.8441196E+3,0.0000000E+0
13362813,1/10/2021,4:26:41 PM,-1.2564193E+2,4.2819471E+0,3.8459053E+3,0.0000000E+0
13362814,1/10/2021,4:26:41 PM,-1.1220786E+2,-2.1737215E-1,3.8485842E+3,0.0000000E+0
13362815,1/10/2021,4:26:41 PM,-9.3799164E+1,-7.4559884E+0,3.8459053E+3,0.0000000E+0
13362816,1/10/2021,4:26:42 PM,-7.9114777E+1,-1.1114847E+1,3.8539419E+3,0.0000000E+0
13362817,1/10/2021,4:26:42 PM,-6.4323990E+1,-1.6507410E+1,3.8459053E+3,0.0000000E+0
13362818,1/10/2021,4:26:42 PM,-5.1820976E+1,-2.1235788E+1,3.8494771E+3,0.0000000E+0
13362819,1/10/2021,4:26:42 PM,-3.7083389E+1,-2.3628174E+1,3.8512629E+3,0.0000000E+0
13362820,1/10/2021,4:26:42 PM,-2.0962490E+1,-2.4891569E+1,3.8539419E+3,0.0000000E+0
13362821,1/10/2021,4:26:42 PM,-9.3786497E+0,-2.6961388E+1,3.8539419E+3,0.0000000E+0
13362822,1/10/2021,4:26:42 PM,-2.3925970E+0,-2.8009735E+1,3.8512629E+3,0.0000000E+0
13362823,1/10/2021,4:26:42 PM,6.5340033E+0,-2.8386065E+1,3.8494771E+3,0.0000000E+0
13362824,1/10/2021,4:26:42 PM,1.6644209E+1,-2.7982855E+1,3.8575137E+3,0.0000000E+0
13362825,1/10/2021,4:26:42 PM,3.0140230E+1,-2.9837624E+1,3.8521558E+3,0.0000000E+0
13362826,1/10/2021,4:26:43 PM,4.1791969E+1,-3.1154783E+1,3.8575137E+3,0.0000000E+0
13362827,1/10/2021,4:26:43 PM,5.1953987E+1,-3.3143959E+1,3.8539419E+3,0.0000000E+0
13362828,1/10/2021,4:26:43 PM,6.0998722E+1,-3.4541756E+1,3.8548347E+3,0.0000000E+0
13362829,1/10/2021,4:26:43 PM,7.0788307E+1,-3.3789097E+1,3.8548347E+3,0.0000000E+0
13362830,1/10/2021,4:26:43 PM,8.1136543E+1,-3.2740746E+1,3.8610852E+3,0.0000000E+0
13362831,1/10/2021,4:26:43 PM,9.3080902E+1,-3.1853683E+1,3.8601924E+3,0.0000000E+0
13362832,1/10/2021,4:26:43 PM,9.8108711E+1,-3.0240837E+1,3.8601924E+3,0.0000000E+0
13362833,1/10/2021,4:26:43 PM,9.6938217E+1,-2.6719460E+1,3.8575137E+3,0.0000000E+0
13362834,1/10/2021,4:26:43 PM,9.3985382E+1,-1.9432369E+1,3.8619785E+3,0.0000000E+0
13362835,1/10/2021,4:26:43 PM,8.9542824E+1,-1.1689203E+1,3.8637642E+3,0.0000000E+0
13362836,1/10/2021,4:26:44 PM,8.3690346E+1,-4.2659307E+0,3.8637642E+3,0.0000000E+0
13362837,1/10/2021,4:26:44 PM,7.4166779E+1,3.2865362E+0,3.8655500E+3,0.0000000E+0
13362838,1/10/2021,4:26:44 PM,5.8950356E+1,1.0006021E+1,3.8566208E+3,0.0000000E+0
13362839,1/10/2021,4:26:44 PM,4.3840336E+1,1.8743675E+1,3.8637642E+3,0.0000000E+0
13362840,1/10/2021,4:26:44 PM,3.2534424E+1,2.7472118E+1,3.8646572E+3,0.0000000E+0
13362841,1/10/2021,4:26:44 PM,2.3383286E+1,3.4541756E+1,3.8682290E+3,0.0000000E+0
13362842,1/10/2021,4:26:44 PM,1.3399575E+1,3.7391117E+1,3.8637642E+3,0.0000000E+0
13362843,1/10/2021,4:26:44 PM,7.5843507E-1,3.9864143E+1,3.8610852E+3,0.0000000E+0
13362844,1/10/2021,4:26:44 PM,-1.1641736E+1,4.1826435E+1,3.8601924E+3,0.0000000E+0
13362845,1/10/2021,4:26:44 PM,-1.8212580E+1,4.2955429E+1,3.8655500E+3,0.0000000E+0
13362846,1/10/2021,4:26:45 PM,-2.2212791E+1,4.1369465E+1,3.8637642E+3,0.0000000E+0
13362847,1/10/2021,4:26:45 PM,-3.1230917E+1,3.9971668E+1,3.8619785E+3,0.0000000E+0
13362848,1/10/2021,4:26:45 PM,-4.0807690E+1,3.4461113E+1,3.8548347E+3,0.0000000E+0
13362849,1/10/2021,4:26:45 PM,-4.7591236E+1,3.1934326E+1,3.8584065E+3,0.0000000E+0
13362850,1/10/2021,4:26:45 PM,-6.0626289E+1,3.1047260E+1,3.8521558E+3,0.0000000E+0
13362851,1/10/2021,4:26:45 PM,-6.8314308E+1,2.8466707E+1,3.8512629E+3,0.0000000E+0
13362852,1/10/2021,4:26:45 PM,-7.4326393E+1,2.7902212E+1,3.8584065E+3,0.0000000E+0
13362853,1/10/2021,4:26:45 PM,-7.7438843E+1,2.3735697E+1,3.8521558E+3,0.0000000E+0
13362854,1/10/2021,4:26:45 PM,-7.7678261E+1,1.5281587E+1,3.8467981E+3,0.0000000E+0
13362855,1/10/2021,4:26:45 PM,-8.0125664E+1,1.2034881E+1,3.8476914E+3,0.0000000E+0
13362856,1/10/2021,4:26:46 PM,-8.0764114E+1,9.2402143E+0,3.8548347E+3,0.0000000E+0
13362857,1/10/2021,4:26:46 PM,-7.6215141E+1,5.5521059E+0,3.8512629E+3,0.0000000E+0
13362858,1/10/2021,4:26:46 PM,-7.2384438E+1,2.5871286E-2,3.8539419E+3,0.0000000E+0
13362859,1/10/2021,4:26:46 PM,-6.4323990E+1,-7.0571308E+0,3.8467981E+3,0.0000000E+0
13362860,1/10/2021,4:26:46 PM,-5.9588802E+1,-1.2867166E+1,3.8476914E+3,0.0000000E+0
13362861,1/10/2021,4:26:46 PM,-5.3390503E+1,-1.5656513E+1,3.8530491E+3,0.0000000E+0
13362862,1/10/2021,4:26:46 PM,-4.8947945E+1,-1.7836937E+1,3.8539419E+3,0.0000000E+0
13362863,1/10/2021,4:26:46 PM,-4.3521111E+1,-2.2579824E+1,3.8512629E+3,0.0000000E+0
13362864,1/10/2021,4:26:46 PM,-3.6019306E+1,-3.0402122E+1,3.8512629E+3,0.0000000E+0
13362865,1/10/2021,4:26:46 PM,-3.2188595E+1,-3.6961025E+1,3.8459053E+3,0.0000000E+0
13362866,1/10/2021,4:26:47 PM,-3.1151112E+1,-3.9675980E+1,3.8503701E+3,0.0000000E+0
13362867,1/10/2021,4:26:47 PM,-2.6442532E+1,-4.4299469E+1,3.8494771E+3,0.0000000E+0
13362868,1/10/2021,4:26:47 PM,-2.0723072E+1,-4.8734787E+1,3.8512629E+3,0.0000000E+0
13362869,1/10/2021,4:26:47 PM,-1.4828477E+1,-5.6019470E+1,3.8459053E+3,0.0000000E+0
13362870,1/10/2021,4:26:47 PM,-1.0191781E+1,-6.2632133E+1,3.8423335E+3,0.0000000E+0
13362871,1/10/2021,4:26:47 PM,-6.8603086E+0,-6.6718002E+1,3.8432266E+3,0.0000000E+0
13362872,1/10/2021,4:26:47 PM,-5.2828927E+0,-6.7954521E+1,3.8441196E+3,0.0000000E+0
13362873,1/10/2021,4:26:47 PM,-3.3119123E+0,-6.7174980E+1,3.8476914E+3,0.0000000E+0
13362874,1/10/2021,4:26:47 PM,-1.1764251E+0,-6.7121216E+1,3.8423335E+3,0.0000000E+0
13362875,1/10/2021,4:26:47 PM,6.8864554E-1,-6.5723419E+1,3.8432266E+3,0.0000000E+0
13362876,1/10/2021,4:26:48 PM,-8.6311646E-2,-6.1530022E+1,3.8414407E+3,0.0000000E+0
13362877,1/10/2021,4:26:48 PM,-4.9939340E-1,-5.3170113E+1,3.8512629E+3,0.0000000E+0
13362878,1/10/2021,4:26:48 PM,1.2600960E+0,-4.5105888E+1,3.8476914E+3,0.0000000E+0
13362879,1/10/2021,4:26:48 PM,2.6658949E-1,-3.7471756E+1,3.8494771E+3,0.0000000E+0
13362880,1/10/2021,4:26:48 PM,1.3433098E+0,-2.8708635E+1,3.8512629E+3,0.0000000E+0
13362881,1/10/2021,4:26:48 PM,1.4613942E+0,-1.9823252E+1,3.8512629E+3,0.0000000E+0
13362882,1/10/2021,4:26:48 PM,4.0544972E+0,-1.0197474E+1,3.8575137E+3,0.0000000E+0
13362883,1/10/2021,4:26:48 PM,7.3734503E+0,-1.3004988E+0,3.8584065E+3,0.0000000E+0
13362884,1/10/2021,4:26:48 PM,1.1547002E+1,6.0147815E+0,3.8584065E+3,0.0000000E+0
13362885,1/10/2021,4:26:48 PM,1.8688881E+1,1.1694522E+1,3.8619785E+3,0.0000000E+0
13362886,1/10/2021,4:26:49 PM,2.4713394E+1,1.7541782E+1,3.8610852E+3,0.0000000E+0
13362887,1/10/2021,4:26:49 PM,2.6575544E+1,2.4945330E+1,3.8655500E+3,0.0000000E+0
13362888,1/10/2021,4:26:49 PM,3.1151112E+1,3.0885975E+1,3.8655500E+3,0.0000000E+0
13362889,1/10/2021,4:26:49 PM,3.3518703E+1,3.5885792E+1,3.8655500E+3,0.0000000E+0
13362890,1/10/2021,4:26:49 PM,3.5247841E+1,4.0939373E+1,3.8682290E+3,0.0000000E+0
13362891,1/10/2021,4:26:49 PM,3.6498142E+1,4.3627445E+1,3.8646572E+3,0.0000000E+0
13362892,1/10/2021,4:26:49 PM,3.5487263E+1,4.7632679E+1,3.8655500E+3,0.0000000E+0
13362893,1/10/2021,4:26:49 PM,3.2108788E+1,5.1395985E+1,3.8655500E+3,0.0000000E+0
13362894,1/10/2021,4:26:49 PM,2.8836727E+1,5.4379745E+1,3.8673359E+3,0.0000000E+0
13362895,1/10/2021,4:26:49 PM,2.6203112E+1,5.5374332E+1,3.8673359E+3,0.0000000E+0
13362896,1/10/2021,4:26:50 PM,2.4713394E+1,5.5723782E+1,3.8691218E+3,0.0000000E+0
13362897,1/10/2021,4:26:50 PM,2.4154747E+1,5.4218460E+1,3.8700146E+3,0.0000000E+0
13362898,1/10/2021,4:26:50 PM,2.1733952E+1,5.0616440E+1,3.8655500E+3,0.0000000E+0
13362899,1/10/2021,4:26:50 PM,1.9936211E+1,4.5347816E+1,3.8646572E+3,0.0000000E+0
13362900,1/10/2021,4:26:50 PM,2.0882685E+1,3.9595337E+1,3.8726936E+3,0.0000000E+0
13362901,1/10/2021,4:26:50 PM,1.3007482E+1,3.2014965E+1,3.8584065E+3,0.0000000E+0
13362902,1/10/2021,4:26:50 PM,4.7534938E+0,2.4999092E+1,3.8628713E+3,0.0000000E+0
13362903,1/10/2021,4:26:50 PM,-5.9471798E+0,2.0913218E+1,3.8628713E+3,0.0000000E+0
13362904,1/10/2021,4:26:50 PM,-2.0067783E+1,1.2776757E+1,3.8548347E+3,0.0000000E+0
13362905,1/10/2021,4:26:50 PM,-2.9821007E+1,4.5285974E+0,3.8548347E+3,0.0000000E+0
13362906,1/10/2021,4:26:51 PM,-4.1871777E+1,-5.3956300E-1,3.8557275E+3,0.0000000E+0
13362907,1/10/2021,4:26:51 PM,-5.2672249E+1,-8.6020412E+0,3.8494771E+3,0.0000000E+0
13362908,1/10/2021,4:26:51 PM,-6.0918915E+1,-1.8674540E+1,3.8459053E+3,0.0000000E+0
13362909,1/10/2021,4:26:51 PM,-7.1799194E+1,-2.6773222E+1,3.8396548E+3,0.0000000E+0
13362910,1/10/2021,4:26:51 PM,-7.7119614E+1,-3.2337536E+1,3.8467981E+3,0.0000000E+0
13362911,1/10/2021,4:26:51 PM,-8.3982979E+1,-3.7982491E+1,3.8387620E+3,0.0000000E+0
13362912,1/10/2021,4:26:51 PM,-8.9223595E+1,-4.2390934E+1,3.8387620E+3,0.0000000E+0
13362913,1/10/2021,4:26:51 PM,-9.3160713E+1,-4.5347816E+1,3.8405476E+3,0.0000000E+0
13362914,1/10/2021,4:26:51 PM,-9.7390450E+1,-4.7793964E+1,3.8334043E+3,0.0000000E+0
13362915,1/10/2021,4:26:51 PM,-9.7603271E+1,-4.7552036E+1,3.8405476E+3,0.0000000E+0
13362916,1/10/2021,4:26:52 PM,-9.7975700E+1,-4.6288643E+1,3.8369758E+3,0.0000000E+0
13362917,1/10/2021,4:26:52 PM,-9.3267120E+1,-4.4057541E+1,3.8423335E+3,0.0000000E+0
13362918,1/10/2021,4:26:52 PM,-8.6643188E+1,-4.0589924E+1,3.8423335E+3,0.0000000E+0
13362919,1/10/2021,4:26:52 PM,-8.1136543E+1,-3.7552399E+1,3.8423335E+3,0.0000000E+0
13362920,1/10/2021,4:26:52 PM,-7.2091812E+1,-3.3842857E+1,3.8459053E+3,0.0000000E+0
13362921,1/10/2021,4:26:52 PM,-6.2781063E+1,-2.8547350E+1,3.8494771E+3,0.0000000E+0
13362922,1/10/2021,4:26:52 PM,-5.2805256E+1,-2.3655056E+1,3.8512629E+3,0.0000000E+0
13362923,1/10/2021,4:26:52 PM,-4.1632359E+1,-2.2230375E+1,3.8485842E+3,0.0000000E+0
13362924,1/10/2021,4:26:52 PM,-3.2268402E+1,-1.8977671E+1,3.8503701E+3,0.0000000E+0
13362925,1/10/2021,4:26:52 PM,-1.5415300E+1,-1.7031244E+1,3.8601924E+3,0.0000000E+0
13362926,1/10/2021,4:26:53 PM,8.1586945E-1,-1.6393072E+1,3.8548347E+3,0.0000000E+0
13362927,1/10/2021,4:26:53 PM,1.5778446E+1,-1.7063154E+1,3.8584065E+3,0.0000000E+0
13362928,1/10/2021,4:26:53 PM,2.8012060E+1,-1.6557934E+1,3.8566208E+3,0.0000000E+0
13362929,1/10/2021,4:26:53 PM,3.9504185E+1,-1.5874556E+1,3.8584065E+3,0.0000000E+0
13362930,1/10/2021,4:26:53 PM,5.2885063E+1,-1.6579205E+1,3.8584065E+3,0.0000000E+0
13362931,1/10/2021,4:26:53 PM,6.3791946E+1,-1.4428030E+1,3.8646572E+3,0.0000000E+0
13362932,1/10/2021,4:26:53 PM,7.2836670E+1,-1.5933054E+1,3.8628713E+3,0.0000000E+0
13362933,1/10/2021,4:26:53 PM,7.7598457E+1,-1.6153755E+1,3.8601924E+3,0.0000000E+0
13362934,1/10/2021,4:26:53 PM,7.7944283E+1,-1.4619482E+1,3.8637642E+3,0.0000000E+0
13362935,1/10/2021,4:26:53 PM,7.6294952E+1,-1.3335158E+1,3.8601924E+3,0.0000000E+0
13362936,1/10/2021,4:26:54 PM,7.4592415E+1,-1.1449888E+1,3.8646572E+3,0.0000000E+0
13362937,1/10/2021,4:26:54 PM,7.0522285E+1,-9.8810463E+0,3.8619785E+3,0.0000000E+0
13362938,1/10/2021,4:26:54 PM,6.2408634E+1,-8.2643414E+0,3.8646572E+3,0.0000000E+0
13362939,1/10/2021,4:26:54 PM,5.1235733E+1,-9.1976690E+0,3.8566208E+3,0.0000000E+0
13362940,1/10/2021,4:26:54 PM,4.3361496E+1,-1.1630704E+1,3.8584065E+3,0.0000000E+0
13362941,1/10/2021,4:26:54 PM,3.6232121E+1,-1.4007899E+1,3.8548347E+3,0.0000000E+0
13362942,1/10/2021,4:26:54 PM,3.0698874E+1,-1.5595354E+1,3.8548347E+3,0.0000000E+0
13362943,1/10/2021,4:26:54 PM,2.4580383E+1,-1.7233334E+1,3.8512629E+3,0.0000000E+0
13362944,1/10/2021,4:26:54 PM,1.7357344E+1,-1.6055372E+1,3.8530491E+3,0.0000000E+0
13362945,1/10/2021,4:26:54 PM,1.0041786E+1,-1.3975990E+1,3.8494771E+3,0.0000000E+0
13362946,1/10/2021,4:26:55 PM,4.8660302E+0,-9.8331842E+0,3.8548347E+3,0.0000000E+0
13362947,1/10/2021,4:26:55 PM,-3.0987265E+0,-5.6212411E+0,3.8467981E+3,0.0000000E+0
13362948,1/10/2021,4:26:55 PM,-3.2794192E+0,-1.6728983E+0,3.8566208E+3,0.0000000E+0
13362949,1/10/2021,4:26:55 PM,-1.1183855E+1,8.2802963E+0,3.8592996E+3,0.0000000E+0
13362950,1/10/2021,4:26:55 PM,-2.2665028E+1,1.4287100E+1,3.8494771E+3,0.0000000E+0
13362951,1/10/2021,4:26:55 PM,-3.6391735E+1,2.3547531E+1,3.8557275E+3,0.0000000E+0
13362952,1/10/2021,4:26:55 PM,-4.8256294E+1,3.6235245E+1,3.8592996E+3,0.0000000E+0
13362953,1/10/2021,4:26:55 PM,-4.8655323E+1,4.3546803E+1,3.8673359E+3,0.0000000E+0
13362954,1/10/2021,4:26:55 PM,-4.8868141E+1,4.7552036E+1,3.8575137E+3,0.0000000E+0
13362955,1/10/2021,4:26:55 PM,-5.6369946E+1,5.0750843E+1,3.8575137E+3,0.0000000E+0
13362956,1/10/2021,4:26:56 PM,-6.1450958E+1,5.5804424E+1,3.8637642E+3,0.0000000E+0
13362957,1/10/2021,4:26:56 PM,-6.2062809E+1,5.8384975E+1,3.8619785E+3,0.0000000E+0
13362958,1/10/2021,4:26:56 PM,-6.0998722E+1,5.9164516E+1,3.8646572E+3,0.0000000E+0
13362959,1/10/2021,4:26:56 PM,-5.7966076E+1,5.3600204E+1,3.8566208E+3,0.0000000E+0
13362960,1/10/2021,4:26:56 PM,-5.3443710E+1,4.8412220E+1,3.8530491E+3,0.0000000E+0
13362961,1/10/2021,4:26:56 PM,-5.1767776E+1,5.0159470E+1,3.8655500E+3,0.0000000E+0
13362962,1/10/2021,4:26:56 PM,-5.1847584E+1,4.7686440E+1,3.8610852E+3,0.0000000E+0
13362963,1/10/2021,4:26:56 PM,-4.7937065E+1,3.8950199E+1,3.8548347E+3,0.0000000E+0
13362964,1/10/2021,4:26:56 PM,-4.3467903E+1,3.2418179E+1,3.8601924E+3,0.0000000E+0
13362965,1/10/2021,4:26:56 PM,-3.9450981E+1,2.7552761E+1,3.8637642E+3,0.0000000E+0
13362966,1/10/2021,4:26:57 PM,-3.8120872E+1,2.1289549E+1,3.8601924E+3,0.0000000E+0
13362967,1/10/2021,4:26:57 PM,-3.7216400E+1,1.3648927E+1,3.8584065E+3,0.0000000E+0
13362968,1/10/2021,4:26:57 PM,-3.7429218E+1,4.1874509E+0,3.8548347E+3,0.0000000E+0
13362969,1/10/2021,4:26:57 PM,-3.5912895E+1,-3.6877439E+0,3.8584065E+3,0.0000000E+0
13362970,1/10/2021,4:26:57 PM,-3.7961262E+1,-1.2064130E+1,3.8494771E+3,0.0000000E+0
13362971,1/10/2021,4:26:57 PM,-4.1499348E+1,-1.6608454E+1,3.8601924E+3,0.0000000E+0
13362972,1/10/2021,4:26:57 PM,-4.7883862E+1,-2.6316250E+1,3.8503701E+3,0.0000000E+0
13362973,1/10/2021,4:26:57 PM,-4.9719410E+1,-4.2364052E+1,3.8387620E+3,0.0000000E+0
13362974,1/10/2021,4:26:57 PM,-5.3869343E+1,-4.9810017E+1,3.8423335E+3,0.0000000E+0
13362975,1/10/2021,4:26:57 PM,-5.3576721E+1,-5.7874241E+1,3.8369758E+3,0.0000000E+0
13362976,1/10/2021,4:26:58 PM,-4.7218807E+1,-6.4298737E+1,3.8494771E+3,0.0000000E+0
13362977,1/10/2021,4:26:58 PM,-4.3308292E+1,-7.1260857E+1,3.8369758E+3,0.0000000E+0
13362978,1/10/2021,4:26:58 PM,-4.2723045E+1,-7.9943336E+1,3.8360830E+3,0.0000000E+0
13362979,1/10/2021,4:26:58 PM,-3.5221241E+1,-8.3384071E+1,3.8342971E+3,0.0000000E+0
13362980,1/10/2021,4:26:58 PM,-2.5830683E+1,-8.5776459E+1,3.8432266E+3,0.0000000E+0
13362981,1/10/2021,4:26:58 PM,-1.2578547E+1,-8.8061317E+1,3.8423335E+3,0.0000000E+0
13362982,1/10/2021,4:26:58 PM,-2.5241542E+0,-8.9297829E+1,3.8423335E+3,0.0000000E+0
13362983,1/10/2021,4:26:58 PM,4.3239517E+0,-9.0426826E+1,3.8414407E+3,0.0000000E+0
13362984,1/10/2021,4:26:58 PM,1.8804667E+1,-9.1582695E+1,3.8459053E+3,0.0000000E+0
13362985,1/10/2021,4:26:58 PM,3.4210361E+1,-9.2012787E+1,3.8423335E+3,0.0000000E+0
13362986,1/10/2021,4:26:59 PM,4.4931023E+1,-8.6744164E+1,3.8539419E+3,0.0000000E+0
13362987,1/10/2021,4:26:59 PM,5.8790741E+1,-8.4539940E+1,3.8512629E+3,0.0000000E+0
13362988,1/10/2021,4:26:59 PM,6.5334869E+1,-8.1798103E+1,3.8441196E+3,0.0000000E+0
13362989,1/10/2021,4:26:59 PM,6.4457001E+1,-7.4862877E+1,3.8494771E+3,0.0000000E+0
13362990,1/10/2021,4:26:59 PM,6.7862076E+1,-6.6395432E+1,3.8476914E+3,0.0000000E+0
13362991,1/10/2021,4:26:59 PM,7.0655296E+1,-5.5804424E+1,3.8584065E+3,0.0000000E+0
13362992,1/10/2021,4:26:59 PM,6.4669815E+1,-4.1987720E+1,3.8548347E+3,0.0000000E+0
13362993,1/10/2021,4:26:59 PM,5.5066441E+1,-3.0348360E+1,3.8539419E+3,0.0000000E+0
13362994,1/10/2021,4:26:59 PM,4.5888699E+1,-1.6746725E+1,3.8548347E+3,0.0000000E+0
13362995,1/10/2021,4:26:59 PM,3.6764164E+1,-2.0588901E+0,3.8530491E+3,0.0000000E+0
13362996,1/10/2021,4:27:00 PM,3.1443737E+1,1.6345207E+1,3.8673359E+3,0.0000000E+0
13362997,1/10/2021,4:27:00 PM,2.6602146E+1,3.0563404E+1,3.8655500E+3,0.0000000E+0
13362998,1/10/2021,4:27:00 PM,2.0123045E+1,4.1718914E+1,3.8566208E+3,0.0000000E+0
13362999,1/10/2021,4:27:00 PM,1.0094417E+1,5.6449566E+1,3.8682290E+3,0.0000000E+0
13363000,1/10/2021,4:27:00 PM,5.4129858E+0,6.8142693E+1,3.8584065E+3,0.0000000E+0
13363001,1/10/2021,4:27:00 PM,6.1524363E+0,8.2362595E+1,3.8798374E+3,0.0000000E+0
13363002,1/10/2021,4:27:00 PM,5.5866647E+0,9.3948204E+1,3.8789441E+3,0.0000000E+0
13363003,1/10/2021,4:27:00 PM,-6.4208488E+0,1.0193179E+2,3.8673359E+3,0.0000000E+0
13363004,1/10/2021,4:27:00 PM,-1.8296787E+1,1.1037233E+2,3.8726936E+3,0.0000000E+0
13363005,1/10/2021,4:27:00 PM,-3.0911694E+1,1.2101711E+2,3.8789441E+3,0.0000000E+0
13363006,1/10/2021,4:27:01 PM,-3.7775047E+1,1.2607069E+2,3.8816230E+3,0.0000000E+0
13363007,1/10/2021,4:27:01 PM,-4.2829453E+1,1.2601693E+2,3.8762654E+3,0.0000000E+0
13363008,1/10/2021,4:27:01 PM,-5.5438869E+1,1.2322133E+2,3.8771584E+3,0.0000000E+0
13363009,1/10/2021,4:27:01 PM,-6.4802826E+1,1.1171637E+2,3.8610852E+3,0.0000000E+0
13363010,1/10/2021,4:27:01 PM,-7.0761711E+1,1.0389407E+2,3.8673359E+3,0.0000000E+0
13363011,1/10/2021,4:27:01 PM,-7.2916481E+1,9.4458939E+1,3.8709080E+3,0.0000000E+0
13363012,1/10/2021,4:27:01 PM,-7.0788307E+1,7.8787460E+1,3.8619785E+3,0.0000000E+0
13363013,1/10/2021,4:27:01 PM,-6.6505363E+1,6.2121395E+1,3.8584065E+3,0.0000000E+0
13363014,1/10/2021,4:27:01 PM,-6.2807667E+1,4.6261761E+1,3.8566208E+3,0.0000000E+0
13363015,1/10/2021,4:27:01 PM,-5.6848785E+1,2.9165607E+1,3.8512629E+3,0.0000000E+0
13363016,1/10/2021,4:27:02 PM,-4.5835499E+1,8.7855167E+0,3.8467981E+3,0.0000000E+0
13363017,1/10/2021,4:27:02 PM,-3.2241802E+1,-6.0307360E+0,3.8548347E+3,0.0000000E+0
13363018,1/10/2021,4:27:02 PM,-2.2851242E+1,-1.8669222E+1,3.8512629E+3,0.0000000E+0
13363019,1/10/2021,4:27:02 PM,-1.9430962E+1,-2.9998909E+1,3.8476914E+3,0.0000000E+0
13363020,1/10/2021,4:27:02 PM,-1.4215338E+1,-4.4272583E+1,3.8441196E+3,0.0000000E+0
13363021,1/10/2021,4:27:02 PM,-9.0339241E+0,-5.6046352E+1,3.8405476E+3,0.0000000E+0
13363022,1/10/2021,4:27:02 PM,-8.2892113E+0,-5.7928001E+1,3.8548347E+3,0.0000000E+0
13363023,1/10/2021,4:27:02 PM,-1.1983830E+1,-6.0212864E+1,3.8503701E+3,0.0000000E+0
13363024,1/10/2021,4:27:02 PM,-1.1844360E+1,-7.0884521E+1,3.8512629E+3,0.0000000E+0
13363025,1/10/2021,4:27:02 PM,-1.4089025E+1,-8.0911041E+1,3.8432266E+3,0.0000000E+0
13363026,1/10/2021,4:27:03 PM,-1.2012776E+1,-9.3652512E+1,3.8387620E+3,0.0000000E+0
13363027,1/10/2021,4:27:03 PM,-1.1623316E+1,-1.0056087E+2,3.8485842E+3,0.0000000E+0
13363028,1/10/2021,4:27:03 PM,-1.0986493E+1,-1.0951215E+2,3.8387620E+3,0.0000000E+0
13363029,1/10/2021,4:27:03 PM,-9.4286480E+0,-1.1811400E+2,3.8405476E+3,0.0000000E+0
13363030,1/10/2021,4:27:03 PM,-8.8865604E+0,-1.2816739E+2,3.8298325E+3,0.0000000E+0
13363031,1/10/2021,4:27:03 PM,-8.2734213E+0,-1.3488757E+2,3.8271536E+3,0.0000000E+0
13363032,1/10/2021,4:27:03 PM,-5.0990295E+0,-1.3569398E+2,3.8351899E+3,0.0000000E+0
13363033,1/10/2021,4:27:03 PM,-4.1171060E+0,-1.3085545E+2,3.8325112E+3,0.0000000E+0
13363034,1/10/2021,4:27:03 PM,-7.3602929E+0,-1.2504922E+2,3.8334043E+3,0.0000000E+0
13363035,1/10/2021,4:27:03 PM,-8.7549849E+0,-1.1738821E+2,3.8334043E+3,0.0000000E+0
13363036,1/10/2021,4:27:04 PM,-1.0447037E+1,-1.0754985E+2,3.8325112E+3,0.0000000E+0
13363037,1/10/2021,4:27:04 PM,-1.5052153E+1,-9.5561043E+1,3.8316182E+3,0.0000000E+0
13363038,1/10/2021,4:27:04 PM,-1.1804889E+1,-8.0776634E+1,3.8423335E+3,0.0000000E+0
13363039,1/10/2021,4:27:04 PM,-1.1091753E+1,-6.1368736E+1,3.8485842E+3,0.0000000E+0
13363040,1/10/2021,4:27:04 PM,-1.6683681E+1,-4.1315704E+1,3.8512629E+3,0.0000000E+0
13363041,1/10/2021,4:27:04 PM,-2.0244232E+1,-2.5160376E+1,3.8459053E+3,0.0000000E+0
13363042,1/10/2021,4:27:04 PM,-1.7373133E+1,-6.0094633E+0,3.8548347E+3,0.0000000E+0
13363043,1/10/2021,4:27:04 PM,-1.3410100E+1,1.5071522E+1,3.8655500E+3,0.0000000E+0
13363044,1/10/2021,4:27:04 PM,-1.1844360E+1,3.4192307E+1,3.8637642E+3,0.0000000E+0
13363045,1/10/2021,4:27:04 PM,-1.2207507E+1,5.0025066E+1,3.8664431E+3,0.0000000E+0
13363046,1/10/2021,4:27:05 PM,-1.2523287E+1,6.5830940E+1,3.8682290E+3,0.0000000E+0
13363047,1/10/2021,4:27:05 PM,-1.4499539E+1,7.9432602E+1,3.8682290E+3,0.0000000E+0
13363048,1/10/2021,4:27:05 PM,-1.1683840E+1,9.0776276E+1,3.8726936E+3,0.0000000E+0
13363049,1/10/2021,4:27:05 PM,-9.4128590E+0,1.0316829E+2,3.8718008E+3,0.0000000E+0
13363050,1/10/2021,4:27:05 PM,-4.7844019E+0,1.1268407E+2,3.8816230E+3,0.0000000E+0
13363051,1/10/2021,4:27:05 PM,-2.8506696E+0,1.1714629E+2,3.8726936E+3,0.0000000E+0
13363052,1/10/2021,4:27:05 PM,-1.1228433E+0,1.2042573E+2,3.8762654E+3,0.0000000E+0
13363053,1/10/2021,4:27:05 PM,4.5783482E+0,1.1994189E+2,3.8771584E+3,0.0000000E+0
13363054,1/10/2021,4:27:05 PM,1.6075806E+1,1.1529152E+2,3.8780513E+3,0.0000000E+0
13363055,1/10/2021,4:27:05 PM,2.6070103E+1,1.0738857E+2,3.8753723E+3,0.0000000E+0
13363056,1/10/2021,4:27:06 PM,3.4024143E+1,9.7200768E+1,3.8753723E+3,0.0000000E+0
13363057,1/10/2021,4:27:06 PM,3.9158360E+1,8.7577461E+1,3.8762654E+3,0.0000000E+0
13363058,1/10/2021,4:27:06 PM,4.2031391E+1,7.5051041E+1,3.8726936E+3,0.0000000E+0
13363059,1/10/2021,4:27:06 PM,4.4398979E+1,6.0105343E+1,3.8682290E+3,0.0000000E+0
13363060,1/10/2021,4:27:06 PM,4.4345776E+1,4.7740204E+1,3.8709080E+3,0.0000000E+0
13363061,1/10/2021,4:27:06 PM,3.9823410E+1,3.6826618E+1,3.8673359E+3,0.0000000E+0
13363062,1/10/2021,4:27:06 PM,2.9767799E+1,2.7767809E+1,3.8619785E+3,0.0000000E+0
13363063,1/10/2021,4:27:06 PM,1.7759962E+1,1.7289173E+1,3.8610852E+3,0.0000000E+0
13363064,1/10/2021,4:27:06 PM,5.0348358E+0,8.2404099E+0,3.8575137E+3,0.0000000E+0
13363065,1/10/2021,4:27:06 PM,-6.5787387E+0,-8.6495447E-1,3.8584065E+3,0.0000000E+0
13363066,1/10/2021,4:27:07 PM,-2.1467932E+1,-1.1920542E+1,3.8503701E+3,0.0000000E+0
13363067,1/10/2021,4:27:07 PM,-3.0565865E+1,-2.4192671E+1,3.8512629E+3,0.0000000E+0
13363068,1/10/2021,4:27:07 PM,-3.9264767E+1,-3.6396530E+1,3.8432266E+3,0.0000000E+0
13363069,1/10/2021,4:27:07 PM,-4.4931023E+1,-5.1637913E+1,3.8423335E+3,0.0000000E+0
13363070,1/10/2021,4:27:07 PM,-4.6101517E+1,-6.6637360E+1,3.8369758E+3,0.0000000E+0
13363071,1/10/2021,4:27:07 PM,-4.5596077E+1,-7.9916451E+1,3.8387620E+3,0.0000000E+0
13363072,1/10/2021,4:27:07 PM,-4.6314335E+1,-8.9781685E+1,3.8351899E+3,0.0000000E+0
13363073,1/10/2021,4:27:07 PM,-4.6181324E+1,-9.8759857E+1,3.8316182E+3,0.0000000E+0
13363074,1/10/2021,4:27:07 PM,-4.8070076E+1,-1.0268445E+2,3.8342971E+3,0.0000000E+0
13363075,1/10/2021,4:27:07 PM,-4.9001152E+1,-1.0389407E+2,3.8334043E+3,0.0000000E+0
13363076,1/10/2021,4:27:08 PM,-5.1741173E+1,-1.0335647E+2,3.8334043E+3,0.0000000E+0
13363077,1/10/2021,4:27:08 PM,-5.6529560E+1,-9.7953430E+1,3.8316182E+3,0.0000000E+0
13363078,1/10/2021,4:27:08 PM,-6.2408634E+1,-8.7039848E+1,3.8405476E+3,0.0000000E+0
13363079,1/10/2021,4:27:08 PM,-6.8500519E+1,-7.4163971E+1,3.8387620E+3,0.0000000E+0
13363080,1/10/2021,4:27:08 PM,-7.1639580E+1,-6.4755714E+1,3.8405476E+3,0.0000000E+0
13363081,1/10/2021,4:27:08 PM,-7.2331238E+1,-5.4406624E+1,3.8405476E+3,0.0000000E+0
13363082,1/10/2021,4:27:08 PM,-6.9351791E+1,-4.4272583E+1,3.8476914E+3,0.0000000E+0
13363083,1/10/2021,4:27:08 PM,-6.4244179E+1,-3.5697628E+1,3.8494771E+3,0.0000000E+0
13363084,1/10/2021,4:27:08 PM,-6.1184933E+1,-2.9595699E+1,3.8467981E+3,0.0000000E+0
13363085,1/10/2021,4:27:08 PM,-5.0703690E+1,-2.6531294E+1,3.8476914E+3,0.0000000E+0
13363086,1/10/2021,4:27:09 PM,-3.7376015E+1,-2.3251844E+1,3.8485842E+3,0.0000000E+0
13363087,1/10/2021,4:27:09 PM,-2.2372404E+1,-1.8408634E+1,3.8548347E+3,0.0000000E+0
13363088,1/10/2021,4:27:09 PM,-9.1076050E+0,-1.3045321E+1,3.8548347E+3,0.0000000E+0
13363089,1/10/2021,4:27:09 PM,2.5344570E+0,-9.3359404E+0,3.8557275E+3,0.0000000E+0
13363090,1/10/2021,4:27:09 PM,1.4333755E+1,-4.6543250E+0,3.8566208E+3,0.0000000E+0
13363091,1/10/2021,4:27:09 PM,2.5218836E+1,3.9126986E-1,3.8548347E+3,0.0000000E+0
13363092,1/10/2021,4:27:09 PM,3.4769005E+1,9.9767723E+0,3.8619785E+3,0.0000000E+0
13363093,1/10/2021,4:27:09 PM,4.0568272E+1,2.0020021E+1,3.8655500E+3,0.0000000E+0
13363094,1/10/2021,4:27:09 PM,4.2962463E+1,2.9273130E+1,3.8691218E+3,0.0000000E+0
13363095,1/10/2021,4:27:09 PM,4.4026550E+1,3.7202950E+1,3.8655500E+3,0.0000000E+0
13363096,1/10/2021,4:27:10 PM,4.2935863E+1,4.4138184E+1,3.8691218E+3,0.0000000E+0
13363097,1/10/2021,4:27:10 PM,4.3042271E+1,5.1718555E+1,3.8726936E+3,0.0000000E+0
13363098,1/10/2021,4:27:10 PM,4.1818573E+1,5.6180756E+1,3.8709080E+3,0.0000000E+0
13363099,1/10/2021,4:27:10 PM,4.0727886E+1,5.7739838E+1,3.8753723E+3,0.0000000E+0
13363100,1/10/2021,4:27:10 PM,4.2403820E+1,5.5428093E+1,3.8691218E+3,0.0000000E+0
13363101,1/10/2021,4:27:10 PM,4.1100315E+1,4.9003593E+1,3.8673359E+3,0.0000000E+0
13363102,1/10/2021,4:27:10 PM,4.0382057E+1,4.4218826E+1,3.8673359E+3,0.0000000E+0
13363103,1/10/2021,4:27:10 PM,3.9717003E+1,3.8869556E+1,3.8682290E+3,0.0000000E+0
13363104,1/10/2021,4:27:10 PM,3.5088230E+1,3.3332123E+1,3.8637642E+3,0.0000000E+0
13363105,1/10/2021,4:27:10 PM,2.9076143E+1,2.8036617E+1,3.8619785E+3,0.0000000E+0
13363106,1/10/2021,4:27:11 PM,2.1627544E+1,2.3171202E+1,3.8601924E+3,0.0000000E+0
13363107,1/10/2021,4:27:11 PM,1.1918043E+1,2.0174248E+1,3.8584065E+3,0.0000000E+0
13363108,1/10/2021,4:27:11 PM,-8.5255846E-2,1.8432566E+1,3.8592996E+3,0.0000000E+0
13363109,1/10/2021,4:27:11 PM,-1.3089058E+1,1.5895827E+1,3.8557275E+3,0.0000000E+0
13363110,1/10/2021,4:27:11 PM,-2.4527178E+1,1.2864505E+1,3.8566208E+3,0.0000000E+0
13363111,1/10/2021,4:27:11 PM,-3.5301048E+1,9.0035582E+0,3.8512629E+3,0.0000000E+0
13363112,1/10/2021,4:27:11 PM,-4.3228485E+1,4.8569307E+0,3.8548347E+3,0.0000000E+0
13363113,1/10/2021,4:27:11 PM,-4.8868141E+1,7.2012860E-3,3.8485842E+3,0.0000000E+0
13363114,1/10/2021,4:27:11 PM,-5.2725452E+1,-3.8471053E+0,3.8539419E+3,0.0000000E+0
13363115,1/10/2021,4:27:11 PM,-5.6130527E+1,-8.6924486E+0,3.8467981E+3,0.0000000E+0
13363116,1/10/2021,4:27:12 PM,-5.8258698E+1,-1.4244555E+1,3.8485842E+3,0.0000000E+0
13363117,1/10/2021,4:27:12 PM,-6.0174053E+1,-1.8384703E+1,3.8459053E+3,0.0000000E+0
13363118,1/10/2021,4:27:12 PM,-5.9163170E+1,-2.2069092E+1,3.8476914E+3,0.0000000E+0
13363119,1/10/2021,4:27:12 PM,-5.9668610E+1,-2.3224962E+1,3.8476914E+3,0.0000000E+0
13363120,1/10/2021,4:27:12 PM,-5.8604523E+1,-2.5966799E+1,3.8476914E+3,0.0000000E+0
13363121,1/10/2021,4:27:12 PM,-5.8870548E+1,-2.6773222E+1,3.8485842E+3,0.0000000E+0
13363122,1/10/2021,4:27:12 PM,-5.8764137E+1,-2.7821569E+1,3.8450125E+3,0.0000000E+0
13363123,1/10/2021,4:27:12 PM,-5.7779858E+1,-2.7794689E+1,3.8476914E+3,0.0000000E+0
13363124,1/10/2021,4:27:12 PM,-5.3922546E+1,-2.7015146E+1,3.8494771E+3,0.0000000E+0
13363125,1/10/2021,4:27:12 PM,-4.8522312E+1,-2.7257074E+1,3.8494771E+3,0.0000000E+0
13363126,1/10/2021,4:27:13 PM,-4.1978184E+1,-2.8735514E+1,3.8476914E+3,0.0000000E+0
13363127,1/10/2021,4:27:13 PM,-3.6471542E+1,-3.0482765E+1,3.8485842E+3,0.0000000E+0
13363128,1/10/2021,4:27:13 PM,-2.9421972E+1,-3.2928909E+1,3.8485842E+3,0.0000000E+0
13363129,1/10/2021,4:27:13 PM,-2.0137823E+1,-3.5240654E+1,3.8521558E+3,0.0000000E+0
13363130,1/10/2021,4:27:13 PM,-1.0647030E+1,-3.9111485E+1,3.8485842E+3,0.0000000E+0
13363131,1/10/2021,4:27:13 PM,-2.3276110E+0,-4.2579098E+1,3.8476914E+3,0.0000000E+0
13363132,1/10/2021,4:27:13 PM,4.9072413E+0,-4.3412403E+1,3.8512629E+3,0.0000000E+0
13363133,1/10/2021,4:27:13 PM,9.4207535E+0,-4.1584511E+1,3.8503701E+3,0.0000000E+0
13363134,1/10/2021,4:27:13 PM,1.3617990E+1,-3.8842678E+1,3.8530491E+3,0.0000000E+0
13363135,1/10/2021,4:27:13 PM,1.6146856E+1,-3.4971848E+1,3.8548347E+3,0.0000000E+0
13363136,1/10/2021,4:27:14 PM,1.7686281E+1,-3.1719278E+1,3.8530491E+3,0.0000000E+0
13363137,1/10/2021,4:27:14 PM,1.6815256E+1,-2.6531294E+1,3.8548347E+3,0.0000000E+0
13363138,1/10/2021,4:27:14 PM,1.3317998E+1,-2.0778814E+1,3.8548347E+3,0.0000000E+0
13363139,1/10/2021,4:27:14 PM,9.0997114E+0,-1.3430884E+1,3.8575137E+3,0.0000000E+0
13363140,1/10/2021,4:27:14 PM,5.4366698E+0,-8.9344234E+0,3.8557275E+3,0.0000000E+0
13363141,1/10/2021,4:27:14 PM,3.2802117E+0,-4.3932600E+0,3.8548347E+3,0.0000000E+0
13363142,1/10/2021,4:27:14 PM,2.9933221E+0,5.8410428E-2,3.8566208E+3,0.0000000E+0
13363143,1/10/2021,4:27:14 PM,3.8603315E+0,3.8567150E+0,3.8566208E+3,0.0000000E+0
13363144,1/10/2021,4:27:14 PM,5.2004709E+0,7.4613066E+0,3.8584065E+3,0.0000000E+0
13363145,1/10/2021,4:27:14 PM,1.0752291E+1,9.2083054E+0,3.8610852E+3,0.0000000E+0
13363146,1/10/2021,4:27:15 PM,1.4457436E+1,9.9049788E+0,3.8566208E+3,0.0000000E+0
13363147,1/10/2021,4:27:15 PM,1.7491550E+1,1.0960623E+1,3.8584065E+3,0.0000000E+0
13363148,1/10/2021,4:27:15 PM,2.0317776E+1,1.2885778E+1,3.8601924E+3,0.0000000E+0
13363149,1/10/2021,4:27:15 PM,1.8999395E+1,1.6605795E+1,3.8619785E+3,0.0000000E+0
13363150,1/10/2021,4:27:15 PM,1.6394217E+1,1.9057444E+1,3.8646572E+3,0.0000000E+0
13363151,1/10/2021,4:27:15 PM,1.3407469E+1,2.0232746E+1,3.8601924E+3,0.0000000E+0
13363152,1/10/2021,4:27:15 PM,6.4682155E+0,2.2122852E+1,3.8610852E+3,0.0000000E+0
13363153,1/10/2021,4:27:15 PM,-2.1334455E+0,2.5778635E+1,3.8601924E+3,0.0000000E+0
13363154,1/10/2021,4:27:15 PM,-9.8181095E+0,2.8896799E+1,3.8646572E+3,0.0000000E+0
13363155,1/10/2021,4:27:15 PM,-1.7004725E+1,2.9434414E+1,3.8619785E+3,0.0000000E+0
13363156,1/10/2021,4:27:16 PM,-2.2851242E+1,2.5724871E+1,3.8566208E+3,0.0000000E+0
13363157,1/10/2021,4:27:16 PM,-2.7905649E+1,2.1961567E+1,3.8548347E+3,0.0000000E+0
13363158,1/10/2021,4:27:16 PM,-2.9954016E+1,1.7922028E+1,3.8584065E+3,0.0000000E+0
13363159,1/10/2021,4:27:16 PM,-3.1470337E+1,1.3058617E+1,3.8548347E+3,0.0000000E+0
13363160,1/10/2021,4:27:16 PM,-3.2135391E+1,7.8309155E+0,3.8584065E+3,0.0000000E+0
13363161,1/10/2021,4:27:16 PM,-3.1816166E+1,-8.8255751E-1,3.8503701E+3,0.0000000E+0
13363162,1/10/2021,4:27:16 PM,-3.1895973E+1,-9.6257772E+0,3.8485842E+3,0.0000000E+0
13363163,1/10/2021,4:27:16 PM,-3.1363930E+1,-1.4837524E+1,3.8503701E+3,0.0000000E+0
13363164,1/10/2021,4:27:16 PM,-3.3172874E+1,-1.8318226E+1,3.8503701E+3,0.0000000E+0
13363165,1/10/2021,4:27:16 PM,-3.4742401E+1,-2.1773401E+1,3.8503701E+3,0.0000000E+0
13363166,1/10/2021,4:27:17 PM,-3.6178917E+1,-2.5241018E+1,3.8467981E+3,0.0000000E+0
13363167,1/10/2021,4:27:17 PM,-4.0222443E+1,-2.5671112E+1,3.8476914E+3,0.0000000E+0
13363168,1/10/2021,4:27:17 PM,-4.0408657E+1,-2.6154964E+1,3.8459053E+3,0.0000000E+0
13363169,1/10/2021,4:27:17 PM,-4.1446144E+1,-2.4864687E+1,3.8476914E+3,0.0000000E+0
13363170,1/10/2021,4:27:17 PM,-4.0382057E+1,-2.1665880E+1,3.8512629E+3,0.0000000E+0
13363171,1/10/2021,4:27:17 PM,-3.8014465E+1,-2.1692760E+1,3.8459053E+3,0.0000000E+0
13363172,1/10/2021,4:27:17 PM,-3.4157154E+1,-2.1101385E+1,3.8459053E+3,0.0000000E+0
13363173,1/10/2021,4:27:17 PM,-2.7958855E+1,-1.7095062E+1,3.8539419E+3,0.0000000E+0
13363174,1/10/2021,4:27:17 PM,-1.8649408E+1,-1.6411684E+1,3.8503701E+3,0.0000000E+0
13363175,1/10/2021,4:27:17 PM,-1.0181256E+1,-1.4930592E+1,3.8539419E+3,0.0000000E+0
13363176,1/10/2021,4:27:18 PM,-3.4402995E+0,-1.2909710E+1,3.8530491E+3,0.0000000E+0
13363177,1/10/2021,4:27:18 PM,5.6840301E+0,-1.1620069E+1,3.8530491E+3,0.0000000E+0
13363178,1/10/2021,4:27:18 PM,1.3928506E+1,-8.1101160E+0,3.8584065E+3,0.0000000E+0
13363179,1/10/2021,4:27:18 PM,2.0590061E+1,-4.6631341E+0,3.8584065E+3,0.0000000E+0
13363180,1/10/2021,4:27:18 PM,2.7107588E+1,-1.3018324E+0,3.8619785E+3,0.0000000E+0
13363181,1/10/2021,4:27:18 PM,2.9129349E+1,2.0348659E+0,3.8566208E+3,0.0000000E+0
13363182,1/10/2021,4:27:18 PM,2.9581585E+1,7.6660542E+0,3.8619785E+3,0.0000000E+0
13363183,1/10/2021,4:27:18 PM,3.1709759E+1,1.3037345E+1,3.8619785E+3,0.0000000E+0
13363184,1/10/2021,4:27:18 PM,3.0273243E+1,1.9105307E+1,3.8655500E+3,0.0000000E+0
13363185,1/10/2021,4:27:18 PM,2.8756920E+1,2.3520651E+1,3.8673359E+3,0.0000000E+0
13363186,1/10/2021,4:27:19 PM,2.3569500E+1,2.3896982E+1,3.8619785E+3,0.0000000E+0
13363187,1/10/2021,4:27:19 PM,1.7588915E+1,2.3950743E+1,3.8619785E+3,0.0000000E+0
13363188,1/10/2021,4:27:19 PM,1.3015377E+1,2.3090559E+1,3.8646572E+3,0.0000000E+0
13363189,1/10/2021,4:27:19 PM,7.9944835E+0,2.1316429E+1,3.8619785E+3,0.0000000E+0
13363190,1/10/2021,4:27:19 PM,3.9475079E+0,1.7209400E+1,3.8610852E+3,0.0000000E+0
13363191,1/10/2021,4:27:19 PM,-7.9633707E-1,1.2494898E+1,3.8610852E+3,0.0000000E+0
13363192,1/10/2021,4:27:19 PM,-8.9470844E+0,7.3416495E+0,3.8566208E+3,0.0000000E+0
13363193,1/10/2021,4:27:19 PM,-1.5107415E+1,8.8569915E-1,3.8557275E+3,0.0000000E+0
13363194,1/10/2021,4:27:19 PM,-2.4154747E+1,-3.3594103E+0,3.8512629E+3,0.0000000E+0
13363195,1/10/2021,4:27:19 PM,-3.0911694E+1,-7.3522854E+0,3.8566208E+3,0.0000000E+0
13363196,1/10/2021,4:27:20 PM,-3.8253887E+1,-1.2901732E+1,3.8485842E+3,0.0000000E+0
13363197,1/10/2021,4:27:20 PM,-4.6793171E+1,-1.6047394E+1,3.8512629E+3,0.0000000E+0
13363198,1/10/2021,4:27:20 PM,-5.3949150E+1,-1.9629141E+1,3.8476914E+3,0.0000000E+0
13363199,1/10/2021,4:27:20 PM,-5.9801624E+1,-2.3413128E+1,3.8459053E+3,0.0000000E+0
13363200,1/10/2021,4:27:20 PM,-6.2195816E+1,-2.7633404E+1,3.8467981E+3,0.0000000E+0
13363201,1/10/2021,4:27:20 PM,-6.4989044E+1,-3.2579464E+1,3.8405476E+3,0.0000000E+0
13363202,1/10/2021,4:27:20 PM,-6.5547691E+1,-3.5482582E+1,3.8432266E+3,0.0000000E+0
13363203,1/10/2021,4:27:20 PM,-6.3020481E+1,-3.8493225E+1,3.8405476E+3,0.0000000E+0
13363204,1/10/2021,4:27:20 PM,-5.9615406E+1,-3.9272766E+1,3.8459053E+3,0.0000000E+0
13363205,1/10/2021,4:27:20 PM,-5.1182529E+1,-4.0347996E+1,3.8459053E+3,0.0000000E+0
13363206,1/10/2021,4:27:21 PM,-4.3441303E+1,-4.1181297E+1,3.8441196E+3,0.0000000E+0
13363207,1/10/2021,4:27:21 PM,-3.5779884E+1,-4.1315704E+1,3.8459053E+3,0.0000000E+0
13363208,1/10/2021,4:27:21 PM,-2.6548941E+1,-4.0079189E+1,3.8459053E+3,0.0000000E+0
13363209,1/10/2021,4:27:21 PM,-1.8188896E+1,-3.6396530E+1,3.8512629E+3,0.0000000E+0
13363210,1/10/2021,4:27:21 PM,-9.2654953E+0,-3.3332123E+1,3.8530491E+3,0.0000000E+0
13363211,1/10/2021,4:27:21 PM,-4.1258230E+0,-3.0778452E+1,3.8476914E+3,0.0000000E+0
13363212,1/10/2021,4:27:21 PM,2.5495148E+0,-2.6128084E+1,3.8548347E+3,0.0000000E+0
13363213,1/10/2021,4:27:21 PM,9.3339148E+0,-2.0644411E+1,3.8539419E+3,0.0000000E+0
13363214,1/10/2021,4:27:21 PM,1.3841666E+1,-1.3970673E+1,3.8584065E+3,0.0000000E+0
13363215,1/10/2021,4:27:21 PM,1.8059954E+1,-8.4212255E+0,3.8575137E+3,0.0000000E+0
13363216,1/10/2021,4:27:22 PM,2.3037457E+1,-5.0755525E+0,3.8566208E+3,0.0000000E+0
13363217,1/10/2021,4:27:22 PM,2.7985456E+1,-9.9804491E-1,3.8601924E+3,0.0000000E+0
13363218,1/10/2021,4:27:22 PM,3.2640831E+1,2.7604022E+0,3.8575137E+3,0.0000000E+0
13363219,1/10/2021,4:27:22 PM,3.6045906E+1,7.3256950E+0,3.8637642E+3,0.0000000E+0
13363220,1/10/2021,4:27:22 PM,3.8812531E+1,1.1229187E+1,3.8601924E+3,0.0000000E+0
13363221,1/10/2021,4:27:22 PM,4.1392937E+1,1.3792516E+1,3.8619785E+3,0.0000000E+0
13363222,1/10/2021,4:27:22 PM,4.2749649E+1,1.8211864E+1,3.8619785E+3,0.0000000E+0
13363223,1/10/2021,4:27:22 PM,4.1525948E+1,2.3547531E+1,3.8637642E+3,0.0000000E+0
13363224,1/10/2021,4:27:22 PM,3.6045906E+1,3.0939737E+1,3.8655500E+3,0.0000000E+0
13363225,1/10/2021,4:27:22 PM,2.8544100E+1,3.6342766E+1,3.8682290E+3,0.0000000E+0
13363226,1/10/2021,4:27:23 PM,1.9673059E+1,4.0213593E+1,3.8619785E+3,0.0000000E+0
13363227,1/10/2021,4:27:23 PM,1.1323325E+1,4.3950016E+1,3.8673359E+3,0.0000000E+0
13363228,1/10/2021,4:27:23 PM,4.7241707E+0,4.7713322E+1,3.8673359E+3,0.0000000E+0
13363229,1/10/2021,4:27:23 PM,-3.5298536E+0,5.0374516E+1,3.8655500E+3,0.0000000E+0
13363230,1/10/2021,4:27:23 PM,-1.0433879E+1,5.1127174E+1,3.8673359E+3,0.0000000E+0
13363231,1/10/2021,4:27:23 PM,-1.5586348E+1,4.7068184E+1,3.8619785E+3,0.0000000E+0
13363232,1/10/2021,4:27:23 PM,-1.7091564E+1,4.0401760E+1,3.8637642E+3,0.0000000E+0
13363233,1/10/2021,4:27:23 PM,-2.1334921E+1,3.3896618E+1,3.8584065E+3,0.0000000E+0
13363234,1/10/2021,4:27:23 PM,-2.3143867E+1,2.6746340E+1,3.8619785E+3,0.0000000E+0
13363235,1/10/2021,4:27:23 PM,-2.5032618E+1,1.8044344E+1,3.8592996E+3,0.0000000E+0
13363236,1/10/2021,4:27:24 PM,-2.8597305E+1,6.7380443E+0,3.8548347E+3,0.0000000E+0
13363237,1/10/2021,4:27:24 PM,-3.3438896E+1,-3.3906419E+0,3.8521558E+3,0.0000000E+0
13363238,1/10/2021,4:27:24 PM,-3.8626316E+1,-1.1862042E+1,3.8512629E+3,0.0000000E+0
13363239,1/10/2021,4:27:24 PM,-4.6899582E+1,-1.8148046E+1,3.8459053E+3,0.0000000E+0
13363240,1/10/2021,4:27:24 PM,-5.4161968E+1,-2.3923862E+1,3.8512629E+3,0.0000000E+0
13363241,1/10/2021,4:27:24 PM,-6.2914070E+1,-3.0187075E+1,3.8423335E+3,0.0000000E+0
13363242,1/10/2021,4:27:24 PM,-6.8048286E+1,-3.6369644E+1,3.8459053E+3,0.0000000E+0
13363243,1/10/2021,4:27:24 PM,-7.4592415E+1,-4.1880199E+1,3.8396548E+3,0.0000000E+0
13363244,1/10/2021,4:27:24 PM,-7.6720589E+1,-4.7202587E+1,3.8405476E+3,0.0000000E+0
13363245,1/10/2021,4:27:24 PM,-7.7837875E+1,-5.0589558E+1,3.8405476E+3,0.0000000E+0
13363246,1/10/2021,4:27:25 PM,-7.6720589E+1,-5.4648552E+1,3.8396548E+3,0.0000000E+0
13363247,1/10/2021,4:27:25 PM,-7.1001122E+1,-5.8734428E+1,3.8405476E+3,0.0000000E+0
13363248,1/10/2021,4:27:25 PM,-6.4536804E+1,-6.0589195E+1,3.8369758E+3,0.0000000E+0
13363249,1/10/2021,4:27:25 PM,-5.5119648E+1,-6.1745068E+1,3.8423335E+3,0.0000000E+0
13363250,1/10/2021,4:27:25 PM,-4.6261131E+1,-6.2470852E+1,3.8405476E+3,0.0000000E+0
13363251,1/10/2021,4:27:25 PM,-4.1153519E+1,-6.1341862E+1,3.8459053E+3,0.0000000E+0
13363252,1/10/2021,4:27:25 PM,-3.3492104E+1,-6.0051586E+1,3.8432266E+3,0.0000000E+0
13363253,1/10/2021,4:27:25 PM,-2.6282919E+1,-5.8358097E+1,3.8441196E+3,0.0000000E+0
13363254,1/10/2021,4:27:25 PM,-2.1201910E+1,-5.3492680E+1,3.8450125E+3,0.0000000E+0
13363255,1/10/2021,4:27:25 PM,-1.8165213E+1,-4.6530567E+1,3.8476914E+3,0.0000000E+0
13363256,1/10/2021,4:27:26 PM,-1.5812656E+1,-3.8520107E+1,3.8476914E+3,0.0000000E+0
13363257,1/10/2021,4:27:26 PM,-1.2207507E+1,-3.0482765E+1,3.8485842E+3,0.0000000E+0
13363258,1/10/2021,4:27:26 PM,-8.8865604E+0,-2.0778814E+1,3.8512629E+3,0.0000000E+0
13363259,1/10/2021,4:27:26 PM,-3.9110525E+0,-1.2002973E+1,3.8521558E+3,0.0000000E+0
13363260,1/10/2021,4:27:26 PM,1.4138434E+0,-2.1726055E+0,3.8530491E+3,0.0000000E+0
13363261,1/10/2021,4:27:26 PM,8.3339462E+0,8.4318619E+0,3.8601924E+3,0.0000000E+0
13363262,1/10/2021,4:27:26 PM,1.6425795E+1,1.7757166E+1,3.8601924E+3,0.0000000E+0
13363263,1/10/2021,4:27:26 PM,2.7506618E+1,2.4945330E+1,3.8619785E+3,0.0000000E+0
13363264,1/10/2021,4:27:26 PM,4.0727886E+1,3.1531113E+1,3.8655500E+3,0.0000000E+0
13363265,1/10/2021,4:27:26 PM,5.0677086E+1,3.8224419E+1,3.8682290E+3,0.0000000E+0
13363266,1/10/2021,4:27:27 PM,6.0280460E+1,4.3788731E+1,3.8709080E+3,0.0000000E+0
13363267,1/10/2021,4:27:27 PM,6.9724220E+1,4.9998184E+1,3.8762654E+3,0.0000000E+0
13363268,1/10/2021,4:27:27 PM,7.6002327E+1,5.1826073E+1,3.8771584E+3,0.0000000E+0
13363269,1/10/2021,4:27:27 PM,8.0764114E+1,5.0508919E+1,3.8726936E+3,0.0000000E+0
13363270,1/10/2021,4:27:27 PM,8.2280434E+1,5.0132587E+1,3.8726936E+3,0.0000000E+0
13363271,1/10/2021,4:27:27 PM,7.8529533E+1,5.1315342E+1,3.8744795E+3,0.0000000E+0
13363272,1/10/2021,4:27:27 PM,7.3820953E+1,4.9836899E+1,3.8718008E+3,0.0000000E+0
13363273,1/10/2021,4:27:27 PM,6.7064003E+1,4.7686440E+1,3.8709080E+3,0.0000000E+0
13363274,1/10/2021,4:27:27 PM,5.9030163E+1,4.5294056E+1,3.8744795E+3,0.0000000E+0
13363275,1/10/2021,4:27:27 PM,5.1687969E+1,3.8090012E+1,3.8637642E+3,0.0000000E+0
13363276,1/10/2021,4:27:28 PM,4.2350616E+1,3.1692398E+1,3.8637642E+3,0.0000000E+0
13363277,1/10/2021,4:27:28 PM,3.2401413E+1,2.5106615E+1,3.8610852E+3,0.0000000E+0
13363278,1/10/2021,4:27:28 PM,2.5484854E+1,1.6249483E+1,3.8584065E+3,0.0000000E+0
13363279,1/10/2021,4:27:28 PM,1.8204685E+1,6.9986315E+0,3.8566208E+3,0.0000000E+0
13363280,1/10/2021,4:27:28 PM,1.4639009E+1,-2.8148575E+0,3.8575137E+3,0.0000000E+0
13363281,1/10/2021,4:27:28 PM,8.2813158E+0,-1.1370117E+1,3.8584065E+3,0.0000000E+0
13363282,1/10/2021,4:27:28 PM,-8.0207987E+0,-1.8661245E+1,3.8459053E+3,0.0000000E+0
13363283,1/10/2021,4:27:28 PM,-2.0989092E+1,-2.5025972E+1,3.8476914E+3,0.0000000E+0
13363284,1/10/2021,4:27:28 PM,-3.2082188E+1,-2.5966799E+1,3.8530491E+3,0.0000000E+0
13363285,1/10/2021,4:27:28 PM,-4.0275646E+1,-2.8896799E+1,3.8539419E+3,0.0000000E+0
13363286,1/10/2021,4:27:29 PM,-4.8868141E+1,-3.5563225E+1,3.8467981E+3,0.0000000E+0
13363287,1/10/2021,4:27:29 PM,-6.5733902E+1,-3.8950199E+1,3.8369758E+3,0.0000000E+0
13363288,1/10/2021,4:27:29 PM,-8.0923729E+1,-3.8735149E+1,3.8441196E+3,0.0000000E+0
13363289,1/10/2021,4:27:29 PM,-9.3054306E+1,-3.6692215E+1,3.8459053E+3,0.0000000E+0
13363290,1/10/2021,4:27:29 PM,-1.0515829E+2,-3.5805149E+1,3.8396548E+3,0.0000000E+0
13363291,1/10/2021,4:27:29 PM,-1.1563952E+2,-3.6638454E+1,3.8396548E+3,0.0000000E+0
13363292,1/10/2021,4:27:29 PM,-1.2521630E+2,-3.5616985E+1,3.8334043E+3,0.0000000E+0
13363293,1/10/2021,4:27:29 PM,-1.3303732E+2,-3.3117077E+1,3.8351899E+3,0.0000000E+0
13363294,1/10/2021,4:27:29 PM,-1.3726707E+2,-2.7714046E+1,3.8414407E+3,0.0000000E+0
13363295,1/10/2021,4:27:29 PM,-1.3910262E+2,-2.3171202E+1,3.8414407E+3,0.0000000E+0
13363296,1/10/2021,4:27:30 PM,-1.3500589E+2,-2.0993860E+1,3.8423335E+3,0.0000000E+0
13363297,1/10/2021,4:27:30 PM,-1.2912682E+2,-1.8294296E+1,3.8405476E+3,0.0000000E+0
13363298,1/10/2021,4:27:30 PM,-1.2178462E+2,-1.6664295E+1,3.8405476E+3,0.0000000E+0
13363299,1/10/2021,4:27:30 PM,-1.0872297E+2,-1.3034684E+1,3.8530491E+3,0.0000000E+0
13363300,1/10/2021,4:27:30 PM,-9.7443657E+1,-1.1782270E+1,3.8476914E+3,0.0000000E+0
13363301,1/10/2021,4:27:30 PM,-8.3982979E+1,-1.4042466E+1,3.8459053E+3,0.0000000E+0
13363302,1/10/2021,4:27:30 PM,-6.8234505E+1,-1.4209987E+1,3.8467981E+3,0.0000000E+0
13363303,1/10/2021,4:27:30 PM,-5.5066441E+1,-9.6949129E+0,3.8521558E+3,0.0000000E+0
13363304,1/10/2021,4:27:30 PM,-4.0993908E+1,-6.7832484E+0,3.8548347E+3,0.0000000E+0
13363305,1/10/2021,4:27:30 PM,-2.4340961E+1,-5.9616003E+0,3.8530491E+3,0.0000000E+0
13363306,1/10/2021,4:27:31 PM,-6.8524137E+0,-7.7936893E+0,3.8557275E+3,0.0000000E+0
13363307,1/10/2021,4:27:31 PM,1.2096985E+1,-9.5273924E+0,3.8530491E+3,0.0000000E+0
13363308,1/10/2021,4:27:31 PM,3.0592466E+1,-1.0144293E+1,3.8601924E+3,0.0000000E+0
13363309,1/10/2021,4:27:31 PM,4.5037434E+1,-6.7380443E+0,3.8637642E+3,0.0000000E+0
13363310,1/10/2021,4:27:31 PM,5.7726654E+1,-7.4001489E+0,3.8646572E+3,0.0000000E+0
13363311,1/10/2021,4:27:31 PM,7.4778625E+1,-1.3242092E+1,3.8584065E+3,0.0000000E+0
13363312,1/10/2021,4:27:31 PM,9.0500496E+1,-1.6677589E+1,3.8610852E+3,0.0000000E+0
13363313,1/10/2021,4:27:31 PM,1.0459964E+2,-1.5722989E+1,3.8673359E+3,0.0000000E+0
13363314,1/10/2021,4:27:31 PM,1.1109056E+2,-1.4321668E+1,3.8682290E+3,0.0000000E+0
13363315,1/10/2021,4:27:31 PM,1.1582574E+2,-1.4850820E+1,3.8682290E+3,0.0000000E+0
13363316,1/10/2021,4:27:32 PM,1.1824654E+2,-1.8161343E+1,3.8628713E+3,0.0000000E+0
13363317,1/10/2021,4:27:32 PM,1.1867216E+2,-1.9365894E+1,3.8637642E+3,0.0000000E+0
13363318,1/10/2021,4:27:32 PM,1.1518729E+2,-1.8493725E+1,3.8628713E+3,0.0000000E+0
13363319,1/10/2021,4:27:32 PM,1.0446662E+2,-1.3975990E+1,3.8664431E+3,0.0000000E+0
13363320,1/10/2021,4:27:32 PM,9.0261078E+1,-1.1643999E+1,3.8575137E+3,0.0000000E+0
13363321,1/10/2021,4:27:32 PM,7.6055534E+1,-8.3839989E+0,3.8610852E+3,0.0000000E+0
13363322,1/10/2021,4:27:32 PM,5.8232094E+1,-5.3678489E+0,3.8566208E+3,0.0000000E+0
13363323,1/10/2021,4:27:32 PM,4.6952785E+1,-1.3327713E+0,3.8566208E+3,0.0000000E+0
13363324,1/10/2021,4:27:32 PM,3.3438896E+1,4.5550241E+0,3.8566208E+3,0.0000000E+0
13363325,1/10/2021,4:27:32 PM,1.5928442E+1,1.0777147E+1,3.8584065E+3,0.0000000E+0
13363326,1/10/2021,4:27:33 PM,4.8145170E+0,1.4127557E+1,3.8557275E+3,0.0000000E+0
13363327,1/10/2021,4:27:33 PM,-4.5672531E+0,1.7983187E+1,3.8557275E+3,0.0000000E+0
13363328,1/10/2021,4:27:33 PM,-1.1625947E+1,2.2418541E+1,3.8584065E+3,0.0000000E+0
13363329,1/10/2021,4:27:33 PM,-1.9752005E+1,2.6880745E+1,3.8566208E+3,0.0000000E+0
13363330,1/10/2021,4:27:33 PM,-3.2321609E+1,3.1988085E+1,3.8601924E+3,0.0000000E+0
13363331,1/10/2021,4:27:33 PM,-4.2802853E+1,3.5939556E+1,3.8601924E+3,0.0000000E+0
13363332,1/10/2021,4:27:33 PM,-5.1342144E+1,3.9138363E+1,3.8646572E+3,0.0000000E+0
13363333,1/10/2021,4:27:33 PM,-6.0413467E+1,3.8950199E+1,3.8548347E+3,0.0000000E+0
13363334,1/10/2021,4:27:33 PM,-7.0974525E+1,4.1423225E+1,3.8601924E+3,0.0000000E+0
13363335,1/10/2021,4:27:33 PM,-8.5871727E+1,4.2659740E+1,3.8548347E+3,0.0000000E+0
13363336,1/10/2021,4:27:34 PM,-9.4597229E+1,4.1530750E+1,3.8584065E+3,0.0000000E+0
13363337,1/10/2021,4:27:34 PM,-1.0130097E+2,3.7767445E+1,3.8503701E+3,0.0000000E+0
13363338,1/10/2021,4:27:34 PM,-1.0124776E+2,3.0644047E+1,3.8566208E+3,0.0000000E+0
13363339,1/10/2021,4:27:34 PM,-1.0162020E+2,2.2418541E+1,3.8459053E+3,0.0000000E+0
13363340,1/10/2021,4:27:34 PM,-9.9305809E+1,1.5672467E+1,3.8494771E+3,0.0000000E+0
13363341,1/10/2021,4:27:34 PM,-9.5874130E+1,9.2800999E+0,3.8512629E+3,0.0000000E+0
13363342,1/10/2021,4:27:34 PM,-8.8664955E+1,-5.4596412E-1,3.8459053E+3,0.0000000E+0
13363343,1/10/2021,4:27:34 PM,-7.5443687E+1,-9.7560711E+0,3.8503701E+3,0.0000000E+0
13363344,1/10/2021,4:27:34 PM,-6.2568245E+1,-1.8560200E+1,3.8432266E+3,0.0000000E+0
13363345,1/10/2021,4:27:34 PM,-5.2087002E+1,-2.3923862E+1,3.8503701E+3,0.0000000E+0
13363346,1/10/2021,4:27:35 PM,-4.0515068E+1,-2.8144140E+1,3.8476914E+3,0.0000000E+0
13363347,1/10/2021,4:27:35 PM,-3.0353048E+1,-3.1907442E+1,3.8539419E+3,0.0000000E+0
13363348,1/10/2021,4:27:35 PM,-2.1122103E+1,-3.6719097E+1,3.8512629E+3,0.0000000E+0
13363349,1/10/2021,4:27:35 PM,-1.6128435E+1,-4.3197357E+1,3.8476914E+3,0.0000000E+0
13363350,1/10/2021,4:27:35 PM,-1.1099648E+1,-4.5482220E+1,3.8530491E+3,0.0000000E+0
13363351,1/10/2021,4:27:35 PM,-7.3629241E+0,-4.9379929E+1,3.8512629E+3,0.0000000E+0
13363352,1/10/2021,4:27:35 PM,-5.0697064E+0,-5.4057175E+1,3.8476914E+3,0.0000000E+0
13363353,1/10/2021,4:27:35 PM,-1.3411299E+0,-5.9298920E+1,3.8476914E+3,0.0000000E+0
13363354,1/10/2021,4:27:35 PM,5.3317897E-2,-6.2847179E+1,3.8441196E+3,0.0000000E+0
13363355,1/10/2021,4:27:35 PM,9.5894092E-1,-6.4003052E+1,3.8459053E+3,0.0000000E+0
13363356,1/10/2021,4:27:36 PM,3.6685433E+0,-6.3572956E+1,3.8432266E+3,0.0000000E+0
13363357,1/10/2021,4:27:36 PM,4.1480136E+0,-6.1288094E+1,3.8476914E+3,0.0000000E+0
13363358,1/10/2021,4:27:36 PM,8.3918390E+0,-5.9030113E+1,3.8423335E+3,0.0000000E+0
13363359,1/10/2021,4:27:36 PM,1.4175866E+1,-5.6557083E+1,3.8459053E+3,0.0000000E+0
13363360,1/10/2021,4:27:36 PM,2.0723072E+1,-5.0293873E+1,3.8503701E+3,0.0000000E+0
13363361,1/10/2021,4:27:36 PM,2.6548941E+1,-4.3439281E+1,3.8459053E+3,0.0000000E+0
13363362,1/10/2021,4:27:36 PM,2.9395370E+1,-3.3762215E+1,3.8548347E+3,0.0000000E+0
13363363,1/10/2021,4:27:36 PM,3.3146275E+1,-2.3708817E+1,3.8530491E+3,0.0000000E+0
13363364,1/10/2021,4:27:36 PM,3.7269608E+1,-1.4202011E+1,3.8575137E+3,0.0000000E+0
13363365,1/10/2021,4:27:36 PM,3.9344574E+1,-2.0284591E+0,3.8628713E+3,0.0000000E+0
13363366,1/10/2021,4:27:37 PM,3.9371174E+1,9.6523685E+0,3.8637642E+3,0.0000000E+0
13363367,1/10/2021,4:27:37 PM,3.3758121E+1,2.1719641E+1,3.8646572E+3,0.0000000E+0
13363368,1/10/2021,4:27:37 PM,2.8517500E+1,3.3412766E+1,3.8718008E+3,0.0000000E+0
13363369,1/10/2021,4:27:37 PM,2.2212791E+1,4.2632858E+1,3.8691218E+3,0.0000000E+0
13363370,1/10/2021,4:27:37 PM,1.5299515E+1,4.9299286E+1,3.8718008E+3,0.0000000E+0
13363371,1/10/2021,4:27:37 PM,7.2155604E+0,5.3008827E+1,3.8655500E+3,0.0000000E+0
13363372,1/10/2021,4:27:37 PM,-2.8546324E+0,5.6234520E+1,3.8691218E+3,0.0000000E+0
13363373,1/10/2021,4:27:37 PM,-1.1825940E+1,5.6530209E+1,3.8655500E+3,0.0000000E+0
13363374,1/10/2021,4:27:37 PM,-1.6228432E+1,5.4164703E+1,3.8646572E+3,0.0000000E+0
13363375,1/10/2021,4:27:37 PM,-1.7320501E+1,4.8788551E+1,3.8646572E+3,0.0000000E+0
13363376,1/10/2021,4:27:38 PM,-1.9380964E+1,4.0106068E+1,3.8557275E+3,0.0000000E+0
13363377,1/10/2021,4:27:38 PM,-2.1148705E+1,3.3735332E+1,3.8575137E+3,0.0000000E+0
13363378,1/10/2021,4:27:38 PM,-2.1973372E+1,2.7606524E+1,3.8566208E+3,0.0000000E+0
13363379,1/10/2021,4:27:38 PM,-2.2425610E+1,2.3466890E+1,3.8584065E+3,0.0000000E+0
13363380,1/10/2021,4:27:38 PM,-2.1068899E+1,1.6682907E+1,3.8566208E+3,0.0000000E+0
13363381,1/10/2021,4:27:38 PM,-2.0510254E+1,8.8759241E+0,3.8539419E+3,0.0000000E+0
13363382,1/10/2021,4:27:38 PM,-2.1308319E+1,3.4667194E+0,3.8530491E+3,0.0000000E+0
13363383,1/10/2021,4:27:38 PM,-2.1255114E+1,-1.0481871E+0,3.8548347E+3,0.0000000E+0
13363384,1/10/2021,4:27:38 PM,-2.2505415E+1,-3.9560158E+0,3.8566208E+3,0.0000000E+0
13363385,1/10/2021,4:27:38 PM,-2.3808920E+1,-9.0833302E+0,3.8566208E+3,0.0000000E+0
13363386,1/10/2021,4:27:39 PM,-2.5883888E+1,-1.4725843E+1,3.8503701E+3,0.0000000E+0
13363387,1/10/2021,4:27:39 PM,-2.7692833E+1,-2.0371017E+1,3.8512629E+3,0.0000000E+0
13363388,1/10/2021,4:27:39 PM,-3.1842768E+1,-2.3601294E+1,3.8467981E+3,0.0000000E+0
13363389,1/10/2021,4:27:39 PM,-3.7349411E+1,-2.4972212E+1,3.8512629E+3,0.0000000E+0
13363390,1/10/2021,4:27:39 PM,-4.0781090E+1,-2.7472118E+1,3.8485842E+3,0.0000000E+0
13363391,1/10/2021,4:27:39 PM,-4.2882660E+1,-3.1531113E+1,3.8476914E+3,0.0000000E+0
13363392,1/10/2021,4:27:39 PM,-4.5010830E+1,-3.5697628E+1,3.8441196E+3,0.0000000E+0
13363393,1/10/2021,4:27:39 PM,-4.3733925E+1,-3.9111485E+1,3.8423335E+3,0.0000000E+0
13363394,1/10/2021,4:27:39 PM,-4.1658958E+1,-3.8950199E+1,3.8467981E+3,0.0000000E+0
13363395,1/10/2021,4:27:39 PM,-3.8466702E+1,-3.8546986E+1,3.8459053E+3,0.0000000E+0
13363396,1/10/2021,4:27:40 PM,-3.2507824E+1,-3.9057720E+1,3.8494771E+3,0.0000000E+0
13363397,1/10/2021,4:27:40 PM,-2.3356684E+1,-4.2095245E+1,3.8414407E+3,0.0000000E+0
13363398,1/10/2021,4:27:40 PM,-1.6133699E+1,-4.2041485E+1,3.8459053E+3,0.0000000E+0
13363399,1/10/2021,4:27:40 PM,-5.0847640E+0,-3.9326530E+1,3.8503701E+3,0.0000000E+0
13363400,1/10/2021,4:27:40 PM,3.4918129E+0,-3.6208363E+1,3.8512629E+3,0.0000000E+0
13363401,1/10/2021,4:27:40 PM,8.5207825E+0,-3.1396709E+1,3.8548347E+3,0.0000000E+0
13363402,1/10/2021,4:27:40 PM,1.0804920E+1,-2.7230194E+1,3.8476914E+3,0.0000000E+0
13363403,1/10/2021,4:27:40 PM,9.2891788E+0,-1.8262386E+1,3.8548347E+3,0.0000000E+0
13363404,1/10/2021,4:27:40 PM,8.8207722E+0,-6.8603601E+0,3.8566208E+3,0.0000000E+0
13363405,1/10/2021,4:27:40 PM,6.1471734E+0,4.5085769E+0,3.8610852E+3,0.0000000E+0
13363406,1/10/2021,4:27:41 PM,5.8016205E-1,1.5587379E+1,3.8619785E+3,0.0000000E+0
13363407,1/10/2021,4:27:41 PM,-3.2318685E+0,2.2203495E+1,3.8601924E+3,0.0000000E+0
13363408,1/10/2021,4:27:41 PM,-9.7812681E+0,2.8708635E+1,3.8619785E+3,0.0000000E+0
13363409,1/10/2021,4:27:41 PM,-1.0154941E+1,3.4057903E+1,3.8637642E+3,0.0000000E+0
13363410,1/10/2021,4:27:41 PM,-7.8865919E+0,3.6745975E+1,3.8655500E+3,0.0000000E+0
13363411,1/10/2021,4:27:41 PM,-6.2076974E+0,3.7337353E+1,3.8655500E+3,0.0000000E+0
13363412,1/10/2021,4:27:41 PM,-2.4021072E+0,3.2902031E+1,3.8619785E+3,0.0000000E+0
13363413,1/10/2021,4:27:41 PM,-6.8758976E-1,2.7176432E+1,3.8592996E+3,0.0000000E+0
13363414,1/10/2021,4:27:41 PM,3.8214984E+0,2.0913218E+1,3.8601924E+3,0.0000000E+0
13363415,1/10/2021,4:27:41 PM,8.1918449E+0,1.5191178E+1,3.8601924E+3,0.0000000E+0
13363416,1/10/2021,4:27:42 PM,9.9102116E+0,1.0364995E+1,3.8601924E+3,0.0000000E+0
13363417,1/10/2021,4:27:42 PM,8.5523605E+0,6.3391862E+0,3.8584065E+3,0.0000000E+0
13363418,1/10/2021,4:27:42 PM,2.9362612E+0,3.6420975E+0,3.8530491E+3,0.0000000E+0
13363419,1/10/2021,4:27:42 PM,-3.2310760E+0,3.7702274E+0,3.8584065E+3,0.0000000E+0
13363420,1/10/2021,4:27:42 PM,-1.0657557E+1,4.2034674E+0,3.8548347E+3,0.0000000E+0
13363421,1/10/2021,4:27:42 PM,-2.0590061E+1,6.9215188E+0,3.8601924E+3,0.0000000E+0
13363422,1/10/2021,4:27:42 PM,-2.6681952E+1,6.1796427E+0,3.8566208E+3,0.0000000E+0
13363423,1/10/2021,4:27:42 PM,-3.1443737E+1,3.2745242E+0,3.8530491E+3,0.0000000E+0
13363424,1/10/2021,4:27:42 PM,-3.1629951E+1,-1.4199868E+0,3.8548347E+3,0.0000000E+0
13363425,1/10/2021,4:27:42 PM,-2.8490898E+1,-8.1925468E+0,3.8512629E+3,0.0000000E+0
13363426,1/10/2021,4:27:43 PM,-2.5511457E+1,-1.4284441E+1,3.8548347E+3,0.0000000E+0
13363427,1/10/2021,4:27:43 PM,-1.8099424E+1,-2.2391661E+1,3.8530491E+3,0.0000000E+0
13363428,1/10/2021,4:27:43 PM,-1.0752291E+1,-3.1719278E+1,3.8494771E+3,0.0000000E+0
13363429,1/10/2021,4:27:43 PM,-2.5241542E+0,-4.1450108E+1,3.8494771E+3,0.0000000E+0
13363430,1/10/2021,4:27:43 PM,4.7241707E+0,-4.8815430E+1,3.8459053E+3,0.0000000E+0
13363431,1/10/2021,4:27:43 PM,6.9760947E+0,-5.2524975E+1,3.8467981E+3,0.0000000E+0
13363432,1/10/2021,4:27:43 PM,5.9550743E+0,-5.2659374E+1,3.8476914E+3,0.0000000E+0
13363433,1/10/2021,4:27:43 PM,2.1500881E+0,-5.0562679E+1,3.8459053E+3,0.0000000E+0
13363434,1/10/2021,4:27:43 PM,-2.6896504E-1,-4.6423046E+1,3.8485842E+3,0.0000000E+0
13363435,1/10/2021,4:27:43 PM,-4.4935493E+0,-3.9487816E+1,3.8476914E+3,0.0000000E+0
13363436,1/10/2021,4:27:44 PM,-1.0965442E+1,-3.0966618E+1,3.8521558E+3,0.0000000E+0
13363437,1/10/2021,4:27:44 PM,-1.7978386E+1,-2.2848455E+1,3.8502395E+3,0.0000000E+0
13363438,1/10/2021,4:27:44 PM,-2.3143686E+1,-1.6451578E+1,3.8511326E+3,0.0000000E+0
13363439,1/10/2021,4:27:44 PM,-2.3143686E+1,-1.1981706E+1,3.8564900E+3,0.0000000E+0
13363440,1/10/2021,4:27:44 PM,-2.0111067E+1,-1.0527203E+1,3.8511326E+3,0.0000000E+0
13363441,1/10/2021,4:27:44 PM,-1.7691553E+1,-9.2481966E+0,3.8547039E+3,0.0000000E+0
13363442,1/10/2021,4:27:44 PM,-1.5667932E+1,-8.3893213E+0,3.8529182E+3,0.0000000E+0
13363443,1/10/2021,4:27:44 PM,-1.3620628E+1,-6.6662531E+0,3.8511326E+3,0.0000000E+0
13363444,1/10/2021,4:27:44 PM,-9.8760071E+0,-3.4491045E+0,3.8600618E+3,0.0000000E+0
13363445,1/10/2021,4:27:44 PM,-8.8128834E+0,-1.7609892E+0,3.8538110E+3,0.0000000E+0
13363446,1/10/2021,4:27:45 PM,-9.0812960E+0,2.6350695E-1,3.8564900E+3,0.0000000E+0
13363447,1/10/2021,4:27:45 PM,-1.4286396E+1,3.8078692E+0,3.8538110E+3,0.0000000E+0
13363448,1/10/2021,4:27:45 PM,-1.9654650E+1,8.9503822E+0,3.8564900E+3,0.0000000E+0
13363449,1/10/2021,4:27:45 PM,-2.5298443E+1,1.4829556E+1,3.8582756E+3,0.0000000E+0
13363450,1/10/2021,4:27:45 PM,-3.1895725E+1,1.9700945E+1,3.8564900E+3,0.0000000E+0
13363451,1/10/2021,4:27:45 PM,-3.5965820E+1,2.3896795E+1,3.8582756E+3,0.0000000E+0
13363452,1/10/2021,4:27:45 PM,-3.9291065E+1,2.6181643E+1,3.8547039E+3,0.0000000E+0
13363453,1/10/2021,4:27:45 PM,-4.0833977E+1,2.8681532E+1,3.8564900E+3,0.0000000E+0
13363454,1/10/2021,4:27:45 PM,-3.9025043E+1,2.9864275E+1,3.8582756E+3,0.0000000E+0
13363455,1/10/2021,4:27:45 PM,-3.3757862E+1,2.8358965E+1,3.8582756E+3,0.0000000E+0
13363456,1/10/2021,4:27:46 PM,-2.6974367E+1,2.5348345E+1,3.8555972E+3,0.0000000E+0
13363457,1/10/2021,4:27:46 PM,-2.1095337E+1,2.1773233E+1,3.8564900E+3,0.0000000E+0
13363458,1/10/2021,4:27:46 PM,-1.4186399E+1,2.0073214E+1,3.8555972E+3,0.0000000E+0
13363459,1/10/2021,4:27:46 PM,-5.9524460E+0,1.8421940E+1,3.8618474E+3,0.0000000E+0
13363460,1/10/2021,4:27:46 PM,-1.9765296E+0,1.7416817E+1,3.8600618E+3,0.0000000E+0
13363461,1/10/2021,4:27:46 PM,-1.7209098E-1,1.4805624E+1,3.8573828E+3,0.0000000E+0
13363462,1/10/2021,4:27:46 PM,-2.7111897E+0,1.4776374E+1,3.8573828E+3,0.0000000E+0
13363463,1/10/2021,4:27:46 PM,-6.8339977E+0,1.5738953E+1,3.8582756E+3,0.0000000E+0
13363464,1/10/2021,4:27:46 PM,-1.1607533E+1,1.7972559E+1,3.8600618E+3,0.0000000E+0
13363465,1/10/2021,4:27:46 PM,-1.7336302E+1,1.9193066E+1,3.8600618E+3,0.0000000E+0
13363466,1/10/2021,4:27:47 PM,-2.0115162E+1,1.7576361E+1,3.8600618E+3,0.0000000E+0
13363467,1/10/2021,4:27:47 PM,-2.3196890E+1,1.4826896E+1,3.8520254E+3,0.0000000E+0
13363468,1/10/2021,4:27:47 PM,-2.1893396E+1,1.1675915E+1,3.8582756E+3,0.0000000E+0
13363469,1/10/2021,4:27:47 PM,-1.6570536E+1,8.8147707E+0,3.8582756E+3,0.0000000E+0
13363470,1/10/2021,4:27:47 PM,-1.1112811E+1,2.1694043E+0,3.8573828E+3,0.0000000E+0
13363471,1/10/2021,4:27:47 PM,-2.9410191E+0,-7.6660585E+0,3.8547039E+3,0.0000000E+0
13363472,1/10/2021,4:27:47 PM,4.1107697E+0,-1.6791939E+1,3.8502395E+3,0.0000000E+0
13363473,1/10/2021,4:27:47 PM,1.1860157E+1,-2.4810734E+1,3.8529182E+3,0.0000000E+0
13363474,1/10/2021,4:27:47 PM,1.6278439E+1,-2.9461065E+1,3.8529182E+3,0.0000000E+0
13363475,1/10/2021,4:27:47 PM,1.9373079E+1,-3.2740490E+1,3.8573828E+3,0.0000000E+0
13363476,1/10/2021,4:27:48 PM,2.0962328E+1,-3.9191818E+1,3.8511326E+3,0.0000000E+0
13363477,1/10/2021,4:27:48 PM,2.0123056E+1,-4.5804432E+1,3.8466677E+3,0.0000000E+0
13363478,1/10/2021,4:27:48 PM,1.8094173E+1,-4.7390381E+1,3.8484536E+3,0.0000000E+0
13363479,1/10/2021,4:27:48 PM,1.7659975E+1,-4.7363503E+1,3.8520254E+3,0.0000000E+0
13363480,1/10/2021,4:27:48 PM,1.6104761E+1,-4.6987175E+1,3.8529182E+3,0.0000000E+0
13363481,1/10/2021,4:27:48 PM,1.5125844E+1,-4.9030094E+1,3.8502395E+3,0.0000000E+0
13363482,1/10/2021,4:27:48 PM,1.4804802E+1,-5.2202000E+1,3.8466677E+3,0.0000000E+0
13363483,1/10/2021,4:27:48 PM,1.6628429E+1,-5.3519146E+1,3.8457749E+3,0.0000000E+0
13363484,1/10/2021,4:27:48 PM,1.9670439E+1,-5.2524563E+1,3.8511326E+3,0.0000000E+0
13363485,1/10/2021,4:27:48 PM,2.1973200E+1,-5.0239719E+1,3.8529182E+3,0.0000000E+0
13363486,1/10/2021,4:27:49 PM,2.7825628E+1,-5.0642925E+1,3.8529182E+3,0.0000000E+0
13363487,1/10/2021,4:27:49 PM,3.1762716E+1,-5.2551445E+1,3.8475608E+3,0.0000000E+0
13363488,1/10/2021,4:27:49 PM,3.3172619E+1,-5.1046139E+1,3.8502395E+3,0.0000000E+0
13363489,1/10/2021,4:27:49 PM,3.2401161E+1,-4.5965714E+1,3.8502395E+3,0.0000000E+0
13363490,1/10/2021,4:27:49 PM,2.7266987E+1,-3.8654209E+1,3.8538110E+3,0.0000000E+0
13363491,1/10/2021,4:27:49 PM,1.8767836E+1,-2.9299784E+1,3.8555972E+3,0.0000000E+0
13363492,1/10/2021,4:27:49 PM,1.1107549E+1,-2.2472128E+1,3.8520254E+3,0.0000000E+0
13363493,1/10/2021,4:27:49 PM,-2.8268322E-1,-1.3300598E+1,3.8538110E+3,0.0000000E+0
13363494,1/10/2021,4:27:49 PM,-1.5920556E+1,-6.4543200E-1,3.8511326E+3,0.0000000E+0
13363495,1/10/2021,4:27:49 PM,-2.8224655E+1,1.1125490E+1,3.8600618E+3,0.0000000E+0
13363496,1/10/2021,4:27:50 PM,-4.2243877E+1,2.2525888E+1,3.8582756E+3,0.0000000E+0
13363497,1/10/2021,4:27:50 PM,-5.4108341E+1,3.0401884E+1,3.8547039E+3,0.0000000E+0
13363498,1/10/2021,4:27:50 PM,-6.2594360E+1,3.8734848E+1,3.8600618E+3,0.0000000E+0
13363499,1/10/2021,4:27:50 PM,-7.4671638E+1,4.6288280E+1,3.8547039E+3,0.0000000E+0
13363500,1/10/2021,4:27:50 PM,-8.4461151E+1,5.1852551E+1,3.8600618E+3,0.0000000E+0
13363501,1/10/2021,4:27:50 PM,-8.8424843E+1,5.5830872E+1,3.8645261E+3,0.0000000E+0
13363502,1/10/2021,4:27:50 PM,-9.1005234E+1,5.4083637E+1,3.8555972E+3,0.0000000E+0
13363503,1/10/2021,4:27:50 PM,-9.2627945E+1,5.0642925E+1,3.8582756E+3,0.0000000E+0
13363504,1/10/2021,4:27:50 PM,-9.5580765E+1,4.6234520E+1,3.8538110E+3,0.0000000E+0
13363505,1/10/2021,4:27:50 PM,-9.6139404E+1,4.2713169E+1,3.8555972E+3,0.0000000E+0
13363506,1/10/2021,4:27:51 PM,-9.8666595E+1,3.8976776E+1,3.8547039E+3,0.0000000E+0
13363507,1/10/2021,4:27:51 PM,-9.3904846E+1,3.1342703E+1,3.8511326E+3,0.0000000E+0
13363508,1/10/2021,4:27:51 PM,-8.4780380E+1,2.4084959E+1,3.8538110E+3,0.0000000E+0
13363509,1/10/2021,4:27:51 PM,-8.1907364E+1,1.8546915E+1,3.8493467E+3,0.0000000E+0
13363510,1/10/2021,4:27:51 PM,-7.8449120E+1,1.1080286E+1,3.8466677E+3,0.0000000E+0
13363511,1/10/2021,4:27:51 PM,-6.9909897E+1,6.3072805E+0,3.8493467E+3,0.0000000E+0
13363512,1/10/2021,4:27:51 PM,-5.9056301E+1,6.4836586E-1,3.8457749E+3,0.0000000E+0
13363513,1/10/2021,4:27:51 PM,-4.3041939E+1,-2.6026444E+0,3.8502395E+3,0.0000000E+0
13363514,1/10/2021,4:27:51 PM,-3.3279022E+1,-4.2162838E+0,3.8493467E+3,0.0000000E+0
13363515,1/10/2021,4:27:51 PM,-2.1627375E+1,-5.4863749E+0,3.8475608E+3,0.0000000E+0
13363516,1/10/2021,4:27:52 PM,-8.3971071E+0,-5.5648541E+0,3.8573828E+3,0.0000000E+0
13363517,1/10/2021,4:27:52 PM,6.0866523E+0,-6.7034798E+0,3.8529182E+3,0.0000000E+0
13363518,1/10/2021,4:27:52 PM,2.5936890E+1,-1.0306500E+1,3.8600618E+3,0.0000000E+0
13363519,1/10/2021,4:27:52 PM,4.4664654E+1,-1.1689210E+1,3.8547039E+3,0.0000000E+0
13363520,1/10/2021,4:27:52 PM,5.8018829E+1,-1.2455018E+1,3.8707764E+3,0.0000000E+0
13363521,1/10/2021,4:27:52 PM,6.9564072E+1,-1.3077238E+1,3.8600618E+3,0.0000000E+0
13363522,1/10/2021,4:27:52 PM,7.4059792E+1,-1.5826701E+1,3.8636331E+3,0.0000000E+0
13363523,1/10/2021,4:27:52 PM,8.3317276E+1,-1.9147863E+1,3.8645261E+3,0.0000000E+0
13363524,1/10/2021,4:27:52 PM,9.3266396E+1,-2.2982857E+1,3.8627402E+3,0.0000000E+0
13363525,1/10/2021,4:27:52 PM,9.8586784E+1,-2.5993477E+1,3.8645261E+3,0.0000000E+0
13363526,1/10/2021,4:27:53 PM,9.6804459E+1,-2.7928875E+1,3.8618474E+3,0.0000000E+0
13363527,1/10/2021,4:27:53 PM,8.9568726E+1,-3.0993256E+1,3.8600618E+3,0.0000000E+0
13363528,1/10/2021,4:27:53 PM,8.3317276E+1,-3.5509186E+1,3.8547039E+3,0.0000000E+0
13363529,1/10/2021,4:27:53 PM,7.7438240E+1,-3.6665051E+1,3.8600618E+3,0.0000000E+0
13363530,1/10/2021,4:27:53 PM,6.7010284E+1,-3.9138058E+1,3.8511326E+3,0.0000000E+0
13363531,1/10/2021,4:27:53 PM,5.3895531E+1,-3.8842373E+1,3.8547039E+3,0.0000000E+0
13363532,1/10/2021,4:27:53 PM,4.2962132E+1,-3.9111179E+1,3.8493467E+3,0.0000000E+0
13363533,1/10/2021,4:27:53 PM,3.0964657E+1,-3.5724232E+1,3.8529182E+3,0.0000000E+0
13363534,1/10/2021,4:27:53 PM,2.1760386E+1,-3.3009296E+1,3.8529182E+3,0.0000000E+0
13363535,1/10/2021,4:27:53 PM,1.1325963E+1,-3.0563169E+1,3.8529182E+3,0.0000000E+0
13363536,1/10/2021,4:27:54 PM,-1.8766364E-1,-2.7310623E+1,3.8538110E+3,0.0000000E+0
13363537,1/10/2021,4:27:54 PM,-1.2857493E+1,-2.5751553E+1,3.8511326E+3,0.0000000E+0
13363538,1/10/2021,4:27:54 PM,-2.0855919E+1,-2.5697792E+1,3.8502395E+3,0.0000000E+0
13363539,1/10/2021,4:27:54 PM,-2.9235531E+1,-2.2848455E+1,3.8529182E+3,0.0000000E+0
13363540,1/10/2021,4:27:54 PM,-3.8626015E+1,-2.1638830E+1,3.8511326E+3,0.0000000E+0
13363541,1/10/2021,4:27:54 PM,-5.0224461E+1,-1.8990976E+1,3.8493467E+3,0.0000000E+0
13363542,1/10/2021,4:27:54 PM,-6.0279995E+1,-1.8429916E+1,3.8466677E+3,0.0000000E+0
13363543,1/10/2021,4:27:54 PM,-7.1160187E+1,-1.4582262E+1,3.8457749E+3,0.0000000E+0
13363544,1/10/2021,4:27:54 PM,-8.1455139E+1,-9.2721281E+0,3.8493467E+3,0.0000000E+0
13363545,1/10/2021,4:27:54 PM,-8.9621933E+1,-4.9073863E+0,3.8457749E+3,0.0000000E+0
13363546,1/10/2021,4:27:55 PM,-9.9730667E+1,7.5078148E-1,3.8466677E+3,0.0000000E+0
13363547,1/10/2021,4:27:55 PM,-1.0670038E+2,5.6212440E+0,3.8439893E+3,0.0000000E+0
13363548,1/10/2021,4:27:55 PM,-1.0922756E+2,1.1808867E+1,3.8466677E+3,0.0000000E+0
13363549,1/10/2021,4:27:55 PM,-1.0829649E+2,1.7400862E+1,3.8475608E+3,0.0000000E+0
13363550,1/10/2021,4:27:55 PM,-1.0417319E+2,2.2902216E+1,3.8529182E+3,0.0000000E+0
13363551,1/10/2021,4:27:55 PM,-9.8693192E+1,2.6127880E+1,3.8529182E+3,0.0000000E+0
13363552,1/10/2021,4:27:55 PM,-8.8318436E+1,2.5805315E+1,3.8511326E+3,0.0000000E+0
13363553,1/10/2021,4:27:55 PM,-7.2171059E+1,2.3977436E+1,3.8555972E+3,0.0000000E+0
13363554,1/10/2021,4:27:55 PM,-5.1448147E+1,2.1477547E+1,3.8609546E+3,0.0000000E+0
13363555,1/10/2021,4:27:55 PM,-3.5141159E+1,1.8249102E+1,3.8582756E+3,0.0000000E+0
13363556,1/10/2021,4:27:56 PM,-2.0456890E+1,1.3869636E+1,3.8564900E+3,0.0000000E+0
13363557,1/10/2021,4:27:56 PM,-5.8919215E+0,1.1936502E+1,3.8654192E+3,0.0000000E+0
13363558,1/10/2021,4:27:56 PM,7.0313592E+0,5.9084225E+0,3.8555972E+3,0.0000000E+0
13363559,1/10/2021,4:27:56 PM,1.7623135E+1,1.9075382E+0,3.8582756E+3,0.0000000E+0
13363560,1/10/2021,4:27:56 PM,2.2771259E+1,7.2517759E-1,3.8618474E+3,0.0000000E+0
13363561,1/10/2021,4:27:56 PM,2.3462910E+1,1.9709681E-1,3.8573828E+3,0.0000000E+0
13363562,1/10/2021,4:27:56 PM,2.1733784E+1,-4.0939596E-1,3.8600618E+3,0.0000000E+0
13363563,1/10/2021,4:27:56 PM,1.9809908E+1,-2.6386809E+0,3.8547039E+3,0.0000000E+0
13363564,1/10/2021,4:27:56 PM,2.0563297E+1,-4.5133858E+0,3.8564900E+3,0.0000000E+0
13363565,1/10/2021,4:27:56 PM,2.1733784E+1,-5.9190588E+0,3.8564900E+3,0.0000000E+0
13363566,1/10/2021,4:27:57 PM,2.2904268E+1,-8.9743147E+0,3.8547039E+3,0.0000000E+0
13363567,1/10/2021,4:27:57 PM,2.4074755E+1,-1.0979242E+1,3.8547039E+3,0.0000000E+0
13363568,1/10/2021,4:27:57 PM,2.7240385E+1,-1.4340289E+1,3.8547039E+3,0.0000000E+0
13363569,1/10/2021,4:27:57 PM,3.2773586E+1,-1.8060308E+1,3.8529182E+3,0.0000000E+0
13363570,1/10/2021,4:27:57 PM,3.8945240E+1,-2.0094486E+1,3.8573828E+3,0.0000000E+0
13363571,1/10/2021,4:27:57 PM,4.1259605E+1,-2.1020578E+1,3.8555972E+3,0.0000000E+0
13363572,1/10/2021,4:27:57 PM,4.1898052E+1,-2.1961397E+1,3.8547039E+3,0.0000000E+0
13363573,1/10/2021,4:27:57 PM,4.0035919E+1,-1.9982805E+1,3.8547039E+3,0.0000000E+0
13363574,1/10/2021,4:27:57 PM,3.5806210E+1,-1.6004858E+1,3.8564900E+3,0.0000000E+0
13363575,1/10/2021,4:27:57 PM,2.9315338E+1,-9.6045103E+0,3.8600618E+3,0.0000000E+0
13363576,1/10/2021,4:27:58 PM,1.8386269E+1,-3.5572143E+0,3.8564900E+3,0.0000000E+0
13363577,1/10/2021,4:27:58 PM,5.5998254E+0,4.3932638E+0,3.8582756E+3,0.0000000E+0
13363578,1/10/2021,4:27:58 PM,-6.4866395E+0,1.0112390E+1,3.8547039E+3,0.0000000E+0
13363579,1/10/2021,4:27:58 PM,-1.5567935E+1,1.6438284E+1,3.8582756E+3,0.0000000E+0
13363580,1/10/2021,4:27:58 PM,-2.4553589E+1,2.1988277E+1,3.8600618E+3,0.0000000E+0
13363581,1/10/2021,4:27:58 PM,-3.1948927E+1,2.5025778E+1,3.8573828E+3,0.0000000E+0
13363582,1/10/2021,4:27:58 PM,-3.8865433E+1,2.7310623E+1,3.8582756E+3,0.0000000E+0
13363583,1/10/2021,4:27:58 PM,-4.5276501E+1,2.7955757E+1,3.8547039E+3,0.0000000E+0
13363584,1/10/2021,4:27:58 PM,-4.6713005E+1,2.6208523E+1,3.8564900E+3,0.0000000E+0
13363585,1/10/2021,4:27:58 PM,-4.5436111E+1,2.4756971E+1,3.8564900E+3,0.0000000E+0
13363586,1/10/2021,4:27:59 PM,-4.5489315E+1,2.2042040E+1,3.8573828E+3,0.0000000E+0
13363587,1/10/2021,4:27:59 PM,-4.1499023E+1,1.7387568E+1,3.8564900E+3,0.0000000E+0
13363588,1/10/2021,4:27:59 PM,-4.0195530E+1,1.3643617E+1,3.8529182E+3,0.0000000E+0
13363589,1/10/2021,4:27:59 PM,-3.5513588E+1,1.0535180E+1,3.8564900E+3,0.0000000E+0
13363590,1/10/2021,4:27:59 PM,-3.1736113E+1,8.0755529E+0,3.8582756E+3,0.0000000E+0
13363591,1/10/2021,4:27:59 PM,-3.1815918E+1,5.9031043E+0,3.8547039E+3,0.0000000E+0
13363592,1/10/2021,4:27:59 PM,-3.1869122E+1,2.1501846E+0,3.8600618E+3,0.0000000E+0
13363593,1/10/2021,4:27:59 PM,-3.2268150E+1,-2.4152541E+0,3.8547039E+3,0.0000000E+0
13363594,1/10/2021,4:27:59 PM,-3.1895725E+1,-9.6736460E+0,3.8538110E+3,0.0000000E+0
13363595,1/10/2021,4:27:59 PM,-3.0751841E+1,-1.6350536E+1,3.8529182E+3,0.0000000E+0
13363596,1/10/2021,4:28:00 PM,-3.0645433E+1,-2.3412947E+1,3.8529182E+3,0.0000000E+0
13363597,1/10/2021,4:28:00 PM,-2.7958637E+1,-3.1907196E+1,3.8511326E+3,0.0000000E+0
13363598,1/10/2021,4:28:00 PM,-2.5963491E+1,-4.2713169E+1,3.8466677E+3,0.0000000E+0
13363599,1/10/2021,4:28:00 PM,-2.1387959E+1,-5.2874012E+1,3.8457749E+3,0.0000000E+0
13363600,1/10/2021,4:28:00 PM,-1.6786318E+1,-6.2524120E+1,3.8413103E+3,0.0000000E+0
13363601,1/10/2021,4:28:00 PM,-1.3544314E+1,-6.9056099E+1,3.8422031E+3,0.0000000E+0
13363602,1/10/2021,4:28:00 PM,-1.0804926E+1,-7.2631203E+1,3.8422031E+3,0.0000000E+0
13363603,1/10/2021,4:28:00 PM,-5.0356331E+0,-7.5184853E+1,3.8439893E+3,0.0000000E+0
13363604,1/10/2021,4:28:00 PM,-3.9037204E-1,-7.5776230E+1,3.8413103E+3,0.0000000E+0
13363605,1/10/2021,4:28:00 PM,4.2137961E+0,-7.7147133E+1,3.8404175E+3,0.0000000E+0
13363606,1/10/2021,4:28:01 PM,7.9260688E+0,-7.4405327E+1,3.8439893E+3,0.0000000E+0
13363607,1/10/2021,4:28:01 PM,1.0565460E+1,-6.8572243E+1,3.8439893E+3,0.0000000E+0
13363608,1/10/2021,4:28:01 PM,1.2302248E+1,-6.1206974E+1,3.8511326E+3,0.0000000E+0
13363609,1/10/2021,4:28:01 PM,1.4831117E+1,-5.4621246E+1,3.8475608E+3,0.0000000E+0
13363610,1/10/2021,4:28:01 PM,1.6699478E+1,-4.8761292E+1,3.8457749E+3,0.0000000E+0
13363611,1/10/2021,4:28:01 PM,1.7394196E+1,-3.8466045E+1,3.8538110E+3,0.0000000E+0
13363612,1/10/2021,4:28:01 PM,1.7478401E+1,-2.8358965E+1,3.8529182E+3,0.0000000E+0
13363613,1/10/2021,4:28:01 PM,1.5204789E+1,-1.6935528E+1,3.8564900E+3,0.0000000E+0
13363614,1/10/2021,4:28:01 PM,1.4396920E+1,-6.9188638E+0,3.8582756E+3,0.0000000E+0
13363615,1/10/2021,4:28:01 PM,1.3820621E+1,1.9483796E+0,3.8564900E+3,0.0000000E+0
13363616,1/10/2021,4:28:02 PM,9.6523304E+0,1.1582848E+1,3.8582756E+3,0.0000000E+0
13363617,1/10/2021,4:28:02 PM,5.6208773E+0,2.2283964E+1,3.8600618E+3,0.0000000E+0
13363618,1/10/2021,4:28:02 PM,9.6765941E-1,3.3654430E+1,3.8636331E+3,0.0000000E+0
13363619,1/10/2021,4:28:02 PM,-4.3509011E+0,4.5159302E+1,3.8645261E+3,0.0000000E+0
13363620,1/10/2021,4:28:02 PM,-9.8970594E+0,5.2981537E+1,3.8618474E+3,0.0000000E+0
13363621,1/10/2021,4:28:02 PM,-1.5073215E+1,6.1502663E+1,3.8654192E+3,0.0000000E+0
13363622,1/10/2021,4:28:02 PM,-2.1733784E+1,7.0131317E+1,3.8654192E+3,0.0000000E+0
13363623,1/10/2021,4:28:02 PM,-2.5112230E+1,7.7657867E+1,3.8707764E+3,0.0000000E+0
13363624,1/10/2021,4:28:02 PM,-2.9927181E+1,8.2980209E+1,3.8725625E+3,0.0000000E+0
13363625,1/10/2021,4:28:02 PM,-3.1922327E+1,8.0426559E+1,3.8627402E+3,0.0000000E+0
13363626,1/10/2021,4:28:03 PM,-3.2294754E+1,7.8759972E+1,3.8698835E+3,0.0000000E+0
13363627,1/10/2021,4:28:03 PM,-3.0432617E+1,7.3222580E+1,3.8654192E+3,0.0000000E+0
13363628,1/10/2021,4:28:03 PM,-2.5325047E+1,6.4459526E+1,3.8636331E+3,0.0000000E+0
13363629,1/10/2021,4:28:03 PM,-2.2053007E+1,5.6260963E+1,3.8636331E+3,0.0000000E+0
13363630,1/10/2021,4:28:03 PM,-2.1414560E+1,4.7927994E+1,3.8618474E+3,0.0000000E+0
13363631,1/10/2021,4:28:03 PM,-2.0217472E+1,3.7444588E+1,3.8582756E+3,0.0000000E+0
13363632,1/10/2021,4:28:03 PM,-1.9688860E+1,2.8117039E+1,3.8564900E+3,0.0000000E+0
13363633,1/10/2021,4:28:03 PM,-2.0935726E+1,2.2176441E+1,3.8573828E+3,0.0000000E+0
13363634,1/10/2021,4:28:03 PM,-2.4314171E+1,1.9134567E+1,3.8582756E+3,0.0000000E+0
13363635,1/10/2021,4:28:03 PM,-2.8916306E+1,1.4459947E+1,3.8547039E+3,0.0000000E+0
13363636,1/10/2021,4:28:04 PM,-3.5646599E+1,9.5008068E+0,3.8529182E+3,0.0000000E+0
13363637,1/10/2021,4:28:04 PM,-4.0966984E+1,5.2661510E+0,3.8502395E+3,0.0000000E+0
13363638,1/10/2021,4:28:04 PM,-4.4372032E+1,1.6112372E+0,3.8511326E+3,0.0000000E+0
13363639,1/10/2021,4:28:04 PM,-4.7697273E+1,-3.7979141E-1,3.8547039E+3,0.0000000E+0
13363640,1/10/2021,4:28:04 PM,-4.6792812E+1,-7.0730891E+0,3.8538110E+3,0.0000000E+0
13363641,1/10/2021,4:28:04 PM,-4.6500187E+1,-1.5512934E+1,3.8466677E+3,0.0000000E+0
13363642,1/10/2021,4:28:04 PM,-4.0594559E+1,-2.4622570E+1,3.8502395E+3,0.0000000E+0
13363643,1/10/2021,4:28:04 PM,-3.1523296E+1,-3.3385624E+1,3.8457749E+3,0.0000000E+0
13363644,1/10/2021,4:28:04 PM,-2.2265821E+1,-4.0186401E+1,3.8511326E+3,0.0000000E+0
13363645,1/10/2021,4:28:04 PM,-1.0604933E+1,-4.9782753E+1,3.8457749E+3,0.0000000E+0
13363646,1/10/2021,4:28:05 PM,-9.3884605E-1,-5.5777111E+1,3.8475608E+3,0.0000000E+0
13363647,1/10/2021,4:28:05 PM,5.6419291E+0,-5.9298462E+1,3.8484536E+3,0.0000000E+0
13363648,1/10/2021,4:28:05 PM,1.3378531E+1,-6.4083199E+1,3.8466677E+3,0.0000000E+0
13363649,1/10/2021,4:28:05 PM,1.8423109E+1,-6.3626228E+1,3.8529182E+3,0.0000000E+0
13363650,1/10/2021,4:28:05 PM,1.9654650E+1,-6.5131538E+1,3.8493467E+3,0.0000000E+0
13363651,1/10/2021,4:28:05 PM,2.0855919E+1,-6.7900230E+1,3.8493467E+3,0.0000000E+0
13363652,1/10/2021,4:28:05 PM,2.0102005E+1,-6.9728111E+1,3.8457749E+3,0.0000000E+0
13363653,1/10/2021,4:28:05 PM,2.1148540E+1,-7.1771027E+1,3.8475608E+3,0.0000000E+0
13363654,1/10/2021,4:28:05 PM,2.6708345E+1,-7.2873131E+1,3.8511326E+3,0.0000000E+0
13363655,1/10/2021,4:28:05 PM,2.9155724E+1,-7.5776230E+1,3.8457749E+3,0.0000000E+0
13363656,1/10/2021,4:28:06 PM,3.0406015E+1,-7.5641830E+1,3.8493467E+3,0.0000000E+0
13363657,1/10/2021,4:28:06 PM,2.9395142E+1,-7.4701004E+1,3.8466677E+3,0.0000000E+0
13363658,1/10/2021,4:28:06 PM,3.0485823E+1,-7.3948349E+1,3.8493467E+3,0.0000000E+0
13363659,1/10/2021,4:28:06 PM,2.7905434E+1,-6.9996910E+1,3.8466677E+3,0.0000000E+0
13363660,1/10/2021,4:28:06 PM,2.3063881E+1,-6.6152992E+1,3.8439893E+3,0.0000000E+0
13363661,1/10/2021,4:28:06 PM,1.6678429E+1,-5.8760853E+1,3.8448821E+3,0.0000000E+0
13363662,1/10/2021,4:28:06 PM,9.3891811E+0,-4.8519367E+1,3.8502395E+3,0.0000000E+0
13363663,1/10/2021,4:28:06 PM,8.3134705E-1,-3.7202663E+1,3.8511326E+3,0.0000000E+0
13363664,1/10/2021,4:28:06 PM,-6.9392571E+0,-2.9219141E+1,3.8493467E+3,0.0000000E+0
13363665,1/10/2021,4:28:06 PM,-1.3978512E+1,-1.8735708E+1,3.8475608E+3,0.0000000E+0
13363666,1/10/2021,4:28:07 PM,-2.0170424E+1,-6.5944586E+0,3.8547039E+3,0.0000000E+0
13363667,1/10/2021,4:28:07 PM,-2.7399996E+1,6.6183906E+0,3.8547039E+3,0.0000000E+0
13363668,1/10/2021,4:28:07 PM,-3.6976696E+1,2.0854977E+1,3.8520254E+3,0.0000000E+0
13363669,1/10/2021,4:28:07 PM,-3.9636890E+1,3.4917812E+1,3.8654192E+3,0.0000000E+0
13363670,1/10/2021,4:28:07 PM,-4.5542519E+1,4.5938835E+1,3.8609546E+3,0.0000000E+0
13363671,1/10/2021,4:28:07 PM,-5.0251060E+1,5.4486843E+1,3.8600618E+3,0.0000000E+0
13363672,1/10/2021,4:28:07 PM,-5.2405819E+1,6.0669365E+1,3.8618474E+3,0.0000000E+0
13363673,1/10/2021,4:28:07 PM,-5.5145817E+1,6.9647469E+1,3.8654192E+3,0.0000000E+0
13363674,1/10/2021,4:28:07 PM,-5.6928146E+1,7.4459084E+1,3.8654192E+3,0.0000000E+0
13363675,1/10/2021,4:28:07 PM,-5.2565430E+1,7.4969810E+1,3.8672048E+3,0.0000000E+0
13363676,1/10/2021,4:28:08 PM,-5.3576302E+1,7.6905212E+1,3.8645261E+3,0.0000000E+0
13363677,1/10/2021,4:28:08 PM,-5.3390091E+1,7.5856873E+1,3.8645261E+3,0.0000000E+0
13363678,1/10/2021,4:28:08 PM,-5.1873779E+1,7.5346138E+1,3.8654192E+3,0.0000000E+0
13363679,1/10/2021,4:28:08 PM,-4.6553391E+1,7.1771027E+1,3.8645261E+3,0.0000000E+0
13363680,1/10/2021,4:28:08 PM,-4.2350288E+1,6.5239059E+1,3.8609546E+3,0.0000000E+0
13363681,1/10/2021,4:28:08 PM,-3.3837666E+1,5.7900673E+1,3.8600618E+3,0.0000000E+0
13363682,1/10/2021,4:28:08 PM,-2.6974367E+1,5.1126774E+1,3.8618474E+3,0.0000000E+0
13363683,1/10/2021,4:28:08 PM,-1.9570442E+1,4.3304543E+1,3.8582756E+3,0.0000000E+0
13363684,1/10/2021,4:28:08 PM,-1.1262807E+1,3.5536068E+1,3.8618474E+3,0.0000000E+0
13363685,1/10/2021,4:28:08 PM,7.1634197E-1,2.4353765E+1,3.8555972E+3,0.0000000E+0
13363686,1/10/2021,4:28:09 PM,9.8391666E+0,1.6214924E+1,3.8600618E+3,0.0000000E+0
13363687,1/10/2021,4:28:09 PM,1.9130983E+1,8.6445904E+0,3.8564900E+3,0.0000000E+0
13363688,1/10/2021,4:28:09 PM,2.4633396E+1,3.9071701E+0,3.8600618E+3,0.0000000E+0
13363689,1/10/2021,4:28:09 PM,2.7506403E+1,-9.9935275E-1,3.8600618E+3,0.0000000E+0
13363690,1/10/2021,4:28:09 PM,3.0219801E+1,-6.5705276E+0,3.8600618E+3,0.0000000E+0
13363691,1/10/2021,4:28:09 PM,3.1071066E+1,-1.2433745E+1,3.8582756E+3,0.0000000E+0
13363692,1/10/2021,4:28:09 PM,2.9341938E+1,-1.7491270E+1,3.8582756E+3,0.0000000E+0
13363693,1/10/2021,4:28:09 PM,2.4526987E+1,-2.0671131E+1,3.8564900E+3,0.0000000E+0
13363694,1/10/2021,4:28:09 PM,1.7481033E+1,-2.3762394E+1,3.8582756E+3,0.0000000E+0
13363695,1/10/2021,4:28:09 PM,9.3654966E+0,-2.8439608E+1,3.8529182E+3,0.0000000E+0
13363696,1/10/2021,4:28:10 PM,5.3366756E+0,-3.8089718E+1,3.8493467E+3,0.0000000E+0
13363697,1/10/2021,4:28:10 PM,1.7538332E+0,-4.2471245E+1,3.8511326E+3,0.0000000E+0
13363698,1/10/2021,4:28:10 PM,-1.8608226E+0,-4.9218262E+1,3.8448821E+3,0.0000000E+0
13363699,1/10/2021,4:28:10 PM,-4.5197067E+0,-5.3142815E+1,3.8475608E+3,0.0000000E+0
13363700,1/10/2021,4:28:10 PM,-7.0366225E+0,-5.7228661E+1,3.8439893E+3,0.0000000E+0
13363701,1/10/2021,4:28:10 PM,-5.9313941E+0,-6.2228439E+1,3.8430964E+3,0.0000000E+0
13363702,1/10/2021,4:28:10 PM,-5.2773499E+0,-6.4325119E+1,3.8422031E+3,0.0000000E+0
13363703,1/10/2021,4:28:10 PM,-6.6734757E+0,-6.5239059E+1,3.8439893E+3,0.0000000E+0
13363704,1/10/2021,4:28:10 PM,-1.0036530E+1,-6.2120914E+1,3.8457749E+3,0.0000000E+0
13363705,1/10/2021,4:28:10 PM,-1.4117981E+1,-5.9056534E+1,3.8457749E+3,0.0000000E+0
13363706,1/10/2021,4:28:11 PM,-1.8886253E+1,-5.4836292E+1,3.8475608E+3,0.0000000E+0
13363707,1/10/2021,4:28:11 PM,-2.4659996E+1,-4.9298904E+1,3.8493467E+3,0.0000000E+0
13363708,1/10/2021,4:28:11 PM,-3.1789318E+1,-4.2847572E+1,3.8493467E+3,0.0000000E+0
13363709,1/10/2021,4:28:11 PM,-4.0488152E+1,-3.6154320E+1,3.8511326E+3,0.0000000E+0
13363710,1/10/2021,4:28:11 PM,-4.8814556E+1,-2.9353542E+1,3.8502395E+3,0.0000000E+0
13363711,1/10/2021,4:28:11 PM,-5.1448147E+1,-2.6316044E+1,3.8511326E+3,0.0000000E+0
13363712,1/10/2021,4:28:11 PM,-5.2884651E+1,-2.3547348E+1,3.8475608E+3,0.0000000E+0
13363713,1/10/2021,4:28:11 PM,-5.4773392E+1,-2.3009739E+1,3.8493467E+3,0.0000000E+0
13363714,1/10/2021,4:28:11 PM,-5.5704456E+1,-2.2740932E+1,3.8475608E+3,0.0000000E+0
13363715,1/10/2021,4:28:11 PM,-5.4294559E+1,-2.4031199E+1,3.8457749E+3,0.0000000E+0
13363716,1/10/2021,4:28:12 PM,-4.7936691E+1,-2.5563387E+1,3.8439893E+3,0.0000000E+0
13363717,1/10/2021,4:28:12 PM,-4.0541355E+1,-2.5428986E+1,3.8457749E+3,0.0000000E+0
13363718,1/10/2021,4:28:12 PM,-3.2028736E+1,-2.4515047E+1,3.8439893E+3,0.0000000E+0
13363719,1/10/2021,4:28:12 PM,-2.6867958E+1,-1.9437698E+1,3.8466677E+3,0.0000000E+0
13363720,1/10/2021,4:28:12 PM,-2.0563297E+1,-1.2542767E+1,3.8484536E+3,0.0000000E+0
13363721,1/10/2021,4:28:12 PM,-9.9391632E+0,-4.8152928E+0,3.8564900E+3,0.0000000E+0
13363722,1/10/2021,4:28:12 PM,9.5811391E-1,2.1317661E+0,3.8564900E+3,0.0000000E+0
13363723,1/10/2021,4:28:12 PM,1.0391781E+1,9.5141020E+0,3.8582756E+3,0.0000000E+0
13363724,1/10/2021,4:28:12 PM,1.6515274E+1,1.8533621E+1,3.8645261E+3,0.0000000E+0
13363725,1/10/2021,4:28:12 PM,2.0643105E+1,2.7229984E+1,3.8636331E+3,0.0000000E+0
13363726,1/10/2021,4:28:13 PM,2.6309317E+1,3.4944698E+1,3.8698835E+3,0.0000000E+0
13363727,1/10/2021,4:28:13 PM,2.8331064E+1,4.0831532E+1,3.8689907E+3,0.0000000E+0
13363728,1/10/2021,4:28:13 PM,3.0246405E+1,4.4352882E+1,3.8689907E+3,0.0000000E+0
13363729,1/10/2021,4:28:13 PM,2.9075920E+1,4.8008636E+1,3.8672048E+3,0.0000000E+0
13363730,1/10/2021,4:28:13 PM,2.7027569E+1,5.1314941E+1,3.8680977E+3,0.0000000E+0
13363731,1/10/2021,4:28:13 PM,2.6389124E+1,5.3761074E+1,3.8689907E+3,0.0000000E+0
13363732,1/10/2021,4:28:13 PM,2.5670872E+1,5.3411625E+1,3.8689907E+3,0.0000000E+0
13363733,1/10/2021,4:28:13 PM,2.4420580E+1,4.8600010E+1,3.8645261E+3,0.0000000E+0
13363734,1/10/2021,4:28:13 PM,2.1520969E+1,4.4110958E+1,3.8600618E+3,0.0000000E+0
13363735,1/10/2021,4:28:13 PM,2.0259893E+1,4.0347683E+1,3.8627402E+3,0.0000000E+0
13363736,1/10/2021,4:28:14 PM,1.9530970E+1,3.8385406E+1,3.8627402E+3,0.0000000E+0
13363737,1/10/2021,4:28:14 PM,1.7236303E+1,3.5267262E+1,3.8636331E+3,0.0000000E+0
13363738,1/10/2021,4:28:14 PM,1.7820498E+1,3.0643808E+1,3.8618474E+3,0.0000000E+0
13363739,1/10/2021,4:28:14 PM,1.4049562E+1,2.6047239E+1,3.8600618E+3,0.0000000E+0
13363740,1/10/2021,4:28:14 PM,7.9418573E+0,2.2633411E+1,3.8609546E+3,0.0000000E+0
13363741,1/10/2021,4:28:14 PM,1.7776086E+0,1.8714436E+1,3.8600618E+3,0.0000000E+0
13363742,1/10/2021,4:28:14 PM,-4.7043624E+0,1.5369343E+1,3.8609546E+3,0.0000000E+0
13363743,1/10/2021,4:28:14 PM,-1.0983868E+1,1.1372783E+1,3.8636331E+3,0.0000000E+0
13363744,1/10/2021,4:28:14 PM,-1.8238905E+1,4.0473123E+0,3.8573828E+3,0.0000000E+0
13363745,1/10/2021,4:28:14 PM,-3.0006989E+1,-2.2094450E+0,3.8529182E+3,0.0000000E+0
13363746,1/10/2021,4:28:15 PM,-4.0142326E+1,-8.9530411E+0,3.8511326E+3,0.0000000E+0
13363747,1/10/2021,4:28:15 PM,-5.1022518E+1,-1.3789865E+1,3.8511326E+3,0.0000000E+0
13363748,1/10/2021,4:28:15 PM,-5.9402126E+1,-2.0216803E+1,3.8493467E+3,0.0000000E+0
13363749,1/10/2021,4:28:15 PM,-6.8393585E+1,-2.7606310E+1,3.8466677E+3,0.0000000E+0
13363750,1/10/2021,4:28:15 PM,-7.8183098E+1,-3.5186623E+1,3.8404175E+3,0.0000000E+0
13363751,1/10/2021,4:28:15 PM,-8.5498627E+1,-4.3358303E+1,3.8368457E+3,0.0000000E+0
13363752,1/10/2021,4:28:15 PM,-8.7626785E+1,-5.0616047E+1,3.8368457E+3,0.0000000E+0
13363753,1/10/2021,4:28:15 PM,-8.8185425E+1,-5.5024452E+1,3.8350601E+3,0.0000000E+0
13363754,1/10/2021,4:28:15 PM,-8.4860184E+1,-5.8330761E+1,3.8386318E+3,0.0000000E+0
13363755,1/10/2021,4:28:15 PM,-8.3476883E+1,-5.9782310E+1,3.8368457E+3,0.0000000E+0
13363756,1/10/2021,4:28:16 PM,-7.7385040E+1,-5.9836071E+1,3.8359529E+3,0.0000000E+0
13363757,1/10/2021,4:28:16 PM,-6.7329506E+1,-5.8384521E+1,3.8386318E+3,0.0000000E+0
13363758,1/10/2021,4:28:16 PM,-5.6874943E+1,-5.4916935E+1,3.8395247E+3,0.0000000E+0
13363759,1/10/2021,4:28:16 PM,-4.7191837E+1,-4.6987175E+1,3.8484536E+3,0.0000000E+0
13363760,1/10/2021,4:28:16 PM,-3.9344265E+1,-3.9057415E+1,3.8502395E+3,0.0000000E+0
13363761,1/10/2021,4:28:16 PM,-3.1709511E+1,-3.2471687E+1,3.8511326E+3,0.0000000E+0
13363762,1/10/2021,4:28:16 PM,-2.4739801E+1,-2.8036398E+1,3.8493467E+3,0.0000000E+0
13363763,1/10/2021,4:28:16 PM,-1.4965322E+1,-2.1988277E+1,3.8547039E+3,0.0000000E+0
13363764,1/10/2021,4:28:16 PM,-3.7477982E+0,-1.5358708E+1,3.8609546E+3,0.0000000E+0
13363765,1/10/2021,4:28:16 PM,5.7761354E+0,-1.1306306E+1,3.8582756E+3,0.0000000E+0
13363766,1/10/2021,4:28:17 PM,1.4217978E+1,-8.3653898E+0,3.8600618E+3,0.0000000E+0
13363767,1/10/2021,4:28:17 PM,2.3356503E+1,-7.5570374E+0,3.8600618E+3,0.0000000E+0
13363768,1/10/2021,4:28:17 PM,3.4396305E+1,-9.2056513E+0,3.8582756E+3,0.0000000E+0
13363769,1/10/2021,4:28:17 PM,4.3520771E+1,-9.1099262E+0,3.8600618E+3,0.0000000E+0
13363770,1/10/2021,4:28:17 PM,5.0304268E+1,-9.3040371E+0,3.8618474E+3,0.0000000E+0
13363771,1/10/2021,4:28:17 PM,5.5624653E+1,-1.0500612E+1,3.8600618E+3,0.0000000E+0
13363772,1/10/2021,4:28:17 PM,5.6795135E+1,-1.2016274E+1,3.8582756E+3,0.0000000E+0
13363773,1/10/2021,4:28:17 PM,5.7859219E+1,-1.2561380E+1,3.8582756E+3,0.0000000E+0
13363774,1/10/2021,4:28:17 PM,5.8923290E+1,-1.2928330E+1,3.8582756E+3,0.0000000E+0
13363775,1/10/2021,4:28:17 PM,5.9721352E+1,-1.1519031E+1,3.8609546E+3,0.0000000E+0
13363776,1/10/2021,4:28:18 PM,5.7353779E+1,-1.1298328E+1,3.8582756E+3,0.0000000E+0
13363777,1/10/2021,4:28:18 PM,5.1793972E+1,-9.0274954E+0,3.8573828E+3,0.0000000E+0
13363778,1/10/2021,4:28:18 PM,4.7165237E+1,-6.0759430E+0,3.8573828E+3,0.0000000E+0
13363779,1/10/2021,4:28:18 PM,4.4797665E+1,-3.9448082E+0,3.8600618E+3,0.0000000E+0
13363780,1/10/2021,4:28:18 PM,4.1073395E+1,1.1201713E-1,3.8618474E+3,0.0000000E+0
13363781,1/10/2021,4:28:18 PM,3.5114559E+1,1.6520786E+0,3.8555972E+3,0.0000000E+0
13363782,1/10/2021,4:28:18 PM,2.9927181E+1,3.0478971E+0,3.8582756E+3,0.0000000E+0
13363783,1/10/2021,4:28:18 PM,2.6575336E+1,6.0759430E+0,3.8582756E+3,0.0000000E+0
13363784,1/10/2021,4:28:18 PM,2.3702328E+1,8.0250311E+0,3.8564900E+3,0.0000000E+0
13363785,1/10/2021,4:28:18 PM,2.6335918E+1,9.8491430E+0,3.8618474E+3,0.0000000E+0
13363786,1/10/2021,4:28:19 PM,2.0350483E+1,1.4295085E+1,3.8618474E+3,0.0000000E+0
13363787,1/10/2021,4:28:19 PM,3.1026919E+0,2.0966816E+1,3.8529182E+3,0.0000000E+0
13363788,1/10/2021,4:28:19 PM,-1.1612796E+1,2.7525667E+1,3.8564900E+3,0.0000000E+0
13363789,1/10/2021,4:28:19 PM,-2.2159414E+1,3.8761734E+1,3.8672048E+3,0.0000000E+0
13363790,1/10/2021,4:28:19 PM,-3.2188347E+1,4.6180759E+1,3.8654192E+3,0.0000000E+0
13363791,1/10/2021,4:28:19 PM,-4.2190674E+1,4.6557087E+1,3.8547039E+3,0.0000000E+0
13363792,1/10/2021,4:28:19 PM,-6.2434746E+1,5.3841709E+1,3.8582756E+3,0.0000000E+0
13363793,1/10/2021,4:28:19 PM,-7.8927956E+1,5.9647907E+1,3.8627402E+3,0.0000000E+0
13363794,1/10/2021,4:28:19 PM,-8.7254364E+1,6.2147797E+1,3.8582756E+3,0.0000000E+0
13363795,1/10/2021,4:28:19 PM,-9.2601349E+1,6.0776894E+1,3.8654192E+3,0.0000000E+0
13363796,1/10/2021,4:28:20 PM,-9.5660568E+1,5.1745033E+1,3.8511326E+3,0.0000000E+0
13363797,1/10/2021,4:28:20 PM,-9.8560181E+1,4.5616268E+1,3.8529182E+3,0.0000000E+0
13363798,1/10/2021,4:28:20 PM,-1.0023610E+2,4.1127220E+1,3.8564900E+3,0.0000000E+0
13363799,1/10/2021,4:28:20 PM,-9.8613380E+1,3.4407085E+1,3.8547039E+3,0.0000000E+0
13363800,1/10/2021,4:28:20 PM,-9.1430862E+1,2.3278543E+1,3.8564900E+3,0.0000000E+0
13363801,1/10/2021,4:28:20 PM,-8.3769501E+1,1.2260907E+1,3.8529182E+3,0.0000000E+0
13363802,1/10/2021,4:28:20 PM,-7.9672806E+1,2.0356684E+0,3.8511326E+3,0.0000000E+0
13363803,1/10/2021,4:28:20 PM,-7.8395912E+1,-8.2670050E+0,3.8430964E+3,0.0000000E+0
13363804,1/10/2021,4:28:20 PM,-7.3181931E+1,-1.6385103E+1,3.8538110E+3,0.0000000E+0
13363805,1/10/2021,4:28:20 PM,-6.9165047E+1,-2.4380646E+1,3.8484536E+3,0.0000000E+0
13363806,1/10/2021,4:28:21 PM,-7.2410477E+1,-3.3063061E+1,3.8448821E+3,0.0000000E+0
13363807,1/10/2021,4:28:21 PM,-7.5709114E+1,-3.7202663E+1,3.8422031E+3,0.0000000E+0
13363808,1/10/2021,4:28:21 PM,-7.3979996E+1,-4.4514164E+1,3.8439893E+3,0.0000000E+0
13363809,1/10/2021,4:28:21 PM,-6.7063484E+1,-5.4755650E+1,3.8422031E+3,0.0000000E+0
13363810,1/10/2021,4:28:21 PM,-5.4826595E+1,-6.3303658E+1,3.8368457E+3,0.0000000E+0
13363811,1/10/2021,4:28:21 PM,-4.4638054E+1,-7.1421577E+1,3.8386318E+3,0.0000000E+0
13363812,1/10/2021,4:28:21 PM,-3.4023880E+1,-7.5749344E+1,3.8359529E+3,0.0000000E+0
13363813,1/10/2021,4:28:21 PM,-1.9924850E+1,-7.8706207E+1,3.8395247E+3,0.0000000E+0
13363814,1/10/2021,4:28:21 PM,8.5702366E-1,-8.2281319E+1,3.8448821E+3,0.0000000E+0
13363815,1/10/2021,4:28:21 PM,2.0988930E+1,-8.4808090E+1,3.8439893E+3,0.0000000E+0
13363816,1/10/2021,4:28:22 PM,4.0860577E+1,-8.9001457E+1,3.8422031E+3,0.0000000E+0
13363817,1/10/2021,4:28:22 PM,5.8763683E+1,-8.7872467E+1,3.8484536E+3,0.0000000E+0
13363818,1/10/2021,4:28:22 PM,7.6001740E+1,-8.4539284E+1,3.8529182E+3,0.0000000E+0
13363819,1/10/2021,4:28:22 PM,9.1244652E+1,-8.0345917E+1,3.8529182E+3,0.0000000E+0
13363820,1/10/2021,4:28:22 PM,1.0268349E+2,-7.5319260E+1,3.8582756E+3,0.0000000E+0
13363821,1/10/2021,4:28:22 PM,1.0752503E+2,-6.7147575E+1,3.8502395E+3,0.0000000E+0
13363822,1/10/2021,4:28:22 PM,1.0680678E+2,-5.6099678E+1,3.8591685E+3,0.0000000E+0
13363823,1/10/2021,4:28:22 PM,1.0632795E+2,-4.1826115E+1,3.8627402E+3,0.0000000E+0
13363824,1/10/2021,4:28:22 PM,1.0265688E+2,-2.7901995E+1,3.8645261E+3,0.0000000E+0
13363825,1/10/2021,4:28:22 PM,9.5022125E+1,-1.6518057E+1,3.8654192E+3,0.0000000E+0
13363826,1/10/2021,4:28:23 PM,8.4833580E+1,-7.9612136E+0,3.8564900E+3,0.0000000E+0
13363827,1/10/2021,4:28:23 PM,7.0255722E+1,4.2595282E+0,3.8600618E+3,0.0000000E+0
13363828,1/10/2021,4:28:23 PM,5.8098633E+1,1.8791548E+1,3.8654192E+3,0.0000000E+0
13363829,1/10/2021,4:28:23 PM,5.4693584E+1,2.8789055E+1,3.8654192E+3,0.0000000E+0
13363830,1/10/2021,4:28:23 PM,3.9902908E+1,3.9003658E+1,3.8672048E+3,0.0000000E+0
13363831,1/10/2021,4:28:23 PM,2.9208929E+1,4.7148457E+1,3.8672048E+3,0.0000000E+0
13363832,1/10/2021,4:28:23 PM,2.3808735E+1,5.2927776E+1,3.8672048E+3,0.0000000E+0
13363833,1/10/2021,4:28:23 PM,8.0944843E+0,6.1637066E+1,3.8600618E+3,0.0000000E+0
13363834,1/10/2021,4:28:23 PM,3.9855428E-2,6.9593704E+1,3.8779199E+3,0.0000000E+0
13363835,1/10/2021,4:28:23 PM,-6.8024197E+0,7.4109634E+1,3.8663120E+3,0.0000000E+0
13363836,1/10/2021,4:28:24 PM,-1.5891610E+1,7.1771027E+1,3.8689907E+3,0.0000000E+0
13363837,1/10/2021,4:28:24 PM,-2.0536697E+1,7.2174240E+1,3.8761338E+3,0.0000000E+0
13363838,1/10/2021,4:28:24 PM,-4.2164074E+1,7.2577446E+1,3.8627402E+3,0.0000000E+0
13363839,1/10/2021,4:28:24 PM,-5.7460190E+1,6.4970253E+1,3.8582756E+3,0.0000000E+0
13363840,1/10/2021,4:28:24 PM,-6.7888145E+1,6.1610188E+1,3.8618474E+3,0.0000000E+0
13363841,1/10/2021,4:28:24 PM,-7.6480576E+1,5.7121136E+1,3.8672048E+3,0.0000000E+0
13363842,1/10/2021,4:28:24 PM,-7.7305229E+1,4.0777771E+1,3.8529182E+3,0.0000000E+0
13363843,1/10/2021,4:28:24 PM,-8.8291832E+1,2.8224562E+1,3.8422031E+3,0.0000000E+0
13363844,1/10/2021,4:28:24 PM,-9.8267555E+1,1.9296768E+1,3.8493467E+3,0.0000000E+0
13363845,1/10/2021,4:28:24 PM,-9.8613380E+1,1.1173353E+1,3.8475608E+3,0.0000000E+0
13363846,1/10/2021,4:28:25 PM,-9.9863678E+1,2.6835268E+0,3.8422031E+3,0.0000000E+0
13363847,1/10/2021,4:28:25 PM,-1.0034251E+2,-4.6150894E+0,3.8475608E+3,0.0000000E+0
13363848,1/10/2021,4:28:25 PM,-1.0100755E+2,-1.0718655E+1,3.8359529E+3,0.0000000E+0
13363849,1/10/2021,4:28:25 PM,-9.7097076E+1,-1.5587386E+1,3.8422031E+3,0.0000000E+0
13363850,1/10/2021,4:28:25 PM,-9.4277267E+1,-1.5512934E+1,3.8466677E+3,0.0000000E+0
13363851,1/10/2021,4:28:25 PM,-8.6589310E+1,-1.9185089E+1,3.8448821E+3,0.0000000E+0
13363852,1/10/2021,4:28:25 PM,-7.3660767E+1,-2.1504427E+1,3.8502395E+3,0.0000000E+0
13363853,1/10/2021,4:28:25 PM,-6.7542320E+1,-2.2579651E+1,3.8466677E+3,0.0000000E+0
13363854,1/10/2021,4:28:25 PM,-5.9827759E+1,-2.5321463E+1,3.8475608E+3,0.0000000E+0
13363855,1/10/2021,4:28:25 PM,-5.2618633E+1,-2.6907415E+1,3.8493467E+3,0.0000000E+0
13363856,1/10/2021,4:28:26 PM,-4.4052811E+1,-2.7794472E+1,3.8511326E+3,0.0000000E+0
13363857,1/10/2021,4:28:26 PM,-3.1124268E+1,-3.0939497E+1,3.8547039E+3,0.0000000E+0
13363858,1/10/2021,4:28:26 PM,-2.4260967E+1,-3.5509186E+1,3.8484536E+3,0.0000000E+0
13363859,1/10/2021,4:28:26 PM,-1.9702017E+1,-3.7794033E+1,3.8493467E+3,0.0000000E+0
13363860,1/10/2021,4:28:26 PM,-1.7078415E+1,-3.9111179E+1,3.8493467E+3,0.0000000E+0
13363861,1/10/2021,4:28:26 PM,-1.1489115E+1,-4.1019699E+1,3.8475608E+3,0.0000000E+0
13363862,1/10/2021,4:28:26 PM,5.8787637E+0,-4.9325783E+1,3.8511326E+3,0.0000000E+0
13363863,1/10/2021,4:28:26 PM,1.4973217E+1,-5.1718151E+1,3.8457749E+3,0.0000000E+0
13363864,1/10/2021,4:28:26 PM,1.8707312E+1,-5.1664391E+1,3.8457749E+3,0.0000000E+0
13363865,1/10/2021,4:28:26 PM,2.1334755E+1,-4.7927994E+1,3.8502395E+3,0.0000000E+0
13363866,1/10/2021,4:28:27 PM,2.4074755E+1,-4.1826115E+1,3.8538110E+3,0.0000000E+0
13363867,1/10/2021,4:28:27 PM,3.0831648E+1,-3.8573566E+1,3.8520254E+3,0.0000000E+0
13363868,1/10/2021,4:28:27 PM,4.0115723E+1,-3.9218700E+1,3.8511326E+3,0.0000000E+0
13363869,1/10/2021,4:28:27 PM,4.8920967E+1,-3.3385624E+1,3.8555972E+3,0.0000000E+0
13363870,1/10/2021,4:28:27 PM,5.0570286E+1,-2.6047239E+1,3.8618474E+3,0.0000000E+0
13363871,1/10/2021,4:28:27 PM,5.0676693E+1,-2.0035986E+1,3.8582756E+3,0.0000000E+0
13363872,1/10/2021,4:28:27 PM,5.6316303E+1,-1.7969900E+1,3.8627402E+3,0.0000000E+0
13363873,1/10/2021,4:28:27 PM,5.9508537E+1,-1.8108171E+1,3.8573828E+3,0.0000000E+0
13363874,1/10/2021,4:28:27 PM,6.2860378E+1,-1.7347681E+1,3.8609546E+3,0.0000000E+0
13363875,1/10/2021,4:28:27 PM,6.4908730E+1,-1.4911986E+1,3.8618474E+3,0.0000000E+0
13363876,1/10/2021,4:28:28 PM,6.1157856E+1,-1.1176012E+1,3.8636331E+3,0.0000000E+0
13363877,1/10/2021,4:28:28 PM,5.9960766E+1,-1.1636029E+1,3.8618474E+3,0.0000000E+0
13363878,1/10/2021,4:28:28 PM,5.9136108E+1,-1.4459947E+1,3.8555972E+3,0.0000000E+0
13363879,1/10/2021,4:28:28 PM,5.3789120E+1,-1.3460141E+1,3.8555972E+3,0.0000000E+0
13363880,1/10/2021,4:28:28 PM,4.8787956E+1,-1.0567089E+1,3.8538110E+3,0.0000000E+0
13363881,1/10/2021,4:28:28 PM,4.0328537E+1,-2.2294652E+0,3.8618474E+3,0.0000000E+0
13363882,1/10/2021,4:28:28 PM,2.7533005E+1,5.5414729E+0,3.8600618E+3,0.0000000E+0
13363883,1/10/2021,4:28:28 PM,1.5094266E+1,1.0657496E+1,3.8564900E+3,0.0000000E+0
13363884,1/10/2021,4:28:28 PM,4.2859149E+0,1.6220242E+1,3.8529182E+3,0.0000000E+0
13363885,1/10/2021,4:28:28 PM,-5.4897432E+0,2.4541929E+1,3.8564900E+3,0.0000000E+0
13363886,1/10/2021,4:28:29 PM,-1.8278378E+1,3.5724232E+1,3.8618474E+3,0.0000000E+0
13363887,1/10/2021,4:28:29 PM,-2.9288733E+1,4.3304543E+1,3.8636331E+3,0.0000000E+0
13363888,1/10/2021,4:28:29 PM,-3.4954948E+1,4.6368923E+1,3.8654192E+3,0.0000000E+0
13363889,1/10/2021,4:28:29 PM,-4.2536499E+1,4.8116158E+1,3.8636331E+3,0.0000000E+0
13363890,1/10/2021,4:28:29 PM,-5.1554558E+1,4.7659191E+1,3.8547039E+3,0.0000000E+0
13363891,1/10/2021,4:28:29 PM,-5.7460190E+1,4.8169918E+1,3.8600618E+3,0.0000000E+0
13363892,1/10/2021,4:28:29 PM,-6.4669312E+1,5.0777328E+1,3.8698835E+3,0.0000000E+0
13363893,1/10/2021,4:28:29 PM,-6.2009121E+1,4.2686291E+1,3.8618474E+3,0.0000000E+0
13363894,1/10/2021,4:28:29 PM,-6.3419022E+1,3.0052437E+1,3.8466677E+3,0.0000000E+0
13363895,1/10/2021,4:28:29 PM,-7.0441933E+1,2.4891376E+1,3.8529182E+3,0.0000000E+0
13363896,1/10/2021,4:28:30 PM,-7.6533775E+1,2.2176441E+1,3.8538110E+3,0.0000000E+0
13363897,1/10/2021,4:28:30 PM,-7.9087563E+1,1.9509495E+1,3.8529182E+3,0.0000000E+0
13363898,1/10/2021,4:28:30 PM,-8.1827560E+1,1.3832409E+1,3.8547039E+3,0.0000000E+0
13363899,1/10/2021,4:28:30 PM,-8.1987175E+1,3.9520154E+0,3.8395247E+3,0.0000000E+0
13363900,1/10/2021,4:28:30 PM,-8.1747757E+1,-1.1151038E+0,3.8475608E+3,0.0000000E+0
13363901,1/10/2021,4:28:30 PM,-8.2944839E+1,-8.4092861E-1,3.8493467E+3,0.0000000E+0
13363902,1/10/2021,4:28:30 PM,-8.0949699E+1,-4.1818490E+0,3.8502395E+3,0.0000000E+0
13363903,1/10/2021,4:28:30 PM,-7.3474556E+1,-1.0088458E+1,3.8475608E+3,0.0000000E+0
13363904,1/10/2021,4:28:30 PM,-6.5493973E+1,-1.6217583E+1,3.8484536E+3,0.0000000E+0
13363905,1/10/2021,4:28:30 PM,-5.7779411E+1,-2.1343145E+1,3.8475608E+3,0.0000000E+0
13363906,1/10/2021,4:28:31 PM,-5.3363487E+1,-2.4945135E+1,3.8475608E+3,0.0000000E+0
13363907,1/10/2021,4:28:31 PM,-4.5648926E+1,-2.7283743E+1,3.8511326E+3,0.0000000E+0
13363908,1/10/2021,4:28:31 PM,-3.8147179E+1,-3.0590050E+1,3.8555972E+3,0.0000000E+0
13363909,1/10/2021,4:28:31 PM,-2.8277861E+1,-3.8573566E+1,3.8457749E+3,0.0000000E+0
13363910,1/10/2021,4:28:31 PM,-2.0802715E+1,-4.3895912E+1,3.8475608E+3,0.0000000E+0
13363911,1/10/2021,4:28:31 PM,-1.7073151E+1,-4.5105537E+1,3.8511326E+3,0.0000000E+0
13363912,1/10/2021,4:28:31 PM,-1.3560103E+1,-5.0078438E+1,3.8439893E+3,0.0000000E+0
13363913,1/10/2021,4:28:31 PM,-4.2280612E+0,-5.4218040E+1,3.8475608E+3,0.0000000E+0
13363914,1/10/2021,4:28:31 PM,8.4839458E+0,-6.0212399E+1,3.8484536E+3,0.0000000E+0
13363915,1/10/2021,4:28:31 PM,1.9746752E+1,-6.6152992E+1,3.8404175E+3,0.0000000E+0
13363916,1/10/2021,4:28:32 PM,2.3649124E+1,-6.4755203E+1,3.8475608E+3,0.0000000E+0
13363917,1/10/2021,4:28:32 PM,2.7107376E+1,-6.1233860E+1,3.8475608E+3,0.0000000E+0
13363918,1/10/2021,4:28:32 PM,3.4263298E+1,-5.9217819E+1,3.8502395E+3,0.0000000E+0
13363919,1/10/2021,4:28:32 PM,4.4930676E+1,-5.7551224E+1,3.8475608E+3,0.0000000E+0
13363920,1/10/2021,4:28:32 PM,5.2379219E+1,-5.3492264E+1,3.8511326E+3,0.0000000E+0
13363921,1/10/2021,4:28:32 PM,5.5039410E+1,-4.5965714E+1,3.8538110E+3,0.0000000E+0
13363922,1/10/2021,4:28:32 PM,5.3709312E+1,-3.6718811E+1,3.8493467E+3,0.0000000E+0
13363923,1/10/2021,4:28:32 PM,5.3390091E+1,-2.5455868E+1,3.8636331E+3,0.0000000E+0
13363924,1/10/2021,4:28:32 PM,5.7885815E+1,-1.7398203E+1,3.8582756E+3,0.0000000E+0
13363925,1/10/2021,4:28:32 PM,6.0971645E+1,-1.0952651E+1,3.8591685E+3,0.0000000E+0
13363926,1/10/2021,4:28:33 PM,5.7912418E+1,8.5399723E-1,3.8645261E+3,0.0000000E+0
13363927,1/10/2021,4:28:33 PM,4.8016499E+1,1.1564234E+1,3.8618474E+3,0.0000000E+0
13363928,1/10/2021,4:28:33 PM,4.1046791E+1,2.2902216E+1,3.8654192E+3,0.0000000E+0
13363929,1/10/2021,4:28:33 PM,3.6072227E+1,3.2391045E+1,3.8680977E+3,0.0000000E+0
13363930,1/10/2021,4:28:33 PM,2.9208929E+1,3.9648788E+1,3.8654192E+3,0.0000000E+0
13363931,1/10/2021,4:28:33 PM,2.1095337E+1,4.7739830E+1,3.8672048E+3,0.0000000E+0
13363932,1/10/2021,4:28:33 PM,6.8892589E+0,5.5051334E+1,3.8663120E+3,0.0000000E+0
13363933,1/10/2021,4:28:33 PM,-6.5576901E+0,6.2524120E+1,3.8672048E+3,0.0000000E+0
13363934,1/10/2021,4:28:33 PM,-1.3725887E+1,6.4808975E+1,3.8689907E+3,0.0000000E+0
13363935,1/10/2021,4:28:33 PM,-2.4314171E+1,6.6771248E+1,3.8654192E+3,0.0000000E+0
13363936,1/10/2021,4:28:34 PM,-3.6817085E+1,6.7980873E+1,3.8645261E+3,0.0000000E+0
13363937,1/10/2021,4:28:34 PM,-4.6606598E+1,6.5212181E+1,3.8627402E+3,0.0000000E+0
13363938,1/10/2021,4:28:34 PM,-5.7327179E+1,6.2443485E+1,3.8636331E+3,0.0000000E+0
13363939,1/10/2021,4:28:34 PM,-6.7622131E+1,5.6717930E+1,3.8600618E+3,0.0000000E+0
13363940,1/10/2021,4:28:34 PM,-7.2809509E+1,4.6557087E+1,3.8582756E+3,0.0000000E+0
13363941,1/10/2021,4:28:34 PM,-7.4192802E+1,3.4299561E+1,3.8538110E+3,0.0000000E+0
13363942,1/10/2021,4:28:34 PM,-7.2064651E+1,2.0886175E+1,3.8511326E+3,0.0000000E+0
13363943,1/10/2021,4:28:34 PM,-6.9803482E+1,1.1697187E+1,3.8529182E+3,0.0000000E+0
13363944,1/10/2021,4:28:34 PM,-7.0628143E+1,3.2008524E+0,3.8529182E+3,0.0000000E+0
13363945,1/10/2021,4:28:34 PM,-6.6451645E+1,-1.0104413E+1,3.8430964E+3,0.0000000E+0
13363946,1/10/2021,4:28:35 PM,-5.7380383E+1,-2.2310844E+1,3.8439893E+3,0.0000000E+0
13363947,1/10/2021,4:28:35 PM,-4.8255917E+1,-3.1934074E+1,3.8422031E+3,0.0000000E+0
13363948,1/10/2021,4:28:35 PM,-3.8413200E+1,-3.8519806E+1,3.8439893E+3,0.0000000E+0
13363949,1/10/2021,4:28:35 PM,-2.9395142E+1,-4.3385185E+1,3.8475608E+3,0.0000000E+0
13363950,1/10/2021,4:28:35 PM,-2.1520969E+1,-4.7954872E+1,3.8475608E+3,0.0000000E+0
13363951,1/10/2021,4:28:35 PM,-1.0657562E+1,-5.6449123E+1,3.8457749E+3,0.0000000E+0
13363952,1/10/2021,4:28:35 PM,4.8937731E+0,-6.4916489E+1,3.8422031E+3,0.0000000E+0
13363953,1/10/2021,4:28:35 PM,1.5354785E+1,-6.6905647E+1,3.8493467E+3,0.0000000E+0
13363954,1/10/2021,4:28:35 PM,2.1175144E+1,-6.8061516E+1,3.8511326E+3,0.0000000E+0
13363955,1/10/2021,4:28:35 PM,2.6123102E+1,-6.9674347E+1,3.8484536E+3,0.0000000E+0
13363956,1/10/2021,4:28:36 PM,3.3092812E+1,-7.1986069E+1,3.8475608E+3,0.0000000E+0
13363957,1/10/2021,4:28:36 PM,3.9796501E+1,-7.2604324E+1,3.8493467E+3,0.0000000E+0
13363958,1/10/2021,4:28:36 PM,4.1711838E+1,-6.9970032E+1,3.8475608E+3,0.0000000E+0
13363959,1/10/2021,4:28:36 PM,3.7615139E+1,-6.1448902E+1,3.8493467E+3,0.0000000E+0
13363960,1/10/2021,4:28:36 PM,2.9395142E+1,-5.1341820E+1,3.8493467E+3,0.0000000E+0
13363961,1/10/2021,4:28:36 PM,2.5830482E+1,-4.3062618E+1,3.8511326E+3,0.0000000E+0
13363962,1/10/2021,4:28:36 PM,2.4526987E+1,-3.4649010E+1,3.8493467E+3,0.0000000E+0
13363963,1/10/2021,4:28:36 PM,1.6870527E+1,-2.5778433E+1,3.8466677E+3,0.0000000E+0
13363964,1/10/2021,4:28:36 PM,7.7392321E+0,-1.2117318E+1,3.8538110E+3,0.0000000E+0
13363965,1/10/2021,4:28:36 PM,-3.1494503E+0,3.5580151E+0,3.8547039E+3,0.0000000E+0
13363966,1/10/2021,4:28:37 PM,-9.3076038E+0,1.7398203E+1,3.8600618E+3,0.0000000E+0
13363967,1/10/2021,4:28:37 PM,-1.2031203E+1,2.8412724E+1,3.8609546E+3,0.0000000E+0
13363968,1/10/2021,4:28:37 PM,-1.7994177E+1,3.9353104E+1,3.8582756E+3,0.0000000E+0
13363969,1/10/2021,4:28:37 PM,-2.5325047E+1,5.2443928E+1,3.8654192E+3,0.0000000E+0
13363970,1/10/2021,4:28:37 PM,-3.7482132E+1,6.6529327E+1,3.8680977E+3,0.0000000E+0
13363971,1/10/2021,4:28:37 PM,-4.4052811E+1,7.6824570E+1,3.8761338E+3,0.0000000E+0
13363972,1/10/2021,4:28:37 PM,-4.7457859E+1,8.0426559E+1,3.8725625E+3,0.0000000E+0
13363973,1/10/2021,4:28:37 PM,-5.2299412E+1,7.8007317E+1,3.8689907E+3,0.0000000E+0
13363974,1/10/2021,4:28:37 PM,-5.8311447E+1,7.4028992E+1,3.8672048E+3,0.0000000E+0
13363975,1/10/2021,4:28:37 PM,-6.6983681E+1,6.7470139E+1,3.8618474E+3,0.0000000E+0
13363976,1/10/2021,4:28:38 PM,-7.1665619E+1,6.0991936E+1,3.8672048E+3,0.0000000E+0
13363977,1/10/2021,4:28:38 PM,-7.0069504E+1,4.9728989E+1,3.8618474E+3,0.0000000E+0
13363978,1/10/2021,4:28:38 PM,-6.6691055E+1,3.2175999E+1,3.8538110E+3,0.0000000E+0
13363979,1/10/2021,4:28:38 PM,-6.4483101E+1,1.6265446E+1,3.8484536E+3,0.0000000E+0
13363980,1/10/2021,4:28:38 PM,-6.5041740E+1,4.2186866E+0,3.8430964E+3,0.0000000E+0
13363981,1/10/2021,4:28:38 PM,-6.0067177E+1,-5.4014883E+0,3.8493467E+3,0.0000000E+0
13363982,1/10/2021,4:28:38 PM,-5.0969315E+1,-1.6810551E+1,3.8457749E+3,0.0000000E+0
13363983,1/10/2021,4:28:38 PM,-4.3839993E+1,-2.7203100E+1,3.8430964E+3,0.0000000E+0
13363984,1/10/2021,4:28:38 PM,-3.6019024E+1,-3.6611290E+1,3.8404175E+3,0.0000000E+0
13363985,1/10/2021,4:28:38 PM,-2.7000967E+1,-4.2793812E+1,3.8439893E+3,0.0000000E+0
13363986,1/10/2021,4:28:39 PM,-1.8557316E+1,-4.3385185E+1,3.8502395E+3,0.0000000E+0
13363987,1/10/2021,4:28:39 PM,-1.0604933E+1,-4.6745251E+1,3.8502395E+3,0.0000000E+0
13363988,1/10/2021,4:28:39 PM,1.6707607E-1,-5.2443928E+1,3.8502395E+3,0.0000000E+0
13363989,1/10/2021,4:28:39 PM,8.0418549E+0,-5.5965275E+1,3.8493467E+3,0.0000000E+0
13363990,1/10/2021,4:28:39 PM,1.4696910E+1,-6.0373680E+1,3.8466677E+3,0.0000000E+0
13363991,1/10/2021,4:28:39 PM,2.1254950E+1,-5.9862953E+1,3.8547039E+3,0.0000000E+0
13363992,1/10/2021,4:28:39 PM,2.8065044E+1,-6.1556423E+1,3.8511326E+3,0.0000000E+0
13363993,1/10/2021,4:28:39 PM,3.5327374E+1,-6.5400337E+1,3.8502395E+3,0.0000000E+0
13363994,1/10/2021,4:28:39 PM,4.2350288E+1,-6.8518486E+1,3.8475608E+3,0.0000000E+0
13363995,1/10/2021,4:28:39 PM,4.7138634E+1,-6.9970032E+1,3.8457749E+3,0.0000000E+0
13363996,1/10/2021,4:28:40 PM,5.2326012E+1,-6.6717484E+1,3.8493467E+3,0.0000000E+0
13363997,1/10/2021,4:28:40 PM,5.6023685E+1,-6.2335960E+1,3.8511326E+3,0.0000000E+0
13363998,1/10/2021,4:28:40 PM,5.9136108E+1,-5.8277004E+1,3.8493467E+3,0.0000000E+0
13363999,1/10/2021,4:28:40 PM,6.0333199E+1,-5.3492264E+1,3.8439893E+3,0.0000000E+0
13364000,1/10/2021,4:28:40 PM,5.9535141E+1,-4.5320583E+1,3.8484536E+3,0.0000000E+0
13364001,1/10/2021,4:28:40 PM,5.4374367E+1,-3.0912617E+1,3.8511326E+3,0.0000000E+0
13364002,1/10/2021,4:28:40 PM,4.6659798E+1,-1.3566504E+1,3.8582756E+3,0.0000000E+0
13364003,1/10/2021,4:28:40 PM,3.9131451E+1,3.3113644E+0,3.8636331E+3,0.0000000E+0
13364004,1/10/2021,4:28:40 PM,3.2826794E+1,1.7174841E+1,3.8609546E+3,0.0000000E+0
13364005,1/10/2021,4:28:40 PM,2.5351648E+1,3.1181421E+1,3.8609546E+3,0.0000000E+0
13364006,1/10/2021,4:28:41 PM,1.8907305E+1,4.6422684E+1,3.8698835E+3,0.0000000E+0
13364007,1/10/2021,4:28:41 PM,1.2283828E+1,6.1018814E+1,3.8743481E+3,0.0000000E+0
13364008,1/10/2021,4:28:41 PM,4.6686993E+0,7.1744148E+1,3.8725625E+3,0.0000000E+0
13364009,1/10/2021,4:28:41 PM,-2.5241568E+0,7.7066490E+1,3.8743481E+3,0.0000000E+0
13364010,1/10/2021,4:28:41 PM,-7.4392414E+0,7.9297577E+1,3.8689907E+3,0.0000000E+0
13364011,1/10/2021,4:28:41 PM,-1.3720625E+1,8.1286743E+1,3.8689907E+3,0.0000000E+0
13364012,1/10/2021,4:28:41 PM,-1.7402088E+1,8.0883530E+1,3.8761338E+3,0.0000000E+0
13364013,1/10/2021,4:28:41 PM,-2.2585047E+1,7.7335297E+1,3.8743481E+3,0.0000000E+0
13364014,1/10/2021,4:28:41 PM,-3.3358829E+1,6.7765831E+1,3.8600618E+3,0.0000000E+0
13364015,1/10/2021,4:28:41 PM,-4.5569118E+1,5.9002773E+1,3.8564900E+3,0.0000000E+0
13364016,1/10/2021,4:28:42 PM,-5.5305431E+1,5.3519146E+1,3.8618474E+3,0.0000000E+0
13364017,1/10/2021,4:28:42 PM,-6.2780571E+1,4.7605427E+1,3.8600618E+3,0.0000000E+0
13364018,1/10/2021,4:28:42 PM,-6.8872421E+1,3.7605869E+1,3.8564900E+3,0.0000000E+0
13364019,1/10/2021,4:28:42 PM,-7.8076691E+1,2.6773014E+1,3.8493467E+3,0.0000000E+0
13364020,1/10/2021,4:28:42 PM,-8.6642509E+1,1.8366100E+1,3.8475608E+3,0.0000000E+0
13364021,1/10/2021,4:28:42 PM,-8.8930283E+1,1.1524348E+1,3.8475608E+3,0.0000000E+0
13364022,1/10/2021,4:28:42 PM,-9.1005234E+1,5.9456491E+0,3.8529182E+3,0.0000000E+0
13364023,1/10/2021,4:28:42 PM,-8.8504646E+1,-4.1946621E+0,3.8502395E+3,0.0000000E+0
13364024,1/10/2021,4:28:42 PM,-8.9169701E+1,-1.5358708E+1,3.8404175E+3,0.0000000E+0
13364025,1/10/2021,4:28:42 PM,-8.7147949E+1,-2.3896795E+1,3.8457749E+3,0.0000000E+0
13364026,1/10/2021,4:28:43 PM,-8.4141930E+1,-3.0590050E+1,3.8439893E+3,0.0000000E+0
13364027,1/10/2021,4:28:43 PM,-7.7917076E+1,-3.8224121E+1,3.8457749E+3,0.0000000E+0
13364028,1/10/2021,4:28:43 PM,-7.2889313E+1,-4.5239941E+1,3.8475608E+3,0.0000000E+0
13364029,1/10/2021,4:28:43 PM,-6.7515724E+1,-5.5293262E+1,3.8413103E+3,0.0000000E+0
13364030,1/10/2021,4:28:43 PM,-6.4775719E+1,-6.3464943E+1,3.8359529E+3,0.0000000E+0
13364031,1/10/2021,4:28:43 PM,-5.9082905E+1,-6.9163620E+1,3.8395247E+3,0.0000000E+0
13364032,1/10/2021,4:28:43 PM,-4.7590866E+1,-7.5077332E+1,3.8422031E+3,0.0000000E+0
13364033,1/10/2021,4:28:43 PM,-3.7189510E+1,-7.9647026E+1,3.8422031E+3,0.0000000E+0
13364034,1/10/2021,4:28:43 PM,-2.5777279E+1,-8.5318817E+1,3.8413103E+3,0.0000000E+0
13364035,1/10/2021,4:28:43 PM,-1.4794275E+1,-9.1608864E+1,3.8359529E+3,0.0000000E+0
13364036,1/10/2021,4:28:44 PM,-3.0131376E+0,-9.6205437E+1,3.8386318E+3,0.0000000E+0
13364037,1/10/2021,4:28:44 PM,1.6652111E+1,-9.9834312E+1,3.8368457E+3,0.0000000E+0
13364038,1/10/2021,4:28:44 PM,3.4635723E+1,-9.8167717E+1,3.8493467E+3,0.0000000E+0
13364039,1/10/2021,4:28:44 PM,5.3097469E+1,-9.7307533E+1,3.8466677E+3,0.0000000E+0
13364040,1/10/2021,4:28:44 PM,6.7595520E+1,-9.8060188E+1,3.8430964E+3,0.0000000E+0
13364041,1/10/2021,4:28:44 PM,7.6693390E+1,-9.4296913E+1,3.8457749E+3,0.0000000E+0
13364042,1/10/2021,4:28:44 PM,8.6695717E+1,-8.7576782E+1,3.8457749E+3,0.0000000E+0
13364043,1/10/2021,4:28:44 PM,9.2627945E+1,-7.6340721E+1,3.8511326E+3,0.0000000E+0
13364044,1/10/2021,4:28:44 PM,9.4037849E+1,-5.9244701E+1,3.8582756E+3,0.0000000E+0
13364045,1/10/2021,4:28:44 PM,9.2202324E+1,-4.1879875E+1,3.8600618E+3,0.0000000E+0
13364046,1/10/2021,4:28:45 PM,8.1880768E+1,-2.3923676E+1,3.8573828E+3,0.0000000E+0
13364047,1/10/2021,4:28:45 PM,6.8340385E+1,-4.5614347E+0,3.8600618E+3,0.0000000E+0
13364048,1/10/2021,4:28:45 PM,5.5598053E+1,1.6483488E+1,3.8645261E+3,0.0000000E+0
13364049,1/10/2021,4:28:45 PM,4.4797665E+1,3.4810291E+1,3.8680977E+3,0.0000000E+0
13364050,1/10/2021,4:28:45 PM,3.1948927E+1,5.3169697E+1,3.8680977E+3,0.0000000E+0
13364051,1/10/2021,4:28:45 PM,1.8304691E+1,7.0561409E+1,3.8698835E+3,0.0000000E+0
13364052,1/10/2021,4:28:45 PM,8.3655291E+0,8.1663063E+1,3.8672048E+3,0.0000000E+0
13364053,1/10/2021,4:28:45 PM,4.0164604E+0,8.9888512E+1,3.8698835E+3,0.0000000E+0
13364054,1/10/2021,4:28:45 PM,-4.9104156E+0,1.0179659E+2,3.8725625E+3,0.0000000E+0
13364055,1/10/2021,4:28:45 PM,-1.4362710E+1,1.1512933E+2,3.8779199E+3,0.0000000E+0
13364056,1/10/2021,4:28:46 PM,-2.5245239E+1,1.2367735E+2,3.8770271E+3,0.0000000E+0
13364057,1/10/2021,4:28:46 PM,-3.0592230E+1,1.2434936E+2,3.8752410E+3,0.0000000E+0
13364058,1/10/2021,4:28:46 PM,-3.4156891E+1,1.2550522E+2,3.8752410E+3,0.0000000E+0
13364059,1/10/2021,4:28:46 PM,-4.6713005E+1,1.2733310E+2,3.8805984E+3,0.0000000E+0
13364060,1/10/2021,4:28:46 PM,-5.7353779E+1,1.2163443E+2,3.8707764E+3,0.0000000E+0
13364061,1/10/2021,4:28:46 PM,-6.6345238E+1,1.1158110E+2,3.8680977E+3,0.0000000E+0
13364062,1/10/2021,4:28:46 PM,-7.1958244E+1,9.8651566E+1,3.8716692E+3,0.0000000E+0
13364063,1/10/2021,4:28:46 PM,-7.6773193E+1,8.4243599E+1,3.8636331E+3,0.0000000E+0
13364064,1/10/2021,4:28:46 PM,-7.8954552E+1,6.8599121E+1,3.8636331E+3,0.0000000E+0
13364065,1/10/2021,4:28:46 PM,-7.8741737E+1,5.0454765E+1,3.8564900E+3,0.0000000E+0
13364066,1/10/2021,4:28:47 PM,-8.0923096E+1,3.1907196E+1,3.8529182E+3,0.0000000E+0
13364067,1/10/2021,4:28:47 PM,-8.1774361E+1,1.3545231E+1,3.8457749E+3,0.0000000E+0
13364068,1/10/2021,4:28:47 PM,-8.0417664E+1,-4.5486217E+0,3.8422031E+3,0.0000000E+0
13364069,1/10/2021,4:28:47 PM,-7.9513191E+1,-1.5084824E+1,3.8439893E+3,0.0000000E+0
13364070,1/10/2021,4:28:47 PM,-7.1506004E+1,-3.1288944E+1,3.8422031E+3,0.0000000E+0
13364071,1/10/2021,4:28:47 PM,-6.6185623E+1,-4.4782970E+1,3.8332742E+3,0.0000000E+0
13364072,1/10/2021,4:28:47 PM,-6.2674168E+1,-5.0777328E+1,3.8386318E+3,0.0000000E+0
13364073,1/10/2021,4:28:47 PM,-5.7380383E+1,-5.5535187E+1,3.8404175E+3,0.0000000E+0
13364074,1/10/2021,4:28:47 PM,-5.1368343E+1,-6.0991936E+1,3.8404175E+3,0.0000000E+0
13364075,1/10/2021,4:28:47 PM,-3.8626015E+1,-6.7255096E+1,3.8457749E+3,0.0000000E+0
13364076,1/10/2021,4:28:48 PM,-2.3569317E+1,-7.4674126E+1,3.8422031E+3,0.0000000E+0
13364077,1/10/2021,4:28:48 PM,-9.8733759E+0,-7.9835190E+1,3.8520254E+3,0.0000000E+0
13364078,1/10/2021,4:28:48 PM,5.3241081E+0,-9.1340057E+1,3.8395247E+3,0.0000000E+0
13364079,1/10/2021,4:28:48 PM,1.9636229E+1,-9.8517166E+1,3.8475608E+3,0.0000000E+0
13364080,1/10/2021,4:28:48 PM,3.5167763E+1,-1.0510289E+2,3.8493467E+3,0.0000000E+0
13364081,1/10/2021,4:28:48 PM,5.2485626E+1,-1.1362402E+2,3.8430964E+3,0.0000000E+0
13364082,1/10/2021,4:28:48 PM,6.0013977E+1,-1.1687656E+2,3.8493467E+3,0.0000000E+0
13364083,1/10/2021,4:28:48 PM,6.7622131E+1,-1.2219891E+2,3.8422031E+3,0.0000000E+0
13364084,1/10/2021,4:28:48 PM,7.1213394E+1,-1.2451064E+2,3.8413103E+3,0.0000000E+0
13364085,1/10/2021,4:28:48 PM,7.2942520E+1,-1.2408054E+2,3.8395247E+3,0.0000000E+0
13364086,1/10/2021,4:28:49 PM,7.6853004E+1,-1.1854316E+2,3.8475608E+3,0.0000000E+0
13364087,1/10/2021,4:28:49 PM,8.3024651E+1,-1.1448420E+2,3.8475608E+3,0.0000000E+0
13364088,1/10/2021,4:28:49 PM,8.0949699E+1,-1.1241439E+2,3.8323811E+3,0.0000000E+0
13364089,1/10/2021,4:28:49 PM,7.5576103E+1,-1.0265676E+2,3.8457749E+3,0.0000000E+0
13364090,1/10/2021,4:28:49 PM,7.1878441E+1,-9.0909966E+1,3.8422031E+3,0.0000000E+0
13364091,1/10/2021,4:28:49 PM,6.8340385E+1,-7.6717049E+1,3.8511326E+3,0.0000000E+0
13364092,1/10/2021,4:28:49 PM,6.3764847E+1,-6.1341385E+1,3.8547039E+3,0.0000000E+0
13364093,1/10/2021,4:28:49 PM,5.1235332E+1,-4.6745251E+1,3.8475608E+3,0.0000000E+0
13364094,1/10/2021,4:28:49 PM,4.0168926E+1,-2.9407307E+1,3.8538110E+3,0.0000000E+0
13364095,1/10/2021,4:28:49 PM,2.7772425E+1,-1.1218557E+1,3.8493467E+3,0.0000000E+0
13364096,1/10/2021,4:28:50 PM,1.7409983E+1,1.5544841E+1,3.8654192E+3,0.0000000E+0
13364097,1/10/2021,4:28:50 PM,7.9806149E-1,4.5992596E+1,3.8743481E+3,0.0000000E+0
13364098,1/10/2021,4:28:50 PM,-2.4659996E+1,7.0615166E+1,3.8672048E+3,0.0000000E+0
13364099,1/10/2021,4:28:50 PM,-5.8550869E+1,9.3732430E+1,3.8636331E+3,0.0000000E+0
13364100,1/10/2021,4:28:50 PM,-7.7837273E+1,1.0975323E+2,3.8680977E+3,0.0000000E+0
13364101,1/10/2021,4:28:50 PM,-8.3875916E+1,1.2483321E+2,3.8743481E+3,0.0000000E+0
13364102,1/10/2021,4:28:50 PM,-9.4782707E+1,1.3485963E+2,3.8761338E+3,0.0000000E+0
13364103,1/10/2021,4:28:50 PM,-1.1194096E+2,1.4026263E+2,3.8680977E+3,0.0000000E+0
13364104,1/10/2021,4:28:50 PM,-1.2936522E+2,1.4953642E+2,3.8797056E+3,0.0000000E+0
13364105,1/10/2021,4:28:50 PM,-1.4607124E+2,1.5268144E+2,3.8707764E+3,0.0000000E+0
13364106,1/10/2021,4:28:51 PM,-1.4694911E+2,1.3975189E+2,3.8591685E+3,0.0000000E+0
13364107,1/10/2021,4:28:51 PM,-1.3460582E+2,1.2472569E+2,3.8743481E+3,0.0000000E+0
13364108,1/10/2021,4:28:51 PM,-1.2933862E+2,1.1104350E+2,3.8609546E+3,0.0000000E+0
13364109,1/10/2021,4:28:51 PM,-1.2955144E+2,9.3624901E+1,3.8564900E+3,0.0000000E+0
13364110,1/10/2021,4:28:51 PM,-1.0994581E+2,7.1905434E+1,3.8529182E+3,0.0000000E+0
13364111,1/10/2021,4:28:51 PM,-8.9355911E+1,5.3384743E+1,3.8466677E+3,0.0000000E+0
13364112,1/10/2021,4:28:51 PM,-7.5602707E+1,4.2901337E+1,3.8564900E+3,0.0000000E+0
13364113,1/10/2021,4:28:51 PM,-6.8180771E+1,3.5321022E+1,3.8538110E+3,0.0000000E+0
13364114,1/10/2021,4:28:51 PM,-5.6981354E+1,1.8669231E+1,3.8439893E+3,0.0000000E+0
13364115,1/10/2021,4:28:51 PM,-4.4132618E+1,3.3850396E+0,3.8511326E+3,0.0000000E+0
13364116,1/10/2021,4:28:52 PM,-2.8809898E+1,-3.0358849E+0,3.8475608E+3,0.0000000E+0
13364117,1/10/2021,4:28:52 PM,-1.2299616E+1,-7.4639702E+0,3.8547039E+3,0.0000000E+0
13364118,1/10/2021,4:28:52 PM,-1.1689109E+1,-3.0462952E+0,3.8547039E+3,0.0000000E+0
13364119,1/10/2021,4:28:52 PM,7.5866060E+0,-2.2283964E+1,3.8538110E+3,0.0000000E+0
13364120,1/10/2021,4:28:52 PM,2.1999804E+1,-2.2337725E+1,3.8636331E+3,0.0000000E+0
13364121,1/10/2021,4:28:52 PM,2.9927181E+1,-3.1719030E+1,3.8547039E+3,0.0000000E+0
13364122,1/10/2021,4:28:52 PM,3.9370869E+1,-4.3600227E+1,3.8529182E+3,0.0000000E+0
13364123,1/10/2021,4:28:52 PM,5.0064846E+1,-5.5992153E+1,3.8484536E+3,0.0000000E+0
13364124,1/10/2021,4:28:52 PM,6.3179607E+1,-6.0158642E+1,3.8582756E+3,0.0000000E+0
13364125,1/10/2021,4:28:52 PM,7.6241158E+1,-6.7281982E+1,3.8716692E+3,0.0000000E+0
13364126,1/10/2021,4:28:53 PM,7.4033195E+1,-7.9190056E+1,3.8368457E+3,0.0000000E+0
13364127,1/10/2021,4:28:53 PM,8.3902512E+1,-9.1797028E+1,3.8600618E+3,0.0000000E+0
13364128,1/10/2021,4:28:53 PM,9.1138237E+1,-1.0056008E+2,3.8430964E+3,0.0000000E+0
13364129,1/10/2021,4:28:53 PM,9.7708923E+1,-1.1300577E+2,3.8395247E+3,0.0000000E+0
13364130,1/10/2021,4:28:53 PM,1.0539688E+2,-1.1843564E+2,3.8457749E+3,0.0000000E+0
13364131,1/10/2021,4:28:53 PM,1.0552988E+2,-1.1617767E+2,3.8439893E+3,0.0000000E+0
13364132,1/10/2021,4:28:53 PM,1.0555650E+2,-1.1647337E+2,3.8511326E+3,0.0000000E+0
13364133,1/10/2021,4:28:53 PM,1.0430620E+2,-1.1760235E+2,3.8297024E+3,0.0000000E+0
13364134,1/10/2021,4:28:53 PM,9.8639984E+1,-1.0601682E+2,3.8564900E+3,0.0000000E+0
13364135,1/10/2021,4:28:53 PM,9.6990669E+1,-9.7334419E+1,3.8457749E+3,0.0000000E+0
13364136,1/10/2021,4:28:54 PM,8.1907364E+1,-8.5318817E+1,3.8511326E+3,0.0000000E+0
13364137,1/10/2021,4:28:54 PM,7.4192802E+1,-7.8410522E+1,3.8404175E+3,0.0000000E+0
13364138,1/10/2021,4:28:54 PM,6.7223099E+1,-6.2040272E+1,3.8582756E+3,0.0000000E+0
13364139,1/10/2021,4:28:54 PM,4.7856888E+1,-4.3331421E+1,3.8609546E+3,0.0000000E+0
13364140,1/10/2021,4:28:54 PM,3.5167763E+1,-3.2901775E+1,3.8538110E+3,0.0000000E+0
13364141,1/10/2021,4:28:54 PM,3.6072227E+1,-2.4756971E+1,3.8636331E+3,0.0000000E+0
13364142,1/10/2021,4:28:54 PM,1.5675827E+1,-1.1186648E+1,3.8511326E+3,0.0000000E+0
13364143,1/10/2021,4:28:54 PM,-9.3049726E+0,5.0955777E+0,3.8672048E+3,0.0000000E+0
13364144,1/10/2021,4:28:54 PM,-3.3412037E+1,1.8655935E+1,3.8511326E+3,0.0000000E+0
13364145,1/10/2021,4:28:54 PM,-6.1716499E+1,3.3493145E+1,3.8618474E+3,0.0000000E+0
13364146,1/10/2021,4:28:55 PM,-8.6589310E+1,5.7282421E+1,3.8725625E+3,0.0000000E+0
13364147,1/10/2021,4:28:55 PM,-1.2008115E+2,6.4782089E+1,3.8484536E+3,0.0000000E+0
13364148,1/10/2021,4:28:55 PM,-1.4439531E+2,6.8330322E+1,3.8511326E+3,0.0000000E+0
13364149,1/10/2021,4:28:55 PM,-1.5886678E+2,7.3545143E+1,3.8538110E+3,0.0000000E+0
13364150,1/10/2021,4:28:55 PM,-1.7376385E+2,7.8571808E+1,3.8493467E+3,0.0000000E+0
13364151,1/10/2021,4:28:55 PM,-1.7860542E+2,8.1528664E+1,3.8600618E+3,0.0000000E+0
13364152,1/10/2021,4:28:55 PM,-1.8283513E+2,7.6582642E+1,3.8547039E+3,0.0000000E+0
13364153,1/10/2021,4:28:55 PM,-1.7732852E+2,6.6556198E+1,3.8484536E+3,0.0000000E+0
13364154,1/10/2021,4:28:55 PM,-1.6764542E+2,5.9836071E+1,3.8475608E+3,0.0000000E+0
13364155,1/10/2021,4:28:55 PM,-1.5572775E+2,5.2658966E+1,3.8555972E+3,0.0000000E+0
13364156,1/10/2021,4:28:56 PM,-1.4077747E+2,4.2578770E+1,3.8529182E+3,0.0000000E+0
13364157,1/10/2021,4:28:56 PM,-1.2274135E+2,2.8305204E+1,3.8466677E+3,0.0000000E+0
13364158,1/10/2021,4:28:56 PM,-1.0643436E+2,1.8695822E+1,3.8493467E+3,0.0000000E+0
13364159,1/10/2021,4:28:56 PM,-9.1377663E+1,7.3496304E+0,3.8475608E+3,0.0000000E+0
13364160,1/10/2021,4:28:56 PM,-8.7626785E+1,2.8613071E+0,3.8368457E+3,0.0000000E+0
13364161,1/10/2021,4:28:56 PM,-7.1266594E+1,1.1972165E+0,3.8547039E+3,0.0000000E+0
13364162,1/10/2021,4:28:56 PM,-6.2275139E+1,2.9822302E+0,3.8502395E+3,0.0000000E+0
13364163,1/10/2021,4:28:56 PM,-4.5835140E+1,-1.1905820E+0,3.8511326E+3,0.0000000E+0
13364164,1/10/2021,4:28:56 PM,-3.4555916E+1,-1.4311522E+0,3.8493467E+3,0.0000000E+0
13364165,1/10/2021,4:28:56 PM,-3.1975529E+1,7.5916047E+0,3.8511326E+3,0.0000000E+0
13364166,1/10/2021,4:28:57 PM,-2.1334755E+1,6.2381454E+0,3.8538110E+3,0.0000000E+0
13364167,1/10/2021,4:28:57 PM,7.2997727E+0,4.8353128E+0,3.8636331E+3,0.0000000E+0
13364168,1/10/2021,4:28:57 PM,4.1312813E+1,-3.5427997E+0,3.8654192E+3,0.0000000E+0
13364169,1/10/2021,4:28:57 PM,5.7752808E+1,-9.4502850E+0,3.8547039E+3,0.0000000E+0
13364170,1/10/2021,4:28:57 PM,7.9273781E+1,-1.8812822E+1,3.8564900E+3,0.0000000E+0
13364171,1/10/2021,4:28:57 PM,1.0196523E+2,-1.9881762E+1,3.8654192E+3,0.0000000E+0
13364172,1/10/2021,4:28:57 PM,1.2271474E+2,-2.6988056E+1,3.8743481E+3,0.0000000E+0
13364173,1/10/2021,4:28:57 PM,1.3378114E+2,-3.2498566E+1,3.8618474E+3,0.0000000E+0
13364174,1/10/2021,4:28:57 PM,1.3995279E+2,-3.6987617E+1,3.8600618E+3,0.0000000E+0
13364175,1/10/2021,4:28:57 PM,1.4040503E+2,-3.7928436E+1,3.8618474E+3,0.0000000E+0
13364176,1/10/2021,4:28:58 PM,1.3713300E+2,-3.2256641E+1,3.8725625E+3,0.0000000E+0
13364177,1/10/2021,4:28:58 PM,1.3199883E+2,-3.1799673E+1,3.8636331E+3,0.0000000E+0
13364178,1/10/2021,4:28:58 PM,1.1558542E+2,-2.9219141E+1,3.8609546E+3,0.0000000E+0
13364179,1/10/2021,4:28:58 PM,9.5500961E+1,-2.7095577E+1,3.8555972E+3,0.0000000E+0
13364180,1/10/2021,4:28:58 PM,8.3024651E+1,-2.7391266E+1,3.8600618E+3,0.0000000E+0
13364181,1/10/2021,4:28:58 PM,6.8978828E+1,-2.2955976E+1,3.8555972E+3,0.0000000E+0
13364182,1/10/2021,4:28:58 PM,5.7300575E+1,-2.4488167E+1,3.8529182E+3,0.0000000E+0
13364183,1/10/2021,4:28:58 PM,4.7750481E+1,-2.3466707E+1,3.8529182E+3,0.0000000E+0
13364184,1/10/2021,4:28:58 PM,4.1099995E+1,-2.0913057E+1,3.8547039E+3,0.0000000E+0
13364185,1/10/2021,4:28:58 PM,3.8892033E+1,-2.0222120E+1,3.8582756E+3,0.0000000E+0
13364186,1/10/2021,4:28:59 PM,3.2667179E+1,-2.0886175E+1,3.8502395E+3,0.0000000E+0
13364187,1/10/2021,4:28:59 PM,2.6522133E+1,-1.9182430E+1,3.8591685E+3,0.0000000E+0
13364188,1/10/2021,4:28:59 PM,2.7080774E+1,-1.8164011E+1,3.8591685E+3,0.0000000E+0
13364189,1/10/2021,4:28:59 PM,1.1025972E+1,-1.5403912E+1,3.8547039E+3,0.0000000E+0
13364190,1/10/2021,4:28:59 PM,-2.7111897E+0,-1.3481414E+1,3.8520254E+3,0.0000000E+0
13364191,1/10/2021,4:28:59 PM,-1.7231041E+1,-9.7401218E+0,3.8573828E+3,0.0000000E+0
13364192,1/10/2021,4:28:59 PM,-3.5859413E+1,-3.2625148E+0,3.8582756E+3,0.0000000E+0
13364193,1/10/2021,4:28:59 PM,-5.6289703E+1,6.4783239E-1,3.8538110E+3,0.0000000E+0
13364194,1/10/2021,4:28:59 PM,-8.6695717E+1,9.6018515E+0,3.8493467E+3,0.0000000E+0
13364195,1/10/2021,4:28:59 PM,-1.1534601E+2,1.5949018E+1,3.8475608E+3,0.0000000E+0
13364196,1/10/2021,4:29:00 PM,-1.3090814E+2,1.9567993E+1,3.8493467E+3,0.0000000E+0
13364197,1/10/2021,4:29:00 PM,-1.4561902E+2,2.2579651E+1,3.8422031E+3,0.0000000E+0
13364198,1/10/2021,4:29:00 PM,-1.4974231E+2,2.0778654E+1,3.8511326E+3,0.0000000E+0
13364199,1/10/2021,4:29:00 PM,-1.5484988E+2,1.6948822E+1,3.8341672E+3,0.0000000E+0
13364200,1/10/2021,4:29:00 PM,-1.5301436E+2,1.1074967E+1,3.8448821E+3,0.0000000E+0
13364201,1/10/2021,4:29:00 PM,-1.4298541E+2,3.4739296E+0,3.8395247E+3,0.0000000E+0
13364202,1/10/2021,4:29:00 PM,-1.2407144E+2,-3.3554094E+0,3.8457749E+3,0.0000000E+0
13364203,1/10/2021,4:29:00 PM,-1.0023610E+2,-9.5273972E+0,3.8475608E+3,0.0000000E+0
13364204,1/10/2021,4:29:00 PM,-8.6961739E+1,-1.4196699E+1,3.8430964E+3,0.0000000E+0
13364205,1/10/2021,4:29:00 PM,-7.3394745E+1,-1.6858416E+1,3.8493467E+3,0.0000000E+0
13364206,1/10/2021,4:29:01 PM,-5.6529118E+1,-1.6781301E+1,3.8529182E+3,0.0000000E+0
13364207,1/10/2021,4:29:01 PM,-4.5675529E+1,-1.7089752E+1,3.8582756E+3,0.0000000E+0
13364208,1/10/2021,4:29:01 PM,-3.5859413E+1,-1.9735514E+1,3.8484536E+3,0.0000000E+0
13364209,1/10/2021,4:29:01 PM,-3.2613976E+1,-1.8557552E+1,3.8538110E+3,0.0000000E+0
13364210,1/10/2021,4:29:01 PM,-3.0991259E+1,-1.5949018E+1,3.8511326E+3,0.0000000E+0
13364211,1/10/2021,4:29:01 PM,-2.8490677E+1,-1.3494709E+1,3.8564900E+3,0.0000000E+0
13364212,1/10/2021,4:29:01 PM,-2.4819609E+1,-1.4295085E+1,3.8529182E+3,0.0000000E+0
13364213,1/10/2021,4:29:01 PM,-1.8962566E+1,-1.7358318E+1,3.8493467E+3,0.0000000E+0
13364214,1/10/2021,4:29:01 PM,-1.5210052E+1,-1.9719559E+1,3.8475608E+3,0.0000000E+0
13364215,1/10/2021,4:29:01 PM,-8.8681440E+0,-1.9429722E+1,3.8475608E+3,0.0000000E+0
13364216,1/10/2021,4:29:02 PM,1.8275368E+0,-1.7943310E+1,3.8547039E+3,0.0000000E+0
13364217,1/10/2021,4:29:02 PM,1.3652205E+1,-1.9328678E+1,3.8520254E+3,0.0000000E+0
13364218,1/10/2021,4:29:02 PM,3.0139997E+1,-2.1181862E+1,3.8564900E+3,0.0000000E+0
13364219,1/10/2021,4:29:02 PM,4.2962132E+1,-2.3466707E+1,3.8538110E+3,0.0000000E+0
13364220,1/10/2021,4:29:02 PM,5.4161549E+1,-2.4300005E+1,3.8573828E+3,0.0000000E+0
13364221,1/10/2021,4:29:02 PM,6.3232811E+1,-2.1423786E+1,3.8582756E+3,0.0000000E+0
13364222,1/10/2021,4:29:02 PM,6.7169899E+1,-1.6600487E+1,3.8654192E+3,0.0000000E+0
13364223,1/10/2021,4:29:02 PM,7.0122711E+1,-1.4239245E+1,3.8582756E+3,0.0000000E+0
13364224,1/10/2021,4:29:02 PM,6.8207367E+1,-8.1659613E+0,3.8600618E+3,0.0000000E+0
13364225,1/10/2021,4:29:02 PM,6.2886982E+1,8.3106047E-1,3.8672048E+3,0.0000000E+0
13364226,1/10/2021,4:29:03 PM,5.6050282E+1,7.2432685E+0,3.8618474E+3,0.0000000E+0
13364227,1/10/2021,4:29:03 PM,4.7883492E+1,1.2016274E+1,3.8600618E+3,0.0000000E+0
13364228,1/10/2021,4:29:03 PM,3.7295918E+1,1.7815674E+1,3.8645261E+3,0.0000000E+0
13364229,1/10/2021,4:29:03 PM,2.9341938E+1,1.9583946E+1,3.8582756E+3,0.0000000E+0
13364230,1/10/2021,4:29:03 PM,2.2319027E+1,2.1638830E+1,3.8600618E+3,0.0000000E+0
13364231,1/10/2021,4:29:03 PM,1.5467939E+1,2.5885954E+1,3.8636331E+3,0.0000000E+0
13364232,1/10/2021,4:29:03 PM,1.0252312E+1,2.5348345E+1,3.8600618E+3,0.0000000E+0
13364233,1/10/2021,4:29:03 PM,6.5840049E+0,2.3896795E+1,3.8582756E+3,0.0000000E+0
13364234,1/10/2021,4:29:03 PM,5.4761448E+0,2.3654871E+1,3.8618474E+3,0.0000000E+0
13364235,1/10/2021,4:29:03 PM,4.7606306E+0,2.1208742E+1,3.8636331E+3,0.0000000E+0
13364236,1/10/2021,4:29:04 PM,1.8576525E+0,1.8081581E+1,3.8564900E+3,0.0000000E+0
13364237,1/10/2021,4:29:04 PM,3.7638304E-1,1.3981317E+1,3.8627402E+3,0.0000000E+0
13364238,1/10/2021,4:29:04 PM,-1.8750877E+0,9.5300570E+0,3.8547039E+3,0.0000000E+0
13364239,1/10/2021,4:29:04 PM,-4.2629323E+0,5.3048167E+0,3.8564900E+3,0.0000000E+0
13364240,1/10/2021,4:29:04 PM,-5.8445544E+0,2.5690103E+0,3.8564900E+3,0.0000000E+0
13364241,1/10/2021,4:29:04 PM,-1.1862788E+1,8.1959200E-1,3.8564900E+3,0.0000000E+0
13364242,1/10/2021,4:29:04 PM,-2.1733784E+1,-2.9071113E-1,3.8529182E+3,0.0000000E+0
13364243,1/10/2021,4:29:04 PM,-3.1097666E+1,-1.0508273E-1,3.8529182E+3,0.0000000E+0
13364244,1/10/2021,4:29:04 PM,-3.8226986E+1,-1.2428567E+0,3.8529182E+3,0.0000000E+0
13364245,1/10/2021,4:29:04 PM,-4.4079411E+1,-3.2360880E+0,3.8475608E+3,0.0000000E+0
13364246,1/10/2021,4:29:05 PM,-5.4374367E+1,-1.2657936E+0,3.8493467E+3,0.0000000E+0
13364247,1/10/2021,4:29:05 PM,-6.2993389E+1,7.9505491E-1,3.8529182E+3,0.0000000E+0
13364248,1/10/2021,4:29:05 PM,-7.0388733E+1,-4.3980059E-1,3.8466677E+3,0.0000000E+0
13364249,1/10/2021,4:29:05 PM,-7.4911057E+1,-1.0697635E+0,3.8484536E+3,0.0000000E+0
13364250,1/10/2021,4:29:05 PM,-7.4166206E+1,-2.4961362E+0,3.8502395E+3,0.0000000E+0
13364251,1/10/2021,4:29:05 PM,-7.1798630E+1,-6.2248502E+0,3.8493467E+3,0.0000000E+0
13364252,1/10/2021,4:29:05 PM,-6.9244843E+1,-8.1340523E+0,3.8493467E+3,0.0000000E+0
13364253,1/10/2021,4:29:05 PM,-6.4722519E+1,-1.1707824E+1,3.8511326E+3,0.0000000E+0
13364254,1/10/2021,4:29:05 PM,-5.6449310E+1,-1.5300208E+1,3.8511326E+3,0.0000000E+0
13364255,1/10/2021,4:29:05 PM,-4.4744461E+1,-2.0110439E+1,3.8502395E+3,0.0000000E+0
13364256,1/10/2021,4:29:06 PM,-3.2853394E+1,-2.4568810E+1,3.8511326E+3,0.0000000E+0
13364257,1/10/2021,4:29:06 PM,-2.5564465E+1,-2.7229984E+1,3.8511326E+3,0.0000000E+0
13364258,1/10/2021,4:29:06 PM,-2.1201744E+1,-3.0858854E+1,3.8475608E+3,0.0000000E+0
13364259,1/10/2021,4:29:06 PM,-1.6304754E+1,-3.3681313E+1,3.8493467E+3,0.0000000E+0
13364260,1/10/2021,4:29:06 PM,-1.0047055E+1,-3.5697350E+1,3.8520254E+3,0.0000000E+0
13364261,1/10/2021,4:29:06 PM,-5.2416868E+0,-3.8519806E+1,3.8457749E+3,0.0000000E+0
13364262,1/10/2021,4:29:06 PM,-1.4297805E+0,-3.8842373E+1,3.8493467E+3,0.0000000E+0
13364263,1/10/2021,4:29:06 PM,-1.8917307E+0,-3.5670471E+1,3.8511326E+3,0.0000000E+0
13364264,1/10/2021,4:29:06 PM,-9.5125139E-1,-3.3251221E+1,3.8502395E+3,0.0000000E+0
13364265,1/10/2021,4:29:06 PM,3.2524769E+0,-3.2901775E+1,3.8520254E+3,0.0000000E+0
13364266,1/10/2021,4:29:07 PM,9.6523304E+0,-3.1880316E+1,3.8493467E+3,0.0000000E+0
13364267,1/10/2021,4:29:07 PM,1.6681059E+1,-2.9138502E+1,3.8547039E+3,0.0000000E+0
13364268,1/10/2021,4:29:07 PM,2.3649124E+1,-2.6826773E+1,3.8538110E+3,0.0000000E+0
13364269,1/10/2021,4:29:07 PM,2.8809898E+1,-2.4004318E+1,3.8564900E+3,0.0000000E+0
13364270,1/10/2021,4:29:07 PM,3.8200382E+1,-2.2418365E+1,3.8564900E+3,0.0000000E+0
13364271,1/10/2021,4:29:07 PM,4.5728729E+1,-2.0536728E+1,3.8564900E+3,0.0000000E+0
13364272,1/10/2021,4:29:07 PM,5.0942711E+1,-1.5890519E+1,3.8600618E+3,0.0000000E+0
13364273,1/10/2021,4:29:07 PM,4.9985043E+1,-1.0750564E+1,3.8573828E+3,0.0000000E+0
13364274,1/10/2021,4:29:07 PM,4.7085430E+1,-3.7742348E+0,3.8600618E+3,0.0000000E+0
13364275,1/10/2021,4:29:07 PM,4.1312813E+1,3.9568205E+0,3.8618474E+3,0.0000000E+0
13364276,1/10/2021,4:29:08 PM,3.3518440E+1,1.1096241E+1,3.8609546E+3,0.0000000E+0
13364277,1/10/2021,4:29:08 PM,2.4154560E+1,1.7749199E+1,3.8636331E+3,0.0000000E+0
13364278,1/10/2021,4:29:08 PM,1.2981174E+1,2.3923676E+1,3.8582756E+3,0.0000000E+0
13364279,1/10/2021,4:29:08 PM,1.9155061E+0,3.0670692E+1,3.8654192E+3,0.0000000E+0
13364280,1/10/2021,4:29:08 PM,-6.6655817E+0,3.6208080E+1,3.8636331E+3,0.0000000E+0
13364281,1/10/2021,4:29:08 PM,-1.6757372E+1,3.7740273E+1,3.8582756E+3,0.0000000E+0
13364282,1/10/2021,4:29:08 PM,-2.2425434E+1,4.0750889E+1,3.8654192E+3,0.0000000E+0
13364283,1/10/2021,4:29:08 PM,-3.1177473E+1,4.0562729E+1,3.8618474E+3,0.0000000E+0
13364284,1/10/2021,4:29:08 PM,-3.8280190E+1,3.8519806E+1,3.8600618E+3,0.0000000E+0
13364285,1/10/2021,4:29:08 PM,-4.5888344E+1,3.5321022E+1,3.8600618E+3,0.0000000E+0
13364286,1/10/2021,4:29:09 PM,-5.2645237E+1,3.1100779E+1,3.8547039E+3,0.0000000E+0
13364287,1/10/2021,4:29:09 PM,-5.8896694E+1,2.6208523E+1,3.8564900E+3,0.0000000E+0
13364288,1/10/2021,4:29:09 PM,-6.1370674E+1,1.9331337E+1,3.8547039E+3,0.0000000E+0
13364289,1/10/2021,4:29:09 PM,-6.7249695E+1,1.3646276E+1,3.8511326E+3,0.0000000E+0
13364290,1/10/2021,4:29:09 PM,-6.9963097E+1,5.8446050E+0,3.8511326E+3,0.0000000E+0
13364291,1/10/2021,4:29:09 PM,-7.3501152E+1,-1.3804778E+0,3.8475608E+3,0.0000000E+0
13364292,1/10/2021,4:29:09 PM,-7.3128731E+1,-7.7724204E+0,3.8475608E+3,0.0000000E+0
13364293,1/10/2021,4:29:09 PM,-7.3607567E+1,-1.3398984E+1,3.8466677E+3,0.0000000E+0
13364294,1/10/2021,4:29:09 PM,-7.2064651E+1,-1.6922232E+1,3.8475608E+3,0.0000000E+0
13364295,1/10/2021,4:29:09 PM,-6.9723679E+1,-2.0832415E+1,3.8439893E+3,0.0000000E+0
13364296,1/10/2021,4:29:10 PM,-6.5600380E+1,-2.5160181E+1,3.8439893E+3,0.0000000E+0
13364297,1/10/2021,4:29:10 PM,-5.9987373E+1,-2.6853653E+1,3.8466677E+3,0.0000000E+0
13364298,1/10/2021,4:29:10 PM,-5.3070866E+1,-2.7955757E+1,3.8457749E+3,0.0000000E+0
13364299,1/10/2021,4:29:10 PM,-4.8309120E+1,-2.9891155E+1,3.8457749E+3,0.0000000E+0
13364300,1/10/2021,4:29:10 PM,-3.7748150E+1,-3.1880316E+1,3.8475608E+3,0.0000000E+0
13364301,1/10/2021,4:29:10 PM,-2.7639414E+1,-3.3009296E+1,3.8475608E+3,0.0000000E+0
13364302,1/10/2021,4:29:10 PM,-1.5410046E+1,-3.4514606E+1,3.8493467E+3,0.0000000E+0
13364303,1/10/2021,4:29:10 PM,-4.3136530E+0,-3.5724232E+1,3.8493467E+3,0.0000000E+0
13364304,1/10/2021,4:29:10 PM,8.5392075E+0,-3.6369366E+1,3.8511326E+3,0.0000000E+0
13364305,1/10/2021,4:29:10 PM,2.4260967E+1,-3.6987617E+1,3.8547039E+3,0.0000000E+0
13364306,1/10/2021,4:29:11 PM,3.8945240E+1,-3.8089718E+1,3.8555972E+3,0.0000000E+0
13364307,1/10/2021,4:29:11 PM,5.0862907E+1,-3.7901554E+1,3.8547039E+3,0.0000000E+0
13364308,1/10/2021,4:29:11 PM,6.0279995E+1,-3.6396244E+1,3.8555972E+3,0.0000000E+0
13364309,1/10/2021,4:29:11 PM,6.5254555E+1,-3.2928658E+1,3.8582756E+3,0.0000000E+0
13364310,1/10/2021,4:29:11 PM,6.9617271E+1,-2.7982637E+1,3.8582756E+3,0.0000000E+0
13364311,1/10/2021,4:29:11 PM,7.1931641E+1,-2.3977436E+1,3.8600618E+3,0.0000000E+0
13364312,1/10/2021,4:29:11 PM,7.2117859E+1,-1.8836752E+1,3.8600618E+3,0.0000000E+0
13364313,1/10/2021,4:29:11 PM,6.9404457E+1,-1.3396323E+1,3.8582756E+3,0.0000000E+0
13364314,1/10/2021,4:29:11 PM,6.4376694E+1,-4.8777561E+0,3.8618474E+3,0.0000000E+0
13364315,1/10/2021,4:29:11 PM,5.7992226E+1,2.2062418E+0,3.8609546E+3,0.0000000E+0
13364316,1/10/2021,4:29:12 PM,4.8974167E+1,8.0835304E+0,3.8618474E+3,0.0000000E+0
13364317,1/10/2021,4:29:12 PM,3.9902908E+1,1.4108952E+1,3.8573828E+3,0.0000000E+0
13364318,1/10/2021,4:29:12 PM,3.2294754E+1,2.0456118E+1,3.8618474E+3,0.0000000E+0
13364319,1/10/2021,4:29:12 PM,2.5351648E+1,2.9219141E+1,3.8654192E+3,0.0000000E+0
13364320,1/10/2021,4:29:12 PM,1.9162560E+1,3.5831753E+1,3.8672048E+3,0.0000000E+0
13364321,1/10/2021,4:29:12 PM,1.1225965E+1,4.0508965E+1,3.8636331E+3,0.0000000E+0
13364322,1/10/2021,4:29:12 PM,4.5355568E+0,4.2578770E+1,3.8654192E+3,0.0000000E+0
13364323,1/10/2021,4:29:12 PM,-4.3651662E+0,4.4863613E+1,3.8636331E+3,0.0000000E+0
13364324,1/10/2021,4:29:12 PM,-1.2346983E+1,4.6879654E+1,3.8680977E+3,0.0000000E+0
13364325,1/10/2021,4:29:12 PM,-2.3037277E+1,4.6180759E+1,3.8654192E+3,0.0000000E+0
13364326,1/10/2021,4:29:13 PM,-3.6125435E+1,4.4245361E+1,3.8627402E+3,0.0000000E+0
13364327,1/10/2021,4:29:13 PM,-5.1049122E+1,3.9621910E+1,3.8609546E+3,0.0000000E+0
13364328,1/10/2021,4:29:13 PM,-6.3073196E+1,3.3735069E+1,3.8582756E+3,0.0000000E+0
13364329,1/10/2021,4:29:13 PM,-7.8768341E+1,2.8923456E+1,3.8564900E+3,0.0000000E+0
13364330,1/10/2021,4:29:13 PM,-9.2601349E+1,2.0993698E+1,3.8511326E+3,0.0000000E+0
13364331,1/10/2021,4:29:13 PM,-1.0584911E+2,1.3414938E+1,3.8475608E+3,0.0000000E+0
13364332,1/10/2021,4:29:13 PM,-1.1199416E+2,2.9998481E+0,3.8475608E+3,0.0000000E+0
13364333,1/10/2021,4:29:13 PM,-1.1484057E+2,-8.5701380E+0,3.8422031E+3,0.0000000E+0
13364334,1/10/2021,4:29:13 PM,-1.1425533E+2,-2.0267324E+1,3.8386318E+3,0.0000000E+0
13364335,1/10/2021,4:29:13 PM,-1.0967979E+2,-3.2659851E+1,3.8386318E+3,0.0000000E+0
13364336,1/10/2021,4:29:14 PM,-1.0127357E+2,-4.5213058E+1,3.8341672E+3,0.0000000E+0
13364337,1/10/2021,4:29:14 PM,-8.8132225E+1,-5.5266380E+1,3.8350601E+3,0.0000000E+0
13364338,1/10/2021,4:29:14 PM,-7.2836105E+1,-6.0991936E+1,3.8386318E+3,0.0000000E+0
13364339,1/10/2021,4:29:14 PM,-5.8604069E+1,-6.4351997E+1,3.8395247E+3,0.0000000E+0
13364340,1/10/2021,4:29:14 PM,-4.7245041E+1,-6.9109856E+1,3.8359529E+3,0.0000000E+0
13364341,1/10/2021,4:29:14 PM,-3.4316502E+1,-7.0453880E+1,3.8404175E+3,0.0000000E+0
13364342,1/10/2021,4:29:14 PM,-1.7559978E+1,-6.9056099E+1,3.8457749E+3,0.0000000E+0
13364343,1/10/2021,4:29:14 PM,-3.9974401E+0,-6.5911072E+1,3.8520254E+3,0.0000000E+0
13364344,1/10/2021,4:29:14 PM,7.7287064E+0,-6.3921909E+1,3.8475608E+3,0.0000000E+0
13364345,1/10/2021,4:29:14 PM,1.5820559E+1,-6.0830650E+1,3.8529182E+3,0.0000000E+0
13364346,1/10/2021,4:29:15 PM,2.5857084E+1,-6.0024231E+1,3.8475608E+3,0.0000000E+0
13364347,1/10/2021,4:29:15 PM,3.7987568E+1,-5.6717930E+1,3.8511326E+3,0.0000000E+0
13364348,1/10/2021,4:29:15 PM,4.6500187E+1,-5.1529987E+1,3.8564900E+3,0.0000000E+0
13364349,1/10/2021,4:29:15 PM,5.3602909E+1,-4.7524788E+1,3.8511326E+3,0.0000000E+0
13364350,1/10/2021,4:29:15 PM,5.8710480E+1,-4.2793812E+1,3.8511326E+3,0.0000000E+0
13364351,1/10/2021,4:29:15 PM,6.0971645E+1,-3.5966156E+1,3.8484536E+3,0.0000000E+0
13364352,1/10/2021,4:29:15 PM,6.2753975E+1,-2.6584848E+1,3.8564900E+3,0.0000000E+0
13364353,1/10/2021,4:29:15 PM,6.4749123E+1,-1.4417402E+1,3.8547039E+3,0.0000000E+0
13364354,1/10/2021,4:29:15 PM,6.0652416E+1,-3.0671358E-1,3.8600618E+3,0.0000000E+0
13364355,1/10/2021,4:29:15 PM,5.5092613E+1,1.4614172E+1,3.8618474E+3,0.0000000E+0
13364356,1/10/2021,4:29:16 PM,4.4505043E+1,3.0509407E+1,3.8600618E+3,0.0000000E+0
13364357,1/10/2021,4:29:16 PM,3.3704655E+1,4.8868813E+1,3.8680977E+3,0.0000000E+0
13364358,1/10/2021,4:29:16 PM,2.4207764E+1,6.7900230E+1,3.8743481E+3,0.0000000E+0
13364359,1/10/2021,4:29:16 PM,1.2360141E+1,8.4834969E+1,3.8788127E+3,0.0000000E+0
13364360,1/10/2021,4:29:16 PM,-2.4219224E+0,9.7630104E+1,3.8761338E+3,0.0000000E+0
13364361,1/10/2021,4:29:16 PM,-1.3420634E+1,1.0279117E+2,3.8761338E+3,0.0000000E+0
13364362,1/10/2021,4:29:16 PM,-2.0099373E+1,1.0569427E+2,3.8788127E+3,0.0000000E+0
13364363,1/10/2021,4:29:16 PM,-2.5883684E+1,1.0515665E+2,3.8788127E+3,0.0000000E+0
13364364,1/10/2021,4:29:16 PM,-3.0379416E+1,9.6877449E+1,3.8743481E+3,0.0000000E+0
13364365,1/10/2021,4:29:16 PM,-3.3225822E+1,8.4566162E+1,3.8725625E+3,0.0000000E+0
13364366,1/10/2021,4:29:17 PM,-3.8572811E+1,6.8679764E+1,3.8654192E+3,0.0000000E+0
13364367,1/10/2021,4:29:17 PM,-4.2057663E+1,4.9272018E+1,3.8573828E+3,0.0000000E+0
13364368,1/10/2021,4:29:17 PM,-4.2483295E+1,3.0643808E+1,3.8564900E+3,0.0000000E+0
13364369,1/10/2021,4:29:17 PM,-4.7457859E+1,1.6387762E+1,3.8466677E+3,0.0000000E+0
13364370,1/10/2021,4:29:17 PM,-5.0570286E+1,4.2707391E+0,3.8511326E+3,0.0000000E+0
13364371,1/10/2021,4:29:17 PM,-5.4826595E+1,-7.4905605E+0,3.8422031E+3,0.0000000E+0
13364372,1/10/2021,4:29:17 PM,-5.9402126E+1,-1.6999346E+1,3.8430964E+3,0.0000000E+0
13364373,1/10/2021,4:29:17 PM,-6.2168728E+1,-2.5267702E+1,3.8350601E+3,0.0000000E+0
13364374,1/10/2021,4:29:17 PM,-6.2408150E+1,-2.8735291E+1,3.8422031E+3,0.0000000E+0
13364375,1/10/2021,4:29:17 PM,-6.0146984E+1,-3.0375004E+1,3.8439893E+3,0.0000000E+0
13364376,1/10/2021,4:29:18 PM,-5.2086597E+1,-3.4702770E+1,3.8457749E+3,0.0000000E+0
13364377,1/10/2021,4:29:18 PM,-4.1259605E+1,-3.9541267E+1,3.8475608E+3,0.0000000E+0
13364378,1/10/2021,4:29:18 PM,-2.7506403E+1,-4.4541046E+1,3.8475608E+3,0.0000000E+0
13364379,1/10/2021,4:29:18 PM,-1.2820653E+1,-5.0105316E+1,3.8511326E+3,0.0000000E+0
13364380,1/10/2021,4:29:18 PM,2.2222090E+0,-5.4916935E+1,3.8520254E+3,0.0000000E+0
13364381,1/10/2021,4:29:18 PM,1.5752140E+1,-5.9728550E+1,3.8547039E+3,0.0000000E+0
13364382,1/10/2021,4:29:18 PM,2.8277861E+1,-6.5857315E+1,3.8547039E+3,0.0000000E+0
13364383,1/10/2021,4:29:18 PM,3.5832809E+1,-7.2900009E+1,3.8529182E+3,0.0000000E+0
13364384,1/10/2021,4:29:18 PM,4.2483295E+1,-7.9458862E+1,3.8502395E+3,0.0000000E+0
13364385,1/10/2021,4:29:18 PM,4.2642906E+1,-8.4324242E+1,3.8493467E+3,0.0000000E+0
13364386,1/10/2021,4:29:19 PM,4.0674362E+1,-8.9108971E+1,3.8413103E+3,0.0000000E+0
13364387,1/10/2021,4:29:19 PM,3.6072227E+1,-9.0237961E+1,3.8457749E+3,0.0000000E+0
13364388,1/10/2021,4:29:19 PM,2.7958637E+1,-8.7549896E+1,3.8386318E+3,0.0000000E+0
13364389,1/10/2021,4:29:19 PM,1.6915262E+1,-7.8813728E+1,3.8457749E+3,0.0000000E+0
13364390,1/10/2021,4:29:19 PM,6.7155800E+0,-7.0211960E+1,3.8413103E+3,0.0000000E+0
13364391,1/10/2021,4:29:19 PM,-3.6471488E+0,-6.3411182E+1,3.8395247E+3,0.0000000E+0
13364392,1/10/2021,4:29:19 PM,-1.2681183E+1,-5.3357861E+1,3.8439893E+3,0.0000000E+0
13364393,1/10/2021,4:29:19 PM,-1.8878359E+1,-4.3304543E+1,3.8422031E+3,0.0000000E+0
13364394,1/10/2021,4:29:19 PM,-2.3170288E+1,-3.0885735E+1,3.8511326E+3,0.0000000E+0
13364395,1/10/2021,4:29:19 PM,-2.7586210E+1,-1.8177307E+1,3.8529182E+3,0.0000000E+0
13364396,1/10/2021,4:29:20 PM,-3.1762716E+1,-6.5971184E+0,3.8502395E+3,0.0000000E+0
13364397,1/10/2021,4:29:20 PM,-2.9687763E+1,2.4456849E+0,3.8573828E+3,0.0000000E+0
13364398,1/10/2021,4:29:20 PM,-2.9315338E+1,1.2508200E+1,3.8547039E+3,0.0000000E+0
13364399,1/10/2021,4:29:20 PM,-3.2214947E+1,2.5697792E+1,3.8609546E+3,0.0000000E+0
13364400,1/10/2021,4:29:20 PM,-3.2028736E+1,3.8277882E+1,3.8672048E+3,0.0000000E+0
13364401,1/10/2021,4:29:20 PM,-3.1470093E+1,4.7229099E+1,3.8654192E+3,0.0000000E+0
13364402,1/10/2021,4:29:20 PM,-3.5965820E+1,5.4567486E+1,3.8645261E+3,0.0000000E+0
13364403,1/10/2021,4:29:20 PM,-3.5619995E+1,5.7497467E+1,3.8618474E+3,0.0000000E+0
13364404,1/10/2021,4:29:20 PM,-3.8705822E+1,6.4997131E+1,3.8672048E+3,0.0000000E+0
13364405,1/10/2021,4:29:20 PM,-4.1658638E+1,6.8169037E+1,3.8645261E+3,0.0000000E+0
13364406,1/10/2021,4:29:21 PM,-4.1898052E+1,6.8975456E+1,3.8654192E+3,0.0000000E+0
13364407,1/10/2021,4:29:21 PM,-4.4531643E+1,6.9647469E+1,3.8618474E+3,0.0000000E+0
13364408,1/10/2021,4:29:21 PM,-4.4611450E+1,6.7174461E+1,3.8609546E+3,0.0000000E+0
13364409,1/10/2021,4:29:21 PM,-4.3706985E+1,6.5911072E+1,3.8573828E+3,0.0000000E+0
13364410,1/10/2021,4:29:21 PM,-4.1153198E+1,6.4298241E+1,3.8636331E+3,0.0000000E+0
13364411,1/10/2021,4:29:21 PM,-3.5380577E+1,6.0884411E+1,3.8600618E+3,0.0000000E+0
13364412,1/10/2021,4:29:21 PM,-2.9235531E+1,5.6691048E+1,3.8618474E+3,0.0000000E+0
13364413,1/10/2021,4:29:21 PM,-2.0802715E+1,5.0105316E+1,3.8600618E+3,0.0000000E+0
13364414,1/10/2021,4:29:21 PM,-1.3231166E+1,4.3869034E+1,3.8591685E+3,0.0000000E+0
13364415,1/10/2021,4:29:21 PM,-4.5767674E+0,3.6396244E+1,3.8609546E+3,0.0000000E+0
13364416,1/10/2021,4:29:22 PM,1.8861830E+0,3.3358742E+1,3.8654192E+3,0.0000000E+0
13364417,1/10/2021,4:29:22 PM,5.7050853E+0,3.0670692E+1,3.8689907E+3,0.0000000E+0
13364418,1/10/2021,4:29:22 PM,1.0839135E+1,2.3332304E+1,3.8627402E+3,0.0000000E+0
13364419,1/10/2021,4:29:22 PM,1.0254943E+1,1.5441138E+1,3.8609546E+3,0.0000000E+0
13364420,1/10/2021,4:29:22 PM,8.8970909E+0,8.4292078E+0,3.8600618E+3,0.0000000E+0
13364421,1/10/2021,4:29:22 PM,6.7997880E+0,1.7850137E+0,3.8600618E+3,0.0000000E+0
13364422,1/10/2021,4:29:22 PM,1.5343069E+0,-5.3374233E+0,3.8591685E+3,0.0000000E+0
13364423,1/10/2021,4:29:22 PM,-5.3342927E-1,-1.6164402E+1,3.8564900E+3,0.0000000E+0
13364424,1/10/2021,4:29:22 PM,-5.9524460E+0,-2.7041819E+1,3.8484536E+3,0.0000000E+0
13364425,1/10/2021,4:29:22 PM,-1.0183893E+1,-3.8385406E+1,3.8484536E+3,0.0000000E+0
13364426,1/10/2021,4:29:23 PM,-1.3404845E+1,-4.8519367E+1,3.8457749E+3,0.0000000E+0
13364427,1/10/2021,4:29:23 PM,-1.6007395E+1,-5.8223236E+1,3.8422031E+3,0.0000000E+0
13364428,1/10/2021,4:29:23 PM,-1.4399551E+1,-6.7201340E+1,3.8413103E+3,0.0000000E+0
13364429,1/10/2021,4:29:23 PM,-1.2425928E+1,-7.5238617E+1,3.8386318E+3,0.0000000E+0
13364430,1/10/2021,4:29:23 PM,-5.4498301E+0,-8.2361961E+1,3.8386318E+3,0.0000000E+0
13364431,1/10/2021,4:29:23 PM,1.9479990E+0,-8.7200455E+1,3.8413103E+3,0.0000000E+0
13364432,1/10/2021,4:29:23 PM,7.7839675E+0,-8.9780983E+1,3.8404175E+3,0.0000000E+0
13364433,1/10/2021,4:29:23 PM,1.6054764E+1,-9.2038956E+1,3.8422031E+3,0.0000000E+0
13364434,1/10/2021,4:29:23 PM,2.6123102E+1,-9.4028107E+1,3.8430964E+3,0.0000000E+0
13364435,1/10/2021,4:29:23 PM,3.3944073E+1,-9.3544258E+1,3.8413103E+3,0.0000000E+0
13364436,1/10/2021,4:29:24 PM,3.7535336E+1,-8.7791824E+1,3.8493467E+3,0.0000000E+0
13364437,1/10/2021,4:29:24 PM,4.2430092E+1,-8.1259857E+1,3.8538110E+3,0.0000000E+0
13364438,1/10/2021,4:29:24 PM,4.5143490E+1,-7.8061073E+1,3.8511326E+3,0.0000000E+0
13364439,1/10/2021,4:29:24 PM,4.1153198E+1,-7.3437622E+1,3.8457749E+3,0.0000000E+0
13364440,1/10/2021,4:29:24 PM,3.7934364E+1,-6.7281982E+1,3.8475608E+3,0.0000000E+0
13364441,1/10/2021,4:29:24 PM,3.7960964E+1,-5.8787727E+1,3.8475608E+3,0.0000000E+0
13364442,1/10/2021,4:29:24 PM,3.5886017E+1,-4.5777550E+1,3.8573828E+3,0.0000000E+0
13364443,1/10/2021,4:29:24 PM,3.1017860E+1,-3.4810291E+1,3.8582756E+3,0.0000000E+0
13364444,1/10/2021,4:29:24 PM,2.2744658E+1,-2.5133301E+1,3.8529182E+3,0.0000000E+0
13364445,1/10/2021,4:29:24 PM,1.3215377E+1,-1.9799330E+1,3.8439893E+3,0.0000000E+0
13364446,1/10/2021,4:29:25 PM,6.3787484E+0,-8.1074619E+0,3.8475608E+3,0.0000000E+0
13364447,1/10/2021,4:29:25 PM,2.4322250E+0,1.2234316E+1,3.8636331E+3,0.0000000E+0
13364448,1/10/2021,4:29:25 PM,-1.0972121E+0,2.6611729E+1,3.8645261E+3,0.0000000E+0
13364449,1/10/2021,4:29:25 PM,-1.4465338E+1,4.0724010E+1,3.8600618E+3,0.0000000E+0
13364450,1/10/2021,4:29:25 PM,-2.7453201E+1,5.0051556E+1,3.8502395E+3,0.0000000E+0
13364451,1/10/2021,4:29:25 PM,-3.7801353E+1,6.6583084E+1,3.8645261E+3,0.0000000E+0
13364452,1/10/2021,4:29:25 PM,-4.5781937E+1,8.4297356E+1,3.8707764E+3,0.0000000E+0
13364453,1/10/2021,4:29:25 PM,-4.8681549E+1,9.8248360E+1,3.8797056E+3,0.0000000E+0
13364454,1/10/2021,4:29:25 PM,-5.9481934E+1,1.0717270E+2,3.8779199E+3,0.0000000E+0
13364455,1/10/2021,4:29:25 PM,-7.0947372E+1,1.0873176E+2,3.8672048E+3,0.0000000E+0
13364456,1/10/2021,4:29:26 PM,-8.0896492E+1,1.0956506E+2,3.8672048E+3,0.0000000E+0
13364457,1/10/2021,4:29:26 PM,-8.9382515E+1,1.1265632E+2,3.8779199E+3,0.0000000E+0
13364458,1/10/2021,4:29:26 PM,-9.7682320E+1,1.0937690E+2,3.8752410E+3,0.0000000E+0
13364459,1/10/2021,4:29:26 PM,-1.0364116E+2,9.4270035E+1,3.8600618E+3,0.0000000E+0
13364460,1/10/2021,4:29:26 PM,-1.0486485E+2,7.6824570E+1,3.8555972E+3,0.0000000E+0
13364461,1/10/2021,4:29:26 PM,-1.0558309E+2,6.1556423E+1,3.8564900E+3,0.0000000E+0
13364462,1/10/2021,4:29:26 PM,-9.9677467E+1,4.6987175E+1,3.8538110E+3,0.0000000E+0
13364463,1/10/2021,4:29:26 PM,-9.2734360E+1,3.2014717E+1,3.8484536E+3,0.0000000E+0
13364464,1/10/2021,4:29:26 PM,-8.4274940E+1,1.6914255E+1,3.8511326E+3,0.0000000E+0
13364465,1/10/2021,4:29:26 PM,-7.3447952E+1,-8.2572627E-1,3.8422031E+3,0.0000000E+0
13364466,1/10/2021,4:29:27 PM,-6.8420181E+1,-1.4348266E+1,3.8350601E+3,0.0000000E+0
13364467,1/10/2021,4:29:27 PM,-6.2328342E+1,-1.7741220E+1,3.8448821E+3,0.0000000E+0
13364468,1/10/2021,4:29:27 PM,-5.7087761E+1,-1.9602560E+1,3.8529182E+3,0.0000000E+0
13364469,1/10/2021,4:29:27 PM,-4.8282516E+1,-2.6988056E+1,3.8466677E+3,0.0000000E+0
13364470,1/10/2021,4:29:27 PM,-3.4954948E+1,-3.4944698E+1,3.8466677E+3,0.0000000E+0
13364471,1/10/2021,4:29:27 PM,-2.2558443E+1,-4.7927994E+1,3.8297024E+3,0.0000000E+0
13364472,1/10/2021,4:29:27 PM,-1.0097054E+1,-4.2740051E+1,3.8600618E+3,0.0000000E+0
13364473,1/10/2021,4:29:27 PM,2.2475693E+0,-4.1234741E+1,3.8511326E+3,0.0000000E+0
13364474,1/10/2021,4:29:27 PM,1.7515244E+1,-4.5051777E+1,3.8618474E+3,0.0000000E+0
13364475,1/10/2021,4:29:27 PM,2.9474947E+1,-5.2685848E+1,3.8564900E+3,0.0000000E+0
13364476,1/10/2021,4:29:28 PM,4.1392616E+1,-6.4190720E+1,3.8395247E+3,0.0000000E+0
13364477,1/10/2021,4:29:28 PM,5.8630676E+1,-7.4109634E+1,3.8547039E+3,0.0000000E+0
13364478,1/10/2021,4:29:28 PM,7.6001740E+1,-7.4862289E+1,3.8600618E+3,0.0000000E+0
13364479,1/10/2021,4:29:28 PM,8.2811836E+1,-7.7899788E+1,3.8645261E+3,0.0000000E+0
13364480,1/10/2021,4:29:28 PM,9.0419991E+1,-8.8732643E+1,3.8439893E+3,0.0000000E+0
13364481,1/10/2021,4:29:28 PM,9.6086205E+1,-1.0007623E+2,3.8430964E+3,0.0000000E+0
13364482,1/10/2021,4:29:28 PM,1.0127357E+2,-1.0319437E+2,3.8439893E+3,0.0000000E+0
13364483,1/10/2021,4:29:28 PM,1.0316232E+2,-1.0107081E+2,3.8529182E+3,0.0000000E+0
13364484,1/10/2021,4:29:28 PM,1.0031590E+2,-9.6393600E+1,3.8493467E+3,0.0000000E+0
13364485,1/10/2021,4:29:28 PM,8.6482903E+1,-8.9512177E+1,3.8475608E+3,0.0000000E+0
13364486,1/10/2021,4:29:29 PM,7.5496300E+1,-8.7092934E+1,3.8439893E+3,0.0000000E+0
13364487,1/10/2021,4:29:29 PM,6.6983681E+1,-8.1501778E+1,3.8368457E+3,0.0000000E+0
13364488,1/10/2021,4:29:29 PM,5.7992226E+1,-6.7658310E+1,3.8493467E+3,0.0000000E+0
13364489,1/10/2021,4:29:29 PM,4.4398636E+1,-4.9836514E+1,3.8529182E+3,0.0000000E+0
13364490,1/10/2021,4:29:29 PM,3.0858250E+1,-3.2928658E+1,3.8582756E+3,0.0000000E+0
13364491,1/10/2021,4:29:29 PM,2.3276695E+1,-2.2525888E+1,3.8538110E+3,0.0000000E+0
13364492,1/10/2021,4:29:29 PM,1.4049562E+1,-1.3773911E+1,3.8457749E+3,0.0000000E+0
13364493,1/10/2021,4:29:29 PM,7.0024133E+0,1.7105380E+0,3.8618474E+3,0.0000000E+0
13364494,1/10/2021,4:29:29 PM,-1.9083734E+0,1.7124321E+1,3.8600618E+3,0.0000000E+0
13364495,1/10/2021,4:29:29 PM,-1.7549454E+1,3.4030758E+1,3.8654192E+3,0.0000000E+0
13364496,1/10/2021,4:29:30 PM,-3.1150869E+1,4.8062397E+1,3.8689907E+3,0.0000000E+0
13364497,1/10/2021,4:29:30 PM,-4.2243877E+1,5.6932972E+1,3.8582756E+3,0.0000000E+0
13364498,1/10/2021,4:29:30 PM,-6.0785427E+1,6.9029213E+1,3.8654192E+3,0.0000000E+0
13364499,1/10/2021,4:29:30 PM,-8.1428535E+1,8.1716827E+1,3.8600618E+3,0.0000000E+0
13364500,1/10/2021,4:29:30 PM,-9.7895134E+1,9.1823906E+1,3.8680977E+3,0.0000000E+0
13364501,1/10/2021,4:29:30 PM,-1.0765804E+2,9.6904327E+1,3.8654192E+3,0.0000000E+0
13364502,1/10/2021,4:29:30 PM,-1.2122503E+2,1.0077512E+2,3.8654192E+3,0.0000000E+0
13364503,1/10/2021,4:29:30 PM,-1.2846077E+2,9.5452782E+1,3.8529182E+3,0.0000000E+0
13364504,1/10/2021,4:29:30 PM,-1.3282347E+2,9.0883095E+1,3.8582756E+3,0.0000000E+0
13364505,1/10/2021,4:29:30 PM,-1.3439299E+2,8.6958534E+1,3.8627402E+3,0.0000000E+0
13364506,1/10/2021,4:29:31 PM,-1.2734348E+2,7.3813950E+1,3.8529182E+3,0.0000000E+0
13364507,1/10/2021,4:29:31 PM,-1.1545242E+2,6.2658531E+1,3.8600618E+3,0.0000000E+0
13364508,1/10/2021,4:29:31 PM,-1.0486485E+2,4.8519367E+1,3.8466677E+3,0.0000000E+0
13364509,1/10/2021,4:29:31 PM,-9.0872223E+1,3.4622131E+1,3.8511326E+3,0.0000000E+0
13364510,1/10/2021,4:29:31 PM,-7.7784065E+1,2.5805315E+1,3.8529182E+3,0.0000000E+0
13364511,1/10/2021,4:29:31 PM,-6.0679024E+1,1.6584532E+1,3.8538110E+3,0.0000000E+0
13364512,1/10/2021,4:29:31 PM,-4.7245041E+1,6.8045244E+0,3.8547039E+3,0.0000000E+0
13364513,1/10/2021,4:29:31 PM,-3.4795334E+1,-1.5991778E+0,3.8457749E+3,0.0000000E+0
13364514,1/10/2021,4:29:31 PM,-2.3702328E+1,-8.1021433E+0,3.8573828E+3,0.0000000E+0
13364515,1/10/2021,4:29:31 PM,-1.8444162E+1,-1.3760615E+1,3.8466677E+3,0.0000000E+0
13364516,1/10/2021,4:29:32 PM,-1.1839105E+1,-1.5651203E+1,3.8582756E+3,0.0000000E+0
13364517,1/10/2021,4:29:32 PM,-1.2793381E+0,-2.1692457E+1,3.8565164E+3,0.0000000E+0
13364518,1/10/2021,4:29:32 PM,6.2629580E+0,-3.3331657E+1,3.8431226E+3,0.0000000E+0
13364519,1/10/2021,4:29:32 PM,2.4872658E+1,-4.3841881E+1,3.8529446E+3,0.0000000E+0
13364520,1/10/2021,4:29:32 PM,3.5433563E+1,-4.4755814E+1,3.8627668E+3,0.0000000E+0
13364521,1/10/2021,4:29:32 PM,4.0115475E+1,-5.3733852E+1,3.8458013E+3,0.0000000E+0
13364522,1/10/2021,4:29:32 PM,4.7670376E+1,-6.1609802E+1,3.8493728E+3,0.0000000E+0
13364523,1/10/2021,4:29:32 PM,6.1742714E+1,-6.9163185E+1,3.8493728E+3,0.0000000E+0
13364524,1/10/2021,4:29:32 PM,8.1002396E+1,-7.6662811E+1,3.8511589E+3,0.0000000E+0
13364525,1/10/2021,4:29:32 PM,9.3186012E+1,-8.1366867E+1,3.8484800E+3,0.0000000E+0
13364526,1/10/2021,4:29:33 PM,9.7043266E+1,-7.9700287E+1,3.8556235E+3,0.0000000E+0
13364527,1/10/2021,4:29:33 PM,1.0031528E+2,-8.0372292E+1,3.8502659E+3,0.0000000E+0
13364528,1/10/2021,4:29:33 PM,1.0268285E+2,-7.9055161E+1,3.8511589E+3,0.0000000E+0
13364529,1/10/2021,4:29:33 PM,1.0433215E+2,-7.5695114E+1,3.8520518E+3,0.0000000E+0
13364530,1/10/2021,4:29:33 PM,9.8532967E+1,-6.7631004E+1,3.8529446E+3,0.0000000E+0
13364531,1/10/2021,4:29:33 PM,8.5684311E+1,-5.6260605E+1,3.8600881E+3,0.0000000E+0
13364532,1/10/2021,4:29:33 PM,7.2037598E+1,-4.9432995E+1,3.8466941E+3,0.0000000E+0
13364533,1/10/2021,4:29:33 PM,5.8656910E+1,-3.8277641E+1,3.8583020E+3,0.0000000E+0
13364534,1/10/2021,4:29:33 PM,4.7537365E+1,-2.8278147E+1,3.8565164E+3,0.0000000E+0
13364535,1/10/2021,4:29:33 PM,3.4981331E+1,-1.7132286E+1,3.8583020E+3,0.0000000E+0
13364536,1/10/2021,4:29:34 PM,1.8854662E+1,-5.9429855E+0,3.8618738E+3,0.0000000E+0
13364537,1/10/2021,4:29:34 PM,-1.1930283E+0,1.1595632E+0,3.8538374E+3,0.0000000E+0
13364538,1/10/2021,4:29:34 PM,-1.6233692E+1,7.9266400E+0,3.8565164E+3,0.0000000E+0
13364539,1/10/2021,4:29:34 PM,-2.8676710E+1,1.3579789E+1,3.8538374E+3,0.0000000E+0
13364540,1/10/2021,4:29:34 PM,-4.3600304E+1,2.0886045E+1,3.8583020E+3,0.0000000E+0
13364541,1/10/2021,4:29:34 PM,-5.5384892E+1,2.7982462E+1,3.8583020E+3,0.0000000E+0
13364542,1/10/2021,4:29:34 PM,-7.4165741E+1,3.4057426E+1,3.8520518E+3,0.0000000E+0
13364543,1/10/2021,4:29:34 PM,-8.8530693E+1,4.0347431E+1,3.8565164E+3,0.0000000E+0
13364544,1/10/2021,4:29:34 PM,-1.0023548E+2,4.3868759E+1,3.8484800E+3,0.0000000E+0
13364545,1/10/2021,4:29:34 PM,-1.0704553E+2,4.8922268E+1,3.8600881E+3,0.0000000E+0
13364546,1/10/2021,4:29:35 PM,-1.1507926E+2,5.5319798E+1,3.8538374E+3,0.0000000E+0
13364547,1/10/2021,4:29:35 PM,-1.2114447E+2,5.8088474E+1,3.8565164E+3,0.0000000E+0
13364548,1/10/2021,4:29:35 PM,-1.2574658E+2,5.7873428E+1,3.8493728E+3,0.0000000E+0
13364549,1/10/2021,4:29:35 PM,-1.2122428E+2,5.6448769E+1,3.8574092E+3,0.0000000E+0
13364550,1/10/2021,4:29:35 PM,-1.1460043E+2,5.2013512E+1,3.8565164E+3,0.0000000E+0
13364551,1/10/2021,4:29:35 PM,-1.0007587E+2,4.2927948E+1,3.8511589E+3,0.0000000E+0
13364552,1/10/2021,4:29:35 PM,-8.5152275E+1,3.5939049E+1,3.8583020E+3,0.0000000E+0
13364553,1/10/2021,4:29:35 PM,-6.9457230E+1,2.8439428E+1,3.8583020E+3,0.0000000E+0
13364554,1/10/2021,4:29:35 PM,-5.5597706E+1,1.7914047E+1,3.8538374E+3,0.0000000E+0
13364555,1/10/2021,4:29:35 PM,-4.2802254E+1,7.4214196E+0,3.8502659E+3,0.0000000E+0
13364556,1/10/2021,4:29:36 PM,-3.5433563E+1,2.5577657E+0,3.8583020E+3,0.0000000E+0
13364557,1/10/2021,4:29:36 PM,-2.3462763E+1,-3.0943038E+0,3.8556235E+3,0.0000000E+0
13364558,1/10/2021,4:29:36 PM,-1.9170441E+1,-7.7591195E+0,3.8547307E+3,0.0000000E+0
13364559,1/10/2021,4:29:36 PM,-1.7094191E+1,-1.1814177E+1,3.8547307E+3,0.0000000E+0
13364560,1/10/2021,4:29:36 PM,-1.7338919E+1,-1.7111012E+1,3.8529446E+3,0.0000000E+0
13364561,1/10/2021,4:29:36 PM,-1.4054814E+1,-2.3708483E+1,3.8502659E+3,0.0000000E+0
13364562,1/10/2021,4:29:36 PM,-1.1223326E+1,-2.8520069E+1,3.8547307E+3,0.0000000E+0
13364563,1/10/2021,4:29:36 PM,-9.9970484E+0,-3.4890717E+1,3.8475872E+3,0.0000000E+0
13364564,1/10/2021,4:29:36 PM,-2.7024372E+0,-4.4245083E+1,3.8511589E+3,0.0000000E+0
13364565,1/10/2021,4:29:36 PM,1.5897622E+0,-5.2416718E+1,3.8431226E+3,0.0000000E+0
13364566,1/10/2021,4:29:37 PM,9.8417912E+0,-6.1878609E+1,3.8458013E+3,0.0000000E+0
13364567,1/10/2021,4:29:37 PM,2.3329754E+1,-6.9351341E+1,3.8458013E+3,0.0000000E+0
13364568,1/10/2021,4:29:37 PM,3.4076870E+1,-7.4404861E+1,3.8440156E+3,0.0000000E+0
13364569,1/10/2021,4:29:37 PM,4.1605171E+1,-7.5856392E+1,3.8475872E+3,0.0000000E+0
13364570,1/10/2021,4:29:37 PM,4.9825119E+1,-7.8463791E+1,3.8431226E+3,0.0000000E+0
13364571,1/10/2021,4:29:37 PM,5.6342556E+1,-7.7012253E+1,3.8458013E+3,0.0000000E+0
13364572,1/10/2021,4:29:37 PM,5.9321957E+1,-7.0050240E+1,3.8484800E+3,0.0000000E+0
13364573,1/10/2021,4:29:37 PM,5.8843121E+1,-6.1287239E+1,3.8511589E+3,0.0000000E+0
13364574,1/10/2021,4:29:37 PM,5.5704113E+1,-5.0131886E+1,3.8493728E+3,0.0000000E+0
13364575,1/10/2021,4:29:37 PM,4.9000465E+1,-3.6826103E+1,3.8556235E+3,0.0000000E+0
13364576,1/10/2021,4:29:38 PM,4.2935261E+1,-2.4568655E+1,3.8529446E+3,0.0000000E+0
13364577,1/10/2021,4:29:38 PM,3.8466164E+1,-1.1370115E+1,3.8609810E+3,0.0000000E+0
13364578,1/10/2021,4:29:38 PM,3.3225613E+1,1.3205247E+0,3.8600881E+3,0.0000000E+0
13364579,1/10/2021,4:29:38 PM,2.8410694E+1,1.1271730E+1,3.8627668E+3,0.0000000E+0
13364580,1/10/2021,4:29:38 PM,2.6069736E+1,1.8799511E+1,3.8618738E+3,0.0000000E+0
13364581,1/10/2021,4:29:38 PM,2.3196745E+1,2.5590111E+1,3.8618738E+3,0.0000000E+0
13364582,1/10/2021,4:29:38 PM,2.2558304E+1,3.1019943E+1,3.8636597E+3,0.0000000E+0
13364583,1/10/2021,4:29:38 PM,2.0855789E+1,3.5616486E+1,3.8636597E+3,0.0000000E+0
13364584,1/10/2021,4:29:38 PM,1.9694107E+1,4.0938797E+1,3.8672314E+3,0.0000000E+0
13364585,1/10/2021,4:29:38 PM,1.5049519E+1,4.4030041E+1,3.8654453E+3,0.0000000E+0
13364586,1/10/2021,4:29:39 PM,8.4181519E+0,4.7201923E+1,3.8627668E+3,0.0000000E+0
13364587,1/10/2021,4:29:39 PM,1.4938692E+0,5.1314625E+1,3.8672314E+3,0.0000000E+0
13364588,1/10/2021,4:29:39 PM,-7.6892281E+0,5.4110184E+1,3.8636597E+3,0.0000000E+0
13364589,1/10/2021,4:29:39 PM,-1.8783611E+1,5.7470226E+1,3.8636597E+3,0.0000000E+0
13364590,1/10/2021,4:29:39 PM,-2.3648975E+1,5.6717571E+1,3.8690171E+3,0.0000000E+0
13364591,1/10/2021,4:29:39 PM,-3.5992199E+1,5.5991802E+1,3.8583020E+3,0.0000000E+0
13364592,1/10/2021,4:29:39 PM,-5.0436962E+1,5.4056416E+1,3.8547307E+3,0.0000000E+0
13364593,1/10/2021,4:29:39 PM,-5.8257881E+1,5.3276886E+1,3.8636597E+3,0.0000000E+0
13364594,1/10/2021,4:29:39 PM,-6.0306217E+1,4.9916840E+1,3.8618738E+3,0.0000000E+0
13364595,1/10/2021,4:29:39 PM,-5.7140610E+1,3.7874439E+1,3.8583020E+3,0.0000000E+0
13364596,1/10/2021,4:29:40 PM,-5.7353420E+1,2.7848061E+1,3.8511589E+3,0.0000000E+0
13364597,1/10/2021,4:29:40 PM,-6.0066803E+1,1.8429903E+1,3.8502659E+3,0.0000000E+0
13364598,1/10/2021,4:29:40 PM,-5.8843121E+1,1.1391387E+1,3.8529446E+3,0.0000000E+0
13364599,1/10/2021,4:29:40 PM,-5.6502163E+1,6.5253186E+0,3.8583020E+3,0.0000000E+0
13364600,1/10/2021,4:29:40 PM,-5.3203545E+1,-3.2704806E+0,3.8484800E+3,0.0000000E+0
13364601,1/10/2021,4:29:40 PM,-5.1155209E+1,-1.3888238E+1,3.8458013E+3,0.0000000E+0
13364602,1/10/2021,4:29:40 PM,-5.1953259E+1,-1.8626673E+1,3.8475872E+3,0.0000000E+0
13364603,1/10/2021,4:29:40 PM,-5.4427227E+1,-1.9413752E+1,3.8484800E+3,0.0000000E+0
13364604,1/10/2021,4:29:40 PM,-5.5251881E+1,-2.0563480E+1,3.8529446E+3,0.0000000E+0
13364605,1/10/2021,4:29:40 PM,-5.4959263E+1,-2.3896646E+1,3.8511589E+3,0.0000000E+0
13364606,1/10/2021,4:29:41 PM,-5.2565102E+1,-3.1315628E+1,3.8493728E+3,0.0000000E+0
13364607,1/10/2021,4:29:41 PM,-5.1341423E+1,-3.9594780E+1,3.8404438E+3,0.0000000E+0
13364608,1/10/2021,4:29:41 PM,-4.8840855E+1,-4.4675171E+1,3.8458013E+3,0.0000000E+0
13364609,1/10/2021,4:29:41 PM,-4.4744179E+1,-4.5642864E+1,3.8511589E+3,0.0000000E+0
13364610,1/10/2021,4:29:41 PM,-3.7136074E+1,-5.4325222E+1,3.8449084E+3,0.0000000E+0
13364611,1/10/2021,4:29:41 PM,-2.4580038E+1,-6.4002151E+1,3.8440156E+3,0.0000000E+0
13364612,1/10/2021,4:29:41 PM,-1.4944260E+1,-7.0802887E+1,3.8404438E+3,0.0000000E+0
13364613,1/10/2021,4:29:41 PM,-4.9087672E+0,-7.6178963E+1,3.8395510E+3,0.0000000E+0
13364614,1/10/2021,4:29:41 PM,3.1288042E+0,-7.7146652E+1,3.8466941E+3,0.0000000E+0
13364615,1/10/2021,4:29:41 PM,7.9865870E+0,-7.7039131E+1,3.8440156E+3,0.0000000E+0
13364616,1/10/2021,4:29:42 PM,1.0923335E+1,-7.4915588E+1,3.8458013E+3,0.0000000E+0
13364617,1/10/2021,4:29:42 PM,1.1215431E+1,-7.2335068E+1,3.8404438E+3,0.0000000E+0
13364618,1/10/2021,4:29:42 PM,1.2552231E+1,-6.4969849E+1,3.8475872E+3,0.0000000E+0
13364619,1/10/2021,4:29:42 PM,9.8365278E+0,-5.3357529E+1,3.8475872E+3,0.0000000E+0
13364620,1/10/2021,4:29:42 PM,5.0640979E+0,-4.1879612E+1,3.8538374E+3,0.0000000E+0
13364621,1/10/2021,4:29:42 PM,8.1234245E+0,-3.3546696E+1,3.8538374E+3,0.0000000E+0
13364622,1/10/2021,4:29:42 PM,1.2194347E+1,-2.7794300E+1,3.8502659E+3,0.0000000E+0
13364623,1/10/2021,4:29:42 PM,1.5291616E+1,-2.2176304E+1,3.8547307E+3,0.0000000E+0
13364624,1/10/2021,4:29:42 PM,2.2318888E+1,-1.4826885E+1,3.8565164E+3,0.0000000E+0
13364625,1/10/2021,4:29:42 PM,2.7665844E+1,-9.8810444E+0,3.8600881E+3,0.0000000E+0
13364626,1/10/2021,4:29:43 PM,3.5167542E+1,-5.5786953E+0,3.8591951E+3,0.0000000E+0
13364627,1/10/2021,4:29:43 PM,4.0700710E+1,-2.9605696E+0,3.8565164E+3,0.0000000E+0
13364628,1/10/2021,4:29:43 PM,4.2855453E+1,2.5729809E+0,3.8583020E+3,0.0000000E+0
13364629,1/10/2021,4:29:43 PM,4.0966728E+1,1.1620066E+1,3.8600881E+3,0.0000000E+0
13364630,1/10/2021,4:29:43 PM,3.3864059E+1,2.3036474E+1,3.8636597E+3,0.0000000E+0
13364631,1/10/2021,4:29:43 PM,2.8091471E+1,3.3815502E+1,3.8690171E+3,0.0000000E+0
13364632,1/10/2021,4:29:43 PM,2.0908993E+1,4.2067772E+1,3.8672314E+3,0.0000000E+0
13364633,1/10/2021,4:29:43 PM,6.3340082E+0,5.0965176E+1,3.8627668E+3,0.0000000E+0
13364634,1/10/2021,4:29:43 PM,-5.6862130E+0,5.7846550E+1,3.8645525E+3,0.0000000E+0
13364635,1/10/2021,4:29:43 PM,-1.5962647E+1,6.5695618E+1,3.8672314E+3,0.0000000E+0
13364636,1/10/2021,4:29:44 PM,-2.8410694E+1,7.3921013E+1,3.8708032E+3,0.0000000E+0
13364637,1/10/2021,4:29:44 PM,-3.6710445E+1,7.6071442E+1,3.8708032E+3,0.0000000E+0
13364638,1/10/2021,4:29:44 PM,-4.1126339E+1,7.2120026E+1,3.8636597E+3,0.0000000E+0
13364639,1/10/2021,4:29:44 PM,-4.4770782E+1,6.3061340E+1,3.8600881E+3,0.0000000E+0
13364640,1/10/2021,4:29:44 PM,-4.2882057E+1,5.3465046E+1,3.8565164E+3,0.0000000E+0
13364641,1/10/2021,4:29:44 PM,-4.3094872E+1,4.8142738E+1,3.8645525E+3,0.0000000E+0
13364642,1/10/2021,4:29:44 PM,-4.2190411E+1,3.9084053E+1,3.8583020E+3,0.0000000E+0
13364643,1/10/2021,4:29:44 PM,-4.0594307E+1,2.7498615E+1,3.8538374E+3,0.0000000E+0
13364644,1/10/2021,4:29:44 PM,-4.1152943E+1,1.7286509E+1,3.8502659E+3,0.0000000E+0
13364645,1/10/2021,4:29:44 PM,-4.0381489E+1,9.0567379E+0,3.8493728E+3,0.0000000E+0
13364646,1/10/2021,4:29:45 PM,-4.0168674E+1,6.1131649E+0,3.8547307E+3,0.0000000E+0
13364647,1/10/2021,4:29:45 PM,-4.2935261E+1,3.7261376E+0,3.8511589E+3,0.0000000E+0
13364648,1/10/2021,4:29:45 PM,-4.3866322E+1,8.7747119E-2,3.8547307E+3,0.0000000E+0
13364649,1/10/2021,4:29:45 PM,-4.6207279E+1,-5.1267428E+0,3.8458013E+3,0.0000000E+0
13364650,1/10/2021,4:29:45 PM,-4.5382626E+1,-9.2269173E+0,3.8493728E+3,0.0000000E+0
13364651,1/10/2021,4:29:45 PM,-4.4345154E+1,-1.0606966E+1,3.8511589E+3,0.0000000E+0
13364652,1/10/2021,4:29:45 PM,-4.3440693E+1,-1.1702497E+1,3.8511589E+3,0.0000000E+0
13364653,1/10/2021,4:29:45 PM,-3.8067139E+1,-1.6789267E+1,3.8538374E+3,0.0000000E+0
13364654,1/10/2021,4:29:45 PM,-3.3252216E+1,-2.4192331E+1,3.8466941E+3,0.0000000E+0
13364655,1/10/2021,4:29:45 PM,-2.5644110E+1,-2.9245840E+1,3.8493728E+3,0.0000000E+0
13364656,1/10/2021,4:29:46 PM,-1.3394308E+1,-3.7686275E+1,3.8484800E+3,0.0000000E+0
13364657,1/10/2021,4:29:46 PM,-1.3619527E+0,-4.5642864E+1,3.8493728E+3,0.0000000E+0
13364658,1/10/2021,4:29:46 PM,1.0983860E+1,-5.2389835E+1,3.8529446E+3,0.0000000E+0
13364659,1/10/2021,4:29:46 PM,2.1414427E+1,-6.1529160E+1,3.8458013E+3,0.0000000E+0
13364660,1/10/2021,4:29:46 PM,2.8969330E+1,-6.8759979E+1,3.8475872E+3,0.0000000E+0
13364661,1/10/2021,4:29:46 PM,3.4582302E+1,-7.2818916E+1,3.8449084E+3,0.0000000E+0
13364662,1/10/2021,4:29:46 PM,3.7082870E+1,-7.3598442E+1,3.8493728E+3,0.0000000E+0
13364663,1/10/2021,4:29:46 PM,3.6524235E+1,-7.1582420E+1,3.8475872E+3,0.0000000E+0
13364664,1/10/2021,4:29:46 PM,3.3837452E+1,-6.9109421E+1,3.8440156E+3,0.0000000E+0
13364665,1/10/2021,4:29:46 PM,2.7426426E+1,-6.1582920E+1,3.8458013E+3,0.0000000E+0
13364666,1/10/2021,4:29:47 PM,2.0483364E+1,-5.1018936E+1,3.8475872E+3,0.0000000E+0
13364667,1/10/2021,4:29:47 PM,1.4344278E+1,-3.8331406E+1,3.8529446E+3,0.0000000E+0
13364668,1/10/2021,4:29:47 PM,9.5917988E+0,-2.7901819E+1,3.8529446E+3,0.0000000E+0
13364669,1/10/2021,4:29:47 PM,1.0665448E+1,-2.1988140E+1,3.8529446E+3,0.0000000E+0
13364670,1/10/2021,4:29:47 PM,1.1033858E+1,-1.5704372E+1,3.8511589E+3,0.0000000E+0
13364671,1/10/2021,4:29:47 PM,1.0197042E+1,-7.8096414E+0,3.8565164E+3,0.0000000E+0
13364672,1/10/2021,4:29:47 PM,1.1075962E+1,4.2966747E-1,3.8583020E+3,0.0000000E+0
13364673,1/10/2021,4:29:47 PM,1.4899523E+1,7.0757427E+0,3.8636597E+3,0.0000000E+0
13364674,1/10/2021,4:29:47 PM,2.0004623E+1,1.1261093E+1,3.8618738E+3,0.0000000E+0
13364675,1/10/2021,4:29:47 PM,2.1946463E+1,1.4654047E+1,3.8600881E+3,0.0000000E+0
13364676,1/10/2021,4:29:48 PM,1.9670424E+1,2.0682121E+1,3.8600881E+3,0.0000000E+0
13364677,1/10/2021,4:29:48 PM,1.6404739E+1,2.8331907E+1,3.8654453E+3,0.0000000E+0
13364678,1/10/2021,4:29:48 PM,7.7497520E+0,3.6826103E+1,3.8672314E+3,0.0000000E+0
13364679,1/10/2021,4:29:48 PM,1.4811891E+0,4.1557049E+1,3.8672314E+3,0.0000000E+0
13364680,1/10/2021,4:29:48 PM,-9.4549608E+0,4.5374058E+1,3.8636597E+3,0.0000000E+0
13364681,1/10/2021,4:29:48 PM,-2.1627241E+1,5.0723255E+1,3.8645525E+3,0.0000000E+0
13364682,1/10/2021,4:29:48 PM,-3.3837452E+1,5.4567142E+1,3.8627668E+3,0.0000000E+0
13364683,1/10/2021,4:29:48 PM,-4.3866322E+1,5.6260605E+1,3.8654453E+3,0.0000000E+0
13364684,1/10/2021,4:29:48 PM,-5.0623173E+1,5.2793041E+1,3.8583020E+3,0.0000000E+0
13364685,1/10/2021,4:29:48 PM,-5.0569969E+1,4.4728931E+1,3.8600881E+3,0.0000000E+0
13364686,1/10/2021,4:29:49 PM,-5.2804516E+1,3.8116360E+1,3.8556235E+3,0.0000000E+0
13364687,1/10/2021,4:29:49 PM,-5.4879459E+1,3.1315628E+1,3.8583020E+3,0.0000000E+0
13364688,1/10/2021,4:29:49 PM,-5.8417496E+1,2.3520321E+1,3.8538374E+3,0.0000000E+0
13364689,1/10/2021,4:29:49 PM,-5.8284485E+1,1.3989283E+1,3.8547307E+3,0.0000000E+0
13364690,1/10/2021,4:29:49 PM,-5.8656910E+1,3.0462558E+0,3.8502659E+3,0.0000000E+0
13364691,1/10/2021,4:29:49 PM,-5.7752449E+1,-7.2273088E+0,3.8475872E+3,0.0000000E+0
13364692,1/10/2021,4:29:49 PM,-6.0492428E+1,-1.2742187E+1,3.8511589E+3,0.0000000E+0
13364693,1/10/2021,4:29:49 PM,-6.8313347E+1,-1.5379968E+1,3.8475872E+3,0.0000000E+0
13364694,1/10/2021,4:29:49 PM,-7.2995262E+1,-1.9126575E+1,3.8493728E+3,0.0000000E+0
13364695,1/10/2021,4:29:49 PM,-7.5203209E+1,-2.4057928E+1,3.8422295E+3,0.0000000E+0
13364696,1/10/2021,4:29:50 PM,-7.6187477E+1,-2.7176052E+1,3.8466941E+3,0.0000000E+0
13364697,1/10/2021,4:29:50 PM,-7.6214073E+1,-3.0778021E+1,3.8395510E+3,0.0000000E+0
13364698,1/10/2021,4:29:50 PM,-7.5974663E+1,-3.2014519E+1,3.8475872E+3,0.0000000E+0
13364699,1/10/2021,4:29:50 PM,-7.0547905E+1,-3.4138065E+1,3.8440156E+3,0.0000000E+0
13364700,1/10/2021,4:29:50 PM,-6.2354553E+1,-4.0132389E+1,3.8422295E+3,0.0000000E+0
13364701,1/10/2021,4:29:50 PM,-4.9452698E+1,-4.7605133E+1,3.8422295E+3,0.0000000E+0
13364702,1/10/2021,4:29:50 PM,-3.5327152E+1,-5.3169365E+1,3.8404438E+3,0.0000000E+0
13364703,1/10/2021,4:29:50 PM,-2.1547436E+1,-5.5857407E+1,3.8458013E+3,0.0000000E+0
13364704,1/10/2021,4:29:50 PM,-7.5997572E+0,-5.7443344E+1,3.8458013E+3,0.0000000E+0
13364705,1/10/2021,4:29:50 PM,5.0086226E+0,-5.8841125E+1,3.8458013E+3,0.0000000E+0
13364706,1/10/2021,4:29:51 PM,2.0023045E+1,-5.8437920E+1,3.8493728E+3,0.0000000E+0
13364707,1/10/2021,4:29:51 PM,3.6151810E+1,-5.7416466E+1,3.8529446E+3,0.0000000E+0
13364708,1/10/2021,4:29:51 PM,4.6446693E+1,-5.4163940E+1,3.8511589E+3,0.0000000E+0
13364709,1/10/2021,4:29:51 PM,5.3309952E+1,-4.9594276E+1,3.8538374E+3,0.0000000E+0
13364710,1/10/2021,4:29:51 PM,5.9055935E+1,-4.2390339E+1,3.8556235E+3,0.0000000E+0
13364711,1/10/2021,4:29:51 PM,6.4110275E+1,-3.6207855E+1,3.8565164E+3,0.0000000E+0
13364712,1/10/2021,4:29:51 PM,6.9723244E+1,-3.0993063E+1,3.8547307E+3,0.0000000E+0
13364713,1/10/2021,4:29:51 PM,6.8925194E+1,-2.1450533E+1,3.8609810E+3,0.0000000E+0
13364714,1/10/2021,4:29:51 PM,6.4083664E+1,-1.1760996E+1,3.8591951E+3,0.0000000E+0
13364715,1/10/2021,4:29:51 PM,5.8337688E+1,-3.4146252E+0,3.8618738E+3,0.0000000E+0
13364716,1/10/2021,4:29:52 PM,5.3043930E+1,4.8440590E+0,3.8574092E+3,0.0000000E+0
13364717,1/10/2021,4:29:52 PM,4.7244751E+1,1.3486722E+1,3.8636597E+3,0.0000000E+0
13364718,1/10/2021,4:29:52 PM,4.1418961E+1,2.2579508E+1,3.8618738E+3,0.0000000E+0
13364719,1/10/2021,4:29:52 PM,3.3066002E+1,3.1638191E+1,3.8645525E+3,0.0000000E+0
13364720,1/10/2021,4:29:52 PM,2.5245081E+1,3.9675423E+1,3.8636597E+3,0.0000000E+0
13364721,1/10/2021,4:29:52 PM,1.9446747E+1,4.6072948E+1,3.8645525E+3,0.0000000E+0
13364722,1/10/2021,4:29:52 PM,1.5754760E+1,5.0481331E+1,3.8672314E+3,0.0000000E+0
13364723,1/10/2021,4:29:52 PM,1.2907482E+1,5.4970348E+1,3.8681243E+3,0.0000000E+0
13364724,1/10/2021,4:29:52 PM,5.9471784E+0,5.8787361E+1,3.8690171E+3,0.0000000E+0
13364725,1/10/2021,4:29:52 PM,2.5986192E+0,6.0212021E+1,3.8681243E+3,0.0000000E+0
13364726,1/10/2021,4:29:53 PM,-3.5987587E+0,6.0991550E+1,3.8690171E+3,0.0000000E+0
13364727,1/10/2021,4:29:53 PM,-1.0854917E+1,5.8330395E+1,3.8645525E+3,0.0000000E+0
13364728,1/10/2021,4:29:53 PM,-1.5315300E+1,5.3922012E+1,3.8663386E+3,0.0000000E+0
13364729,1/10/2021,4:29:53 PM,-2.5112072E+1,4.9970604E+1,3.8636597E+3,0.0000000E+0
13364730,1/10/2021,4:29:53 PM,-3.7029667E+1,4.4702049E+1,3.8600881E+3,0.0000000E+0
13364731,1/10/2021,4:29:53 PM,-4.3653507E+1,3.5992813E+1,3.8618738E+3,0.0000000E+0
13364732,1/10/2021,4:29:53 PM,-5.0995598E+1,2.6530924E+1,3.8565164E+3,0.0000000E+0
13364733,1/10/2021,4:29:53 PM,-6.1343685E+1,1.5425172E+1,3.8458013E+3,0.0000000E+0
13364734,1/10/2021,4:29:53 PM,-6.8339951E+1,6.1955957E+0,3.8493728E+3,0.0000000E+0
13364735,1/10/2021,4:29:53 PM,-7.5043602E+1,6.8944162E-1,3.8511589E+3,0.0000000E+0
13364736,1/10/2021,4:29:54 PM,-7.4059334E+1,-1.0548467E+1,3.8458013E+3,0.0000000E+0
13364737,1/10/2021,4:29:54 PM,-7.0175476E+1,-2.2579508E+1,3.8404438E+3,0.0000000E+0
13364738,1/10/2021,4:29:54 PM,-6.6850250E+1,-3.1342508E+1,3.8404438E+3,0.0000000E+0
13364739,1/10/2021,4:29:54 PM,-6.3019600E+1,-3.7202431E+1,3.8395510E+3,0.0000000E+0
13364740,1/10/2021,4:29:54 PM,-5.5810516E+1,-4.0213032E+1,3.8440156E+3,0.0000000E+0
13364741,1/10/2021,4:29:54 PM,-4.7590572E+1,-4.2229057E+1,3.8458013E+3,0.0000000E+0
13364742,1/10/2021,4:29:54 PM,-3.8412960E+1,-4.5024612E+1,3.8475872E+3,0.0000000E+0
13364743,1/10/2021,4:29:54 PM,-3.1390093E+1,-4.8868507E+1,3.8440156E+3,0.0000000E+0
13364744,1/10/2021,4:29:54 PM,-2.4792852E+1,-4.8787865E+1,3.8475872E+3,0.0000000E+0
13364745,1/10/2021,4:29:54 PM,-2.0057737E+1,-4.6449272E+1,3.8493728E+3,0.0000000E+0
13364746,1/10/2021,4:29:55 PM,-1.4096918E+1,-4.4433247E+1,3.8511589E+3,0.0000000E+0
13364747,1/10/2021,4:29:55 PM,-9.9365244E+0,-4.3680599E+1,3.8511589E+3,0.0000000E+0
13364748,1/10/2021,4:29:55 PM,-1.1425951E+1,-4.1583927E+1,3.8475872E+3,0.0000000E+0
13364749,1/10/2021,4:29:55 PM,-1.3970606E+1,-3.7901318E+1,3.8493728E+3,0.0000000E+0
13364750,1/10/2021,4:29:55 PM,-1.4475853E+1,-3.3331657E+1,3.8493728E+3,0.0000000E+0
13364751,1/10/2021,4:29:55 PM,-1.6154747E+1,-2.7444853E+1,3.8547307E+3,0.0000000E+0
13364752,1/10/2021,4:29:55 PM,-1.4633743E+1,-2.4622416E+1,3.8502659E+3,0.0000000E+0
13364753,1/10/2021,4:29:55 PM,-1.3528516E+1,-2.3789124E+1,3.8475872E+3,0.0000000E+0
13364754,1/10/2021,4:29:55 PM,-1.1762782E+1,-1.8844717E+1,3.8511589E+3,0.0000000E+0
13364755,1/10/2021,4:29:55 PM,-8.0471115E+0,-1.4829544E+1,3.8529446E+3,0.0000000E+0
13364756,1/10/2021,4:29:56 PM,-4.4728904E+0,-9.9315662E+0,3.8547307E+3,0.0000000E+0
13364757,1/10/2021,4:29:56 PM,1.6452373E+0,-5.7728062E+0,3.8600881E+3,0.0000000E+0
13364758,1/10/2021,4:29:56 PM,4.4816074E+0,-3.8710830E+0,3.8547307E+3,0.0000000E+0
13364759,1/10/2021,4:29:56 PM,7.0471435E+0,-1.6461253E+0,3.8600881E+3,0.0000000E+0
13364760,1/10/2021,4:29:56 PM,1.0533874E+1,1.5682463E-1,3.8583020E+3,0.0000000E+0
13364761,1/10/2021,4:29:56 PM,9.8891573E+0,3.3217318E+0,3.8600881E+3,0.0000000E+0
13364762,1/10/2021,4:29:56 PM,1.0944387E+1,5.9350085E+0,3.8654453E+3,0.0000000E+0
13364763,1/10/2021,4:29:56 PM,1.2402235E+1,4.5493631E+0,3.8600881E+3,0.0000000E+0
13364764,1/10/2021,4:29:56 PM,9.2049694E+0,2.4864943E+0,3.8600881E+3,0.0000000E+0
13364765,1/10/2021,4:29:56 PM,1.0212831E+1,1.4028870E-1,3.8583020E+3,0.0000000E+0
13364766,1/10/2021,4:29:57 PM,9.1628647E+0,-1.7405399E+0,3.8600881E+3,0.0000000E+0
13364767,1/10/2021,4:29:57 PM,8.5207806E+0,-6.0466886E+0,3.8583020E+3,0.0000000E+0
13364768,1/10/2021,4:29:57 PM,8.3865738E+0,-1.2944275E+1,3.8538374E+3,0.0000000E+0
13364769,1/10/2021,4:29:57 PM,7.9365883E+0,-1.9554682E+1,3.8502659E+3,0.0000000E+0
13364770,1/10/2021,4:29:57 PM,8.9707661E+0,-2.5778273E+1,3.8484800E+3,0.0000000E+0
13364771,1/10/2021,4:29:57 PM,9.5075912E+0,-2.8842632E+1,3.8466941E+3,0.0000000E+0
13364772,1/10/2021,4:29:57 PM,9.7549515E+0,-2.9487761E+1,3.8493728E+3,0.0000000E+0
13364773,1/10/2021,4:29:57 PM,1.0010206E+1,-2.9568403E+1,3.8475872E+3,0.0000000E+0
13364774,1/10/2021,4:29:57 PM,7.7444892E+0,-2.7095409E+1,3.8484800E+3,0.0000000E+0
13364775,1/10/2021,4:29:57 PM,9.0049753E+0,-2.3412800E+1,3.8493728E+3,0.0000000E+0
13364776,1/10/2021,4:29:58 PM,6.2971673E+0,-1.5885188E+1,3.8547307E+3,0.0000000E+0
13364777,1/10/2021,4:29:58 PM,8.5669631E-1,-6.8444047E+0,3.8565164E+3,0.0000000E+0
13364778,1/10/2021,4:29:58 PM,-5.3533616E+0,1.0444307E+0,3.8556235E+3,0.0000000E+0
13364779,1/10/2021,4:29:58 PM,-1.2002249E+1,8.1287279E+0,3.8574092E+3,0.0000000E+0
13364780,1/10/2021,4:29:58 PM,-1.8773085E+1,1.4824226E+1,3.8565164E+3,0.0000000E+0
13364781,1/10/2021,4:29:58 PM,-2.0065149E+1,2.0331127E+1,3.8600881E+3,0.0000000E+0
13364782,1/10/2021,4:29:58 PM,-2.8091471E+1,2.7874941E+1,3.8609810E+3,0.0000000E+0
13364783,1/10/2021,4:29:58 PM,-3.7402092E+1,3.2310200E+1,3.8583020E+3,0.0000000E+0
13364784,1/10/2021,4:29:58 PM,-4.3254482E+1,3.5670246E+1,3.8600881E+3,0.0000000E+0
13364785,1/10/2021,4:29:58 PM,-4.5622040E+1,3.6234734E+1,3.8565164E+3,0.0000000E+0
13364786,1/10/2021,4:29:59 PM,-4.7617172E+1,3.6449780E+1,3.8565164E+3,0.0000000E+0
13364787,1/10/2021,4:29:59 PM,-5.1501030E+1,3.7471230E+1,3.8574092E+3,0.0000000E+0
13364788,1/10/2021,4:29:59 PM,-5.5783920E+1,3.8492687E+1,3.8565164E+3,0.0000000E+0
13364789,1/10/2021,4:29:59 PM,-5.9587967E+1,3.7874439E+1,3.8574092E+3,0.0000000E+0
13364790,1/10/2021,4:29:59 PM,-5.9614571E+1,3.5750889E+1,3.8520518E+3,0.0000000E+0
13364791,1/10/2021,4:29:59 PM,-5.7459831E+1,3.4568153E+1,3.8556235E+3,0.0000000E+0
13364792,1/10/2021,4:29:59 PM,-5.5863720E+1,3.4272469E+1,3.8556235E+3,0.0000000E+0
13364793,1/10/2021,4:29:59 PM,-5.4613438E+1,3.3923023E+1,3.8565164E+3,0.0000000E+0
13364794,1/10/2021,4:29:59 PM,-4.9426094E+1,3.0993063E+1,3.8565164E+3,0.0000000E+0
13364795,1/10/2021,4:29:59 PM,-4.4424957E+1,2.6557804E+1,3.8565164E+3,0.0000000E+0
13364796,1/10/2021,4:30:00 PM,-3.8120338E+1,2.3385920E+1,3.8565164E+3,0.0000000E+0
13364797,1/10/2021,4:30:00 PM,-3.3997063E+1,2.1531174E+1,3.8583020E+3,0.0000000E+0
13364798,1/10/2021,4:30:00 PM,-2.8384090E+1,1.8387358E+1,3.8600881E+3,0.0000000E+0
13364799,1/10/2021,4:30:00 PM,-2.2425295E+1,1.2891094E+1,3.8556235E+3,0.0000000E+0
13364800,1/10/2021,4:30:00 PM,-1.2439076E+1,6.9427896E+0,3.8583020E+3,0.0000000E+0
13364801,1/10/2021,4:30:00 PM,-9.1773444E-1,-1.8947006E+0,3.8574092E+3,0.0000000E+0
13364802,1/10/2021,4:30:00 PM,5.0957980E+0,-9.0008984E+0,3.8583020E+3,0.0000000E+0
13364803,1/10/2021,4:30:00 PM,8.7944555E+0,-1.5701714E+1,3.8574092E+3,0.0000000E+0
13364804,1/10/2021,4:30:00 PM,1.5052150E+1,-2.5294426E+1,3.8529446E+3,0.0000000E+0
13364805,1/10/2021,4:30:00 PM,2.1494232E+1,-3.5724007E+1,3.8547307E+3,0.0000000E+0
13364806,1/10/2021,4:30:01 PM,2.9660978E+1,-4.6933121E+1,3.8458013E+3,0.0000000E+0
13364807,1/10/2021,4:30:01 PM,3.4555702E+1,-5.2739281E+1,3.8529446E+3,0.0000000E+0
13364808,1/10/2021,4:30:01 PM,3.5752785E+1,-5.6179970E+1,3.8538374E+3,0.0000000E+0
13364809,1/10/2021,4:30:01 PM,3.8572571E+1,-6.3357025E+1,3.8475872E+3,0.0000000E+0
13364810,1/10/2021,4:30:01 PM,4.3174675E+1,-7.0050240E+1,3.8466941E+3,0.0000000E+0
13364811,1/10/2021,4:30:01 PM,4.5914658E+1,-7.6286484E+1,3.8440156E+3,0.0000000E+0
13364812,1/10/2021,4:30:01 PM,4.9266483E+1,-7.7684265E+1,3.8466941E+3,0.0000000E+0
13364813,1/10/2021,4:30:01 PM,5.1527634E+1,-7.9082039E+1,3.8511589E+3,0.0000000E+0
13364814,1/10/2021,4:30:01 PM,5.2698112E+1,-8.1205589E+1,3.8440156E+3,0.0000000E+0
13364815,1/10/2021,4:30:01 PM,5.4134605E+1,-8.0506699E+1,3.8511589E+3,0.0000000E+0
13364816,1/10/2021,4:30:02 PM,5.8178074E+1,-8.0022858E+1,3.8458013E+3,0.0000000E+0
13364817,1/10/2021,4:30:02 PM,5.9853985E+1,-7.7039131E+1,3.8493728E+3,0.0000000E+0
13364818,1/10/2021,4:30:02 PM,5.9933792E+1,-7.3007080E+1,3.8520518E+3,0.0000000E+0
13364819,1/10/2021,4:30:02 PM,5.5225277E+1,-6.7523483E+1,3.8475872E+3,0.0000000E+0
13364820,1/10/2021,4:30:02 PM,4.8335423E+1,-5.9755054E+1,3.8547307E+3,0.0000000E+0
13364821,1/10/2021,4:30:02 PM,3.8625774E+1,-5.1637188E+1,3.8493728E+3,0.0000000E+0
13364822,1/10/2021,4:30:02 PM,2.7506233E+1,-4.0831280E+1,3.8565164E+3,0.0000000E+0
13364823,1/10/2021,4:30:02 PM,1.2365395E+1,-3.0132893E+1,3.8493728E+3,0.0000000E+0
13364824,1/10/2021,4:30:02 PM,-8.3339443E+0,-1.8304928E+1,3.8458013E+3,0.0000000E+0
13364825,1/10/2021,4:30:02 PM,-2.8916128E+1,-2.1645713E+0,3.8547307E+3,0.0000000E+0
13364826,1/10/2021,4:30:03 PM,-4.5143208E+1,1.3284634E+1,3.8547307E+3,0.0000000E+0
13364827,1/10/2021,4:30:03 PM,-6.5147743E+1,3.0804901E+1,3.8565164E+3,0.0000000E+0
13364828,1/10/2021,4:30:03 PM,-8.5232079E+1,4.2551624E+1,3.8493728E+3,0.0000000E+0
13364829,1/10/2021,4:30:03 PM,-9.7362488E+1,5.5212276E+1,3.8529446E+3,0.0000000E+0
13364830,1/10/2021,4:30:03 PM,-1.0116653E+2,6.8625580E+1,3.8672314E+3,0.0000000E+0
13364831,1/10/2021,4:30:03 PM,-1.0180498E+2,7.4700539E+1,3.8600881E+3,0.0000000E+0
13364832,1/10/2021,4:30:03 PM,-1.0584846E+2,7.7764908E+1,3.8574092E+3,0.0000000E+0
13364833,1/10/2021,4:30:03 PM,-1.1159444E+2,8.2764656E+1,3.8618738E+3,0.0000000E+0
13364834,1/10/2021,4:30:03 PM,-1.1372257E+2,8.9242821E+1,3.8636597E+3,0.0000000E+0
13364835,1/10/2021,4:30:03 PM,-1.0842883E+2,9.1527649E+1,3.8690171E+3,0.0000000E+0
13364836,1/10/2021,4:30:04 PM,-1.0513020E+2,8.9565384E+1,3.8699099E+3,0.0000000E+0
13364837,1/10/2021,4:30:04 PM,-1.0180498E+2,7.8383148E+1,3.8529446E+3,0.0000000E+0
13364838,1/10/2021,4:30:04 PM,-9.7069862E+1,7.0937286E+1,3.8600881E+3,0.0000000E+0
13364839,1/10/2021,4:30:04 PM,-9.0658836E+1,6.4459122E+1,3.8574092E+3,0.0000000E+0
13364840,1/10/2021,4:30:04 PM,-7.9858521E+1,5.7147663E+1,3.8618738E+3,0.0000000E+0
13364841,1/10/2021,4:30:04 PM,-6.9829651E+1,4.5938549E+1,3.8583020E+3,0.0000000E+0
13364842,1/10/2021,4:30:04 PM,-6.2434361E+1,3.5159523E+1,3.8529446E+3,0.0000000E+0
13364843,1/10/2021,4:30:04 PM,-5.3549370E+1,2.5160025E+1,3.8547307E+3,0.0000000E+0
13364844,1/10/2021,4:30:04 PM,-4.8122604E+1,1.9054781E+1,3.8475872E+3,0.0000000E+0
13364845,1/10/2021,4:30:04 PM,-3.8359756E+1,9.4875050E+0,3.8600881E+3,0.0000000E+0
13364846,1/10/2021,4:30:05 PM,-2.2584904E+1,-1.2327269E+0,3.8511589E+3,0.0000000E+0
13364847,1/10/2021,4:30:05 PM,-1.3241682E+1,-8.6924477E+0,3.8538374E+3,0.0000000E+0
13364848,1/10/2021,4:30:05 PM,-1.4067972E+1,-1.3319201E+1,3.8458013E+3,0.0000000E+0
13364849,1/10/2021,4:30:05 PM,-8.9609098E-1,-2.2364466E+1,3.8538374E+3,0.0000000E+0
13364850,1/10/2021,4:30:05 PM,1.0754919E+1,-2.5751392E+1,3.8618738E+3,0.0000000E+0
13364851,1/10/2021,4:30:05 PM,9.9970484E+0,-2.8493189E+1,3.8502659E+3,0.0000000E+0
13364852,1/10/2021,4:30:05 PM,8.5497265E+0,-3.3734859E+1,3.8565164E+3,0.0000000E+0
13364853,1/10/2021,4:30:05 PM,1.0762815E+1,-3.9487259E+1,3.8547307E+3,0.0000000E+0
13364854,1/10/2021,4:30:05 PM,2.0391453E+1,-5.2766159E+1,3.8413367E+3,0.0000000E+0
13364855,1/10/2021,4:30:05 PM,3.7162678E+1,-6.3034462E+1,3.8565164E+3,0.0000000E+0
13364856,1/10/2021,4:30:06 PM,4.2749050E+1,-6.3141983E+1,3.8565164E+3,0.0000000E+0
13364857,1/10/2021,4:30:06 PM,4.9958130E+1,-7.5130623E+1,3.8422295E+3,0.0000000E+0
13364858,1/10/2021,4:30:06 PM,6.0864857E+1,-8.1743195E+1,3.8493728E+3,0.0000000E+0
13364859,1/10/2021,4:30:06 PM,7.8847649E+1,-9.0049225E+1,3.8502659E+3,0.0000000E+0
13364860,1/10/2021,4:30:06 PM,9.8160538E+1,-1.0268300E+2,3.8466941E+3,0.0000000E+0
13364861,1/10/2021,4:30:06 PM,1.0941309E+2,-1.1066647E+2,3.8422295E+3,0.0000000E+0
13364862,1/10/2021,4:30:06 PM,1.1630295E+2,-1.1332763E+2,3.8440156E+3,0.0000000E+0
13364863,1/10/2021,4:30:06 PM,1.1877692E+2,-1.1160728E+2,3.8458013E+3,0.0000000E+0
13364864,1/10/2021,4:30:06 PM,1.1986758E+2,-1.0421519E+2,3.8529446E+3,0.0000000E+0
13364865,1/10/2021,4:30:06 PM,1.2045282E+2,-9.9672401E+1,3.8475872E+3,0.0000000E+0
13364866,1/10/2021,4:30:07 PM,1.1414820E+2,-9.0828758E+1,3.8484800E+3,0.0000000E+0
13364867,1/10/2021,4:30:07 PM,9.8107338E+1,-7.6125198E+1,3.8458013E+3,0.0000000E+0
13364868,1/10/2021,4:30:07 PM,8.1454628E+1,-5.3061848E+1,3.8636597E+3,0.0000000E+0
13364869,1/10/2021,4:30:07 PM,5.9907188E+1,-3.1154345E+1,3.8636597E+3,0.0000000E+0
13364870,1/10/2021,4:30:07 PM,5.8151474E+1,-2.4810577E+1,3.8458013E+3,0.0000000E+0
13364871,1/10/2021,4:30:07 PM,4.9745316E+1,-7.8016644E+0,3.8654453E+3,0.0000000E+0
13364872,1/10/2021,4:30:07 PM,1.6902090E+1,1.0763850E+1,3.8583020E+3,0.0000000E+0
13364873,1/10/2021,4:30:07 PM,6.3103247E+0,2.4353613E+1,3.8547307E+3,0.0000000E+0
13364874,1/10/2021,4:30:07 PM,9.1891794E+0,3.6584183E+1,3.8708032E+3,0.0000000E+0
13364875,1/10/2021,4:30:07 PM,1.8108706E+0,3.7068027E+1,3.8529446E+3,0.0000000E+0
13364876,1/10/2021,4:30:08 PM,-1.7799431E+1,5.9163692E+1,3.8654453E+3,0.0000000E+0
13364877,1/10/2021,4:30:08 PM,-5.7672642E+1,8.2415207E+1,3.8654453E+3,0.0000000E+0
13364878,1/10/2021,4:30:08 PM,-9.5925987E+1,1.0499471E+2,3.8636597E+3,0.0000000E+0
13364879,1/10/2021,4:30:08 PM,-1.0813621E+2,1.1563934E+2,3.8815178E+3,0.0000000E+0
13364880,1/10/2021,4:30:08 PM,-1.2327261E+2,1.1910690E+2,3.8645525E+3,0.0000000E+0
13364881,1/10/2021,4:30:08 PM,-1.3763757E+2,1.1929507E+2,3.8618738E+3,0.0000000E+0
13364882,1/10/2021,4:30:08 PM,-1.5620561E+2,1.2512811E+2,3.8690171E+3,0.0000000E+0
13364883,1/10/2021,4:30:08 PM,-1.7964177E+2,1.2832687E+2,3.8654453E+3,0.0000000E+0
13364884,1/10/2021,4:30:08 PM,-1.7772644E+2,1.1819297E+2,3.8708032E+3,0.0000000E+0
13364885,1/10/2021,4:30:08 PM,-1.6362750E+2,9.3731834E+1,3.8475872E+3,0.0000000E+0
13364886,1/10/2021,4:30:09 PM,-1.5224194E+2,7.1259850E+1,3.8511589E+3,0.0000000E+0
13364887,1/10/2021,4:30:09 PM,-1.4378258E+2,5.6717571E+1,3.8600881E+3,0.0000000E+0
13364888,1/10/2021,4:30:09 PM,-1.3926027E+2,4.2040894E+1,3.8431226E+3,0.0000000E+0
13364889,1/10/2021,4:30:09 PM,-1.2042622E+2,1.8296949E+1,3.8475872E+3,0.0000000E+0
13364890,1/10/2021,4:30:09 PM,-1.0369371E+2,1.8682741E+0,3.8404438E+3,0.0000000E+0
13364891,1/10/2021,4:30:09 PM,-9.3292412E+1,-1.3454813E+1,3.8395510E+3,0.0000000E+0
13364892,1/10/2021,4:30:09 PM,-8.1640839E+1,-2.2471987E+1,3.8475872E+3,0.0000000E+0
13364893,1/10/2021,4:30:09 PM,-7.8688042E+1,-2.4703058E+1,3.8458013E+3,0.0000000E+0
13364894,1/10/2021,4:30:09 PM,-4.9771915E+1,-4.3922520E+1,3.8395510E+3,0.0000000E+0
13364895,1/10/2021,4:30:09 PM,-2.6468763E+1,-5.4432747E+1,3.8440156E+3,0.0000000E+0
13364896,1/10/2021,4:30:10 PM,-7.9655352E+0,-5.7523987E+1,3.8458013E+3,0.0000000E+0
13364897,1/10/2021,4:30:10 PM,-8.2628937E+0,-5.8868004E+1,3.8458013E+3,0.0000000E+0
13364898,1/10/2021,4:30:10 PM,-4.7177734E+0,-5.4809071E+1,3.8529446E+3,0.0000000E+0
13364899,1/10/2021,4:30:10 PM,1.1741730E+1,-6.1314114E+1,3.8529446E+3,0.0000000E+0
13364900,1/10/2021,4:30:10 PM,2.1068604E+1,-6.8007324E+1,3.8547307E+3,0.0000000E+0
13364901,1/10/2021,4:30:10 PM,3.4316284E+1,-8.1044304E+1,3.8333003E+3,0.0000000E+0
13364902,1/10/2021,4:30:10 PM,4.0940128E+1,-7.8221870E+1,3.8645525E+3,0.0000000E+0
13364903,1/10/2021,4:30:10 PM,4.9825119E+1,-8.4511879E+1,3.8493728E+3,0.0000000E+0
13364904,1/10/2021,4:30:10 PM,6.7089676E+1,-9.3866241E+1,3.8520518E+3,0.0000000E+0
13364905,1/10/2021,4:30:10 PM,8.0656570E+1,-1.0725266E+2,3.8404438E+3,0.0000000E+0
13364906,1/10/2021,4:30:11 PM,9.3478630E+1,-1.1413404E+2,3.8350864E+3,0.0000000E+0
13364907,1/10/2021,4:30:11 PM,1.0164538E+2,-1.1227930E+2,3.8538374E+3,0.0000000E+0
13364908,1/10/2021,4:30:11 PM,1.0478438E+2,-1.0674194E+2,3.8404438E+3,0.0000000E+0
13364909,1/10/2021,4:30:11 PM,9.8320152E+1,-9.6930603E+1,3.8502659E+3,0.0000000E+0
13364910,1/10/2021,4:30:11 PM,9.8825584E+1,-9.2683510E+1,3.8395510E+3,0.0000000E+0
13364911,1/10/2021,4:30:11 PM,9.6564430E+1,-8.1044304E+1,3.8458013E+3,0.0000000E+0
13364912,1/10/2021,4:30:11 PM,8.7094208E+1,-6.3491428E+1,3.8466941E+3,0.0000000E+0
13364913,1/10/2021,4:30:11 PM,7.1159744E+1,-3.7229309E+1,3.8600881E+3,0.0000000E+0
13364914,1/10/2021,4:30:11 PM,5.5970131E+1,-1.3563833E+1,3.8618738E+3,0.0000000E+0
13364915,1/10/2021,4:30:11 PM,4.1897793E+1,6.8045192E+0,3.8636597E+3,0.0000000E+0
13364916,1/10/2021,4:30:12 PM,3.3997063E+1,2.1773098E+1,3.8654453E+3,0.0000000E+0
13364917,1/10/2021,4:30:12 PM,2.6176144E+1,3.5750889E+1,3.8636597E+3,0.0000000E+0
13364918,1/10/2021,4:30:12 PM,1.7796799E+1,5.1529663E+1,3.8743748E+3,0.0000000E+0
13364919,1/10/2021,4:30:12 PM,1.4046920E+1,6.5991302E+1,3.8779465E+3,0.0000000E+0
13364920,1/10/2021,4:30:12 PM,4.1915512E+0,7.0130875E+1,3.8752676E+3,0.0000000E+0
13364921,1/10/2021,4:30:12 PM,8.9473653E-1,6.8383652E+1,3.8690171E+3,0.0000000E+0
13364922,1/10/2021,4:30:12 PM,-2.4448736E+0,6.3141983E+1,3.8609810E+3,0.0000000E+0
13364923,1/10/2021,4:30:12 PM,-1.1115434E+1,6.7174034E+1,3.8672314E+3,0.0000000E+0
13364924,1/10/2021,4:30:12 PM,-2.4500233E+1,7.2227547E+1,3.8699099E+3,0.0000000E+0
13364925,1/10/2021,4:30:12 PM,-3.8173542E+1,7.0130875E+1,3.8654453E+3,0.0000000E+0
13364926,1/10/2021,4:30:13 PM,-5.3895191E+1,7.1394257E+1,3.8654453E+3,0.0000000E+0
13364927,1/10/2021,4:30:13 PM,-7.2755844E+1,6.9754555E+1,3.8556235E+3,0.0000000E+0
13364928,1/10/2021,4:30:13 PM,-8.6641975E+1,6.2389332E+1,3.8422295E+3,0.0000000E+0
13364929,1/10/2021,4:30:13 PM,-9.4782112E+1,6.5856895E+1,3.8618738E+3,0.0000000E+0
13364930,1/10/2021,4:30:13 PM,-1.0026208E+2,6.6475151E+1,3.8654453E+3,0.0000000E+0
13364931,1/10/2021,4:30:13 PM,-9.6484627E+1,5.4002655E+1,3.8502659E+3,0.0000000E+0
13364932,1/10/2021,4:30:13 PM,-9.2148537E+1,3.9030293E+1,3.8475872E+3,0.0000000E+0
13364933,1/10/2021,4:30:13 PM,-8.6163139E+1,2.7525496E+1,3.8458013E+3,0.0000000E+0
13364934,1/10/2021,4:30:13 PM,-7.4697777E+1,2.1611816E+1,3.8565164E+3,0.0000000E+0
13364935,1/10/2021,4:30:13 PM,-6.8579369E+1,1.5645873E+1,3.8529446E+3,0.0000000E+0
13364936,1/10/2021,4:30:14 PM,-6.4642311E+1,1.0152268E+1,3.8565164E+3,0.0000000E+0
13364937,1/10/2021,4:30:14 PM,-5.6156342E+1,1.7656107E-1,3.8484800E+3,0.0000000E+0
13364938,1/10/2021,4:30:14 PM,-5.1155209E+1,-5.6368546E+0,3.8475872E+3,0.0000000E+0
13364939,1/10/2021,4:30:14 PM,-4.9399490E+1,-5.0538697E+0,3.8529446E+3,0.0000000E+0
13364940,1/10/2021,4:30:14 PM,-4.6898926E+1,-6.9507675E+0,3.8547307E+3,0.0000000E+0
13364941,1/10/2021,4:30:14 PM,-4.6313686E+1,-7.9027081E+0,3.8565164E+3,0.0000000E+0
13364942,1/10/2021,4:30:14 PM,-4.7351154E+1,-1.2574666E+1,3.8511589E+3,0.0000000E+0
13364943,1/10/2021,4:30:14 PM,-4.3919525E+1,-2.0563480E+1,3.8466941E+3,0.0000000E+0
13364944,1/10/2021,4:30:14 PM,-3.6896660E+1,-2.7928703E+1,3.8431226E+3,0.0000000E+0
13364945,1/10/2021,4:30:14 PM,-3.4795120E+1,-2.7982462E+1,3.8529446E+3,0.0000000E+0
13364946,1/10/2021,4:30:15 PM,-2.8862923E+1,-3.0912424E+1,3.8529446E+3,0.0000000E+0
13364947,1/10/2021,4:30:15 PM,-2.1201612E+1,-3.8653969E+1,3.8466941E+3,0.0000000E+0
13364948,1/10/2021,4:30:15 PM,-3.8959477E+0,-5.1341499E+1,3.8458013E+3,0.0000000E+0
13364949,1/10/2021,4:30:15 PM,1.6594206E+1,-6.3007580E+1,3.8404438E+3,0.0000000E+0
13364950,1/10/2021,4:30:15 PM,2.7586037E+1,-6.5695618E+1,3.8502659E+3,0.0000000E+0
13364951,1/10/2021,4:30:15 PM,3.7029667E+1,-6.6851471E+1,3.8502659E+3,0.0000000E+0
13364952,1/10/2021,4:30:15 PM,4.4158943E+1,-6.8383652E+1,3.8511589E+3,0.0000000E+0
13364953,1/10/2021,4:30:15 PM,4.8468430E+1,-6.9243828E+1,3.8484800E+3,0.0000000E+0
13364954,1/10/2021,4:30:15 PM,5.4453827E+1,-6.9431984E+1,3.8475872E+3,0.0000000E+0
13364955,1/10/2021,4:30:15 PM,5.4773048E+1,-6.3464546E+1,3.8565164E+3,0.0000000E+0
13364956,1/10/2021,4:30:16 PM,5.0463566E+1,-5.6636936E+1,3.8547307E+3,0.0000000E+0
13364957,1/10/2021,4:30:16 PM,4.2642643E+1,-4.8304020E+1,3.8565164E+3,0.0000000E+0
13364958,1/10/2021,4:30:16 PM,3.3145809E+1,-4.1745209E+1,3.8574092E+3,0.0000000E+0
13364959,1/10/2021,4:30:16 PM,2.9980198E+1,-4.0885040E+1,3.8484800E+3,0.0000000E+0
13364960,1/10/2021,4:30:16 PM,2.5830320E+1,-3.6530418E+1,3.8556235E+3,0.0000000E+0
13364961,1/10/2021,4:30:16 PM,2.2558304E+1,-3.2175800E+1,3.8574092E+3,0.0000000E+0
13364962,1/10/2021,4:30:16 PM,1.9780947E+1,-3.1853237E+1,3.8547307E+3,0.0000000E+0
13364963,1/10/2021,4:30:16 PM,1.7452074E+1,-3.5482086E+1,3.8440156E+3,0.0000000E+0
13364964,1/10/2021,4:30:16 PM,1.6191587E+1,-3.6584183E+1,3.8475872E+3,0.0000000E+0
13364965,1/10/2021,4:30:16 PM,1.8915184E+1,-3.4836956E+1,3.8493728E+3,0.0000000E+0
13364966,1/10/2021,4:30:17 PM,1.7323130E+1,-3.1288748E+1,3.8466941E+3,0.0000000E+0
13364967,1/10/2021,4:30:17 PM,1.2596966E+1,-2.1262369E+1,3.8529446E+3,0.0000000E+0
13364968,1/10/2021,4:30:17 PM,4.1265659E+0,-1.0351697E+1,3.8520518E+3,0.0000000E+0
13364969,1/10/2021,4:30:17 PM,-1.4128939E+0,-1.2508632E+0,3.8511589E+3,0.0000000E+0
13364970,1/10/2021,4:30:17 PM,-1.2275924E+1,1.4138190E+1,3.8547307E+3,0.0000000E+0
13364971,1/10/2021,4:30:17 PM,-2.6654976E+1,3.1718834E+1,3.8627668E+3,0.0000000E+0
13364972,1/10/2021,4:30:17 PM,-3.9982464E+1,4.8169617E+1,3.8654453E+3,0.0000000E+0
13364973,1/10/2021,4:30:17 PM,-5.6901188E+1,6.2926941E+1,3.8627668E+3,0.0000000E+0
13364974,1/10/2021,4:30:17 PM,-6.9377426E+1,7.2523232E+1,3.8654453E+3,0.0000000E+0
13364975,1/10/2021,4:30:17 PM,-7.4006134E+1,7.9619644E+1,3.8663386E+3,0.0000000E+0
13364976,1/10/2021,4:30:18 PM,-7.8927460E+1,8.3705460E+1,3.8690171E+3,0.0000000E+0
13364977,1/10/2021,4:30:18 PM,-8.0736382E+1,8.3544182E+1,3.8672314E+3,0.0000000E+0
13364978,1/10/2021,4:30:18 PM,-8.0922592E+1,7.8060585E+1,3.8654453E+3,0.0000000E+0
13364979,1/10/2021,4:30:18 PM,-7.4724380E+1,6.6932114E+1,3.8583020E+3,0.0000000E+0
13364980,1/10/2021,4:30:18 PM,-6.5280754E+1,5.3545689E+1,3.8574092E+3,0.0000000E+0
13364981,1/10/2021,4:30:18 PM,-5.2937527E+1,4.2874187E+1,3.8583020E+3,0.0000000E+0
13364982,1/10/2021,4:30:18 PM,-4.4823986E+1,3.2363964E+1,3.8565164E+3,0.0000000E+0
13364983,1/10/2021,4:30:18 PM,-3.6657242E+1,2.1181728E+1,3.8502659E+3,0.0000000E+0
13364984,1/10/2021,4:30:18 PM,-2.9820589E+1,1.1471158E+1,3.8493728E+3,0.0000000E+0
13364985,1/10/2021,4:30:18 PM,-2.1068604E+1,4.9129281E+0,3.8520518E+3,0.0000000E+0
13364986,1/10/2021,4:30:19 PM,-1.5520557E+1,2.7091177E+0,3.8565164E+3,0.0000000E+0
13364987,1/10/2021,4:30:19 PM,-1.3381151E+1,-1.8224195E+0,3.8511589E+3,0.0000000E+0
13364988,1/10/2021,4:30:19 PM,-1.1447002E+1,-3.9519641E+0,3.8538374E+3,0.0000000E+0
13364989,1/10/2021,4:30:19 PM,-1.1407530E+1,-4.7839985E+0,3.8538374E+3,0.0000000E+0
13364990,1/10/2021,4:30:19 PM,-9.8049498E+0,-5.8206692E+0,3.8547307E+3,0.0000000E+0
13364991,1/10/2021,4:30:19 PM,-5.5287704E+0,-6.5811591E+0,3.8583020E+3,0.0000000E+0
13364992,1/10/2021,4:30:19 PM,-1.9931464E+0,-1.0282561E+1,3.8583020E+3,0.0000000E+0
13364993,1/10/2021,4:30:19 PM,3.6843491E+0,-1.7150898E+1,3.8565164E+3,0.0000000E+0
13364994,1/10/2021,4:30:19 PM,8.0786886E+0,-2.5106262E+1,3.8529446E+3,0.0000000E+0
13364995,1/10/2021,4:30:19 PM,1.6144220E+1,-3.3654221E+1,3.8565164E+3,0.0000000E+0
13364996,1/10/2021,4:30:20 PM,2.5404692E+1,-4.2336578E+1,3.8511589E+3,0.0000000E+0
13364997,1/10/2021,4:30:20 PM,3.4236481E+1,-5.1475903E+1,3.8529446E+3,0.0000000E+0
13364998,1/10/2021,4:30:20 PM,3.9822853E+1,-5.8679840E+1,3.8466941E+3,0.0000000E+0
13364999,1/10/2021,4:30:20 PM,4.5036800E+1,-6.4512878E+1,3.8466941E+3,0.0000000E+0
13365000,1/10/2021,4:30:20 PM,4.8628040E+1,-6.6179459E+1,3.8475872E+3,0.0000000E+0
13365001,1/10/2021,4:30:20 PM,5.0277348E+1,-6.6313866E+1,3.8475872E+3,0.0000000E+0
13365002,1/10/2021,4:30:20 PM,5.1660641E+1,-6.4593521E+1,3.8493728E+3,0.0000000E+0
13365003,1/10/2021,4:30:20 PM,4.6420094E+1,-5.7631508E+1,3.8484800E+3,0.0000000E+0
13365004,1/10/2021,4:30:20 PM,3.8838589E+1,-4.8088978E+1,3.8529446E+3,0.0000000E+0
13365005,1/10/2021,4:30:20 PM,3.0326021E+1,-3.9729183E+1,3.8511589E+3,0.0000000E+0
13365006,1/10/2021,4:30:21 PM,2.2531702E+1,-3.1745714E+1,3.8529446E+3,0.0000000E+0
13365007,1/10/2021,4:30:21 PM,1.8446779E+1,-2.4595537E+1,3.8565164E+3,0.0000000E+0
13365008,1/10/2021,4:30:21 PM,1.1397004E+1,-1.7033899E+1,3.8565164E+3,0.0000000E+0
13365009,1/10/2021,4:30:21 PM,4.8128743E+0,-9.6975698E+0,3.8574092E+3,0.0000000E+0
13365010,1/10/2021,4:30:21 PM,-1.3041489E+0,-3.9007127E+0,3.8583020E+3,0.0000000E+0
13365011,1/10/2021,4:30:21 PM,-5.6603451E+0,-5.3688431E-1,3.8574092E+3,0.0000000E+0
13365012,1/10/2021,4:30:21 PM,-6.9629354E+0,1.2396435E+0,3.8600881E+3,0.0000000E+0
13365013,1/10/2021,4:30:21 PM,-1.2918008E+1,3.2640741E+0,3.8574092E+3,0.0000000E+0
13365014,1/10/2021,4:30:21 PM,-2.1228214E+1,4.7711864E+0,3.8583020E+3,0.0000000E+0
13365015,1/10/2021,4:30:21 PM,-3.1922127E+1,6.2753673E+0,3.8520518E+3,0.0000000E+0
13365016,1/10/2021,4:30:22 PM,-4.0807117E+1,7.8043232E+0,3.8547307E+3,0.0000000E+0
13365017,1/10/2021,4:30:22 PM,-4.9505898E+1,1.0021975E+1,3.8529446E+3,0.0000000E+0
13365018,1/10/2021,4:30:22 PM,-5.7459831E+1,1.1495090E+1,3.8520518E+3,0.0000000E+0
13365019,1/10/2021,4:30:22 PM,-6.8260147E+1,1.3617016E+1,3.8502659E+3,0.0000000E+0
13365020,1/10/2021,4:30:22 PM,-7.7677177E+1,1.5925074E+1,3.8511589E+3,0.0000000E+0
13365021,1/10/2021,4:30:22 PM,-8.6668571E+1,1.8097521E+1,3.8466941E+3,0.0000000E+0
13365022,1/10/2021,4:30:22 PM,-8.9887390E+1,2.0200832E+1,3.8502659E+3,0.0000000E+0
13365023,1/10/2021,4:30:22 PM,-9.5260941E+1,2.3708483E+1,3.8502659E+3,0.0000000E+0
13365024,1/10/2021,4:30:22 PM,-9.8825584E+1,2.6961006E+1,3.8529446E+3,0.0000000E+0
13365025,1/10/2021,4:30:22 PM,-1.0066111E+2,2.9729687E+1,3.8511589E+3,0.0000000E+0
13365026,1/10/2021,4:30:23 PM,-9.5899391E+1,3.0186653E+1,3.8547307E+3,0.0000000E+0
13365027,1/10/2021,4:30:23 PM,-8.9514961E+1,2.8573832E+1,3.8547307E+3,0.0000000E+0
13365028,1/10/2021,4:30:23 PM,-7.7943192E+1,2.3842886E+1,3.8565164E+3,0.0000000E+0
13365029,1/10/2021,4:30:23 PM,-6.9164604E+1,1.9849838E+1,3.8538374E+3,0.0000000E+0
13365030,1/10/2021,4:30:23 PM,-5.9774185E+1,1.4539707E+1,3.8529446E+3,0.0000000E+0
13365031,1/10/2021,4:30:23 PM,-4.9372890E+1,9.7959547E+0,3.8547307E+3,0.0000000E+0
13365032,1/10/2021,4:30:23 PM,-3.4688713E+1,3.6588702E+0,3.8520518E+3,0.0000000E+0
13365033,1/10/2021,4:30:23 PM,-2.1840055E+1,3.6592412E-1,3.8600881E+3,0.0000000E+0
13365034,1/10/2021,4:30:23 PM,-1.4846893E+1,-3.7869987E+0,3.8493728E+3,0.0000000E+0
13365035,1/10/2021,4:30:23 PM,-8.5549898E+0,-7.1209469E+0,3.8565164E+3,0.0000000E+0
13365036,1/10/2021,4:30:24 PM,-9.2116572E-2,-1.0083133E+1,3.8475872E+3,0.0000000E+0
13365037,1/10/2021,4:30:24 PM,1.3010110E+1,-1.2888433E+1,3.8583020E+3,0.0000000E+0
13365038,1/10/2021,4:30:24 PM,2.5590904E+1,-1.5395923E+1,3.8574092E+3,0.0000000E+0
13365039,1/10/2021,4:30:24 PM,3.4475895E+1,-1.8054977E+1,3.8574092E+3,0.0000000E+0
13365040,1/10/2021,4:30:24 PM,4.0009068E+1,-2.0617241E+1,3.8556235E+3,0.0000000E+0
13365041,1/10/2021,4:30:24 PM,4.9319687E+1,-2.5106262E+1,3.8547307E+3,0.0000000E+0
13365042,1/10/2021,4:30:24 PM,6.1104271E+1,-2.8923275E+1,3.8600881E+3,0.0000000E+0
13365043,1/10/2021,4:30:24 PM,7.3234680E+1,-3.3412296E+1,3.8565164E+3,0.0000000E+0
13365044,1/10/2021,4:30:24 PM,8.2013268E+1,-3.6396015E+1,3.8636597E+3,0.0000000E+0
13365045,1/10/2021,4:30:24 PM,8.7785851E+1,-3.9971107E+1,3.8565164E+3,0.0000000E+0
13365046,1/10/2021,4:30:25 PM,9.0632240E+1,-4.3062347E+1,3.8574092E+3,0.0000000E+0
13365047,1/10/2021,4:30:25 PM,9.1669708E+1,-4.3895641E+1,3.8565164E+3,0.0000000E+0
13365048,1/10/2021,4:30:25 PM,9.0525833E+1,-4.4567646E+1,3.8600881E+3,0.0000000E+0
13365049,1/10/2021,4:30:25 PM,8.4274414E+1,-4.3223633E+1,3.8583020E+3,0.0000000E+0
13365050,1/10/2021,4:30:25 PM,7.1904587E+1,-4.2497860E+1,3.8529446E+3,0.0000000E+0
13365051,1/10/2021,4:30:25 PM,6.0253014E+1,-3.9729183E+1,3.8538374E+3,0.0000000E+0
13365052,1/10/2021,4:30:25 PM,4.6313686E+1,-3.3896145E+1,3.8529446E+3,0.0000000E+0
13365053,1/10/2021,4:30:25 PM,3.2427559E+1,-2.6262119E+1,3.8529446E+3,0.0000000E+0
13365054,1/10/2021,4:30:25 PM,1.7765223E+1,-1.7467325E+1,3.8529446E+3,0.0000000E+0
13365055,1/10/2021,4:30:25 PM,2.5019338E+0,-9.9342251E+0,3.8511589E+3,0.0000000E+0
13365056,1/10/2021,4:30:26 PM,-1.1199642E+1,-2.1381447E+0,3.8511589E+3,0.0000000E+0
13365057,1/10/2021,4:30:26 PM,-2.0199354E+1,3.9639764E+0,3.8520518E+3,0.0000000E+0
13365058,1/10/2021,4:30:26 PM,-2.6814587E+1,1.0798418E+1,3.8529446E+3,0.0000000E+0
13365059,1/10/2021,4:30:26 PM,-3.6284817E+1,2.0966686E+1,3.8618738E+3,0.0000000E+0
13365060,1/10/2021,4:30:26 PM,-5.1314816E+1,2.7606138E+1,3.8493728E+3,0.0000000E+0
13365061,1/10/2021,4:30:26 PM,-6.2061935E+1,3.3089729E+1,3.8547307E+3,0.0000000E+0
13365062,1/10/2021,4:30:26 PM,-6.6078804E+1,4.1960255E+1,3.8654453E+3,0.0000000E+0
13365063,1/10/2021,4:30:26 PM,-6.8339951E+1,4.4648289E+1,3.8618738E+3,0.0000000E+0
13365064,1/10/2021,4:30:26 PM,-7.3846519E+1,4.5481583E+1,3.8547307E+3,0.0000000E+0
13365065,1/10/2021,4:30:26 PM,-8.4567032E+1,5.0158764E+1,3.8618738E+3,0.0000000E+0
13365066,1/10/2021,4:30:27 PM,-9.2148537E+1,5.1852226E+1,3.8609810E+3,0.0000000E+0
13365067,1/10/2021,4:30:27 PM,-9.1510101E+1,4.5723507E+1,3.8583020E+3,0.0000000E+0
13365068,1/10/2021,4:30:27 PM,-8.8131676E+1,3.7202431E+1,3.8529446E+3,0.0000000E+0
13365069,1/10/2021,4:30:27 PM,-8.5604507E+1,2.8063103E+1,3.8511589E+3,0.0000000E+0
13365070,1/10/2021,4:30:27 PM,-8.3529564E+1,2.1531174E+1,3.8529446E+3,0.0000000E+0
13365071,1/10/2021,4:30:27 PM,-8.1268417E+1,1.4454618E+1,3.8475872E+3,0.0000000E+0
13365072,1/10/2021,4:30:27 PM,-7.5815056E+1,7.9053679E+0,3.8520518E+3,0.0000000E+0
13365073,1/10/2021,4:30:27 PM,-6.7116272E+1,-1.1396457E+0,3.8440156E+3,0.0000000E+0
13365074,1/10/2021,4:30:27 PM,-5.6369160E+1,-7.3815336E+0,3.8493728E+3,0.0000000E+0
13365075,1/10/2021,4:30:27 PM,-5.0543365E+1,-8.3467703E+0,3.8511589E+3,0.0000000E+0
13365076,1/10/2021,4:30:28 PM,-4.6233879E+1,-9.8810444E+0,3.8493728E+3,0.0000000E+0
13365077,1/10/2021,4:30:28 PM,-4.0886925E+1,-1.1027097E+1,3.8547307E+3,0.0000000E+0
13365078,1/10/2021,4:30:28 PM,-3.4608906E+1,-1.5066199E+1,3.8484800E+3,0.0000000E+0
13365079,1/10/2021,4:30:28 PM,-3.0512234E+1,-1.6850426E+1,3.8547307E+3,0.0000000E+0
13365080,1/10/2021,4:30:28 PM,-2.5750515E+1,-1.7993818E+1,3.8529446E+3,0.0000000E+0
13365081,1/10/2021,4:30:28 PM,-2.4101206E+1,-1.9754112E+1,3.8565164E+3,0.0000000E+0
13365082,1/10/2021,4:30:28 PM,-2.1946463E+1,-2.4111691E+1,3.8529446E+3,0.0000000E+0
13365083,1/10/2021,4:30:28 PM,-1.9538849E+1,-2.9272720E+1,3.8502659E+3,0.0000000E+0
13365084,1/10/2021,4:30:28 PM,-1.2915377E+1,-3.5482086E+1,3.8511589E+3,0.0000000E+0
13365085,1/10/2021,4:30:28 PM,-8.0286913E+0,-4.1583927E+1,3.8466941E+3,0.0000000E+0
13365086,1/10/2021,4:30:29 PM,-4.7700791E+0,-4.4191322E+1,3.8475872E+3,0.0000000E+0
13365087,1/10/2021,4:30:29 PM,2.0018640E+0,-4.7820171E+1,3.8493728E+3,0.0000000E+0
13365088,1/10/2021,4:30:29 PM,1.1578578E+1,-5.2685516E+1,3.8458013E+3,0.0000000E+0
13365089,1/10/2021,4:30:29 PM,2.2292284E+1,-5.6233730E+1,3.8458013E+3,0.0000000E+0
13365090,1/10/2021,4:30:29 PM,3.3066002E+1,-5.6475651E+1,3.8493728E+3,0.0000000E+0
13365091,1/10/2021,4:30:29 PM,3.8093739E+1,-5.4352104E+1,3.8493728E+3,0.0000000E+0
13365092,1/10/2021,4:30:29 PM,4.2030800E+1,-5.1045818E+1,3.8493728E+3,0.0000000E+0
13365093,1/10/2021,4:30:29 PM,4.8122604E+1,-4.6476154E+1,3.8538374E+3,0.0000000E+0
13365094,1/10/2021,4:30:29 PM,5.5491295E+1,-4.2040894E+1,3.8565164E+3,0.0000000E+0
13365095,1/10/2021,4:30:29 PM,6.2301350E+1,-3.8680847E+1,3.8583020E+3,0.0000000E+0
13365096,1/10/2021,4:30:30 PM,6.5732979E+1,-3.3492939E+1,3.8583020E+3,0.0000000E+0
13365097,1/10/2021,4:30:30 PM,6.5466965E+1,-2.9084558E+1,3.8565164E+3,0.0000000E+0
13365098,1/10/2021,4:30:30 PM,6.5653175E+1,-2.4111691E+1,3.8600881E+3,0.0000000E+0
13365099,1/10/2021,4:30:30 PM,6.9244415E+1,-2.1880619E+1,3.8591951E+3,0.0000000E+0
13365100,1/10/2021,4:30:30 PM,7.2463226E+1,-1.8940441E+1,3.8636597E+3,0.0000000E+0
13365101,1/10/2021,4:30:30 PM,7.0547905E+1,-1.4542366E+1,3.8618738E+3,0.0000000E+0
13365102,1/10/2021,4:30:30 PM,6.7275887E+1,-1.3021388E+1,3.8574092E+3,0.0000000E+0
13365103,1/10/2021,4:30:30 PM,6.0279617E+1,-1.0431469E+1,3.8547307E+3,0.0000000E+0
13365104,1/10/2021,4:30:30 PM,5.2378891E+1,-2.9173265E+0,3.8574092E+3,0.0000000E+0
13365105,1/10/2021,4:30:30 PM,3.9929260E+1,7.2725124E+0,3.8600881E+3,0.0000000E+0
13365106,1/10/2021,4:30:31 PM,2.6176144E+1,1.8206541E+1,3.8583020E+3,0.0000000E+0
13365107,1/10/2021,4:30:31 PM,1.0586504E+1,2.8950155E+1,3.8547307E+3,0.0000000E+0
13365108,1/10/2021,4:30:31 PM,-3.8219139E-1,3.9379738E+1,3.8618738E+3,0.0000000E+0
13365109,1/10/2021,4:30:31 PM,-1.2115402E+1,5.2954323E+1,3.8672314E+3,0.0000000E+0
13365110,1/10/2021,4:30:31 PM,-3.0698444E+1,6.5480576E+1,3.8654453E+3,0.0000000E+0
13365111,1/10/2021,4:30:31 PM,-5.1102009E+1,7.5103745E+1,3.8627668E+3,0.0000000E+0
13365112,1/10/2021,4:30:31 PM,-6.3870857E+1,7.8248749E+1,3.8618738E+3,0.0000000E+0
13365113,1/10/2021,4:30:31 PM,-6.5174339E+1,8.2388321E+1,3.8743748E+3,0.0000000E+0
13365114,1/10/2021,4:30:31 PM,-6.7940926E+1,8.1366867E+1,3.8716960E+3,0.0000000E+0
13365115,1/10/2021,4:30:31 PM,-7.3952927E+1,7.3249001E+1,3.8600881E+3,0.0000000E+0
13365116,1/10/2021,4:30:32 PM,-8.6615372E+1,6.3733349E+1,3.8583020E+3,0.0000000E+0
13365117,1/10/2021,4:30:32 PM,-9.1776115E+1,5.4405865E+1,3.8565164E+3,0.0000000E+0
13365118,1/10/2021,4:30:32 PM,-9.4728912E+1,4.8142738E+1,3.8565164E+3,0.0000000E+0
13365119,1/10/2021,4:30:32 PM,-9.5606766E+1,3.7793797E+1,3.8600881E+3,0.0000000E+0
13365120,1/10/2021,4:30:32 PM,-9.9730049E+1,2.3762245E+1,3.8466941E+3,0.0000000E+0
13365121,1/10/2021,4:30:32 PM,-1.0568884E+2,1.3920148E+1,3.8484800E+3,0.0000000E+0
13365122,1/10/2021,4:30:32 PM,-1.1308413E+2,8.4345188E+0,3.8466941E+3,0.0000000E+0
13365123,1/10/2021,4:30:32 PM,-1.1042396E+2,-3.7325442E+0,3.8422295E+3,0.0000000E+0
13365124,1/10/2021,4:30:32 PM,-1.0789678E+2,-1.4186052E+1,3.8422295E+3,0.0000000E+0
13365125,1/10/2021,4:30:32 PM,-1.0457157E+2,-2.3090237E+1,3.8386577E+3,0.0000000E+0
13365126,1/10/2021,4:30:33 PM,-1.0217741E+2,-3.0321054E+1,3.8458013E+3,0.0000000E+0
13365127,1/10/2021,4:30:33 PM,-9.8240349E+1,-3.7390591E+1,3.8350864E+3,0.0000000E+0
13365128,1/10/2021,4:30:33 PM,-9.0978058E+1,-4.3438671E+1,3.8404438E+3,0.0000000E+0
13365129,1/10/2021,4:30:33 PM,-7.6480095E+1,-4.9002911E+1,3.8413367E+3,0.0000000E+0
13365130,1/10/2021,4:30:33 PM,-6.2913193E+1,-5.2389835E+1,3.8431226E+3,0.0000000E+0
13365131,1/10/2021,4:30:33 PM,-4.5861458E+1,-6.0534584E+1,3.8386577E+3,0.0000000E+0
13365132,1/10/2021,4:30:33 PM,-2.7187012E+1,-6.7550362E+1,3.8404438E+3,0.0000000E+0
13365133,1/10/2021,4:30:33 PM,-5.7813940E+0,-6.9727676E+1,3.8484800E+3,0.0000000E+0
13365134,1/10/2021,4:30:33 PM,1.4586376E+1,-7.1851219E+1,3.8458013E+3,0.0000000E+0
13365135,1/10/2021,4:30:33 PM,3.1044268E+1,-7.4055412E+1,3.8475872E+3,0.0000000E+0
13365136,1/10/2021,4:30:34 PM,3.8998199E+1,-6.8383652E+1,3.8520518E+3,0.0000000E+0
13365137,1/10/2021,4:30:34 PM,4.7883190E+1,-6.4620399E+1,3.8556235E+3,0.0000000E+0
13365138,1/10/2021,4:30:34 PM,5.5810516E+1,-6.2523735E+1,3.8529446E+3,0.0000000E+0
13365139,1/10/2021,4:30:34 PM,6.3551636E+1,-6.1152836E+1,3.8458013E+3,0.0000000E+0
13365140,1/10/2021,4:30:34 PM,7.2809052E+1,-5.4755310E+1,3.8600881E+3,0.0000000E+0
13365141,1/10/2021,4:30:34 PM,8.1694046E+1,-4.8196499E+1,3.8627668E+3,0.0000000E+0
13365142,1/10/2021,4:30:34 PM,8.6774986E+1,-4.4487007E+1,3.8547307E+3,0.0000000E+0
13365143,1/10/2021,4:30:34 PM,8.5577896E+1,-3.9514137E+1,3.8565164E+3,0.0000000E+0
13365144,1/10/2021,4:30:34 PM,9.2840187E+1,-3.8304523E+1,3.8547307E+3,0.0000000E+0
13365145,1/10/2021,4:30:34 PM,9.9198006E+1,-3.4326229E+1,3.8600881E+3,0.0000000E+0
13365146,1/10/2021,4:30:35 PM,1.0212421E+2,-2.9084558E+1,3.8618738E+3,0.0000000E+0
13365147,1/10/2021,4:30:35 PM,9.7522095E+1,-2.3251518E+1,3.8600881E+3,0.0000000E+0
13365148,1/10/2021,4:30:35 PM,9.0286415E+1,-1.6948809E+1,3.8600881E+3,0.0000000E+0
13365149,1/10/2021,4:30:35 PM,7.8847649E+1,-8.7482882E+0,3.8609810E+3,0.0000000E+0
13365150,1/10/2021,4:30:35 PM,6.8100540E+1,1.3677720E+0,3.8600881E+3,0.0000000E+0
13365151,1/10/2021,4:30:35 PM,5.9907188E+1,1.0343720E+1,3.8654453E+3,0.0000000E+0
13365152,1/10/2021,4:30:35 PM,4.4584568E+1,2.0631599E+1,3.8627668E+3,0.0000000E+0
13365153,1/10/2021,4:30:35 PM,2.8703312E+1,3.1799475E+1,3.8708032E+3,0.0000000E+0
13365154,1/10/2021,4:30:35 PM,1.4041657E+1,3.7605633E+1,3.8636597E+3,0.0000000E+0
13365155,1/10/2021,4:30:35 PM,-4.4007726E+0,4.3546196E+1,3.8583020E+3,0.0000000E+0
13365156,1/10/2021,4:30:36 PM,-1.4244281E+1,4.9889961E+1,3.8690171E+3,0.0000000E+0
13365157,1/10/2021,4:30:36 PM,-2.3728781E+1,5.2255432E+1,3.8618738E+3,0.0000000E+0
13365158,1/10/2021,4:30:36 PM,-3.3385223E+1,5.3411289E+1,3.8636597E+3,0.0000000E+0
13365159,1/10/2021,4:30:36 PM,-4.7005333E+1,5.5481075E+1,3.8690171E+3,0.0000000E+0
13365160,1/10/2021,4:30:36 PM,-6.4456100E+1,5.3303768E+1,3.8493728E+3,0.0000000E+0
13365161,1/10/2021,4:30:36 PM,-7.4937195E+1,4.7954575E+1,3.8502659E+3,0.0000000E+0
13365162,1/10/2021,4:30:36 PM,-7.8209213E+1,4.9863083E+1,3.8654453E+3,0.0000000E+0
13365163,1/10/2021,4:30:36 PM,-8.1108803E+1,4.6422394E+1,3.8574092E+3,0.0000000E+0
13365164,1/10/2021,4:30:36 PM,-8.6429161E+1,3.6987385E+1,3.8475872E+3,0.0000000E+0
13365165,1/10/2021,4:30:36 PM,-9.9756645E+1,3.3143494E+1,3.8413367E+3,0.0000000E+0
13365166,1/10/2021,4:30:37 PM,-1.0233702E+2,3.1960756E+1,3.8547307E+3,0.0000000E+0
13365167,1/10/2021,4:30:37 PM,-1.0106013E+2,3.1638191E+1,3.8511589E+3,0.0000000E+0
13365168,1/10/2021,4:30:37 PM,-1.0010248E+2,3.0455458E+1,3.8565164E+3,0.0000000E+0
13365169,1/10/2021,4:30:37 PM,-9.9836449E+1,2.4622416E+1,3.8502659E+3,0.0000000E+0
13365170,1/10/2021,4:30:37 PM,-9.6591034E+1,1.7469986E+1,3.8466941E+3,0.0000000E+0
13365171,1/10/2021,4:30:37 PM,-9.1802711E+1,1.4598206E+1,3.8511589E+3,0.0000000E+0
13365172,1/10/2021,4:30:37 PM,-7.9166870E+1,9.4316645E+0,3.8565164E+3,0.0000000E+0
13365173,1/10/2021,4:30:37 PM,-6.4615707E+1,2.6354437E+0,3.8556235E+3,0.0000000E+0
13365174,1/10/2021,4:30:37 PM,-5.1341423E+1,-7.8176184E+0,3.8511589E+3,0.0000000E+0
13365175,1/10/2021,4:30:37 PM,-4.1019936E+1,-1.7836935E+1,3.8484800E+3,0.0000000E+0
13365176,1/10/2021,4:30:38 PM,-3.3810852E+1,-2.5025621E+1,3.8440156E+3,0.0000000E+0
13365177,1/10/2021,4:30:38 PM,-2.3409559E+1,-2.9138317E+1,3.8529446E+3,0.0000000E+0
13365178,1/10/2021,4:30:38 PM,-1.1810149E+1,-3.3492939E+1,3.8556235E+3,0.0000000E+0
13365179,1/10/2021,4:30:38 PM,-3.1961670E+0,-4.1315125E+1,3.8511589E+3,0.0000000E+0
13365180,1/10/2021,4:30:38 PM,7.1027422E-1,-4.9217953E+1,3.8422295E+3,0.0000000E+0
13365181,1/10/2021,4:30:38 PM,2.3838506E+0,-5.2551121E+1,3.8475872E+3,0.0000000E+0
13365182,1/10/2021,4:30:38 PM,4.6250505E+0,-5.1314625E+1,3.8475872E+3,0.0000000E+0
13365183,1/10/2021,4:30:38 PM,8.5286751E+0,-5.0508209E+1,3.8583020E+3,0.0000000E+0
13365184,1/10/2021,4:30:38 PM,1.2875905E+1,-5.4217701E+1,3.8466941E+3,0.0000000E+0
13365185,1/10/2021,4:30:38 PM,1.4944260E+1,-5.9916340E+1,3.8422295E+3,0.0000000E+0
13365186,1/10/2021,4:30:39 PM,1.7962584E+1,-6.0561466E+1,3.8449084E+3,0.0000000E+0
13365187,1/10/2021,4:30:39 PM,1.9652004E+1,-5.8169117E+1,3.8466941E+3,0.0000000E+0
13365188,1/10/2021,4:30:39 PM,2.2185879E+1,-5.0938293E+1,3.8574092E+3,0.0000000E+0
13365189,1/10/2021,4:30:39 PM,1.7896797E+1,-4.6046070E+1,3.8493728E+3,0.0000000E+0
13365190,1/10/2021,4:30:39 PM,1.8278364E+1,-4.5481583E+1,3.8475872E+3,0.0000000E+0
13365191,1/10/2021,4:30:39 PM,1.9194124E+1,-3.9917347E+1,3.8493728E+3,0.0000000E+0
13365192,1/10/2021,4:30:39 PM,1.5354773E+1,-3.2794048E+1,3.8511589E+3,0.0000000E+0
13365193,1/10/2021,4:30:39 PM,1.1089119E+1,-2.1826859E+1,3.8574092E+3,0.0000000E+0
13365194,1/10/2021,4:30:39 PM,6.0629644E+0,-1.3428223E+1,3.8600881E+3,0.0000000E+0
13365195,1/10/2021,4:30:39 PM,3.6688261E-2,-8.8759222E+0,3.8502659E+3,0.0000000E+0
13365196,1/10/2021,4:30:40 PM,-3.0344961E+0,-4.9657812E+0,3.8547307E+3,0.0000000E+0
13365197,1/10/2021,4:30:40 PM,-5.7103438E+0,1.2436475E+0,3.8529446E+3,0.0000000E+0
13365198,1/10/2021,4:30:40 PM,-6.0892792E+0,1.0354356E+1,3.8654453E+3,0.0000000E+0
13365199,1/10/2021,4:30:40 PM,-9.5075912E+0,1.5890507E+1,3.8636597E+3,0.0000000E+0
13365200,1/10/2021,4:30:40 PM,-1.0294408E+1,1.5175221E+1,3.8547307E+3,0.0000000E+0
13365201,1/10/2021,4:30:40 PM,-7.8365917E+0,1.4805613E+1,3.8583020E+3,0.0000000E+0
13365202,1/10/2021,4:30:40 PM,-8.7391939E+0,1.5103426E+1,3.8529446E+3,0.0000000E+0
13365203,1/10/2021,4:30:40 PM,-4.9143147E+0,1.7150898E+1,3.8645525E+3,0.0000000E+0
13365204,1/10/2021,4:30:40 PM,5.3791851E-1,1.5635237E+1,3.8574092E+3,0.0000000E+0
13365205,1/10/2021,4:30:40 PM,7.3655539E+0,1.2340669E+1,3.8618738E+3,0.0000000E+0
13365206,1/10/2021,4:30:41 PM,1.4281122E+1,8.1234093E+0,3.8565164E+3,0.0000000E+0
13365207,1/10/2021,4:30:41 PM,1.9441484E+1,2.8981071E+0,3.8511589E+3,0.0000000E+0
13365208,1/10/2021,4:30:41 PM,2.4340622E+1,4.1017146E+0,3.8636597E+3,0.0000000E+0
13365209,1/10/2021,4:30:41 PM,2.9660978E+1,2.8676765E+0,3.8574092E+3,0.0000000E+0
13365210,1/10/2021,4:30:41 PM,3.5406960E+1,-2.8137752E-1,3.8583020E+3,0.0000000E+0
13365211,1/10/2021,4:30:41 PM,3.9556835E+1,-1.6861316E+0,3.8600881E+3,0.0000000E+0
13365212,1/10/2021,4:30:41 PM,3.8120338E+1,-1.7817874E+0,3.8565164E+3,0.0000000E+0
13365213,1/10/2021,4:30:41 PM,3.5619774E+1,4.8861006E-1,3.8618738E+3,0.0000000E+0
13365214,1/10/2021,4:30:41 PM,2.9926992E+1,1.6112163E+0,3.8583020E+3,0.0000000E+0
13365215,1/10/2021,4:30:41 PM,2.2638109E+1,3.4874983E+0,3.8609810E+3,0.0000000E+0
13365216,1/10/2021,4:30:42 PM,1.6231060E+1,4.9393549E+0,3.8556235E+3,0.0000000E+0
13365217,1/10/2021,4:30:42 PM,8.4997282E+0,6.1690054E+0,3.8529446E+3,0.0000000E+0
13365218,1/10/2021,4:30:42 PM,2.8205204E+0,8.8679447E+0,3.8600881E+3,0.0000000E+0
13365219,1/10/2021,4:30:42 PM,-4.7756267E+0,1.4236574E+1,3.8609810E+3,0.0000000E+0
13365220,1/10/2021,4:30:42 PM,-1.7483652E+1,1.7299805E+1,3.8583020E+3,0.0000000E+0
13365221,1/10/2021,4:30:42 PM,-3.1177277E+1,1.7297146E+1,3.8493728E+3,0.0000000E+0
13365222,1/10/2021,4:30:42 PM,-4.0514500E+1,1.7940638E+1,3.8547307E+3,0.0000000E+0
13365223,1/10/2021,4:30:42 PM,-4.4717579E+1,2.0541191E+1,3.8618738E+3,0.0000000E+0
13365224,1/10/2021,4:30:42 PM,-5.0835987E+1,1.8929806E+1,3.8538374E+3,0.0000000E+0
13365225,1/10/2021,4:30:42 PM,-5.9401756E+1,1.6002186E+1,3.8511589E+3,0.0000000E+0
13365226,1/10/2021,4:30:43 PM,-7.0813919E+1,1.6911583E+1,3.8511589E+3,0.0000000E+0
13365227,1/10/2021,4:30:43 PM,-7.3394287E+1,1.6108549E+1,3.8529446E+3,0.0000000E+0
13365228,1/10/2021,4:30:43 PM,-7.4697777E+1,1.5802757E+1,3.8529446E+3,0.0000000E+0
13365229,1/10/2021,4:30:43 PM,-7.4750977E+1,1.2072105E+1,3.8547307E+3,0.0000000E+0
13365230,1/10/2021,4:30:43 PM,-7.4883987E+1,7.8654819E+0,3.8484800E+3,0.0000000E+0
13365231,1/10/2021,4:30:43 PM,-7.6001266E+1,4.5621762E+0,3.8529446E+3,0.0000000E+0
13365232,1/10/2021,4:30:43 PM,-7.6453499E+1,4.6140581E-2,3.8458013E+3,0.0000000E+0
13365233,1/10/2021,4:30:43 PM,-7.4777588E+1,-3.3873980E+0,3.8502659E+3,0.0000000E+0
13365234,1/10/2021,4:30:43 PM,-7.2250412E+1,-6.0653019E+0,3.8529446E+3,0.0000000E+0
13365235,1/10/2021,4:30:43 PM,-6.8206947E+1,-1.0583035E+1,3.8475872E+3,0.0000000E+0
13365236,1/10/2021,4:30:44 PM,-6.7302483E+1,-1.4297733E+1,3.8493728E+3,0.0000000E+0
13365237,1/10/2021,4:30:44 PM,-6.5041328E+1,-1.7475302E+1,3.8422295E+3,0.0000000E+0
13365238,1/10/2021,4:30:44 PM,-5.8976131E+1,-1.9185074E+1,3.8475872E+3,0.0000000E+0
13365239,1/10/2021,4:30:44 PM,-4.8681244E+1,-2.0166265E+1,3.8511589E+3,0.0000000E+0
13365240,1/10/2021,4:30:44 PM,-3.7934128E+1,-2.1961260E+1,3.8511589E+3,0.0000000E+0
13365241,1/10/2021,4:30:44 PM,-2.9527967E+1,-2.6181477E+1,3.8502659E+3,0.0000000E+0
13365242,1/10/2021,4:30:44 PM,-2.1973064E+1,-3.0536097E+1,3.8458013E+3,0.0000000E+0
13365243,1/10/2021,4:30:44 PM,-9.5891676E+0,-3.4595032E+1,3.8484800E+3,0.0000000E+0
13365244,1/10/2021,4:30:44 PM,8.4997282E+0,-3.6960506E+1,3.8538374E+3,0.0000000E+0
13365245,1/10/2021,4:30:44 PM,2.7133806E+1,-4.2040894E+1,3.8547307E+3,0.0000000E+0
13365246,1/10/2021,4:30:45 PM,3.9078003E+1,-4.4863331E+1,3.8547307E+3,0.0000000E+0
13365247,1/10/2021,4:30:45 PM,4.6606304E+1,-4.7766415E+1,3.8484800E+3,0.0000000E+0
13365248,1/10/2021,4:30:45 PM,5.1953259E+1,-4.6476154E+1,3.8529446E+3,0.0000000E+0
13365249,1/10/2021,4:30:45 PM,5.5757313E+1,-4.0992561E+1,3.8609810E+3,0.0000000E+0
13365250,1/10/2021,4:30:45 PM,5.9375156E+1,-3.8680847E+1,3.8565164E+3,0.0000000E+0
13365251,1/10/2021,4:30:45 PM,5.6581970E+1,-3.5293922E+1,3.8574092E+3,0.0000000E+0
13365252,1/10/2021,4:30:45 PM,4.9798519E+1,-3.0455458E+1,3.8547307E+3,0.0000000E+0
13365253,1/10/2021,4:30:45 PM,3.8226749E+1,-2.4676178E+1,3.8547307E+3,0.0000000E+0
13365254,1/10/2021,4:30:45 PM,3.2028534E+1,-1.9727522E+1,3.8583020E+3,0.0000000E+0
13365255,1/10/2021,4:30:45 PM,2.8171278E+1,-1.7395531E+1,3.8565164E+3,0.0000000E+0
13365256,1/10/2021,4:30:46 PM,2.5431293E+1,-1.5544829E+1,3.8565164E+3,0.0000000E+0
13365257,1/10/2021,4:30:46 PM,1.6941565E+1,-1.5302856E+1,3.8511589E+3,0.0000000E+0
13365258,1/10/2021,4:30:46 PM,1.0894389E+1,-1.2819299E+1,3.8511589E+3,0.0000000E+0
13365259,1/10/2021,4:30:46 PM,6.8839903E+0,-8.3308163E+0,3.8574092E+3,0.0000000E+0
13365260,1/10/2021,4:30:46 PM,6.5208445E+0,-6.6369987E+0,3.8529446E+3,0.0000000E+0
13365261,1/10/2021,4:30:46 PM,5.9708619E+0,-4.4356494E+0,3.8565164E+3,0.0000000E+0
13365262,1/10/2021,4:30:46 PM,3.8119421E+0,-2.3303378E+0,3.8511589E+3,0.0000000E+0
13365263,1/10/2021,4:30:46 PM,-2.8094251E+0,3.5051160E+0,3.8547307E+3,0.0000000E+0
13365264,1/10/2021,4:30:46 PM,-4.9793000E+0,8.9955797E+0,3.8600881E+3,0.0000000E+0
13365265,1/10/2021,4:30:46 PM,-8.9391880E+0,1.2728891E+1,3.8556235E+3,0.0000000E+0
13365266,1/10/2021,4:30:47 PM,-1.0760182E+1,1.5988891E+1,3.8609810E+3,0.0000000E+0
13365267,1/10/2021,4:30:47 PM,-1.5873177E+1,1.7839592E+1,3.8547307E+3,0.0000000E+0
13365268,1/10/2021,4:30:47 PM,-2.4207613E+1,2.3950407E+1,3.8556235E+3,0.0000000E+0
13365269,1/10/2021,4:30:47 PM,-3.2400959E+1,3.2068279E+1,3.8636597E+3,0.0000000E+0
13365270,1/10/2021,4:30:47 PM,-3.7774517E+1,3.5939049E+1,3.8583020E+3,0.0000000E+0
13365271,1/10/2021,4:30:47 PM,-4.2802254E+1,3.8922771E+1,3.8609810E+3,0.0000000E+0
13365272,1/10/2021,4:30:47 PM,-4.3892925E+1,3.8922771E+1,3.8583020E+3,0.0000000E+0
13365273,1/10/2021,4:30:47 PM,-4.8468430E+1,3.9406620E+1,3.8583020E+3,0.0000000E+0
13365274,1/10/2021,4:30:47 PM,-5.0463566E+1,3.9057171E+1,3.8600881E+3,0.0000000E+0
13365275,1/10/2021,4:30:47 PM,-5.1341423E+1,3.4272469E+1,3.8556235E+3,0.0000000E+0
13365276,1/10/2021,4:30:48 PM,-4.8202412E+1,2.7606138E+1,3.8565164E+3,0.0000000E+0
13365277,1/10/2021,4:30:48 PM,-4.4318554E+1,2.1154848E+1,3.8547307E+3,0.0000000E+0
13365278,1/10/2021,4:30:48 PM,-4.0860321E+1,1.3545220E+1,3.8511589E+3,0.0000000E+0
13365279,1/10/2021,4:30:48 PM,-3.7162678E+1,9.0328064E+0,3.8574092E+3,0.0000000E+0
13365280,1/10/2021,4:30:48 PM,-3.2241348E+1,2.5857937E+0,3.8529446E+3,0.0000000E+0
13365281,1/10/2021,4:30:48 PM,-2.7054003E+1,-4.5517659E+0,3.8484800E+3,0.0000000E+0
13365282,1/10/2021,4:30:48 PM,-1.8907291E+1,-9.9049759E+0,3.8547307E+3,0.0000000E+0
13365283,1/10/2021,4:30:48 PM,-1.2431181E+1,-1.3978646E+1,3.8511589E+3,0.0000000E+0
13365284,1/10/2021,4:30:48 PM,-8.8312969E+0,-1.5972937E+1,3.8547307E+3,0.0000000E+0
13365285,1/10/2021,4:30:48 PM,-4.7883067E+0,-1.9788679E+1,3.8520518E+3,0.0000000E+0
13365286,1/10/2021,4:30:49 PM,-8.6151427E-1,-2.2821432E+1,3.8493728E+3,0.0000000E+0
13365287,1/10/2021,4:30:49 PM,3.7548819E+0,-2.5133144E+1,3.8529446E+3,0.0000000E+0
13365288,1/10/2021,4:30:49 PM,7.0260911E+0,-2.5509468E+1,3.8511589E+3,0.0000000E+0
13365289,1/10/2021,4:30:49 PM,5.8892856E+0,-2.3251518E+1,3.8547307E+3,0.0000000E+0
13365290,1/10/2021,4:30:49 PM,5.9945455E+0,-2.2660149E+1,3.8529446E+3,0.0000000E+0
13365291,1/10/2021,4:30:49 PM,8.8023500E+0,-2.4246090E+1,3.8538374E+3,0.0000000E+0
13365292,1/10/2021,4:30:49 PM,1.1791729E+1,-2.4864340E+1,3.8529446E+3,0.0000000E+0
13365293,1/10/2021,4:30:49 PM,1.5060045E+1,-2.5751392E+1,3.8520518E+3,0.0000000E+0
13365294,1/10/2021,4:30:49 PM,1.6515261E+1,-2.4541775E+1,3.8556235E+3,0.0000000E+0
13365295,1/10/2021,4:30:49 PM,1.5017941E+1,-2.1826859E+1,3.8556235E+3,0.0000000E+0
13365296,1/10/2021,4:30:50 PM,1.5373193E+1,-2.1154848E+1,3.8547307E+3,0.0000000E+0
13365297,1/10/2021,4:30:50 PM,1.5338984E+1,-2.0509720E+1,3.8547307E+3,0.0000000E+0
13365298,1/10/2021,4:30:50 PM,1.4560061E+1,-1.9187733E+1,3.8547307E+3,0.0000000E+0
13365299,1/10/2021,4:30:50 PM,9.0049753E+0,-1.5031632E+1,3.8529446E+3,0.0000000E+0
13365300,1/10/2021,4:30:50 PM,2.2451627E+0,-9.0487604E+0,3.8591951E+3,0.0000000E+0
13365301,1/10/2021,4:30:50 PM,-5.9945455E+0,-3.7725844E+0,3.8565164E+3,0.0000000E+0
13365302,1/10/2021,4:30:50 PM,-1.8396780E+1,-2.4030441E-1,3.8547307E+3,0.0000000E+0
13365303,1/10/2021,4:30:50 PM,-2.9022532E+1,3.0991087E+0,3.8547307E+3,0.0000000E+0
13365304,1/10/2021,4:30:50 PM,-3.9982464E+1,6.6875210E+0,3.8565164E+3,0.0000000E+0
13365305,1/10/2021,4:30:50 PM,-5.2990730E+1,1.0907439E+1,3.8574092E+3,0.0000000E+0
13365306,1/10/2021,4:30:51 PM,-6.3737850E+1,1.0388925E+1,3.8547307E+3,0.0000000E+0
13365307,1/10/2021,4:30:51 PM,-7.2888855E+1,9.0141935E+0,3.8538374E+3,0.0000000E+0
13365308,1/10/2021,4:30:51 PM,-7.9885124E+1,5.2380543E+0,3.8502659E+3,0.0000000E+0
13365309,1/10/2021,4:30:51 PM,-8.3103935E+1,-4.8007541E-3,3.8475872E+3,0.0000000E+0
13365310,1/10/2021,4:30:51 PM,-8.3848785E+1,-5.0138292E+0,3.8493728E+3,0.0000000E+0
13365311,1/10/2021,4:30:51 PM,-8.0496964E+1,-1.0872871E+1,3.8458013E+3,0.0000000E+0
13365312,1/10/2021,4:30:51 PM,-7.6639709E+1,-1.5741599E+1,3.8440156E+3,0.0000000E+0
13365313,1/10/2021,4:30:51 PM,-6.7861122E+1,-1.9669022E+1,3.8458013E+3,0.0000000E+0
13365314,1/10/2021,4:30:51 PM,-5.7220409E+1,-2.3520321E+1,3.8475872E+3,0.0000000E+0
13365315,1/10/2021,4:30:51 PM,-4.9027065E+1,-2.7202932E+1,3.8413367E+3,0.0000000E+0
13365316,1/10/2021,4:30:52 PM,-4.1738182E+1,-2.7552376E+1,3.8466941E+3,0.0000000E+0
13365317,1/10/2021,4:30:52 PM,-3.1895525E+1,-2.7391094E+1,3.8475872E+3,0.0000000E+0
13365318,1/10/2021,4:30:52 PM,-2.2717915E+1,-2.5966434E+1,3.8484800E+3,0.0000000E+0
13365319,1/10/2021,4:30:52 PM,-1.2025931E+1,-2.4057928E+1,3.8538374E+3,0.0000000E+0
13365320,1/10/2021,4:30:52 PM,-3.3494535E-1,-2.3627842E+1,3.8529446E+3,0.0000000E+0
13365321,1/10/2021,4:30:52 PM,8.8049822E+0,-2.1074207E+1,3.8547307E+3,0.0000000E+0
13365322,1/10/2021,4:30:52 PM,1.8388885E+1,-1.9169121E+1,3.8565164E+3,0.0000000E+0
13365323,1/10/2021,4:30:52 PM,2.9288551E+1,-1.7579006E+1,3.8574092E+3,0.0000000E+0
13365324,1/10/2021,4:30:52 PM,4.1684978E+1,-1.7004650E+1,3.8600881E+3,0.0000000E+0
13365325,1/10/2021,4:30:52 PM,5.2405491E+1,-1.6491453E+1,3.8600881E+3,0.0000000E+0
13365326,1/10/2021,4:30:53 PM,6.2194946E+1,-1.6725449E+1,3.8600881E+3,0.0000000E+0
13365327,1/10/2021,4:30:53 PM,7.0547905E+1,-1.5879870E+1,3.8600881E+3,0.0000000E+0
13365328,1/10/2021,4:30:53 PM,7.3181480E+1,-1.3965351E+1,3.8618738E+3,0.0000000E+0
13365329,1/10/2021,4:30:53 PM,7.2995262E+1,-1.1901926E+1,3.8600881E+3,0.0000000E+0
13365330,1/10/2021,4:30:53 PM,6.8898590E+1,-9.1019421E+0,3.8583020E+3,0.0000000E+0
13365331,1/10/2021,4:30:53 PM,6.3072803E+1,-5.3381548E+0,3.8609810E+3,0.0000000E+0
13365332,1/10/2021,4:30:53 PM,5.5783920E+1,-1.9795856E+0,3.8565164E+3,0.0000000E+0
13365333,1/10/2021,4:30:53 PM,4.7351154E+1,2.9205296E+0,3.8600881E+3,0.0000000E+0
13365334,1/10/2021,4:30:53 PM,3.5699577E+1,8.5807676E+0,3.8565164E+3,0.0000000E+0
13365335,1/10/2021,4:30:53 PM,2.4979065E+1,1.4834862E+1,3.8609810E+3,0.0000000E+0
13365336,1/10/2021,4:30:54 PM,1.5486347E+1,2.0495989E+1,3.8574092E+3,0.0000000E+0
13365337,1/10/2021,4:30:54 PM,1.0589135E+1,2.4488014E+1,3.8627668E+3,0.0000000E+0
13365338,1/10/2021,4:30:54 PM,6.4682145E+0,2.8546949E+1,3.8609810E+3,0.0000000E+0
13365339,1/10/2021,4:30:54 PM,4.3392447E-1,3.2337082E+1,3.8600881E+3,0.0000000E+0
13365340,1/10/2021,4:30:54 PM,-4.6971684E+0,3.5643368E+1,3.8636597E+3,0.0000000E+0
13365341,1/10/2021,4:30:54 PM,-5.5945582E+0,3.5750889E+1,3.8627668E+3,0.0000000E+0
13365342,1/10/2021,4:30:54 PM,-4.8841996E+0,3.3385414E+1,3.8636597E+3,0.0000000E+0
13365343,1/10/2021,4:30:54 PM,-5.2891688E+0,2.8358786E+1,3.8591951E+3,0.0000000E+0
13365344,1/10/2021,4:30:54 PM,-8.9865551E+0,2.4649296E+1,3.8574092E+3,0.0000000E+0
13365345,1/10/2021,4:30:54 PM,-1.8591511E+1,2.5267546E+1,3.8583020E+3,0.0000000E+0
13365346,1/10/2021,4:30:55 PM,-2.6654976E+1,2.3412800E+1,3.8583020E+3,0.0000000E+0
13365347,1/10/2021,4:30:55 PM,-3.5433563E+1,2.1423653E+1,3.8583020E+3,0.0000000E+0
13365348,1/10/2021,4:30:55 PM,-4.5143208E+1,1.8759626E+1,3.8511589E+3,0.0000000E+0
13365349,1/10/2021,4:30:55 PM,-5.6847988E+1,1.7430098E+1,3.8502659E+3,0.0000000E+0
13365350,1/10/2021,4:30:55 PM,-7.1452362E+1,2.0067881E+1,3.8529446E+3,0.0000000E+0
13365351,1/10/2021,4:30:55 PM,-8.4593636E+1,2.2068783E+1,3.8547307E+3,0.0000000E+0
13365352,1/10/2021,4:30:55 PM,-9.1536705E+1,1.9355253E+1,3.8511589E+3,0.0000000E+0
13365353,1/10/2021,4:30:55 PM,-9.3797852E+1,1.3670197E+1,3.8475872E+3,0.0000000E+0
13365354,1/10/2021,4:30:55 PM,-9.1802711E+1,8.7881737E+0,3.8475872E+3,0.0000000E+0
13365355,1/10/2021,4:30:55 PM,-8.9727783E+1,4.8312459E+0,3.8475872E+3,0.0000000E+0
13365356,1/10/2021,4:30:56 PM,-8.3848785E+1,2.1605673E+0,3.8547307E+3,0.0000000E+0
13365357,1/10/2021,4:30:56 PM,-7.3580498E+1,-5.5231404E+0,3.8475872E+3,0.0000000E+0
13365358,1/10/2021,4:30:56 PM,-5.9880592E+1,-1.4970474E+1,3.8493728E+3,0.0000000E+0
13365359,1/10/2021,4:30:56 PM,-4.7643776E+1,-2.1988140E+1,3.8502659E+3,0.0000000E+0
13365360,1/10/2021,4:30:56 PM,-3.8466164E+1,-2.6289000E+1,3.8502659E+3,0.0000000E+0
13365361,1/10/2021,4:30:56 PM,-3.6205013E+1,-2.8197504E+1,3.8538374E+3,0.0000000E+0
13365362,1/10/2021,4:30:56 PM,-3.4369492E+1,-3.2122040E+1,3.8511589E+3,0.0000000E+0
13365363,1/10/2021,4:30:56 PM,-3.4263084E+1,-3.6691700E+1,3.8511589E+3,0.0000000E+0
13365364,1/10/2021,4:30:56 PM,-3.6284817E+1,-3.9245338E+1,3.8466941E+3,0.0000000E+0
13365365,1/10/2021,4:30:56 PM,-3.9716446E+1,-4.3734356E+1,3.8440156E+3,0.0000000E+0
13365366,1/10/2021,4:30:57 PM,-4.0780518E+1,-4.3761238E+1,3.8475872E+3,0.0000000E+0
13365367,1/10/2021,4:30:57 PM,-3.6710445E+1,-4.5804146E+1,3.8502659E+3,0.0000000E+0
13365368,1/10/2021,4:30:57 PM,-3.2613773E+1,-5.2174789E+1,3.8368721E+3,0.0000000E+0
13365369,1/10/2021,4:30:57 PM,-2.5404692E+1,-5.6421890E+1,3.8422295E+3,0.0000000E+0
13365370,1/10/2021,4:30:57 PM,-1.7212608E+1,-5.6287491E+1,3.8386577E+3,0.0000000E+0
13365371,1/10/2021,4:30:57 PM,-6.4629517E+0,-5.5615479E+1,3.8475872E+3,0.0000000E+0
13365372,1/10/2021,4:30:57 PM,6.4629517E+0,-5.3438171E+1,3.8484800E+3,0.0000000E+0
13365373,1/10/2021,4:30:57 PM,2.3755383E+1,-5.6851974E+1,3.8466941E+3,0.0000000E+0
13365374,1/10/2021,4:30:57 PM,4.0408092E+1,-5.7443344E+1,3.8520518E+3,0.0000000E+0
13365375,1/10/2021,4:30:57 PM,5.6209545E+1,-5.7470226E+1,3.8538374E+3,0.0000000E+0
13365376,1/10/2021,4:30:58 PM,6.3658043E+1,-5.2255432E+1,3.8565164E+3,0.0000000E+0
13365377,1/10/2021,4:30:58 PM,6.6690643E+1,-4.6476154E+1,3.8618738E+3,0.0000000E+0
13365378,1/10/2021,4:30:58 PM,6.7967529E+1,-4.2148415E+1,3.8583020E+3,0.0000000E+0
13365379,1/10/2021,4:30:58 PM,6.6610840E+1,-3.7283070E+1,3.8583020E+3,0.0000000E+0
13365380,1/10/2021,4:30:58 PM,5.7725845E+1,-2.9138317E+1,3.8583020E+3,0.0000000E+0
13365381,1/10/2021,4:30:58 PM,4.6712711E+1,-2.1262369E+1,3.8565164E+3,0.0000000E+0
13365382,1/10/2021,4:30:58 PM,3.4263084E+1,-1.1697178E+1,3.8583020E+3,0.0000000E+0
13365383,1/10/2021,4:30:58 PM,2.2531702E+1,-3.2993097E+0,3.8565164E+3,0.0000000E+0
13365384,1/10/2021,4:30:58 PM,1.1920671E+1,3.7869987E+0,3.8583020E+3,0.0000000E+0
13365385,1/10/2021,4:30:58 PM,2.6612270E+0,8.6818113E+0,3.8493728E+3,0.0000000E+0
13365386,1/10/2021,4:30:59 PM,-5.9287577E+0,1.5999527E+1,3.8583020E+3,0.0000000E+0
13365387,1/10/2021,4:30:59 PM,-1.2612754E+1,2.1907499E+1,3.8538374E+3,0.0000000E+0
13365388,1/10/2021,4:30:59 PM,-1.5062676E+1,2.6665325E+1,3.8574092E+3,0.0000000E+0
13365389,1/10/2021,4:30:59 PM,-1.4702162E+1,3.1826353E+1,3.8565164E+3,0.0000000E+0
13365390,1/10/2021,4:30:59 PM,-1.1673311E+1,3.6799221E+1,3.8654453E+3,0.0000000E+0
13365391,1/10/2021,4:30:59 PM,-1.3178526E+1,4.1342007E+1,3.8583020E+3,0.0000000E+0
13365392,1/10/2021,4:30:59 PM,-1.4310070E+1,4.5239658E+1,3.8600881E+3,0.0000000E+0
13365393,1/10/2021,4:30:59 PM,-1.3428518E+1,5.1556545E+1,3.8708032E+3,0.0000000E+0
13365394,1/10/2021,4:30:59 PM,-1.5533714E+1,5.4540264E+1,3.8654453E+3,0.0000000E+0
13365395,1/10/2021,4:30:59 PM,-1.5754760E+1,5.4271461E+1,3.8672314E+3,0.0000000E+0
13365396,1/10/2021,4:31:00 PM,-1.7831009E+1,5.2954323E+1,3.8663386E+3,0.0000000E+0
13365397,1/10/2021,4:31:00 PM,-2.4393826E+1,5.1099579E+1,3.8636597E+3,0.0000000E+0
13365398,1/10/2021,4:31:00 PM,-2.9128941E+1,4.7094402E+1,3.8565164E+3,0.0000000E+0
13365399,1/10/2021,4:31:00 PM,-3.1815720E+1,4.4379486E+1,3.8681243E+3,0.0000000E+0
13365400,1/10/2021,4:31:00 PM,-3.9716446E+1,4.1100082E+1,3.8547307E+3,0.0000000E+0
13365401,1/10/2021,4:31:00 PM,-4.4956997E+1,3.3492939E+1,3.8529446E+3,0.0000000E+0
13365402,1/10/2021,4:31:00 PM,-4.8335423E+1,2.8815754E+1,3.8529446E+3,0.0000000E+0
13365403,1/10/2021,4:31:00 PM,-4.6872322E+1,2.3520321E+1,3.8538374E+3,0.0000000E+0
13365404,1/10/2021,4:31:00 PM,-4.0780518E+1,1.7469986E+1,3.8529446E+3,0.0000000E+0
13365405,1/10/2021,4:31:00 PM,-3.7668110E+1,1.2284829E+1,3.8511589E+3,0.0000000E+0
13365406,1/10/2021,4:31:01 PM,-3.3039402E+1,6.7992010E+0,3.8547307E+3,0.0000000E+0
13365407,1/10/2021,4:31:01 PM,-2.4367224E+1,1.2940981E+0,3.8529446E+3,0.0000000E+0
13365408,1/10/2021,4:31:01 PM,-1.5162673E+1,-5.3453622E+0,3.8538374E+3,0.0000000E+0
13365409,1/10/2021,4:31:01 PM,-4.3476748E+0,-1.1136118E+1,3.8529446E+3,0.0000000E+0
13365410,1/10/2021,4:31:01 PM,3.7683544E+0,-1.5590034E+1,3.8574092E+3,0.0000000E+0
13365411,1/10/2021,4:31:01 PM,8.8655062E+0,-1.9392481E+1,3.8547307E+3,0.0000000E+0
13365412,1/10/2021,4:31:01 PM,1.0007575E+1,-2.2498867E+1,3.8583020E+3,0.0000000E+0
13365413,1/10/2021,4:31:01 PM,1.0697026E+1,-2.7606138E+1,3.8511589E+3,0.0000000E+0
13365414,1/10/2021,4:31:01 PM,1.3794295E+1,-3.3304775E+1,3.8547307E+3,0.0000000E+0
13365415,1/10/2021,4:31:01 PM,1.0860180E+1,-3.4783195E+1,3.8511589E+3,0.0000000E+0
13365416,1/10/2021,4:31:02 PM,4.1210189E+0,-3.5347683E+1,3.8520518E+3,0.0000000E+0
13365417,1/10/2021,4:31:02 PM,-3.0234013E+0,-3.5885288E+1,3.8520518E+3,0.0000000E+0
13365418,1/10/2021,4:31:02 PM,-1.0318091E+1,-3.7309948E+1,3.8502659E+3,0.0000000E+0
13365419,1/10/2021,4:31:02 PM,-1.5525820E+1,-3.9218456E+1,3.8458013E+3,0.0000000E+0
13365420,1/10/2021,4:31:02 PM,-1.9675686E+1,-4.1207603E+1,3.8458013E+3,0.0000000E+0
13365421,1/10/2021,4:31:02 PM,-2.3595772E+1,-3.9836704E+1,3.8466941E+3,0.0000000E+0
13365422,1/10/2021,4:31:02 PM,-2.8171278E+1,-3.7874439E+1,3.8475872E+3,0.0000000E+0
13365423,1/10/2021,4:31:02 PM,-3.0804853E+1,-3.7578754E+1,3.8475872E+3,0.0000000E+0
13365424,1/10/2021,4:31:02 PM,-2.9341757E+1,-3.7605633E+1,3.8475872E+3,0.0000000E+0
13365425,1/10/2021,4:31:02 PM,-2.7133806E+1,-3.8170124E+1,3.8475872E+3,0.0000000E+0
13365426,1/10/2021,4:31:03 PM,-2.6388960E+1,-3.5777767E+1,3.8493728E+3,0.0000000E+0
13365427,1/10/2021,4:31:03 PM,-2.6335754E+1,-3.2605885E+1,3.8520518E+3,0.0000000E+0
13365428,1/10/2021,4:31:03 PM,-2.7931860E+1,-2.8735113E+1,3.8511589E+3,0.0000000E+0
13365429,1/10/2021,4:31:03 PM,-2.8570305E+1,-2.5939554E+1,3.8538374E+3,0.0000000E+0
13365430,1/10/2021,4:31:03 PM,-2.8703312E+1,-2.3977287E+1,3.8511589E+3,0.0000000E+0
13365431,1/10/2021,4:31:03 PM,-3.1283684E+1,-2.0886045E+1,3.8520518E+3,0.0000000E+0
13365432,1/10/2021,4:31:03 PM,-3.8678974E+1,-1.6060686E+1,3.8538374E+3,0.0000000E+0
13365433,1/10/2021,4:31:03 PM,-4.6446693E+1,-1.2752823E+1,3.8529446E+3,0.0000000E+0
13365434,1/10/2021,4:31:03 PM,-5.0357155E+1,-1.2008287E+1,3.8511589E+3,0.0000000E+0
13365435,1/10/2021,4:31:03 PM,-5.3921795E+1,-1.1641338E+1,3.8511589E+3,0.0000000E+0
13365436,1/10/2021,4:31:04 PM,-5.8710110E+1,-1.1859381E+1,3.8458013E+3,0.0000000E+0
13365437,1/10/2021,4:31:04 PM,-6.3152607E+1,-1.0830327E+1,3.8458013E+3,0.0000000E+0
13365438,1/10/2021,4:31:04 PM,-6.3285618E+1,-8.9291029E+0,3.8493728E+3,0.0000000E+0
13365439,1/10/2021,4:31:04 PM,-5.9880592E+1,-8.6605387E+0,3.8466941E+3,0.0000000E+0
13365440,1/10/2021,4:31:04 PM,-5.4453827E+1,-9.5725946E+0,3.8458013E+3,0.0000000E+0
13365441,1/10/2021,4:31:04 PM,-4.8096004E+1,-8.5329037E+0,3.8458013E+3,0.0000000E+0
13365442,1/10/2021,4:31:04 PM,-3.8838589E+1,-7.4400330E+0,3.8458013E+3,0.0000000E+0
13365443,1/10/2021,4:31:04 PM,-2.2558304E+1,-5.0538697E+0,3.8529446E+3,0.0000000E+0
13365444,1/10/2021,4:31:04 PM,-2.9393957E+0,-2.7547634E+0,3.8565164E+3,0.0000000E+0
13365445,1/10/2021,4:31:04 PM,1.1170695E+1,6.5636975E-1,3.8574092E+3,0.0000000E+0
13365446,1/10/2021,4:31:05 PM,2.3648975E+1,3.5731843E+0,3.8583020E+3,0.0000000E+0
13365447,1/10/2021,4:31:05 PM,3.6630638E+1,7.4985323E+0,3.8600881E+3,0.0000000E+0
13365448,1/10/2021,4:31:05 PM,4.7696976E+1,1.2710279E+1,3.8672314E+3,0.0000000E+0
13365449,1/10/2021,4:31:05 PM,5.7167210E+1,1.7589642E+1,3.8690171E+3,0.0000000E+0
13365450,1/10/2021,4:31:05 PM,6.3924061E+1,1.9341959E+1,3.8681243E+3,0.0000000E+0
13365451,1/10/2021,4:31:05 PM,6.6903458E+1,2.0381649E+1,3.8681243E+3,0.0000000E+0
13365452,1/10/2021,4:31:05 PM,6.9404022E+1,1.9589251E+1,3.8654453E+3,0.0000000E+0
13365453,1/10/2021,4:31:05 PM,7.1053337E+1,1.9419071E+1,3.8654453E+3,0.0000000E+0
13365454,1/10/2021,4:31:05 PM,7.1345955E+1,1.8719740E+1,3.8672314E+3,0.0000000E+0
13365455,1/10/2021,4:31:05 PM,7.1372559E+1,1.5233720E+1,3.8627668E+3,0.0000000E+0
13365456,1/10/2021,4:31:06 PM,6.8845383E+1,1.1824813E+1,3.8600881E+3,0.0000000E+0
13365457,1/10/2021,4:31:06 PM,6.5466965E+1,8.9423990E+0,3.8583020E+3,0.0000000E+0
13365458,1/10/2021,4:31:06 PM,6.1077667E+1,9.2481899E+0,3.8600881E+3,0.0000000E+0
13365459,1/10/2021,4:31:06 PM,5.6209545E+1,1.1963083E+1,3.8609810E+3,0.0000000E+0
13365460,1/10/2021,4:31:06 PM,5.1580837E+1,1.4584910E+1,3.8618738E+3,0.0000000E+0
13365461,1/10/2021,4:31:06 PM,4.4052536E+1,1.6238844E+1,3.8583020E+3,0.0000000E+0
13365462,1/10/2021,4:31:06 PM,3.4874924E+1,1.9570637E+1,3.8574092E+3,0.0000000E+0
13365463,1/10/2021,4:31:06 PM,2.6255951E+1,2.5401945E+1,3.8636597E+3,0.0000000E+0
13365464,1/10/2021,4:31:06 PM,1.7062613E+1,3.1584433E+1,3.8681243E+3,0.0000000E+0
13365465,1/10/2021,4:31:06 PM,2.8799579E+0,3.5697128E+1,3.8627668E+3,0.0000000E+0
13365466,1/10/2021,4:31:07 PM,-1.3431149E+1,3.7202431E+1,3.8583020E+3,0.0000000E+0
13365467,1/10/2021,4:31:07 PM,-3.0086603E+1,3.8842133E+1,3.8609810E+3,0.0000000E+0
13365468,1/10/2021,4:31:07 PM,-4.2190411E+1,4.1180721E+1,3.8654453E+3,0.0000000E+0
13365469,1/10/2021,4:31:07 PM,-5.2405491E+1,3.8519566E+1,3.8636597E+3,0.0000000E+0
13365470,1/10/2021,4:31:07 PM,-6.3578236E+1,3.2471481E+1,3.8583020E+3,0.0000000E+0
13365471,1/10/2021,4:31:07 PM,-7.8235817E+1,2.4810577E+1,3.8511589E+3,0.0000000E+0
13365472,1/10/2021,4:31:07 PM,-8.8982925E+1,1.6946150E+1,3.8511589E+3,0.0000000E+0
13365473,1/10/2021,4:31:07 PM,-9.6936859E+1,8.1207504E+0,3.8502659E+3,0.0000000E+0
13365474,1/10/2021,4:31:07 PM,-1.0276265E+2,-1.1815189E+0,3.8475872E+3,0.0000000E+0
13365475,1/10/2021,4:31:07 PM,-1.0848203E+2,-9.7188425E+0,3.8458013E+3,0.0000000E+0
13365476,1/10/2021,4:31:08 PM,-1.1321715E+2,-1.9530750E+1,3.8386577E+3,0.0000000E+0
13365477,1/10/2021,4:31:08 PM,-1.2047943E+2,-2.6100836E+1,3.8368721E+3,0.0000000E+0
13365478,1/10/2021,4:31:08 PM,-1.2311301E+2,-2.9729687E+1,3.8404438E+3,0.0000000E+0
13365479,1/10/2021,4:31:08 PM,-1.2356524E+2,-3.2202682E+1,3.8395510E+3,0.0000000E+0
13365480,1/10/2021,4:31:08 PM,-1.1941536E+2,-3.5293922E+1,3.8422295E+3,0.0000000E+0
13365481,1/10/2021,4:31:08 PM,-1.1425461E+2,-3.9406620E+1,3.8368721E+3,0.0000000E+0
13365482,1/10/2021,4:31:08 PM,-1.0427895E+2,-4.3788116E+1,3.8395510E+3,0.0000000E+0
13365483,1/10/2021,4:31:08 PM,-9.5154541E+1,-4.4943974E+1,3.8404438E+3,0.0000000E+0
13365484,1/10/2021,4:31:08 PM,-8.3742378E+1,-4.8088978E+1,3.8404438E+3,0.0000000E+0
13365485,1/10/2021,4:31:08 PM,-6.8499565E+1,-4.9137310E+1,3.8475872E+3,0.0000000E+0
13365486,1/10/2021,4:31:09 PM,-5.1288219E+1,-5.1986629E+1,3.8502659E+3,0.0000000E+0
13365487,1/10/2021,4:31:09 PM,-3.5912395E+1,-5.7523987E+1,3.8422295E+3,0.0000000E+0
13365488,1/10/2021,4:31:09 PM,-1.7496809E+1,-6.4378479E+1,3.8458013E+3,0.0000000E+0
13365489,1/10/2021,4:31:09 PM,-1.3654836E+0,-6.6098824E+1,3.8458013E+3,0.0000000E+0
13365490,1/10/2021,4:31:09 PM,1.5228460E+1,-6.7389084E+1,3.8529446E+3,0.0000000E+0
13365491,1/10/2021,4:31:09 PM,2.6787985E+1,-6.6932114E+1,3.8511589E+3,0.0000000E+0
13365492,1/10/2021,4:31:09 PM,3.9716446E+1,-6.9566391E+1,3.8529446E+3,0.0000000E+0
13365493,1/10/2021,4:31:09 PM,4.7510765E+1,-7.1394257E+1,3.8440156E+3,0.0000000E+0
13365494,1/10/2021,4:31:09 PM,5.1208412E+1,-6.8329895E+1,3.8475872E+3,0.0000000E+0
13365495,1/10/2021,4:31:09 PM,6.0705246E+1,-6.3706474E+1,3.8511589E+3,0.0000000E+0
13365496,1/10/2021,4:31:10 PM,7.0361694E+1,-5.7927193E+1,3.8574092E+3,0.0000000E+0
13365497,1/10/2021,4:31:10 PM,7.3580498E+1,-5.2739281E+1,3.8538374E+3,0.0000000E+0
13365498,1/10/2021,4:31:10 PM,7.7464363E+1,-5.1072697E+1,3.8493728E+3,0.0000000E+0
13365499,1/10/2021,4:31:10 PM,7.9539299E+1,-4.5965427E+1,3.8538374E+3,0.0000000E+0
13365500,1/10/2021,4:31:10 PM,8.3476364E+1,-3.9514137E+1,3.8538374E+3,0.0000000E+0
13365501,1/10/2021,4:31:10 PM,9.0313019E+1,-3.0831781E+1,3.8654453E+3,0.0000000E+0
13365502,1/10/2021,4:31:10 PM,9.6644241E+1,-2.6342758E+1,3.8565164E+3,0.0000000E+0
13365503,1/10/2021,4:31:10 PM,9.8399956E+1,-1.8557537E+1,3.8627668E+3,0.0000000E+0
13365504,1/10/2021,4:31:10 PM,9.4808723E+1,-9.1790543E+0,3.8600881E+3,0.0000000E+0
13365505,1/10/2021,4:31:10 PM,8.9514961E+1,1.2965006E+0,3.8627668E+3,0.0000000E+0
13365506,1/10/2021,4:31:11 PM,8.0230949E+1,1.4935905E+1,3.8645525E+3,0.0000000E+0
13365507,1/10/2021,4:31:11 PM,6.8632568E+1,2.7095409E+1,3.8618738E+3,0.0000000E+0
13365508,1/10/2021,4:31:11 PM,5.4826256E+1,4.2820423E+1,3.8654453E+3,0.0000000E+0
13365509,1/10/2021,4:31:11 PM,3.2773384E+1,6.2980701E+1,3.8672314E+3,0.0000000E+0
13365510,1/10/2021,4:31:11 PM,1.5194251E+1,8.0829262E+1,3.8761606E+3,0.0000000E+0
13365511,1/10/2021,4:31:11 PM,-1.0647029E+1,9.6473640E+1,3.8690171E+3,0.0000000E+0
13365512,1/10/2021,4:31:11 PM,-3.4928127E+1,1.0816660E+2,3.8654453E+3,0.0000000E+0
13365513,1/10/2021,4:31:11 PM,-5.2245884E+1,1.2063909E+2,3.8779465E+3,0.0000000E+0
13365514,1/10/2021,4:31:11 PM,-5.7938660E+1,1.2499371E+2,3.8752676E+3,0.0000000E+0
13365515,1/10/2021,4:31:11 PM,-6.2700378E+1,1.2402602E+2,3.8716960E+3,0.0000000E+0
13365516,1/10/2021,4:31:12 PM,-7.2356819E+1,1.2109605E+2,3.8743748E+3,0.0000000E+0
13365517,1/10/2021,4:31:12 PM,-8.5232079E+1,1.1485981E+2,3.8627668E+3,0.0000000E+0
13365518,1/10/2021,4:31:12 PM,-8.7360222E+1,1.0410767E+2,3.8654453E+3,0.0000000E+0
13365519,1/10/2021,4:31:12 PM,-8.6748383E+1,9.3973763E+1,3.8672314E+3,0.0000000E+0
13365520,1/10/2021,4:31:12 PM,-8.4434021E+1,7.5668236E+1,3.8600881E+3,0.0000000E+0
13365521,1/10/2021,4:31:12 PM,-8.3476364E+1,5.9029289E+1,3.8609810E+3,0.0000000E+0
13365522,1/10/2021,4:31:12 PM,-8.7041000E+1,4.7820171E+1,3.8565164E+3,0.0000000E+0
13365523,1/10/2021,4:31:12 PM,-8.5178879E+1,3.2605885E+1,3.8565164E+3,0.0000000E+0
13365524,1/10/2021,4:31:12 PM,-7.9752113E+1,1.3630311E+1,3.8458013E+3,0.0000000E+0
13365525,1/10/2021,4:31:12 PM,-7.9113670E+1,-7.4651724E-1,3.8466941E+3,0.0000000E+0
13365526,1/10/2021,4:31:13 PM,-8.4301018E+1,-8.7828550E+0,3.8458013E+3,0.0000000E+0
13365527,1/10/2021,4:31:13 PM,-8.9594772E+1,-1.4281779E+1,3.8493728E+3,0.0000000E+0
13365528,1/10/2021,4:31:13 PM,-8.9169136E+1,-2.6638443E+1,3.8395510E+3,0.0000000E+0
13365529,1/10/2021,4:31:13 PM,-8.4726646E+1,-4.1422646E+1,3.8422295E+3,0.0000000E+0
13365530,1/10/2021,4:31:13 PM,-7.3021866E+1,-5.7120781E+1,3.8324075E+3,0.0000000E+0
13365531,1/10/2021,4:31:13 PM,-6.8153740E+1,-6.2443092E+1,3.8440156E+3,0.0000000E+0
13365532,1/10/2021,4:31:13 PM,-6.6371422E+1,-6.9082542E+1,3.8350864E+3,0.0000000E+0
13365533,1/10/2021,4:31:13 PM,-5.6741581E+1,-7.7012253E+1,3.8422295E+3,0.0000000E+0
13365534,1/10/2021,4:31:13 PM,-4.2030800E+1,-8.5909653E+1,3.8413367E+3,0.0000000E+0
13365535,1/10/2021,4:31:13 PM,-2.7426426E+1,-9.4457611E+1,3.8422295E+3,0.0000000E+0
13365536,1/10/2021,4:31:14 PM,-1.6870514E+1,-1.0152715E+2,3.8404438E+3,0.0000000E+0
13365537,1/10/2021,4:31:14 PM,-6.4734769E+0,-1.0961814E+2,3.8404438E+3,0.0000000E+0
13365538,1/10/2021,4:31:14 PM,5.8287611E+0,-1.1563934E+2,3.8333003E+3,0.0000000E+0
13365539,1/10/2021,4:31:14 PM,1.0868073E+1,-1.1442972E+2,3.8484800E+3,0.0000000E+0
13365540,1/10/2021,4:31:14 PM,2.0438820E+1,-1.1679520E+2,3.8404438E+3,0.0000000E+0
13365541,1/10/2021,4:31:14 PM,3.1735914E+1,-1.2152614E+2,3.8422295E+3,0.0000000E+0
13365542,1/10/2021,4:31:14 PM,3.9503632E+1,-1.2507435E+2,3.8315146E+3,0.0000000E+0
13365543,1/10/2021,4:31:14 PM,4.6686111E+1,-1.2308520E+2,3.8386577E+3,0.0000000E+0
13365544,1/10/2021,4:31:14 PM,5.8949524E+1,-1.1628446E+2,3.8466941E+3,0.0000000E+0
13365545,1/10/2021,4:31:14 PM,6.4243279E+1,-1.1061272E+2,3.8413367E+3,0.0000000E+0
13365546,1/10/2021,4:31:15 PM,6.8339951E+1,-1.0566673E+2,3.8350864E+3,0.0000000E+0
13365547,1/10/2021,4:31:15 PM,7.1665176E+1,-9.5613464E+1,3.8395510E+3,0.0000000E+0
13365548,1/10/2021,4:31:15 PM,7.4990395E+1,-7.8329391E+1,3.8502659E+3,0.0000000E+0
13365549,1/10/2021,4:31:15 PM,7.1718376E+1,-5.7362701E+1,3.8547307E+3,0.0000000E+0
13365550,1/10/2021,4:31:15 PM,6.9191208E+1,-3.7740036E+1,3.8583020E+3,0.0000000E+0
13365551,1/10/2021,4:31:15 PM,5.8630306E+1,-1.7209396E+1,3.8565164E+3,0.0000000E+0
13365552,1/10/2021,4:31:15 PM,4.9745316E+1,4.1305437E+0,3.8618738E+3,0.0000000E+0
13365553,1/10/2021,4:31:15 PM,4.3839722E+1,2.5509468E+1,3.8708032E+3,0.0000000E+0
13365554,1/10/2021,4:31:15 PM,3.0751650E+1,4.6234230E+1,3.8583020E+3,0.0000000E+0
13365555,1/10/2021,4:31:15 PM,1.5486347E+1,7.2926437E+1,3.8824111E+3,0.0000000E+0
13365556,1/10/2021,4:31:16 PM,8.4813080E+0,9.1070686E+1,3.8797322E+3,0.0000000E+0
13365557,1/10/2021,4:31:16 PM,5.0633049E+0,9.8462791E+1,3.8681243E+3,0.0000000E+0
13365558,1/10/2021,4:31:16 PM,-3.7651844E+0,1.0623122E+2,3.8743748E+3,0.0000000E+0
13365559,1/10/2021,4:31:16 PM,-1.2757487E+1,1.1335450E+2,3.8654453E+3,0.0000000E+0
13365560,1/10/2021,4:31:16 PM,-1.5565291E+1,1.2305832E+2,3.8788394E+3,0.0000000E+0
13365561,1/10/2021,4:31:16 PM,-2.0536568E+1,1.2907953E+2,3.8850896E+3,0.0000000E+0
13365562,1/10/2021,4:31:16 PM,-2.7825455E+1,1.3198260E+2,3.8752676E+3,0.0000000E+0
13365563,1/10/2021,4:31:16 PM,-3.8838589E+1,1.2792367E+2,3.8681243E+3,0.0000000E+0
13365564,1/10/2021,4:31:16 PM,-5.1421227E+1,1.2765486E+2,3.8743748E+3,0.0000000E+0
13365565,1/10/2021,4:31:16 PM,-5.8390892E+1,1.2327336E+2,3.8716960E+3,0.0000000E+0
13365566,1/10/2021,4:31:17 PM,-5.6661774E+1,1.1351579E+2,3.8770535E+3,0.0000000E+0
13365567,1/10/2021,4:31:17 PM,-5.6528767E+1,1.0053258E+2,3.8716960E+3,0.0000000E+0
13365568,1/10/2021,4:31:17 PM,-5.5464699E+1,7.8248749E+1,3.8609810E+3,0.0000000E+0
13365569,1/10/2021,4:31:17 PM,-5.4746449E+1,5.6959499E+1,3.8547307E+3,0.0000000E+0
13365570,1/10/2021,4:31:17 PM,-5.5225277E+1,4.3976280E+1,3.8565164E+3,0.0000000E+0
13365571,1/10/2021,4:31:17 PM,-5.4054802E+1,2.8170624E+1,3.8600881E+3,0.0000000E+0
13365572,1/10/2021,4:31:17 PM,-5.2857719E+1,1.0027292E+1,3.8502659E+3,0.0000000E+0
13365573,1/10/2021,4:31:17 PM,-4.8202412E+1,-1.1029756E+1,3.8458013E+3,0.0000000E+0
13365574,1/10/2021,4:31:17 PM,-4.4424957E+1,-2.9434002E+1,3.8368721E+3,0.0000000E+0
13365575,1/10/2021,4:31:17 PM,-4.1498768E+1,-4.1557049E+1,3.8395510E+3,0.0000000E+0
13365576,1/10/2021,4:31:18 PM,-3.4901524E+1,-4.9836201E+1,3.8431226E+3,0.0000000E+0
13365577,1/10/2021,4:31:18 PM,-2.8783117E+1,-5.7523987E+1,3.8475872E+3,0.0000000E+0
13365578,1/10/2021,4:31:18 PM,-2.6708181E+1,-6.5561218E+1,3.8359792E+3,0.0000000E+0
13365579,1/10/2021,4:31:18 PM,-2.4074604E+1,-7.2550110E+1,3.8395510E+3,0.0000000E+0
13365580,1/10/2021,4:31:18 PM,-1.8530987E+1,-7.5453186E+1,3.8413367E+3,0.0000000E+0
13365581,1/10/2021,4:31:18 PM,-1.3928502E+1,-7.7711143E+1,3.8440156E+3,0.0000000E+0
13365582,1/10/2021,4:31:18 PM,-6.3524289E+0,-8.0426064E+1,3.8475872E+3,0.0000000E+0
13365583,1/10/2021,4:31:18 PM,9.9850142E-1,-8.3221619E+1,3.8466941E+3,0.0000000E+0
13365584,1/10/2021,4:31:18 PM,1.0928597E+1,-8.9565384E+1,3.8458013E+3,0.0000000E+0
13365585,1/10/2021,4:31:18 PM,1.9115179E+1,-9.3973763E+1,3.8395510E+3,0.0000000E+0
13365586,1/10/2021,4:31:19 PM,2.7665844E+1,-9.3731834E+1,3.8493728E+3,0.0000000E+0
13365587,1/10/2021,4:31:19 PM,3.5406960E+1,-9.0936287E+1,3.8493728E+3,0.0000000E+0
13365588,1/10/2021,4:31:19 PM,3.8678974E+1,-8.8785858E+1,3.8475872E+3,0.0000000E+0
13365589,1/10/2021,4:31:19 PM,3.9131207E+1,-8.6823586E+1,3.8422295E+3,0.0000000E+0
13365590,1/10/2021,4:31:19 PM,3.4156673E+1,-8.0479820E+1,3.8422295E+3,0.0000000E+0
13365591,1/10/2021,4:31:19 PM,2.8995932E+1,-7.0077118E+1,3.8458013E+3,0.0000000E+0
13365592,1/10/2021,4:31:19 PM,2.0935595E+1,-5.7201424E+1,3.8493728E+3,0.0000000E+0
13365593,1/10/2021,4:31:19 PM,8.4997282E+0,-4.2686024E+1,3.8493728E+3,0.0000000E+0
13365594,1/10/2021,4:31:19 PM,-3.8428500E+0,-3.0455458E+1,3.8475872E+3,0.0000000E+0
13365595,1/10/2021,4:31:19 PM,-1.6902090E+1,-1.6563248E+1,3.8529446E+3,0.0000000E+0
13365596,1/10/2021,4:31:20 PM,-2.8038267E+1,-3.0084726E-1,3.8529446E+3,0.0000000E+0
13365597,1/10/2021,4:31:20 PM,-3.6178234E+1,1.3930761E+1,3.8654666E+3,0.0000000E+0
13365598,1/10/2021,4:31:20 PM,-4.4956776E+1,2.4944859E+1,3.8565371E+3,0.0000000E+0
13365599,1/10/2021,4:31:20 PM,-5.2937263E+1,3.2256279E+1,3.8618950E+3,0.0000000E+0
13365600,1/10/2021,4:31:20 PM,-5.8922634E+1,3.7981770E+1,3.8565371E+3,0.0000000E+0
13365601,1/10/2021,4:31:20 PM,-5.9960098E+1,4.4191109E+1,3.8654666E+3,0.0000000E+0
13365602,1/10/2021,4:31:20 PM,-6.1556198E+1,4.7685535E+1,3.8654666E+3,0.0000000E+0
13365603,1/10/2021,4:31:20 PM,-6.4349373E+1,4.7712414E+1,3.8601089E+3,0.0000000E+0
13365604,1/10/2021,4:31:20 PM,-6.7009529E+1,4.6771610E+1,3.8601089E+3,0.0000000E+0
13365605,1/10/2021,4:31:20 PM,-7.1292397E+1,4.3223415E+1,3.8538586E+3,0.0000000E+0
13365606,1/10/2021,4:31:21 PM,-7.3526932E+1,4.2605171E+1,3.8583232E+3,0.0000000E+0
13365607,1/10/2021,4:31:21 PM,-7.4112175E+1,3.8761299E+1,3.8556443E+3,0.0000000E+0
13365608,1/10/2021,4:31:21 PM,-8.2252274E+1,3.5589432E+1,3.8529656E+3,0.0000000E+0
13365609,1/10/2021,4:31:21 PM,-8.5284866E+1,2.9622019E+1,3.8422505E+3,0.0000000E+0
13365610,1/10/2021,4:31:21 PM,-8.1427628E+1,2.4917976E+1,3.8476082E+3,0.0000000E+0
13365611,1/10/2021,4:31:21 PM,-7.3713142E+1,2.3923409E+1,3.8511799E+3,0.0000000E+0
13365612,1/10/2021,4:31:21 PM,-6.0784752E+1,2.2229954E+1,3.8547515E+3,0.0000000E+0
13365613,1/10/2021,4:31:21 PM,-4.3706497E+1,1.6323906E+1,3.8529656E+3,0.0000000E+0
13365614,1/10/2021,4:31:21 PM,-2.2265575E+1,8.1473284E+0,3.8493938E+3,0.0000000E+0
13365615,1/10/2021,4:31:21 PM,-1.1935771E+0,3.0831017E+0,3.8547515E+3,0.0000000E+0
13365616,1/10/2021,4:31:22 PM,2.3515850E+1,-3.3445838E-1,3.8610020E+3,0.0000000E+0
13365617,1/10/2021,4:31:22 PM,4.9266239E+1,-5.6504850E+0,3.8627878E+3,0.0000000E+0
13365618,1/10/2021,4:31:22 PM,6.7461761E+1,-8.9104757E+0,3.8645737E+3,0.0000000E+0
13365619,1/10/2021,4:31:22 PM,8.5311462E+1,-1.6395700E+1,3.8654666E+3,0.0000000E+0
13365620,1/10/2021,4:31:22 PM,1.0060741E+2,-2.3923409E+1,3.8583232E+3,0.0000000E+0
13365621,1/10/2021,4:31:22 PM,1.0922634E+2,-2.7041517E+1,3.8654666E+3,0.0000000E+0
13365622,1/10/2021,4:31:22 PM,1.1473288E+2,-2.9675779E+1,3.8645737E+3,0.0000000E+0
13365623,1/10/2021,4:31:22 PM,1.1441367E+2,-3.2202522E+1,3.8636807E+3,0.0000000E+0
13365624,1/10/2021,4:31:22 PM,1.0866771E+2,-3.5428150E+1,3.8583232E+3,0.0000000E+0
13365625,1/10/2021,4:31:22 PM,9.9436935E+1,-3.8546257E+1,3.8547515E+3,0.0000000E+0
13365626,1/10/2021,4:31:23 PM,9.1961876E+1,-3.9030098E+1,3.8547515E+3,0.0000000E+0
13365627,1/10/2021,4:31:23 PM,8.2837517E+1,-3.5455029E+1,3.8601089E+3,0.0000000E+0
13365628,1/10/2021,4:31:23 PM,6.9909111E+1,-3.2793888E+1,3.8547515E+3,0.0000000E+0
13365629,1/10/2021,4:31:23 PM,5.9401463E+1,-3.2336922E+1,3.8467153E+3,0.0000000E+0
13365630,1/10/2021,4:31:23 PM,5.2378628E+1,-2.9191935E+1,3.8529656E+3,0.0000000E+0
13365631,1/10/2021,4:31:23 PM,4.0833519E+1,-2.1557949E+1,3.8458220E+3,0.0000000E+0
13365632,1/10/2021,4:31:23 PM,3.3624474E+1,-1.2524124E+1,3.8618950E+3,0.0000000E+0
13365633,1/10/2021,4:31:23 PM,2.6388828E+1,-2.8292465E+0,3.8565371E+3,0.0000000E+0
13365634,1/10/2021,4:31:23 PM,1.5994201E+1,4.2162423E+0,3.8601089E+3,0.0000000E+0
13365635,1/10/2021,4:31:23 PM,-1.9083508E+0,1.2111972E+1,3.8485010E+3,0.0000000E+0
13365636,1/10/2021,4:31:24 PM,-2.6176016E+1,2.4111570E+1,3.8538586E+3,0.0000000E+0
13365637,1/10/2021,4:31:24 PM,-4.6393261E+1,4.3196537E+1,3.8743958E+3,0.0000000E+0
13365638,1/10/2021,4:31:24 PM,-6.0518734E+1,5.2443336E+1,3.8690383E+3,0.0000000E+0
13365639,1/10/2021,4:31:24 PM,-7.9991135E+1,5.4244312E+1,3.8618950E+3,0.0000000E+0
13365640,1/10/2021,4:31:24 PM,-9.9649750E+1,5.5158241E+1,3.8538586E+3,0.0000000E+0
13365641,1/10/2021,4:31:24 PM,-1.2191532E+2,5.9942924E+1,3.8618950E+3,0.0000000E+0
13365642,1/10/2021,4:31:24 PM,-1.3824873E+2,6.1286938E+1,3.8583232E+3,0.0000000E+0
13365643,1/10/2021,4:31:24 PM,-1.4673465E+2,5.5158241E+1,3.8592161E+3,0.0000000E+0
13365644,1/10/2021,4:31:24 PM,-1.4979384E+2,3.9970909E+1,3.8458220E+3,0.0000000E+0
13365645,1/10/2021,4:31:24 PM,-1.4992685E+2,2.4407253E+1,3.8431436E+3,0.0000000E+0
13365646,1/10/2021,4:31:25 PM,-1.5035248E+2,1.2952231E+1,3.8386790E+3,0.0000000E+0
13365647,1/10/2021,4:31:25 PM,-1.4955443E+2,5.3553262E+0,3.8440364E+3,0.0000000E+0
13365648,1/10/2021,4:31:25 PM,-1.3875417E+2,-4.8600898E+0,3.8440364E+3,0.0000000E+0
13365649,1/10/2021,4:31:25 PM,-1.1877633E+2,-1.8852663E+1,3.8404646E+3,0.0000000E+0
13365650,1/10/2021,4:31:25 PM,-1.0036800E+2,-3.2310043E+1,3.8351074E+3,0.0000000E+0
13365651,1/10/2021,4:31:25 PM,-8.8184441E+1,-3.9110741E+1,3.8333213E+3,0.0000000E+0
13365652,1/10/2021,4:31:25 PM,-7.7144760E+1,-3.7847370E+1,3.8422505E+3,0.0000000E+0
13365653,1/10/2021,4:31:25 PM,-6.0226116E+1,-3.7686089E+1,3.8502869E+3,0.0000000E+0
13365654,1/10/2021,4:31:25 PM,-4.1259148E+1,-4.0132191E+1,3.8511799E+3,0.0000000E+0
13365655,1/10/2021,4:31:25 PM,-2.5510975E+1,-4.3384701E+1,3.8511799E+3,0.0000000E+0
13365656,1/10/2021,4:31:26 PM,-1.6323137E+1,-4.6664085E+1,3.8422505E+3,0.0000000E+0
13365657,1/10/2021,4:31:26 PM,-3.1462486E+0,-4.5508236E+1,3.8547515E+3,0.0000000E+0
13365658,1/10/2021,4:31:26 PM,8.4891891E+0,-4.3895424E+1,3.8583232E+3,0.0000000E+0
13365659,1/10/2021,4:31:26 PM,2.2771004E+1,-4.6341526E+1,3.8601089E+3,0.0000000E+0
13365660,1/10/2021,4:31:26 PM,3.4262917E+1,-5.3195984E+1,3.8565371E+3,0.0000000E+0
13365661,1/10/2021,4:31:26 PM,4.7138107E+1,-6.4163116E+1,3.8449292E+3,0.0000000E+0
13365662,1/10/2021,4:31:26 PM,5.8151188E+1,-6.9270363E+1,3.8493938E+3,0.0000000E+0
13365663,1/10/2021,4:31:26 PM,6.8046997E+1,-7.0641258E+1,3.8529656E+3,0.0000000E+0
13365664,1/10/2021,4:31:26 PM,7.7011749E+1,-7.0990700E+1,3.8538586E+3,0.0000000E+0
13365665,1/10/2021,4:31:26 PM,8.5870102E+1,-7.3033600E+1,3.8511799E+3,0.0000000E+0
13365666,1/10/2021,4:31:27 PM,9.2254494E+1,-7.4162567E+1,3.8458220E+3,0.0000000E+0
13365667,1/10/2021,4:31:27 PM,9.5792511E+1,-7.0963821E+1,3.8458220E+3,0.0000000E+0
13365668,1/10/2021,4:31:27 PM,9.7840836E+1,-6.2630947E+1,3.8511799E+3,0.0000000E+0
13365669,1/10/2021,4:31:27 PM,9.7335403E+1,-5.0964924E+1,3.8565371E+3,0.0000000E+0
13365670,1/10/2021,4:31:27 PM,9.3265358E+1,-4.0750435E+1,3.8574304E+3,0.0000000E+0
13365671,1/10/2021,4:31:27 PM,8.9860344E+1,-3.1879959E+1,3.8547515E+3,0.0000000E+0
13365672,1/10/2021,4:31:27 PM,8.0283752E+1,-1.9323315E+1,3.8574304E+3,0.0000000E+0
13365673,1/10/2021,4:31:27 PM,6.7142540E+1,-2.8692868E+0,3.8627878E+3,0.0000000E+0
13365674,1/10/2021,4:31:27 PM,5.3123478E+1,1.4794953E+1,3.8654666E+3,0.0000000E+0
13365675,1/10/2021,4:31:27 PM,3.8173355E+1,2.9971462E+1,3.8681455E+3,0.0000000E+0
13365676,1/10/2021,4:31:28 PM,2.2079363E+1,4.2121326E+1,3.8672522E+3,0.0000000E+0
13365677,1/10/2021,4:31:28 PM,5.3787670E+0,5.3518547E+1,3.8654666E+3,0.0000000E+0
13365678,1/10/2021,4:31:28 PM,-1.1733817E+1,6.6125374E+1,3.8690383E+3,0.0000000E+0
13365679,1/10/2021,4:31:28 PM,-3.3544670E+1,7.8517166E+1,3.8681455E+3,0.0000000E+0
13365680,1/10/2021,4:31:28 PM,-4.8414986E+1,8.5075943E+1,3.8690383E+3,0.0000000E+0
13365681,1/10/2021,4:31:28 PM,-5.8071384E+1,8.6124268E+1,3.8699312E+3,0.0000000E+0
13365682,1/10/2021,4:31:28 PM,-7.2755486E+1,8.7710205E+1,3.8618950E+3,0.0000000E+0
13365683,1/10/2021,4:31:28 PM,-8.9461319E+1,8.5962990E+1,3.8610020E+3,0.0000000E+0
13365684,1/10/2021,4:31:28 PM,-1.0161827E+2,8.3140564E+1,3.8547515E+3,0.0000000E+0
13365685,1/10/2021,4:31:28 PM,-1.0786965E+2,7.9968697E+1,3.8583232E+3,0.0000000E+0
13365686,1/10/2021,4:31:29 PM,-1.0449125E+2,7.3329277E+1,3.8636807E+3,0.0000000E+0
13365687,1/10/2021,4:31:29 PM,-1.0132565E+2,6.0695568E+1,3.8511799E+3,0.0000000E+0
13365688,1/10/2021,4:31:29 PM,-9.5739311E+1,4.7793056E+1,3.8493938E+3,0.0000000E+0
13365689,1/10/2021,4:31:29 PM,-8.9993355E+1,3.7712971E+1,3.8547515E+3,0.0000000E+0
13365690,1/10/2021,4:31:29 PM,-7.8980270E+1,2.7122156E+1,3.8529656E+3,0.0000000E+0
13365691,1/10/2021,4:31:29 PM,-6.3311905E+1,1.5252310E+1,3.8565371E+3,0.0000000E+0
13365692,1/10/2021,4:31:29 PM,-4.9878078E+1,4.3748016E+0,3.8511799E+3,0.0000000E+0
13365693,1/10/2021,4:31:29 PM,-4.1631569E+1,-5.1251564E+0,3.8476082E+3,0.0000000E+0
13365694,1/10/2021,4:31:29 PM,-3.2640213E+1,-1.1612070E+1,3.8511799E+3,0.0000000E+0
13365695,1/10/2021,4:31:29 PM,-2.4686323E+1,-1.4571593E+1,3.8529656E+3,0.0000000E+0
13365696,1/10/2021,4:31:30 PM,-1.9630920E+1,-1.6135115E+1,3.8538586E+3,0.0000000E+0
13365697,1/10/2021,4:31:30 PM,-1.3915322E+1,-2.2122433E+1,3.8547515E+3,0.0000000E+0
13365698,1/10/2021,4:31:30 PM,-7.8234220E+0,-2.9622019E+1,3.8476082E+3,0.0000000E+0
13365699,1/10/2021,4:31:30 PM,-4.7193727E+0,-3.5024944E+1,3.8529656E+3,0.0000000E+0
13365700,1/10/2021,4:31:30 PM,3.2476892E+0,-4.2981495E+1,3.8493938E+3,0.0000000E+0
13365701,1/10/2021,4:31:30 PM,1.3954795E+1,-5.0911163E+1,3.8547515E+3,0.0000000E+0
13365702,1/10/2021,4:31:30 PM,2.4526712E+1,-6.1179413E+1,3.8538586E+3,0.0000000E+0
13365703,1/10/2021,4:31:30 PM,3.3065842E+1,-7.4055046E+1,3.8431436E+3,0.0000000E+0
13365704,1/10/2021,4:31:30 PM,4.0567505E+1,-8.4269531E+1,3.8458220E+3,0.0000000E+0
13365705,1/10/2021,4:31:30 PM,4.6180447E+1,-9.0021904E+1,3.8440364E+3,0.0000000E+0
13365706,1/10/2021,4:31:31 PM,4.7404125E+1,-9.3032494E+1,3.8449292E+3,0.0000000E+0
13365707,1/10/2021,4:31:31 PM,4.6233654E+1,-9.1769127E+1,3.8431436E+3,0.0000000E+0
13365708,1/10/2021,4:31:31 PM,3.9556641E+1,-8.7038200E+1,3.8440364E+3,0.0000000E+0
13365709,1/10/2021,4:31:31 PM,3.0219463E+1,-7.7979561E+1,3.8458220E+3,0.0000000E+0
13365710,1/10/2021,4:31:31 PM,2.0167744E+1,-6.7039307E+1,3.8431436E+3,0.0000000E+0
13365711,1/10/2021,4:31:31 PM,9.9944019E+0,-5.5722725E+1,3.8476082E+3,0.0000000E+0
13365712,1/10/2021,4:31:31 PM,-5.4637432E-1,-4.2417011E+1,3.8485010E+3,0.0000000E+0
13365713,1/10/2021,4:31:31 PM,-1.0373337E+1,-3.0240265E+1,3.8467153E+3,0.0000000E+0
13365714,1/10/2021,4:31:31 PM,-1.9896700E+1,-1.6565880E+1,3.8547515E+3,0.0000000E+0
13365715,1/10/2021,4:31:31 PM,-2.7240080E+1,-4.6975260E+0,3.8538586E+3,0.0000000E+0
13365716,1/10/2021,4:31:32 PM,-3.1150522E+1,4.6542826E+0,3.8565371E+3,0.0000000E+0
13365717,1/10/2021,4:31:32 PM,-3.0937710E+1,1.2540079E+1,3.8627878E+3,0.0000000E+0
13365718,1/10/2021,4:31:32 PM,-3.1842165E+1,1.7254574E+1,3.8556443E+3,0.0000000E+0
13365719,1/10/2021,4:31:32 PM,-3.2001774E+1,2.1826750E+1,3.8627878E+3,0.0000000E+0
13365720,1/10/2021,4:31:32 PM,-3.2374199E+1,2.5133018E+1,3.8601089E+3,0.0000000E+0
13365721,1/10/2021,4:31:32 PM,-3.2640213E+1,2.8143606E+1,3.8618950E+3,0.0000000E+0
13365722,1/10/2021,4:31:32 PM,-3.2214588E+1,3.0159622E+1,3.8601089E+3,0.0000000E+0
13365723,1/10/2021,4:31:32 PM,-3.2932831E+1,3.1503635E+1,3.8601089E+3,0.0000000E+0
13365724,1/10/2021,4:31:32 PM,-3.4741745E+1,3.4567982E+1,3.8601089E+3,0.0000000E+0
13365725,1/10/2021,4:31:32 PM,-3.5247173E+1,3.4164776E+1,3.8583232E+3,0.0000000E+0
13365726,1/10/2021,4:31:33 PM,-3.7002884E+1,3.4003498E+1,3.8565371E+3,0.0000000E+0
13365727,1/10/2021,4:31:33 PM,-3.6524052E+1,3.2955170E+1,3.8583232E+3,0.0000000E+0
13365728,1/10/2021,4:31:33 PM,-3.3518066E+1,2.9272575E+1,3.8547515E+3,0.0000000E+0
13365729,1/10/2021,4:31:33 PM,-3.2214588E+1,2.6960875E+1,3.8538586E+3,0.0000000E+0
13365730,1/10/2021,4:31:33 PM,-2.7399691E+1,2.3708366E+1,3.8565371E+3,0.0000000E+0
13365731,1/10/2021,4:31:33 PM,-1.8923050E+1,1.9767376E+1,3.8547515E+3,0.0000000E+0
13365732,1/10/2021,4:31:33 PM,-9.5812578E+0,1.5185832E+1,3.8583232E+3,0.0000000E+0
13365733,1/10/2021,4:31:33 PM,9.7397164E-2,9.8145523E+0,3.8565371E+3,0.0000000E+0
13365734,1/10/2021,4:31:33 PM,7.9971004E+0,5.7515244E+0,3.8601089E+3,0.0000000E+0
13365735,1/10/2021,4:31:33 PM,1.4644246E+1,9.8579180E-1,3.8565371E+3,0.0000000E+0
13365736,1/10/2021,4:31:34 PM,1.7628355E+1,-1.9795917E+0,3.8583232E+3,0.0000000E+0
13365737,1/10/2021,4:31:34 PM,2.0589670E+1,-3.4602814E+0,3.8610020E+3,0.0000000E+0
13365738,1/10/2021,4:31:34 PM,1.9091465E+1,-4.7968259E+0,3.8583232E+3,0.0000000E+0
13365739,1/10/2021,4:31:34 PM,1.4110053E+1,-6.9427791E+0,3.8574304E+3,0.0000000E+0
13365740,1/10/2021,4:31:34 PM,8.0470982E+0,-9.0194960E+0,3.8529656E+3,0.0000000E+0
13365741,1/10/2021,4:31:34 PM,2.2015815E+0,-9.2401981E+0,3.8565371E+3,0.0000000E+0
13365742,1/10/2021,4:31:34 PM,-2.0280228E+0,-9.2641296E+0,3.8538586E+3,0.0000000E+0
13365743,1/10/2021,4:31:34 PM,-7.7497401E+0,-1.0173524E+1,3.8511799E+3,0.0000000E+0
13365744,1/10/2021,4:31:34 PM,-1.0257550E+1,-1.1346165E+1,3.8511799E+3,0.0000000E+0
13365745,1/10/2021,4:31:34 PM,-1.1539086E+1,-1.1239803E+1,3.8511799E+3,0.0000000E+0
13365746,1/10/2021,4:31:35 PM,-1.1139100E+1,-1.1726409E+1,3.8511799E+3,0.0000000E+0
13365747,1/10/2021,4:31:35 PM,-9.1260099E+0,-1.2614532E+1,3.8538586E+3,0.0000000E+0
13365748,1/10/2021,4:31:35 PM,-7.4971170E+0,-1.5212422E+1,3.8511799E+3,0.0000000E+0
13365749,1/10/2021,4:31:35 PM,-5.3842854E+0,-1.6853056E+1,3.8520728E+3,0.0000000E+0
13365750,1/10/2021,4:31:35 PM,-5.6603365E+0,-1.6318588E+1,3.8520728E+3,0.0000000E+0
13365751,1/10/2021,4:31:35 PM,-7.9023666E+0,-1.3032003E+1,3.8529656E+3,0.0000000E+0
13365752,1/10/2021,4:31:35 PM,-1.1731185E+1,-7.7644258E+0,3.8583232E+3,0.0000000E+0
13365753,1/10/2021,4:31:35 PM,-1.8625690E+1,-2.7531698E+0,3.8547515E+3,0.0000000E+0
13365754,1/10/2021,4:31:35 PM,-2.4526712E+1,8.8282073E-1,3.8556443E+3,0.0000000E+0
13365755,1/10/2021,4:31:35 PM,-3.3518066E+1,5.0747056E+0,3.8565371E+3,0.0000000E+0
13365756,1/10/2021,4:31:36 PM,-4.2003990E+1,8.9583387E+0,3.8565371E+3,0.0000000E+0
13365757,1/10/2021,4:31:36 PM,-4.7404125E+1,9.4715347E+0,3.8547515E+3,0.0000000E+0
13365758,1/10/2021,4:31:36 PM,-5.2458435E+1,8.2669859E+0,3.8547515E+3,0.0000000E+0
13365759,1/10/2021,4:31:36 PM,-5.2697849E+1,4.8977275E+0,3.8529656E+3,0.0000000E+0
13365760,1/10/2021,4:31:36 PM,-5.2086014E+1,3.3259138E-1,3.8493938E+3,0.0000000E+0
13365761,1/10/2021,4:31:36 PM,-5.0250500E+1,-2.9709892E+0,3.8511799E+3,0.0000000E+0
13365762,1/10/2021,4:31:36 PM,-4.2110397E+1,-8.9689751E+0,3.8502869E+3,0.0000000E+0
13365763,1/10/2021,4:31:36 PM,-3.0857903E+1,-1.5366648E+1,3.8493938E+3,0.0000000E+0
13365764,1/10/2021,4:31:36 PM,-1.8604639E+1,-2.0644020E+1,3.8493938E+3,0.0000000E+0
13365765,1/10/2021,4:31:36 PM,-8.5707655E+0,-2.4407253E+1,3.8485010E+3,0.0000000E+0
13365766,1/10/2021,4:31:37 PM,-5.9467697E-1,-2.5939428E+1,3.8511799E+3,0.0000000E+0
13365767,1/10/2021,4:31:37 PM,7.7892127E+0,-2.6987755E+1,3.8529656E+3,0.0000000E+0
13365768,1/10/2021,4:31:37 PM,1.4946867E+1,-2.7821041E+1,3.8529656E+3,0.0000000E+0
13365769,1/10/2021,4:31:37 PM,1.9662498E+1,-2.6450151E+1,3.8547515E+3,0.0000000E+0
13365770,1/10/2021,4:31:37 PM,2.0616272E+1,-2.3466446E+1,3.8547515E+3,0.0000000E+0
13365771,1/10/2021,4:31:37 PM,1.6902063E+1,-1.8456465E+1,3.8583232E+3,0.0000000E+0
13365772,1/10/2021,4:31:37 PM,1.3983741E+1,-1.5393238E+1,3.8565371E+3,0.0000000E+0
13365773,1/10/2021,4:31:37 PM,1.1862761E+1,-1.4209961E+1,3.8565371E+3,0.0000000E+0
13365774,1/10/2021,4:31:37 PM,1.0491754E+1,-1.3715379E+1,3.8565371E+3,0.0000000E+0
13365775,1/10/2021,4:31:37 PM,8.3418255E+0,-1.2949572E+1,3.8547515E+3,0.0000000E+0
13365776,1/10/2021,4:31:38 PM,5.4182391E+0,-1.1859362E+1,3.8547515E+3,0.0000000E+0
13365777,1/10/2021,4:31:38 PM,3.2009315E+0,-1.1971042E+1,3.8547515E+3,0.0000000E+0
13365778,1/10/2021,4:31:38 PM,4.0140429E+0,-1.3207500E+1,3.8511799E+3,0.0000000E+0
13365779,1/10/2021,4:31:38 PM,6.1918979E+0,-1.3401611E+1,3.8511799E+3,0.0000000E+0
13365780,1/10/2021,4:31:38 PM,7.9602594E+0,-1.1513685E+1,3.8556443E+3,0.0000000E+0
13365781,1/10/2021,4:31:38 PM,8.5286608E+0,-9.5725784E+0,3.8511799E+3,0.0000000E+0
13365782,1/10/2021,4:31:38 PM,7.0576577E+0,-6.9055524E+0,3.8547515E+3,0.0000000E+0
13365783,1/10/2021,4:31:38 PM,5.5287619E+0,-3.8767004E+0,3.8529656E+3,0.0000000E+0
13365784,1/10/2021,4:31:38 PM,4.2200942E+0,8.2921135E-1,3.8565371E+3,0.0000000E+0
13365785,1/10/2021,4:31:38 PM,1.8275186E+0,6.5944438E+0,3.8565371E+3,0.0000000E+0
13365786,1/10/2021,4:31:39 PM,-1.4659724E+0,1.2928300E+1,3.8610020E+3,0.0000000E+0
13365787,1/10/2021,4:31:39 PM,-7.6181650E+0,1.8467100E+1,3.8601089E+3,0.0000000E+0
13365788,1/10/2021,4:31:39 PM,-1.4788978E+1,2.3600845E+1,3.8610020E+3,0.0000000E+0
13365789,1/10/2021,4:31:39 PM,-2.1307915E+1,2.8681210E+1,3.8636807E+3,0.0000000E+0
13365790,1/10/2021,4:31:39 PM,-2.7293283E+1,3.0294024E+1,3.8601089E+3,0.0000000E+0
13365791,1/10/2021,4:31:39 PM,-3.2613613E+1,2.9971462E+1,3.8618950E+3,0.0000000E+0
13365792,1/10/2021,4:31:39 PM,-3.8279762E+1,2.7901684E+1,3.8601089E+3,0.0000000E+0
13365793,1/10/2021,4:31:39 PM,-4.4531151E+1,2.4245972E+1,3.8565371E+3,0.0000000E+0
13365794,1/10/2021,4:31:39 PM,-4.6473068E+1,1.7953903E+1,3.8565371E+3,0.0000000E+0
13365795,1/10/2021,4:31:39 PM,-4.7829750E+1,9.8517790E+0,3.8529656E+3,0.0000000E+0
13365796,1/10/2021,4:31:40 PM,-4.7457325E+1,1.9691811E+0,3.8520728E+3,0.0000000E+0
13365797,1/10/2021,4:31:40 PM,-4.6393261E+1,-6.4348998E+0,3.8493938E+3,0.0000000E+0
13365798,1/10/2021,4:31:40 PM,-4.7563736E+1,-1.3720696E+1,3.8458220E+3,0.0000000E+0
13365799,1/10/2021,4:31:40 PM,-4.7031700E+1,-1.9413723E+1,3.8476082E+3,0.0000000E+0
13365800,1/10/2021,4:31:40 PM,-4.4584351E+1,-2.4810455E+1,3.8458220E+3,0.0000000E+0
13365801,1/10/2021,4:31:40 PM,-4.2881847E+1,-2.8251125E+1,3.8485010E+3,0.0000000E+0
13365802,1/10/2021,4:31:40 PM,-4.2083797E+1,-3.1853077E+1,3.8431436E+3,0.0000000E+0
13365803,1/10/2021,4:31:40 PM,-3.9290627E+1,-3.2363804E+1,3.8476082E+3,0.0000000E+0
13365804,1/10/2021,4:31:40 PM,-3.5380184E+1,-3.1853077E+1,3.8485010E+3,0.0000000E+0
13365805,1/10/2021,4:31:40 PM,-3.1203726E+1,-3.3385254E+1,3.8458220E+3,0.0000000E+0
13365806,1/10/2021,4:31:41 PM,-2.6787853E+1,-3.2982048E+1,3.8485010E+3,0.0000000E+0
13365807,1/10/2021,4:31:41 PM,-2.3223234E+1,-3.2498203E+1,3.8476082E+3,0.0000000E+0
13365808,1/10/2021,4:31:41 PM,-1.8186232E+1,-3.1638035E+1,3.8476082E+3,0.0000000E+0
13365809,1/10/2021,4:31:41 PM,-1.2162750E+1,-2.8439287E+1,3.8529656E+3,0.0000000E+0
13365810,1/10/2021,4:31:41 PM,-6.8971372E+0,-2.6100708E+1,3.8511799E+3,0.0000000E+0
13365811,1/10/2021,4:31:41 PM,9.7687501E-1,-2.3923409E+1,3.8520728E+3,0.0000000E+0
13365812,1/10/2021,4:31:41 PM,5.4392910E+0,-2.1181625E+1,3.8520728E+3,0.0000000E+0
13365813,1/10/2021,4:31:41 PM,1.0381230E+1,-1.7834248E+1,3.8538586E+3,0.0000000E+0
13365814,1/10/2021,4:31:41 PM,1.5186334E+1,-1.4728477E+1,3.8547515E+3,0.0000000E+0
13365815,1/10/2021,4:31:41 PM,1.9778284E+1,-1.0721289E+1,3.8547515E+3,0.0000000E+0
13365816,1/10/2021,4:31:42 PM,2.5564177E+1,-6.5120125E+0,3.8583232E+3,0.0000000E+0
13365817,1/10/2021,4:31:42 PM,2.7718910E+1,-1.9027144E+0,3.8556443E+3,0.0000000E+0
13365818,1/10/2021,4:31:42 PM,2.9208601E+1,3.5339556E+0,3.8601089E+3,0.0000000E+0
13365819,1/10/2021,4:31:42 PM,2.9554424E+1,1.0436770E+1,3.8601089E+3,0.0000000E+0
13365820,1/10/2021,4:31:42 PM,2.5910000E+1,1.7068441E+1,3.8618950E+3,0.0000000E+0
13365821,1/10/2021,4:31:42 PM,2.5564177E+1,2.2391235E+1,3.8645737E+3,0.0000000E+0
13365822,1/10/2021,4:31:42 PM,2.1919752E+1,2.6960875E+1,3.8627878E+3,0.0000000E+0
13365823,1/10/2021,4:31:42 PM,1.7862558E+1,3.0535946E+1,3.8636807E+3,0.0000000E+0
13365824,1/10/2021,4:31:42 PM,1.3281133E+1,3.2955170E+1,3.8636807E+3,0.0000000E+0
13365825,1/10/2021,4:31:42 PM,8.9365425E+0,3.4326061E+1,3.8645737E+3,0.0000000E+0
13365826,1/10/2021,4:31:43 PM,6.5787268E+0,3.2417564E+1,3.8636807E+3,0.0000000E+0
13365827,1/10/2021,4:31:43 PM,4.9436522E+0,2.9702658E+1,3.8627878E+3,0.0000000E+0
13365828,1/10/2021,4:31:43 PM,1.5644068E+0,2.6208229E+1,3.8583232E+3,0.0000000E+0
13365829,1/10/2021,4:31:43 PM,-1.9178643E+0,2.1746109E+1,3.8574304E+3,0.0000000E+0
13365830,1/10/2021,4:31:43 PM,-5.6682310E+0,1.9224930E+1,3.8618950E+3,0.0000000E+0
13365831,1/10/2021,4:31:43 PM,-7.6076398E+0,1.5409192E+1,3.8565371E+3,0.0000000E+0
13365832,1/10/2021,4:31:43 PM,-1.1970651E+1,1.0936671E+1,3.8556443E+3,0.0000000E+0
13365833,1/10/2021,4:31:43 PM,-1.4760032E+1,6.5332847E+0,3.8538586E+3,0.0000000E+0
13365834,1/10/2021,4:31:43 PM,-1.5928413E+1,2.9285464E+0,3.8529656E+3,0.0000000E+0
13365835,1/10/2021,4:31:43 PM,-1.6970484E+1,6.2330878E-1,3.8583232E+3,0.0000000E+0
13365836,1/10/2021,4:31:44 PM,-1.9562502E+1,-3.2584782E+0,3.8511799E+3,0.0000000E+0
13365837,1/10/2021,4:31:44 PM,-2.1015297E+1,-6.8816204E+0,3.8547515E+3,0.0000000E+0
13365838,1/10/2021,4:31:44 PM,-2.4127687E+1,-1.0439429E+1,3.8520728E+3,0.0000000E+0
13365839,1/10/2021,4:31:44 PM,-2.6122812E+1,-1.4406731E+1,3.8529656E+3,0.0000000E+0
13365840,1/10/2021,4:31:44 PM,-2.9421413E+1,-1.6268066E+1,3.8529656E+3,0.0000000E+0
13365841,1/10/2021,4:31:44 PM,-3.2906231E+1,-2.1396667E+1,3.8511799E+3,0.0000000E+0
13365842,1/10/2021,4:31:44 PM,-3.7880737E+1,-2.5106138E+1,3.8493938E+3,0.0000000E+0
13365843,1/10/2021,4:31:44 PM,-4.0487698E+1,-2.8842491E+1,3.8502869E+3,0.0000000E+0
13365844,1/10/2021,4:31:44 PM,-4.4770565E+1,-3.2632607E+1,3.8458220E+3,0.0000000E+0
13365845,1/10/2021,4:31:44 PM,-4.6685883E+1,-3.5858231E+1,3.8476082E+3,0.0000000E+0
13365846,1/10/2021,4:31:45 PM,-4.7590336E+1,-3.9191383E+1,3.8476082E+3,0.0000000E+0
13365847,1/10/2021,4:31:45 PM,-4.7590336E+1,-4.3626621E+1,3.8440364E+3,0.0000000E+0
13365848,1/10/2021,4:31:45 PM,-4.8521397E+1,-4.8223141E+1,3.8404646E+3,0.0000000E+0
13365849,1/10/2021,4:31:45 PM,-4.9292839E+1,-4.9701553E+1,3.8404646E+3,0.0000000E+0
13365850,1/10/2021,4:31:45 PM,-4.7856350E+1,-4.7712414E+1,3.8440364E+3,0.0000000E+0
13365851,1/10/2021,4:31:45 PM,-4.4797165E+1,-4.5373837E+1,3.8458220E+3,0.0000000E+0
13365852,1/10/2021,4:31:45 PM,-4.3626690E+1,-4.2793335E+1,3.8467153E+3,0.0000000E+0
13365853,1/10/2021,4:31:45 PM,-4.1365551E+1,-4.2390129E+1,3.8440364E+3,0.0000000E+0
13365854,1/10/2021,4:31:45 PM,-4.0753712E+1,-4.0024670E+1,3.8458220E+3,0.0000000E+0
13365855,1/10/2021,4:31:45 PM,-3.9583244E+1,-3.5508793E+1,3.8458220E+3,0.0000000E+0
13365856,1/10/2021,4:31:46 PM,-3.6497452E+1,-3.0374664E+1,3.8476082E+3,0.0000000E+0
13365857,1/10/2021,4:31:46 PM,-3.2214588E+1,-2.4783577E+1,3.8511799E+3,0.0000000E+0
13365858,1/10/2021,4:31:46 PM,-2.6974066E+1,-1.9559969E+1,3.8502869E+3,0.0000000E+0
13365859,1/10/2021,4:31:46 PM,-2.3143429E+1,-1.3795151E+1,3.8502869E+3,0.0000000E+0
13365860,1/10/2021,4:31:46 PM,-1.8517801E+1,-7.4320440E+0,3.8511799E+3,0.0000000E+0
13365861,1/10/2021,4:31:46 PM,-1.2160118E+1,-6.4864653E-1,3.8529656E+3,0.0000000E+0
13365862,1/10/2021,4:31:46 PM,-2.9917099E+0,6.3232198E+0,3.8583232E+3,0.0000000E+0
13365863,1/10/2021,4:31:46 PM,6.5208340E+0,1.2207697E+1,3.8601089E+3,0.0000000E+0
13365864,1/10/2021,4:31:46 PM,1.3886376E+1,1.7068441E+1,3.8601089E+3,0.0000000E+0
13365865,1/10/2021,4:31:46 PM,2.0475630E+1,2.1289146E+1,3.8610020E+3,0.0000000E+0
13365866,1/10/2021,4:31:47 PM,2.7186878E+1,2.5670624E+1,3.8618950E+3,0.0000000E+0
13365867,1/10/2021,4:31:47 PM,3.4661938E+1,2.8600569E+1,3.8672522E+3,0.0000000E+0
13365868,1/10/2021,4:31:47 PM,4.2403015E+1,3.1449877E+1,3.8672522E+3,0.0000000E+0
13365869,1/10/2021,4:31:47 PM,4.4557751E+1,3.4487343E+1,3.8681455E+3,0.0000000E+0
13365870,1/10/2021,4:31:47 PM,4.4344936E+1,3.6906563E+1,3.8690383E+3,0.0000000E+0
13365871,1/10/2021,4:31:47 PM,4.1019733E+1,3.8519375E+1,3.8654666E+3,0.0000000E+0
13365872,1/10/2021,4:31:47 PM,3.8173355E+1,3.9944031E+1,3.8708240E+3,0.0000000E+0
13365873,1/10/2021,4:31:47 PM,3.2986034E+1,3.8358093E+1,3.8654666E+3,0.0000000E+0
13365874,1/10/2021,4:31:47 PM,2.8144535E+1,3.4137897E+1,3.8618950E+3,0.0000000E+0
13365875,1/10/2021,4:31:47 PM,1.9986172E+1,3.1799316E+1,3.8645737E+3,0.0000000E+0
13365876,1/10/2021,4:31:48 PM,1.1273306E+1,2.9568260E+1,3.8601089E+3,0.0000000E+0
13365877,1/10/2021,4:31:48 PM,4.8065486E+0,2.5240540E+1,3.8610020E+3,0.0000000E+0
13365878,1/10/2021,4:31:48 PM,-9.6684504E-1,2.0206120E+1,3.8565371E+3,0.0000000E+0
13365879,1/10/2021,4:31:48 PM,-5.0157700E+0,1.4223256E+1,3.8565371E+3,0.0000000E+0
13365880,1/10/2021,4:31:48 PM,-8.0470982E+0,8.6764793E+0,3.8529656E+3,0.0000000E+0
13365881,1/10/2021,4:31:48 PM,-1.2844306E+1,5.0466776E+0,3.8520728E+3,0.0000000E+0
13365882,1/10/2021,4:31:48 PM,-1.3204820E+1,1.4430518E+0,3.8583232E+3,0.0000000E+0
13365883,1/10/2021,4:31:48 PM,-1.4523197E+1,-3.7910140E+0,3.8520728E+3,0.0000000E+0
13365884,1/10/2021,4:31:48 PM,-1.3154822E+1,-9.6815996E+0,3.8529656E+3,0.0000000E+0
13365885,1/10/2021,4:31:48 PM,-1.2065385E+1,-1.5526191E+1,3.8511799E+3,0.0000000E+0
13365886,1/10/2021,4:31:49 PM,-1.3741645E+1,-1.9586559E+1,3.8511799E+3,0.0000000E+0
13365887,1/10/2021,4:31:49 PM,-1.3252187E+1,-2.3170763E+1,3.8547515E+3,0.0000000E+0
13365888,1/10/2021,4:31:49 PM,-1.5733684E+1,-2.6772713E+1,3.8511799E+3,0.0000000E+0
13365889,1/10/2021,4:31:49 PM,-1.8951996E+1,-3.0643469E+1,3.8493938E+3,0.0000000E+0
13365890,1/10/2021,4:31:49 PM,-2.1573931E+1,-3.3761574E+1,3.8476082E+3,0.0000000E+0
13365891,1/10/2021,4:31:49 PM,-2.7532698E+1,-3.3734695E+1,3.8458220E+3,0.0000000E+0
13365892,1/10/2021,4:31:49 PM,-3.1389936E+1,-3.1933720E+1,3.8485010E+3,0.0000000E+0
13365893,1/10/2021,4:31:49 PM,-3.4927956E+1,-3.0132742E+1,3.8493938E+3,0.0000000E+0
13365894,1/10/2021,4:31:49 PM,-3.7481712E+1,-2.9541380E+1,3.8476082E+3,0.0000000E+0
13365895,1/10/2021,4:31:49 PM,-3.7987144E+1,-3.0455307E+1,3.8467153E+3,0.0000000E+0
13365896,1/10/2021,4:31:50 PM,-3.7827534E+1,-3.0885389E+1,3.8440364E+3,0.0000000E+0
13365897,1/10/2021,4:31:50 PM,-3.6710266E+1,-2.8439287E+1,3.8485010E+3,0.0000000E+0
13365898,1/10/2021,4:31:50 PM,-3.3385059E+1,-2.7068398E+1,3.8502869E+3,0.0000000E+0
13365899,1/10/2021,4:31:50 PM,-2.9900246E+1,-2.4837337E+1,3.8502869E+3,0.0000000E+0
13365900,1/10/2021,4:31:50 PM,-2.5484373E+1,-2.3117001E+1,3.8538586E+3,0.0000000E+0
13365901,1/10/2021,4:31:50 PM,-2.2398582E+1,-2.2149313E+1,3.8493938E+3,0.0000000E+0
13365902,1/10/2021,4:31:50 PM,-2.1254711E+1,-1.8711733E+1,3.8520728E+3,0.0000000E+0
13365903,1/10/2021,4:31:50 PM,-1.9680920E+1,-1.4106258E+1,3.8565371E+3,0.0000000E+0
13365904,1/10/2021,4:31:50 PM,-1.9157253E+1,-1.0394225E+1,3.8565371E+3,0.0000000E+0
13365905,1/10/2021,4:31:50 PM,-2.0642874E+1,-7.9425817E+0,3.8538586E+3,0.0000000E+0
13365906,1/10/2021,4:31:51 PM,-2.5856794E+1,-4.2634892E+0,3.8547515E+3,0.0000000E+0
13365907,1/10/2021,4:31:51 PM,-3.2507206E+1,1.4749242E-1,3.8538586E+3,0.0000000E+0
13365908,1/10/2021,4:31:51 PM,-3.6417648E+1,3.1655848E+0,3.8538586E+3,0.0000000E+0
13365909,1/10/2021,4:31:51 PM,-4.0886723E+1,6.4535136E+0,3.8547515E+3,0.0000000E+0
13365910,1/10/2021,4:31:51 PM,-4.2722237E+1,7.8521738E+0,3.8529656E+3,0.0000000E+0
13365911,1/10/2021,4:31:51 PM,-4.2748837E+1,8.2909174E+0,3.8529656E+3,0.0000000E+0
13365912,1/10/2021,4:31:51 PM,-4.2935051E+1,8.9769516E+0,3.8529656E+3,0.0000000E+0
13365913,1/10/2021,4:31:51 PM,-4.1338951E+1,8.5249128E+0,3.8520728E+3,0.0000000E+0
13365914,1/10/2021,4:31:51 PM,-3.6098427E+1,7.5463829E+0,3.8538586E+3,0.0000000E+0
13365915,1/10/2021,4:31:51 PM,-2.9607626E+1,7.3921580E+0,3.8556443E+3,0.0000000E+0
13365916,1/10/2021,4:31:52 PM,-2.4313900E+1,6.0652924E+0,3.8538586E+3,0.0000000E+0
13365917,1/10/2021,4:31:52 PM,-1.8717793E+1,5.4111662E+0,3.8574304E+3,0.0000000E+0
13365918,1/10/2021,4:31:52 PM,-1.4699507E+1,4.5525804E+0,3.8556443E+3,0.0000000E+0
13365919,1/10/2021,4:31:52 PM,-1.2952197E+1,3.4154360E+0,3.8583232E+3,0.0000000E+0
13365920,1/10/2021,4:31:52 PM,-9.8365116E+0,2.0396521E+0,3.8565371E+3,0.0000000E+0
13365921,1/10/2021,4:31:52 PM,-9.0470648E+0,4.6808171E-1,3.8565371E+3,0.0000000E+0
13365922,1/10/2021,4:31:52 PM,-8.0181522E+0,-5.3129274E-1,3.8574304E+3,0.0000000E+0
13365923,1/10/2021,4:31:52 PM,-9.5970459E+0,-9.7296983E-1,3.8547515E+3,0.0000000E+0
13365924,1/10/2021,4:31:52 PM,-1.0973316E+1,-1.4807918E+0,3.8565371E+3,0.0000000E+0
13365925,1/10/2021,4:31:52 PM,-1.1533824E+1,-4.0280528E+0,3.8547515E+3,0.0000000E+0
13365926,1/10/2021,4:31:53 PM,-1.1373302E+1,-8.2164631E+0,3.8511799E+3,0.0000000E+0
13365927,1/10/2021,4:31:53 PM,-7.4523816E+0,-1.0840945E+1,3.8547515E+3,0.0000000E+0
13365928,1/10/2021,4:31:53 PM,-2.0541754E+0,-1.6196272E+1,3.8511799E+3,0.0000000E+0
13365929,1/10/2021,4:31:53 PM,3.9704547E+0,-2.0939703E+1,3.8511799E+3,0.0000000E+0
13365930,1/10/2021,4:31:53 PM,1.2107489E+1,-2.4568535E+1,3.8547515E+3,0.0000000E+0
13365931,1/10/2021,4:31:53 PM,2.2265575E+1,-3.0347784E+1,3.8511799E+3,0.0000000E+0
13365932,1/10/2021,4:31:53 PM,3.0246065E+1,-3.5804474E+1,3.8458220E+3,0.0000000E+0
13365933,1/10/2021,4:31:53 PM,3.7455112E+1,-3.5374390E+1,3.8538586E+3,0.0000000E+0
13365934,1/10/2021,4:31:53 PM,4.5941032E+1,-3.4702385E+1,3.8592161E+3,0.0000000E+0
13365935,1/10/2021,4:31:53 PM,4.9771671E+1,-3.5374390E+1,3.8511799E+3,0.0000000E+0
13365936,1/10/2021,4:31:54 PM,5.1899799E+1,-3.3680935E+1,3.8565371E+3,0.0000000E+0
13365937,1/10/2021,4:31:54 PM,5.1740192E+1,-3.0804747E+1,3.8547515E+3,0.0000000E+0
13365938,1/10/2021,4:31:54 PM,5.0330303E+1,-2.6826475E+1,3.8547515E+3,0.0000000E+0
13365939,1/10/2021,4:31:54 PM,4.5808029E+1,-1.9137180E+1,3.8574304E+3,0.0000000E+0
13365940,1/10/2021,4:31:54 PM,3.9929066E+1,-1.1500390E+1,3.8583232E+3,0.0000000E+0
13365941,1/10/2021,4:31:54 PM,3.3464867E+1,-5.9456353E+0,3.8556443E+3,0.0000000E+0
13365942,1/10/2021,4:31:54 PM,2.5936602E+1,-2.1337059E-3,3.8529656E+3,0.0000000E+0
13365943,1/10/2021,4:31:54 PM,1.8733582E+1,8.3334618E+0,3.8601089E+3,0.0000000E+0
13365944,1/10/2021,4:31:54 PM,1.1628557E+1,1.6291998E+1,3.8583232E+3,0.0000000E+0
13365945,1/10/2021,4:31:54 PM,4.4087105E+0,2.4702936E+1,3.8601089E+3,0.0000000E+0
13365946,1/10/2021,4:31:55 PM,-2.5207123E-1,3.0885389E+1,3.8601089E+3,0.0000000E+0
13365947,1/10/2021,4:31:55 PM,-5.1615911E+0,3.6019516E+1,3.8601089E+3,0.0000000E+0
13365948,1/10/2021,4:31:55 PM,-1.0623328E+1,4.1341801E+1,3.8601089E+3,0.0000000E+0
13365949,1/10/2021,4:31:55 PM,-1.2615366E+1,4.6153362E+1,3.8672522E+3,0.0000000E+0
13365950,1/10/2021,4:31:55 PM,-2.3595655E+1,5.2282059E+1,3.8645737E+3,0.0000000E+0
13365951,1/10/2021,4:31:55 PM,-3.4076702E+1,5.4405594E+1,3.8618950E+3,0.0000000E+0
13365952,1/10/2021,4:31:55 PM,-4.2296612E+1,5.7254898E+1,3.8654666E+3,0.0000000E+0
13365953,1/10/2021,4:31:55 PM,-5.0835739E+1,5.8088188E+1,3.8672522E+3,0.0000000E+0
13365954,1/10/2021,4:31:55 PM,-5.7033920E+1,5.3841114E+1,3.8618950E+3,0.0000000E+0
13365955,1/10/2021,4:31:55 PM,-6.5626251E+1,5.0292919E+1,3.8627878E+3,0.0000000E+0
13365956,1/10/2021,4:31:56 PM,-7.6612732E+1,4.4083584E+1,3.8583232E+3,0.0000000E+0
13365957,1/10/2021,4:31:56 PM,-8.2358681E+1,3.3707813E+1,3.8538586E+3,0.0000000E+0
13365958,1/10/2021,4:31:56 PM,-8.7120377E+1,2.4353493E+1,3.8529656E+3,0.0000000E+0
13365959,1/10/2021,4:31:56 PM,-8.9541130E+1,1.4800270E+1,3.8529656E+3,0.0000000E+0
13365960,1/10/2021,4:31:56 PM,-8.9354912E+1,2.9894075E+0,3.8467153E+3,0.0000000E+0
13365961,1/10/2021,4:31:56 PM,-8.6588341E+1,-1.0186820E+1,3.8440364E+3,0.0000000E+0
13365962,1/10/2021,4:31:56 PM,-8.2278877E+1,-2.1907391E+1,3.8422505E+3,0.0000000E+0
13365963,1/10/2021,4:31:56 PM,-7.4005768E+1,-3.2955170E+1,3.8395718E+3,0.0000000E+0
13365964,1/10/2021,4:31:56 PM,-6.5067612E+1,-4.1718124E+1,3.8422505E+3,0.0000000E+0
13365965,1/10/2021,4:31:56 PM,-5.7087120E+1,-4.8599464E+1,3.8422505E+3,0.0000000E+0
13365966,1/10/2021,4:31:57 PM,-4.9904678E+1,-5.4217438E+1,3.8440364E+3,0.0000000E+0
13365967,1/10/2021,4:31:57 PM,-4.6153847E+1,-5.8222584E+1,3.8386790E+3,0.0000000E+0
13365968,1/10/2021,4:31:57 PM,-3.6258038E+1,-5.8975235E+1,3.8476082E+3,0.0000000E+0
13365969,1/10/2021,4:31:57 PM,-2.6176016E+1,-6.1985821E+1,3.8458220E+3,0.0000000E+0
13365970,1/10/2021,4:31:57 PM,-2.2052759E+1,-6.3410473E+1,3.8476082E+3,0.0000000E+0
13365971,1/10/2021,4:31:57 PM,-1.8102024E+1,-6.5157692E+1,3.8458220E+3,0.0000000E+0
13365972,1/10/2021,4:31:57 PM,-1.3546914E+1,-6.7845711E+1,3.8476082E+3,0.0000000E+0
13365973,1/10/2021,4:31:57 PM,-8.0918341E+0,-7.0023010E+1,3.8449292E+3,0.0000000E+0
13365974,1/10/2021,4:31:57 PM,-7.2058064E-1,-7.3329277E+1,3.8404646E+3,0.0000000E+0
13365975,1/10/2021,4:31:57 PM,6.7155643E+0,-7.2200310E+1,3.8502869E+3,0.0000000E+0
13365976,1/10/2021,4:31:58 PM,1.3802168E+1,-7.1017586E+1,3.8458220E+3,0.0000000E+0
13365977,1/10/2021,4:31:58 PM,1.9907227E+1,-7.0883179E+1,3.8449292E+3,0.0000000E+0
13365978,1/10/2021,4:31:58 PM,2.8197741E+1,-6.8275795E+1,3.8467153E+3,0.0000000E+0
13365979,1/10/2021,4:31:58 PM,3.5247173E+1,-6.6071617E+1,3.8440364E+3,0.0000000E+0
13365980,1/10/2021,4:31:58 PM,4.0008869E+1,-6.0104206E+1,3.8467153E+3,0.0000000E+0
13365981,1/10/2021,4:31:58 PM,4.2057198E+1,-5.2712139E+1,3.8467153E+3,0.0000000E+0
13365982,1/10/2021,4:31:58 PM,4.2163601E+1,-4.1395561E+1,3.8511799E+3,0.0000000E+0
13365983,1/10/2021,4:31:58 PM,3.9476833E+1,-2.9326338E+1,3.8556443E+3,0.0000000E+0
13365984,1/10/2021,4:31:58 PM,3.8226559E+1,-1.8193218E+1,3.8485010E+3,0.0000000E+0
13365985,1/10/2021,4:31:58 PM,3.7667923E+1,-1.9531652E+0,3.8636807E+3,0.0000000E+0
13365986,1/10/2021,4:31:59 PM,3.7295502E+1,1.3393633E+1,3.8618950E+3,0.0000000E+0
13365987,1/10/2021,4:31:59 PM,3.4475727E+1,2.8573690E+1,3.8681455E+3,0.0000000E+0
13365988,1/10/2021,4:31:59 PM,2.9847040E+1,4.1395561E+1,3.8663594E+3,0.0000000E+0
13365989,1/10/2021,4:31:59 PM,3.0139660E+1,5.1233727E+1,3.8690383E+3,0.0000000E+0
13365990,1/10/2021,4:31:59 PM,3.2986034E+1,5.8706436E+1,3.8717173E+3,0.0000000E+0
13365991,1/10/2021,4:31:59 PM,3.4715141E+1,6.4270638E+1,3.8743958E+3,0.0000000E+0
13365992,1/10/2021,4:31:59 PM,3.3890491E+1,6.9673569E+1,3.8717173E+3,0.0000000E+0
13365993,1/10/2021,4:31:59 PM,3.2108181E+1,7.1340141E+1,3.8708240E+3,0.0000000E+0
13365994,1/10/2021,4:31:59 PM,3.1389936E+1,7.1716461E+1,3.8717173E+3,0.0000000E+0
13365995,1/10/2021,4:31:59 PM,2.4446907E+1,7.3705605E+1,3.8681455E+3,0.0000000E+0
13365996,1/10/2021,4:32:00 PM,2.0359844E+1,7.2845436E+1,3.8717173E+3,0.0000000E+0
13365997,1/10/2021,4:32:00 PM,1.6838909E+1,7.2926079E+1,3.8708240E+3,0.0000000E+0
13365998,1/10/2021,4:32:00 PM,3.2350094E+0,7.0963821E+1,3.8645737E+3,0.0000000E+0
13365999,1/10/2021,4:32:00 PM,-4.8913465E+0,6.7361870E+1,3.8672522E+3,0.0000000E+0
13366000,1/10/2021,4:32:00 PM,-1.6267876E+1,6.7442513E+1,3.8663594E+3,0.0000000E+0
13366001,1/10/2021,4:32:00 PM,-2.9022392E+1,6.2442787E+1,3.8618950E+3,0.0000000E+0
13366002,1/10/2021,4:32:00 PM,-4.0195080E+1,5.6475372E+1,3.8618950E+3,0.0000000E+0
13366003,1/10/2021,4:32:00 PM,-4.9851475E+1,4.9486511E+1,3.8645737E+3,0.0000000E+0
13366004,1/10/2021,4:32:00 PM,-5.8177788E+1,3.8519375E+1,3.8574304E+3,0.0000000E+0
13366005,1/10/2021,4:32:00 PM,-6.5253822E+1,2.7256559E+1,3.8547515E+3,0.0000000E+0
13366006,1/10/2021,4:32:01 PM,-7.1505211E+1,1.6448881E+1,3.8547515E+3,0.0000000E+0
13366007,1/10/2021,4:32:01 PM,-7.1398804E+1,2.1757891E+0,3.8502869E+3,0.0000000E+0
13366008,1/10/2021,4:32:01 PM,-7.4591003E+1,-1.0279886E+1,3.8502869E+3,0.0000000E+0
13366009,1/10/2021,4:32:01 PM,-7.5389053E+1,-2.6557671E+1,3.8404646E+3,0.0000000E+0
13366010,1/10/2021,4:32:01 PM,-7.5974289E+1,-3.8815060E+1,3.8440364E+3,0.0000000E+0
13366011,1/10/2021,4:32:01 PM,-7.7463982E+1,-5.0373562E+1,3.8395718E+3,0.0000000E+0
13366012,1/10/2021,4:32:01 PM,-7.9246292E+1,-6.0964371E+1,3.8368931E+3,0.0000000E+0
13366013,1/10/2021,4:32:01 PM,-8.2837517E+1,-6.7523148E+1,3.8351074E+3,0.0000000E+0
13366014,1/10/2021,4:32:01 PM,-8.5843498E+1,-7.3302406E+1,3.8324285E+3,0.0000000E+0
13366015,1/10/2021,4:32:01 PM,-8.6721352E+1,-7.5963539E+1,3.8351074E+3,0.0000000E+0
13366016,1/10/2021,4:32:02 PM,-8.3768570E+1,-7.7226913E+1,3.8342141E+3,0.0000000E+0
13366017,1/10/2021,4:32:02 PM,-7.9139877E+1,-7.7764519E+1,3.8351074E+3,0.0000000E+0
13366018,1/10/2021,4:32:02 PM,-7.4697411E+1,-7.6743073E+1,3.8351074E+3,0.0000000E+0
13366019,1/10/2021,4:32:02 PM,-6.7089340E+1,-7.6017303E+1,3.8297495E+3,0.0000000E+0
13366020,1/10/2021,4:32:02 PM,-5.1793396E+1,-7.1958389E+1,3.8449292E+3,0.0000000E+0
13366021,1/10/2021,4:32:02 PM,-3.5459988E+1,-6.6555458E+1,3.8431436E+3,0.0000000E+0
13366022,1/10/2021,4:32:02 PM,-2.0084240E+1,-6.3706154E+1,3.8476082E+3,0.0000000E+0
13366023,1/10/2021,4:32:02 PM,-3.2540293E+0,-6.1636379E+1,3.8431436E+3,0.0000000E+0
13366024,1/10/2021,4:32:02 PM,1.8633585E+1,-5.9835400E+1,3.8538586E+3,0.0000000E+0
13366025,1/10/2021,4:32:02 PM,3.8040348E+1,-5.7093620E+1,3.8529656E+3,0.0000000E+0
13366026,1/10/2021,4:32:03 PM,5.1899799E+1,-5.4083035E+1,3.8538586E+3,0.0000000E+0
13366027,1/10/2021,4:32:03 PM,6.1955219E+1,-4.9325230E+1,3.8538586E+3,0.0000000E+0
13366028,1/10/2021,4:32:03 PM,7.0228333E+1,-4.1771885E+1,3.8583232E+3,0.0000000E+0
13366029,1/10/2021,4:32:03 PM,7.7570389E+1,-3.5105587E+1,3.8601089E+3,0.0000000E+0
13366030,1/10/2021,4:32:03 PM,8.1214806E+1,-2.7202797E+1,3.8583232E+3,0.0000000E+0
13366031,1/10/2021,4:32:03 PM,8.0097542E+1,-1.6353155E+1,3.8636807E+3,0.0000000E+0
13366032,1/10/2021,4:32:03 PM,7.3127914E+1,-5.1499810E+0,3.8601089E+3,0.0000000E+0
13366033,1/10/2021,4:32:03 PM,6.4562187E+1,6.1610184E+0,3.8645737E+3,0.0000000E+0
13366034,1/10/2021,4:32:03 PM,5.6023060E+1,1.5308149E+1,3.8601089E+3,0.0000000E+0
13366035,1/10/2021,4:32:03 PM,4.7430725E+1,2.6665194E+1,3.8672522E+3,0.0000000E+0
13366036,1/10/2021,4:32:04 PM,3.8173355E+1,3.5562550E+1,3.8645737E+3,0.0000000E+0
13366037,1/10/2021,4:32:04 PM,2.9022392E+1,4.2900856E+1,3.8654666E+3,0.0000000E+0
13366038,1/10/2021,4:32:04 PM,2.0456661E+1,4.8975788E+1,3.8645737E+3,0.0000000E+0
13366039,1/10/2021,4:32:04 PM,1.5981044E+1,5.3411030E+1,3.8654666E+3,0.0000000E+0
13366040,1/10/2021,4:32:04 PM,1.2623261E+1,5.5937771E+1,3.8636807E+3,0.0000000E+0
13366041,1/10/2021,4:32:04 PM,1.2560105E+1,5.7658104E+1,3.8690383E+3,0.0000000E+0
13366042,1/10/2021,4:32:04 PM,8.7154970E+0,6.0023563E+1,3.8672522E+3,0.0000000E+0
13366043,1/10/2021,4:32:04 PM,3.0725455E+0,5.9647240E+1,3.8672522E+3,0.0000000E+0
13366044,1/10/2021,4:32:04 PM,-2.2372444E+0,5.9432201E+1,3.8690383E+3,0.0000000E+0
13366045,1/10/2021,4:32:04 PM,-1.2915356E+1,5.6986099E+1,3.8618950E+3,0.0000000E+0
13366046,1/10/2021,4:32:05 PM,-1.8320438E+1,5.3061581E+1,3.8636807E+3,0.0000000E+0
13366047,1/10/2021,4:32:05 PM,-2.6388828E+1,5.1986374E+1,3.8654666E+3,0.0000000E+0
13366048,1/10/2021,4:32:05 PM,-3.7987144E+1,4.7470493E+1,3.8601089E+3,0.0000000E+0
13366049,1/10/2021,4:32:05 PM,-5.1713589E+1,4.1960045E+1,3.8538586E+3,0.0000000E+0
13366050,1/10/2021,4:32:05 PM,-6.1928623E+1,3.7121605E+1,3.8565371E+3,0.0000000E+0
13366051,1/10/2021,4:32:05 PM,-6.9882507E+1,3.3761574E+1,3.8547515E+3,0.0000000E+0
13366052,1/10/2021,4:32:05 PM,-7.4777214E+1,2.6208229E+1,3.8529656E+3,0.0000000E+0
13366053,1/10/2021,4:32:05 PM,-7.9086678E+1,1.8360739E+1,3.8476082E+3,0.0000000E+0
13366054,1/10/2021,4:32:05 PM,-8.1347816E+1,1.2157175E+1,3.8529656E+3,0.0000000E+0
13366055,1/10/2021,4:32:05 PM,-7.9831528E+1,4.7503791E+0,3.8458220E+3,0.0000000E+0
13366056,1/10/2021,4:32:06 PM,-7.3766357E+1,-4.3363628E+0,3.8493938E+3,0.0000000E+0
13366057,1/10/2021,4:32:06 PM,-6.7009529E+1,-1.3180909E+1,3.8476082E+3,0.0000000E+0
13366058,1/10/2021,4:32:06 PM,-6.1210381E+1,-1.9937555E+1,3.8467153E+3,0.0000000E+0
13366059,1/10/2021,4:32:06 PM,-5.7033920E+1,-2.6046947E+1,3.8476082E+3,0.0000000E+0
13366060,1/10/2021,4:32:06 PM,-5.4001331E+1,-2.9568260E+1,3.8458220E+3,0.0000000E+0
13366061,1/10/2021,4:32:06 PM,-5.1713589E+1,-3.2955170E+1,3.8493938E+3,0.0000000E+0
13366062,1/10/2021,4:32:06 PM,-4.5781422E+1,-3.7847370E+1,3.8449292E+3,0.0000000E+0
13366063,1/10/2021,4:32:06 PM,-4.1312347E+1,-4.1126759E+1,3.8511799E+3,0.0000000E+0
13366064,1/10/2021,4:32:06 PM,-3.9024609E+1,-4.2121326E+1,3.8476082E+3,0.0000000E+0
13366065,1/10/2021,4:32:06 PM,-3.5060963E+1,-4.5803921E+1,3.8485010E+3,0.0000000E+0
13366066,1/10/2021,4:32:07 PM,-2.5723787E+1,-5.2685257E+1,3.8467153E+3,0.0000000E+0
13366067,1/10/2021,4:32:07 PM,-2.2451784E+1,-5.6851700E+1,3.8440364E+3,0.0000000E+0
13366068,1/10/2021,4:32:07 PM,-1.6520498E+1,-6.1206295E+1,3.8440364E+3,0.0000000E+0
13366069,1/10/2021,4:32:07 PM,-7.9760480E+0,-6.4646965E+1,3.8458220E+3,0.0000000E+0
13366070,1/10/2021,4:32:07 PM,-2.6889725E+0,-6.6662979E+1,3.8458220E+3,0.0000000E+0
13366071,1/10/2021,4:32:07 PM,2.5629642E+0,-6.9324127E+1,3.8386790E+3,0.0000000E+0
13366072,1/10/2021,4:32:07 PM,1.4115315E+1,-7.0399338E+1,3.8458220E+3,0.0000000E+0
13366073,1/10/2021,4:32:07 PM,2.5750389E+1,-6.6716743E+1,3.8529656E+3,0.0000000E+0
13366074,1/10/2021,4:32:07 PM,3.4289516E+1,-6.6017860E+1,3.8467153E+3,0.0000000E+0
13366075,1/10/2021,4:32:07 PM,3.9530041E+1,-6.2335266E+1,3.8493938E+3,0.0000000E+0
13366076,1/10/2021,4:32:08 PM,4.3546886E+1,-5.7765625E+1,3.8511799E+3,0.0000000E+0
13366077,1/10/2021,4:32:08 PM,4.6074043E+1,-5.2308941E+1,3.8511799E+3,0.0000000E+0
13366078,1/10/2021,4:32:08 PM,5.2032810E+1,-4.5830799E+1,3.8529656E+3,0.0000000E+0
13366079,1/10/2021,4:32:08 PM,5.4187546E+1,-3.7901131E+1,3.8583232E+3,0.0000000E+0
13366080,1/10/2021,4:32:08 PM,5.2032810E+1,-2.8976894E+1,3.8583232E+3,0.0000000E+0
13366081,1/10/2021,4:32:08 PM,4.7297718E+1,-2.0428978E+1,3.8547515E+3,0.0000000E+0
13366082,1/10/2021,4:32:08 PM,4.1285748E+1,-1.1750341E+1,3.8565371E+3,0.0000000E+0
13366083,1/10/2021,4:32:08 PM,3.5592995E+1,-8.8415432E-1,3.8583232E+3,0.0000000E+0
13366084,1/10/2021,4:32:08 PM,2.9394814E+1,9.8438025E+0,3.8636807E+3,0.0000000E+0
13366085,1/10/2021,4:32:08 PM,2.2159168E+1,2.0269936E+1,3.8618950E+3,0.0000000E+0
13366086,1/10/2021,4:32:09 PM,1.2860095E+1,2.8439287E+1,3.8618950E+3,0.0000000E+0
13366087,1/10/2021,4:32:09 PM,2.4385407E+0,3.6960323E+1,3.8574304E+3,0.0000000E+0
13366088,1/10/2021,4:32:09 PM,-2.8141887E+0,4.5373837E+1,3.8690383E+3,0.0000000E+0
13366089,1/10/2021,4:32:09 PM,-1.2623261E+1,5.3679829E+1,3.8610020E+3,0.0000000E+0
13366090,1/10/2021,4:32:09 PM,-2.6814455E+1,6.0883732E+1,3.8636807E+3,0.0000000E+0
13366091,1/10/2021,4:32:09 PM,-3.0565287E+1,6.4297523E+1,3.8672522E+3,0.0000000E+0
13366092,1/10/2021,4:32:09 PM,-3.4954556E+1,6.7442513E+1,3.8636807E+3,0.0000000E+0
13366093,1/10/2021,4:32:09 PM,-4.0993130E+1,6.8141396E+1,3.8672522E+3,0.0000000E+0
13366094,1/10/2021,4:32:09 PM,-3.9317226E+1,6.5534012E+1,3.8672522E+3,0.0000000E+0
13366095,1/10/2021,4:32:09 PM,-4.6233654E+1,6.2120220E+1,3.8618950E+3,0.0000000E+0
13366096,1/10/2021,4:32:10 PM,-4.6765686E+1,5.2362698E+1,3.8511799E+3,0.0000000E+0
13366097,1/10/2021,4:32:10 PM,-4.2403015E+1,4.7389854E+1,3.8672522E+3,0.0000000E+0
13366098,1/10/2021,4:32:10 PM,-4.0993130E+1,4.2390129E+1,3.8583232E+3,0.0000000E+0
13366099,1/10/2021,4:32:10 PM,-4.1099537E+1,3.1261715E+1,3.8565371E+3,0.0000000E+0
13366100,1/10/2021,4:32:10 PM,-4.3493687E+1,2.3090122E+1,3.8502869E+3,0.0000000E+0
13366101,1/10/2021,4:32:10 PM,-4.3413879E+1,1.5257627E+1,3.8529656E+3,0.0000000E+0
13366102,1/10/2021,4:32:10 PM,-3.9742855E+1,8.0436258E+0,3.8511799E+3,0.0000000E+0
13366103,1/10/2021,4:32:10 PM,-3.9024609E+1,4.5253530E+0,3.8547515E+3,0.0000000E+0
13366104,1/10/2021,4:32:10 PM,-4.1312347E+1,2.4280427E+0,3.8538586E+3,0.0000000E+0
13366105,1/10/2021,4:32:10 PM,-4.2695637E+1,-2.0460587E+0,3.8467153E+3,0.0000000E+0
13366106,1/10/2021,4:32:11 PM,-4.1631569E+1,-6.3365149E+0,3.8493938E+3,0.0000000E+0
13366107,1/10/2021,4:32:11 PM,-3.8678787E+1,-7.9186502E+0,3.8511799E+3,0.0000000E+0
13366108,1/10/2021,4:32:11 PM,-3.6417648E+1,-8.8971806E+0,3.8547515E+3,0.0000000E+0
13366109,1/10/2021,4:32:11 PM,-3.6071827E+1,-1.0045890E+1,3.8538586E+3,0.0000000E+0
13366110,1/10/2021,4:32:11 PM,-3.5726002E+1,-1.3885558E+1,3.8511799E+3,0.0000000E+0
13366111,1/10/2021,4:32:11 PM,-3.4608734E+1,-1.7344982E+1,3.8476082E+3,0.0000000E+0
13366112,1/10/2021,4:32:11 PM,-2.9687433E+1,-2.0724661E+1,3.8538586E+3,0.0000000E+0
13366113,1/10/2021,4:32:11 PM,-2.6388828E+1,-2.2767559E+1,3.8529656E+3,0.0000000E+0
13366114,1/10/2021,4:32:11 PM,-2.2744404E+1,-2.8170486E+1,3.8520728E+3,0.0000000E+0
13366115,1/10/2021,4:32:11 PM,-1.8778318E+1,-3.4003498E+1,3.8493938E+3,0.0000000E+0
13366116,1/10/2021,4:32:12 PM,-1.6491552E+1,-3.6718399E+1,3.8493938E+3,0.0000000E+0
13366117,1/10/2021,4:32:12 PM,-1.4502145E+1,-4.1933167E+1,3.8493938E+3,0.0000000E+0
13366118,1/10/2021,4:32:12 PM,-1.4831081E+1,-4.3949184E+1,3.8476082E+3,0.0000000E+0
13366119,1/10/2021,4:32:12 PM,-1.7094164E+1,-4.4836231E+1,3.8502869E+3,0.0000000E+0
13366120,1/10/2021,4:32:12 PM,-1.9523029E+1,-4.7900578E+1,3.8431436E+3,0.0000000E+0
13366121,1/10/2021,4:32:12 PM,-1.3839009E+1,-5.2819660E+1,3.8458220E+3,0.0000000E+0
13366122,1/10/2021,4:32:12 PM,-5.2455964E+0,-5.4647518E+1,3.8440364E+3,0.0000000E+0
13366123,1/10/2021,4:32:12 PM,1.9574897E+0,-5.4109909E+1,3.8511799E+3,0.0000000E+0
13366124,1/10/2021,4:32:12 PM,5.6971774E+0,-5.3437904E+1,3.8476082E+3,0.0000000E+0
13366125,1/10/2021,4:32:12 PM,9.3023195E+0,-5.5884007E+1,3.8458220E+3,0.0000000E+0
13366126,1/10/2021,4:32:13 PM,1.8204651E+1,-5.5453922E+1,3.8493938E+3,0.0000000E+0
13366127,1/10/2021,4:32:13 PM,2.8995789E+1,-5.8141949E+1,3.8467153E+3,0.0000000E+0
13366128,1/10/2021,4:32:13 PM,4.1338951E+1,-5.6771057E+1,3.8529656E+3,0.0000000E+0
13366129,1/10/2021,4:32:13 PM,4.8308582E+1,-5.2685257E+1,3.8538586E+3,0.0000000E+0
13366130,1/10/2021,4:32:13 PM,4.9106628E+1,-4.8518822E+1,3.8529656E+3,0.0000000E+0
13366131,1/10/2021,4:32:13 PM,5.0862335E+1,-4.4513668E+1,3.8520728E+3,0.0000000E+0
13366132,1/10/2021,4:32:13 PM,5.3495899E+1,-4.0804195E+1,3.8511799E+3,0.0000000E+0
13366133,1/10/2021,4:32:13 PM,5.6102859E+1,-3.4433582E+1,3.8565371E+3,0.0000000E+0
13366134,1/10/2021,4:32:13 PM,5.4985596E+1,-2.4138451E+1,3.8601089E+3,0.0000000E+0
13366135,1/10/2021,4:32:13 PM,4.4025715E+1,-1.4119554E+1,3.8547515E+3,0.0000000E+0
13366136,1/10/2021,4:32:14 PM,3.2773220E+1,-1.2210131E+0,3.8565371E+3,0.0000000E+0
13366137,1/10/2021,4:32:14 PM,2.3808468E+1,1.1234485E+1,3.8574304E+3,0.0000000E+0
13366138,1/10/2021,4:32:14 PM,2.2824209E+1,2.3493326E+1,3.8645737E+3,0.0000000E+0
13366139,1/10/2021,4:32:14 PM,1.7054691E+1,3.5401268E+1,3.8618950E+3,0.0000000E+0
13366140,1/10/2021,4:32:14 PM,5.1182494E+0,4.6690968E+1,3.8627878E+3,0.0000000E+0
13366141,1/10/2021,4:32:14 PM,-9.4759979E+0,5.8141949E+1,3.8627878E+3,0.0000000E+0
13366142,1/10/2021,4:32:14 PM,-1.6333664E+1,6.5829697E+1,3.8654666E+3,0.0000000E+0
13366143,1/10/2021,4:32:14 PM,-2.3143429E+1,7.4565773E+1,3.8717173E+3,0.0000000E+0
13366144,1/10/2021,4:32:14 PM,-3.1044115E+1,8.1635269E+1,3.8726101E+3,0.0000000E+0
13366145,1/10/2021,4:32:14 PM,-4.4664154E+1,8.5694183E+1,3.8726101E+3,0.0000000E+0
13366146,1/10/2021,4:32:15 PM,-6.3338509E+1,8.6231796E+1,3.8636807E+3,0.0000000E+0
13366147,1/10/2021,4:32:15 PM,-7.4511192E+1,8.3597527E+1,3.8654666E+3,0.0000000E+0
13366148,1/10/2021,4:32:15 PM,-7.9219688E+1,7.9350449E+1,3.8726101E+3,0.0000000E+0
13366149,1/10/2021,4:32:15 PM,-8.4486816E+1,6.7603790E+1,3.8583232E+3,0.0000000E+0
13366150,1/10/2021,4:32:15 PM,-9.2972733E+1,5.6636654E+1,3.8574304E+3,0.0000000E+0
13366151,1/10/2021,4:32:15 PM,-1.0137886E+2,4.5561996E+1,3.8538586E+3,0.0000000E+0
13366152,1/10/2021,4:32:15 PM,-1.0241632E+2,3.1584276E+1,3.8485010E+3,0.0000000E+0
13366153,1/10/2021,4:32:15 PM,-9.7335403E+1,1.9012205E+1,3.8485010E+3,0.0000000E+0
13366154,1/10/2021,4:32:15 PM,-8.7998230E+1,5.9403172E+0,3.8458220E+3,0.0000000E+0
13366155,1/10/2021,4:32:15 PM,-7.9485710E+1,-6.8151441E+0,3.8413577E+3,0.0000000E+0
13366156,1/10/2021,4:32:16 PM,-6.9962318E+1,-1.7783724E+1,3.8377859E+3,0.0000000E+0
13366157,1/10/2021,4:32:16 PM,-5.7246735E+1,-2.6315748E+1,3.8431436E+3,0.0000000E+0
13366158,1/10/2021,4:32:16 PM,-4.4185326E+1,-3.2659485E+1,3.8413577E+3,0.0000000E+0
13366159,1/10/2021,4:32:16 PM,-2.8091333E+1,-3.8411854E+1,3.8493938E+3,0.0000000E+0
13366160,1/10/2021,4:32:16 PM,-1.5391588E+1,-4.3653500E+1,3.8458220E+3,0.0000000E+0
13366161,1/10/2021,4:32:16 PM,-7.0023966E+0,-4.4325504E+1,3.8511799E+3,0.0000000E+0
13366162,1/10/2021,4:32:16 PM,1.8806165E+0,-4.6717850E+1,3.8493938E+3,0.0000000E+0
13366163,1/10/2021,4:32:16 PM,1.4615299E+1,-4.9540272E+1,3.8565371E+3,0.0000000E+0
13366164,1/10/2021,4:32:16 PM,2.5723787E+1,-5.1825089E+1,3.8556443E+3,0.0000000E+0
13366165,1/10/2021,4:32:16 PM,3.4289516E+1,-5.6529133E+1,3.8520728E+3,0.0000000E+0
13366166,1/10/2021,4:32:17 PM,4.4078918E+1,-6.1367573E+1,3.8583232E+3,0.0000000E+0
13366167,1/10/2021,4:32:17 PM,5.2165817E+1,-6.6985542E+1,3.8476082E+3,0.0000000E+0
13366168,1/10/2021,4:32:17 PM,5.8975838E+1,-7.2388466E+1,3.8547515E+3,0.0000000E+0
13366169,1/10/2021,4:32:17 PM,6.5865662E+1,-7.5667862E+1,3.8485010E+3,0.0000000E+0
13366170,1/10/2021,4:32:17 PM,6.8845047E+1,-7.9457977E+1,3.8485010E+3,0.0000000E+0
13366171,1/10/2021,4:32:17 PM,6.6344490E+1,-7.8785973E+1,3.8458220E+3,0.0000000E+0
13366172,1/10/2021,4:32:17 PM,6.0013302E+1,-7.4538895E+1,3.8440364E+3,0.0000000E+0
13366173,1/10/2021,4:32:17 PM,5.3815121E+1,-6.7388748E+1,3.8458220E+3,0.0000000E+0
13366174,1/10/2021,4:32:17 PM,4.4664154E+1,-5.6959217E+1,3.8502869E+3,0.0000000E+0
13366175,1/10/2021,4:32:17 PM,3.6231438E+1,-4.7658657E+1,3.8449292E+3,0.0000000E+0
13366176,1/10/2021,4:32:18 PM,2.5431168E+1,-3.4998066E+1,3.8520728E+3,0.0000000E+0
13366177,1/10/2021,4:32:18 PM,1.3565334E+1,-2.0455858E+1,3.8511799E+3,0.0000000E+0
13366178,1/10/2021,4:32:18 PM,4.3532348E+0,-5.5361414E+0,3.8583232E+3,0.0000000E+0
13366179,1/10/2021,4:32:18 PM,-6.4576778E+0,1.0684061E+1,3.8627878E+3,0.0000000E+0
13366180,1/10/2021,4:32:18 PM,-1.4607405E+1,2.0708679E+1,3.8601089E+3,0.0000000E+0
13366181,1/10/2021,4:32:18 PM,-2.4606518E+1,3.1476755E+1,3.8627878E+3,0.0000000E+0
13366182,1/10/2021,4:32:18 PM,-3.6790070E+1,4.0992359E+1,3.8583232E+3,0.0000000E+0
13366183,1/10/2021,4:32:18 PM,-4.6579472E+1,5.1153084E+1,3.8672522E+3,0.0000000E+0
13366184,1/10/2021,4:32:18 PM,-5.6368877E+1,5.9270916E+1,3.8663594E+3,0.0000000E+0
13366185,1/10/2021,4:32:18 PM,-6.6397697E+1,6.4055603E+1,3.8636807E+3,0.0000000E+0
13366186,1/10/2021,4:32:19 PM,-7.4484596E+1,6.6340424E+1,3.8610020E+3,0.0000000E+0
13366187,1/10/2021,4:32:19 PM,-8.3316345E+1,6.7711311E+1,3.8601089E+3,0.0000000E+0
13366188,1/10/2021,4:32:19 PM,-9.0019958E+1,6.6878021E+1,3.8583232E+3,0.0000000E+0
13366189,1/10/2021,4:32:19 PM,-9.3105743E+1,6.3706154E+1,3.8618950E+3,0.0000000E+0
13366190,1/10/2021,4:32:19 PM,-9.3238754E+1,5.5480804E+1,3.8529656E+3,0.0000000E+0
13366191,1/10/2021,4:32:19 PM,-9.0472183E+1,4.5830799E+1,3.8529656E+3,0.0000000E+0
13366192,1/10/2021,4:32:19 PM,-8.5710495E+1,3.7632328E+1,3.8511799E+3,0.0000000E+0
13366193,1/10/2021,4:32:19 PM,-7.4484596E+1,2.8251125E+1,3.8529656E+3,0.0000000E+0
13366194,1/10/2021,4:32:19 PM,-6.2487259E+1,2.2310595E+1,3.8529656E+3,0.0000000E+0
13366195,1/10/2021,4:32:19 PM,-4.9878078E+1,1.4106258E+1,3.8547515E+3,0.0000000E+0
13366196,1/10/2021,4:32:20 PM,-3.5726002E+1,5.2941680E+0,3.8511799E+3,0.0000000E+0
13366197,1/10/2021,4:32:20 PM,-2.3196630E+1,-1.3690391E+0,3.8493938E+3,0.0000000E+0
13366198,1/10/2021,4:32:20 PM,-8.5549755E+0,-6.7273960E+0,3.8583232E+3,0.0000000E+0
13366199,1/10/2021,4:32:20 PM,5.0339975E+0,-1.1519003E+1,3.8538586E+3,0.0000000E+0
13366200,1/10/2021,4:32:20 PM,1.3460074E+1,-1.4989064E+1,3.8583232E+3,0.0000000E+0
13366201,1/10/2021,4:32:20 PM,2.3303038E+1,-2.0644020E+1,3.8601089E+3,0.0000000E+0
13366202,1/10/2021,4:32:20 PM,3.4262917E+1,-2.9675779E+1,3.8529656E+3,0.0000000E+0
13366203,1/10/2021,4:32:20 PM,4.5488808E+1,-3.8465618E+1,3.8565371E+3,0.0000000E+0
13366204,1/10/2021,4:32:20 PM,5.3948132E+1,-4.5669521E+1,3.8583232E+3,0.0000000E+0
13366205,1/10/2021,4:32:20 PM,6.0997562E+1,-5.3491665E+1,3.8547515E+3,0.0000000E+0
13366206,1/10/2021,4:32:21 PM,6.4881401E+1,-6.1743896E+1,3.8529656E+3,0.0000000E+0
13366207,1/10/2021,4:32:21 PM,6.7381958E+1,-6.9834854E+1,3.8493938E+3,0.0000000E+0
13366208,1/10/2021,4:32:21 PM,6.9669701E+1,-7.6850594E+1,3.8467153E+3,0.0000000E+0
13366209,1/10/2021,4:32:21 PM,6.9031258E+1,-8.0076225E+1,3.8458220E+3,0.0000000E+0
13366210,1/10/2021,4:32:21 PM,6.4562187E+1,-7.8275246E+1,3.8467153E+3,0.0000000E+0
13366211,1/10/2021,4:32:21 PM,5.9108849E+1,-7.4162567E+1,3.8458220E+3,0.0000000E+0
13366212,1/10/2021,4:32:21 PM,5.2112617E+1,-6.7791954E+1,3.8467153E+3,0.0000000E+0
13366213,1/10/2021,4:32:21 PM,4.5754822E+1,-6.0883732E+1,3.8422505E+3,0.0000000E+0
13366214,1/10/2021,4:32:21 PM,3.9264023E+1,-4.9029549E+1,3.8511799E+3,0.0000000E+0
13366215,1/10/2021,4:32:21 PM,2.9607626E+1,-3.4836784E+1,3.8502869E+3,0.0000000E+0
13366216,1/10/2021,4:32:22 PM,1.6383661E+1,-1.9972015E+1,3.8556443E+3,0.0000000E+0
13366217,1/10/2021,4:32:22 PM,-2.8928804E-1,-2.9197373E+0,3.8565371E+3,0.0000000E+0
13366218,1/10/2021,4:32:22 PM,-1.5215280E+1,1.0402203E+1,3.8565371E+3,0.0000000E+0
13366219,1/10/2021,4:32:22 PM,-2.7798716E+1,2.4219091E+1,3.8583232E+3,0.0000000E+0
13366220,1/10/2021,4:32:22 PM,-4.1072933E+1,3.7874252E+1,3.8610020E+3,0.0000000E+0
13366221,1/10/2021,4:32:22 PM,-5.6714699E+1,5.1905731E+1,3.8672522E+3,0.0000000E+0
13366222,1/10/2021,4:32:22 PM,-7.2994904E+1,6.2926628E+1,3.8654666E+3,0.0000000E+0
13366223,1/10/2021,4:32:22 PM,-8.4486816E+1,6.7576912E+1,3.8636807E+3,0.0000000E+0
13366224,1/10/2021,4:32:22 PM,-9.2281097E+1,6.9781090E+1,3.8601089E+3,0.0000000E+0
13366225,1/10/2021,4:32:22 PM,-1.0294835E+2,7.2173431E+1,3.8610020E+3,0.0000000E+0
13366226,1/10/2021,4:32:23 PM,-1.1140768E+2,7.2926079E+1,3.8601089E+3,0.0000000E+0
13366227,1/10/2021,4:32:23 PM,-1.1776546E+2,6.9082199E+1,3.8583232E+3,0.0000000E+0
13366228,1/10/2021,4:32:23 PM,-1.1675461E+2,5.9297798E+1,3.8511799E+3,0.0000000E+0
13366229,1/10/2021,4:32:23 PM,-1.0725782E+2,4.8196262E+1,3.8538586E+3,0.0000000E+0
13366230,1/10/2021,4:32:23 PM,-9.3451561E+1,3.7793610E+1,3.8502869E+3,0.0000000E+0
13366231,1/10/2021,4:32:23 PM,-7.7942810E+1,2.8170486E+1,3.8511799E+3,0.0000000E+0
13366232,1/10/2021,4:32:23 PM,-6.1502995E+1,1.8714392E+1,3.8493938E+3,0.0000000E+0
13366233,1/10/2021,4:32:23 PM,-4.5462204E+1,1.1819476E+1,3.8538586E+3,0.0000000E+0
13366234,1/10/2021,4:32:23 PM,-2.6069607E+1,1.8690804E+0,3.8502869E+3,0.0000000E+0
13366235,1/10/2021,4:32:23 PM,-5.5077100E+0,-6.0679512E+0,3.8547515E+3,0.0000000E+0
13366236,1/10/2021,4:32:24 PM,9.4181051E+0,-1.0835628E+1,3.8565371E+3,0.0000000E+0
13366237,1/10/2021,4:32:24 PM,2.0616272E+1,-1.4781658E+1,3.8601089E+3,0.0000000E+0
13366238,1/10/2021,4:32:24 PM,2.6867657E+1,-1.8929775E+1,3.8583232E+3,0.0000000E+0
13366239,1/10/2021,4:32:24 PM,3.3810684E+1,-2.5697504E+1,3.8610020E+3,0.0000000E+0
13366240,1/10/2021,4:32:24 PM,4.1099537E+1,-3.4863667E+1,3.8565371E+3,0.0000000E+0
13366241,1/10/2021,4:32:24 PM,4.5488808E+1,-4.3519100E+1,3.8565371E+3,0.0000000E+0
13366242,1/10/2021,4:32:24 PM,4.4584351E+1,-4.9916595E+1,3.8538586E+3,0.0000000E+0
13366243,1/10/2021,4:32:24 PM,4.0913322E+1,-5.4835674E+1,3.8547515E+3,0.0000000E+0
13366244,1/10/2021,4:32:24 PM,3.4635338E+1,-5.9512844E+1,3.8529656E+3,0.0000000E+0
13366245,1/10/2021,4:32:24 PM,2.9315008E+1,-6.6958664E+1,3.8476082E+3,0.0000000E+0
13366246,1/10/2021,4:32:25 PM,2.4367104E+1,-7.5506584E+1,3.8386790E+3,0.0000000E+0
13366247,1/10/2021,4:32:25 PM,1.8278334E+1,-7.8651566E+1,3.8386790E+3,0.0000000E+0
13366248,1/10/2021,4:32:25 PM,1.3204820E+1,-7.7952682E+1,3.8431436E+3,0.0000000E+0
13366249,1/10/2021,4:32:25 PM,8.2155142E+0,-7.5345299E+1,3.8404646E+3,0.0000000E+0
13366250,1/10/2021,4:32:25 PM,4.2177167E+0,-7.1555183E+1,3.8458220E+3,0.0000000E+0
13366251,1/10/2021,4:32:25 PM,3.9856289E-2,-6.7066185E+1,3.8360002E+3,0.0000000E+0
13366252,1/10/2021,4:32:25 PM,-3.0202401E+0,-6.0722450E+1,3.8395718E+3,0.0000000E+0
13366253,1/10/2021,4:32:25 PM,-5.6340213E+0,-4.9083309E+1,3.8422505E+3,0.0000000E+0
13366254,1/10/2021,4:32:25 PM,-5.1695161E+0,-3.5804474E+1,3.8529656E+3,0.0000000E+0
13366255,1/10/2021,4:32:25 PM,-7.3023868E+0,-2.0832182E+1,3.8529656E+3,0.0000000E+0
13366256,1/10/2021,4:32:26 PM,-1.2846937E+1,-7.1422076E+0,3.8574304E+3,0.0000000E+0
13366257,1/10/2021,4:32:26 PM,-1.9499346E+1,5.5495834E+0,3.8547515E+3,0.0000000E+0
13366258,1/10/2021,4:32:26 PM,-2.7905121E+1,2.0038599E+1,3.8601089E+3,0.0000000E+0
13366259,1/10/2021,4:32:26 PM,-3.3917091E+1,3.2336922E+1,3.8618950E+3,0.0000000E+0
13366260,1/10/2021,4:32:26 PM,-3.6444248E+1,4.3519100E+1,3.8672522E+3,0.0000000E+0
13366261,1/10/2021,4:32:26 PM,-4.1870983E+1,5.2013252E+1,3.8654666E+3,0.0000000E+0
13366262,1/10/2021,4:32:26 PM,-4.5329197E+1,5.6125935E+1,3.8601089E+3,0.0000000E+0
13366263,1/10/2021,4:32:26 PM,-4.5302593E+1,5.9727882E+1,3.8601089E+3,0.0000000E+0
13366264,1/10/2021,4:32:26 PM,-3.9742855E+1,6.2093346E+1,3.8672522E+3,0.0000000E+0
13366265,1/10/2021,4:32:26 PM,-3.0804701E+1,5.9674122E+1,3.8654666E+3,0.0000000E+0
13366266,1/10/2021,4:32:27 PM,-2.1387720E+1,5.4298073E+1,3.8618950E+3,0.0000000E+0
13366267,1/10/2021,4:32:27 PM,-1.4757401E+1,4.6798489E+1,3.8574304E+3,0.0000000E+0
13366268,1/10/2021,4:32:27 PM,-6.4392576E+0,3.9809628E+1,3.8556443E+3,0.0000000E+0
13366269,1/10/2021,4:32:27 PM,5.9287486E+0,3.3788456E+1,3.8601089E+3,0.0000000E+0
13366270,1/10/2021,4:32:27 PM,1.9409876E+1,3.0159622E+1,3.8654666E+3,0.0000000E+0
13366271,1/10/2021,4:32:27 PM,2.3569054E+1,2.6718952E+1,3.8618950E+3,0.0000000E+0
13366272,1/10/2021,4:32:27 PM,2.2371981E+1,2.2794439E+1,3.8565371E+3,0.0000000E+0
13366273,1/10/2021,4:32:27 PM,1.8570431E+1,2.3520205E+1,3.8645737E+3,0.0000000E+0
13366274,1/10/2021,4:32:27 PM,1.5346853E+1,2.3466446E+1,3.8618950E+3,0.0000000E+0
13366275,1/10/2021,4:32:27 PM,9.1523247E+0,2.4165331E+1,3.8708240E+3,0.0000000E+0
13366276,1/10/2021,4:32:28 PM,-1.4411613E-1,2.0912823E+1,3.8618950E+3,0.0000000E+0
13366277,1/10/2021,4:32:28 PM,-1.1689081E+1,1.5127334E+1,3.8627878E+3,0.0000000E+0
13366278,1/10/2021,4:32:28 PM,-2.3675461E+1,9.0647001E+0,3.8583232E+3,0.0000000E+0
13366279,1/10/2021,4:32:28 PM,-2.9873644E+1,-6.6865009E-1,3.8547515E+3,0.0000000E+0
13366280,1/10/2021,4:32:28 PM,-3.4262917E+1,-1.2186425E+1,3.8538586E+3,0.0000000E+0
13366281,1/10/2021,4:32:28 PM,-3.8625584E+1,-2.5428701E+1,3.8476082E+3,0.0000000E+0
13366282,1/10/2021,4:32:28 PM,-4.1259148E+1,-3.9325783E+1,3.8440364E+3,0.0000000E+0
13366283,1/10/2021,4:32:28 PM,-4.1977390E+1,-5.3599190E+1,3.8360002E+3,0.0000000E+0
13366284,1/10/2021,4:32:28 PM,-4.0141876E+1,-6.4243759E+1,3.8351074E+3,0.0000000E+0
13366285,1/10/2021,4:32:28 PM,-3.5326981E+1,-7.1528305E+1,3.8368931E+3,0.0000000E+0
13366286,1/10/2021,4:32:29 PM,-3.2826427E+1,-7.4700172E+1,3.8342141E+3,0.0000000E+0
13366287,1/10/2021,4:32:29 PM,-2.9820438E+1,-7.5990425E+1,3.8360002E+3,0.0000000E+0
13366288,1/10/2021,4:32:29 PM,-2.6282421E+1,-7.2576630E+1,3.8386790E+3,0.0000000E+0
13366289,1/10/2021,4:32:29 PM,-2.1494125E+1,-6.5103928E+1,3.8422505E+3,0.0000000E+0
13366290,1/10/2021,4:32:29 PM,-1.7694143E+1,-5.6905457E+1,3.8467153E+3,0.0000000E+0
13366291,1/10/2021,4:32:29 PM,-1.4725821E+1,-4.7685535E+1,3.8476082E+3,0.0000000E+0
13366292,1/10/2021,4:32:29 PM,-1.0981211E+1,-3.8976341E+1,3.8538586E+3,0.0000000E+0
13366293,1/10/2021,4:32:29 PM,-7.9497333E+0,-3.1557396E+1,3.8538586E+3,0.0000000E+0
13366294,1/10/2021,4:32:29 PM,-4.2930045E+0,-2.6745832E+1,3.8538586E+3,0.0000000E+0
13366295,1/10/2021,4:32:29 PM,3.7216803E-1,-2.2122433E+1,3.8556443E+3,0.0000000E+0
13366296,1/10/2021,4:32:30 PM,5.5656028E+0,-1.7937950E+1,3.8565371E+3,0.0000000E+0
13366297,1/10/2021,4:32:30 PM,9.0023298E+0,-1.4143485E+1,3.8547515E+3,0.0000000E+0
13366298,1/10/2021,4:32:30 PM,9.9917698E+0,-7.9399223E+0,3.8601089E+3,0.0000000E+0
13366299,1/10/2021,4:32:30 PM,1.1178572E+1,-3.8767004E+0,3.8565371E+3,0.0000000E+0
13366300,1/10/2021,4:32:30 PM,9.8707218E+0,1.2140213E+0,3.8583232E+3,0.0000000E+0
13366301,1/10/2021,4:32:30 PM,7.3787003E+0,6.1876087E+0,3.8538586E+3,0.0000000E+0
13366302,1/10/2021,4:32:30 PM,4.2002816E+0,1.3813763E+1,3.8565371E+3,0.0000000E+0
13366303,1/10/2021,4:32:30 PM,-2.2253568E+0,2.2095554E+1,3.8583232E+3,0.0000000E+0
13366304,1/10/2021,4:32:30 PM,-5.9234853E+0,2.9648899E+1,3.8610020E+3,0.0000000E+0
13366305,1/10/2021,4:32:30 PM,-8.0181522E+0,3.4783024E+1,3.8610020E+3,0.0000000E+0
13366306,1/10/2021,4:32:31 PM,-1.0881214E+1,3.8815060E+1,3.8601089E+3,0.0000000E+0
13366307,1/10/2021,4:32:31 PM,-1.1499615E+1,4.1610603E+1,3.8610020E+3,0.0000000E+0
13366308,1/10/2021,4:32:31 PM,-1.0875951E+1,4.4674950E+1,3.8654666E+3,0.0000000E+0
13366309,1/10/2021,4:32:31 PM,-1.0281235E+1,4.5911442E+1,3.8654666E+3,0.0000000E+0
13366310,1/10/2021,4:32:31 PM,-8.7260237E+0,4.4352386E+1,3.8645737E+3,0.0000000E+0
13366311,1/10/2021,4:32:31 PM,-9.5602055E+0,4.0911716E+1,3.8645737E+3,0.0000000E+0
13366312,1/10/2021,4:32:31 PM,-9.2733736E+0,3.7793610E+1,3.8627878E+3,0.0000000E+0
13366313,1/10/2021,4:32:31 PM,-1.4191628E+1,3.4756142E+1,3.8618950E+3,0.0000000E+0
13366314,1/10/2021,4:32:31 PM,-2.0376856E+1,3.1799316E+1,3.8601089E+3,0.0000000E+0
13366315,1/10/2021,4:32:31 PM,-2.4899137E+1,2.7579121E+1,3.8618950E+3,0.0000000E+0
13366316,1/10/2021,4:32:32 PM,-3.1203726E+1,2.1934271E+1,3.8547515E+3,0.0000000E+0
13366317,1/10/2021,4:32:32 PM,-3.8013744E+1,1.6164364E+1,3.8547515E+3,0.0000000E+0
13366318,1/10/2021,4:32:32 PM,-4.4318336E+1,9.7081909E+0,3.8511799E+3,0.0000000E+0
13366319,1/10/2021,4:32:32 PM,-5.0543121E+1,5.7568426E+0,3.8529656E+3,0.0000000E+0
13366320,1/10/2021,4:32:32 PM,-4.9798275E+1,-1.4029115E-1,3.8529656E+3,0.0000000E+0
13366321,1/10/2021,4:32:32 PM,-4.7297718E+1,-9.3545370E+0,3.8458220E+3,0.0000000E+0
13366322,1/10/2021,4:32:32 PM,-4.3467079E+1,-1.6627037E+1,3.8476082E+3,0.0000000E+0
13366323,1/10/2021,4:32:32 PM,-3.6550655E+1,-2.3520205E+1,3.8476082E+3,0.0000000E+0
13366324,1/10/2021,4:32:32 PM,-2.8596764E+1,-3.0132742E+1,3.8467153E+3,0.0000000E+0
13366325,1/10/2021,4:32:32 PM,-1.8188864E+1,-3.6476479E+1,3.8493938E+3,0.0000000E+0
13366326,1/10/2021,4:32:33 PM,-5.5261302E+0,-4.3680382E+1,3.8476082E+3,0.0000000E+0
13366327,1/10/2021,4:32:33 PM,4.6004968E+0,-4.8250023E+1,3.8476082E+3,0.0000000E+0
13366328,1/10/2021,4:32:33 PM,1.2289062E+1,-5.0239159E+1,3.8502869E+3,0.0000000E+0
13366329,1/10/2021,4:32:33 PM,1.7641514E+1,-5.0911163E+1,3.8511799E+3,0.0000000E+0
13366330,1/10/2021,4:32:33 PM,2.0882288E+1,-5.0723000E+1,3.8511799E+3,0.0000000E+0
13366331,1/10/2021,4:32:33 PM,2.3170029E+1,-5.1126209E+1,3.8502869E+3,0.0000000E+0
13366332,1/10/2021,4:32:33 PM,2.3648859E+1,-5.0104759E+1,3.8511799E+3,0.0000000E+0
13366333,1/10/2021,4:32:33 PM,2.2451784E+1,-4.6475929E+1,3.8511799E+3,0.0000000E+0
13366334,1/10/2021,4:32:33 PM,1.8246758E+1,-4.2578293E+1,3.8538586E+3,0.0000000E+0
13366335,1/10/2021,4:32:33 PM,1.5588951E+1,-3.8788177E+1,3.8529656E+3,0.0000000E+0
13366336,1/10/2021,4:32:34 PM,1.3970584E+1,-3.8384975E+1,3.8502869E+3,0.0000000E+0
13366337,1/10/2021,4:32:34 PM,1.3139032E+1,-3.7256004E+1,3.8493938E+3,0.0000000E+0
13366338,1/10/2021,4:32:34 PM,1.2881147E+1,-3.3331490E+1,3.8538586E+3,0.0000000E+0
13366339,1/10/2021,4:32:34 PM,1.0999631E+1,-3.1046673E+1,3.8493938E+3,0.0000000E+0
13366340,1/10/2021,4:32:34 PM,1.0239130E+1,-2.8412407E+1,3.8511799E+3,0.0000000E+0
13366341,1/10/2021,4:32:34 PM,9.9759817E+0,-2.5885666E+1,3.8476082E+3,0.0000000E+0
13366342,1/10/2021,4:32:34 PM,6.9655557E+0,-1.9956167E+1,3.8529656E+3,0.0000000E+0
13366343,1/10/2021,4:32:34 PM,5.4103446E+0,-1.2782052E+1,3.8547515E+3,0.0000000E+0
13366344,1/10/2021,4:32:34 PM,1.7173603E+0,-4.9009309E+0,3.8556443E+3,0.0000000E+0
13366345,1/10/2021,4:32:34 PM,-5.6616626E+0,5.1507821E+0,3.8583232E+3,0.0000000E+0
13366346,1/10/2021,4:32:35 PM,-1.0870687E+1,1.2223652E+1,3.8565371E+3,0.0000000E+0
13366347,1/10/2021,4:32:35 PM,-1.8657269E+1,2.0713997E+1,3.8583232E+3,0.0000000E+0
13366348,1/10/2021,4:32:35 PM,-2.7506096E+1,3.0186504E+1,3.8610020E+3,0.0000000E+0
13366349,1/10/2021,4:32:35 PM,-3.2640213E+1,3.6395840E+1,3.8618950E+3,0.0000000E+0
13366350,1/10/2021,4:32:35 PM,-3.9929066E+1,4.2121326E+1,3.8610020E+3,0.0000000E+0
13366351,1/10/2021,4:32:35 PM,-4.5808029E+1,4.4513668E+1,3.8610020E+3,0.0000000E+0
13366352,1/10/2021,4:32:35 PM,-4.8468189E+1,4.4137344E+1,3.8583232E+3,0.0000000E+0
13366353,1/10/2021,4:32:35 PM,-5.0915539E+1,4.5212555E+1,3.8610020E+3,0.0000000E+0
13366354,1/10/2021,4:32:35 PM,-5.1527378E+1,4.3223415E+1,3.8583232E+3,0.0000000E+0
13366355,1/10/2021,4:32:35 PM,-5.1713589E+1,3.9648346E+1,3.8565371E+3,0.0000000E+0
13366356,1/10/2021,4:32:36 PM,-5.1048550E+1,3.4460461E+1,3.8565371E+3,0.0000000E+0
13366357,1/10/2021,4:32:36 PM,-4.8814011E+1,2.7847925E+1,3.8529656E+3,0.0000000E+0
13366358,1/10/2021,4:32:36 PM,-4.4983376E+1,2.2982601E+1,3.8547515E+3,0.0000000E+0
13366359,1/10/2021,4:32:36 PM,-4.2562626E+1,2.0277914E+1,3.8565371E+3,0.0000000E+0
13366360,1/10/2021,4:32:36 PM,-4.1019733E+1,1.6321247E+1,3.8538586E+3,0.0000000E+0
13366361,1/10/2021,4:32:36 PM,-4.0407894E+1,1.3101138E+1,3.8529656E+3,0.0000000E+0
13366362,1/10/2021,4:32:36 PM,-3.7189095E+1,9.3279467E+0,3.8547515E+3,0.0000000E+0
13366363,1/10/2021,4:32:36 PM,-3.2613613E+1,6.3152428E+0,3.8538586E+3,0.0000000E+0
13366364,1/10/2021,4:32:36 PM,-2.8836180E+1,3.1832025E+0,3.8565371E+3,0.0000000E+0
13366365,1/10/2021,4:32:36 PM,-2.6628242E+1,1.0955021E+0,3.8556443E+3,0.0000000E+0
13366366,1/10/2021,4:32:37 PM,-2.4978941E+1,-2.5866022E+0,3.8529656E+3,0.0000000E+0
13366367,1/10/2021,4:32:37 PM,-2.0057636E+1,-8.3121891E+0,3.8511799E+3,0.0000000E+0
13366368,1/10/2021,4:32:37 PM,-1.6291559E+1,-1.1463163E+1,3.8538586E+3,0.0000000E+0
13366369,1/10/2021,4:32:37 PM,-1.3523231E+1,-1.4186029E+1,3.8529656E+3,0.0000000E+0
13366370,1/10/2021,4:32:37 PM,-1.1496983E+1,-1.7201393E+1,3.8538586E+3,0.0000000E+0
13366371,1/10/2021,4:32:37 PM,-9.0496960E+0,-2.0885942E+1,3.8511799E+3,0.0000000E+0
13366372,1/10/2021,4:32:37 PM,-5.8077002E+0,-2.4649176E+1,3.8493938E+3,0.0000000E+0
13366373,1/10/2021,4:32:37 PM,-1.7394236E-1,-2.8062967E+1,3.8502869E+3,0.0000000E+0
13366374,1/10/2021,4:32:37 PM,5.3399053E+0,-2.9353218E+1,3.8502869E+3,0.0000000E+0
13366375,1/10/2021,4:32:37 PM,1.0833847E+1,-2.8627449E+1,3.8529656E+3,0.0000000E+0
13366376,1/10/2021,4:32:38 PM,1.4507407E+1,-2.8627449E+1,3.8529656E+3,0.0000000E+0
13366377,1/10/2021,4:32:38 PM,1.9596710E+1,-2.9353218E+1,3.8511799E+3,0.0000000E+0
13366378,1/10/2021,4:32:38 PM,2.8942585E+1,-3.0535946E+1,3.8520728E+3,0.0000000E+0
13366379,1/10/2021,4:32:38 PM,3.6657063E+1,-2.9433857E+1,3.8556443E+3,0.0000000E+0
13366380,1/10/2021,4:32:38 PM,4.2270008E+1,-2.7821041E+1,3.8583232E+3,0.0000000E+0
13366381,1/10/2021,4:32:38 PM,4.6260254E+1,-2.5939428E+1,3.8583232E+3,0.0000000E+0
13366382,1/10/2021,4:32:38 PM,4.5621815E+1,-2.4434134E+1,3.8601089E+3,0.0000000E+0
13366383,1/10/2021,4:32:38 PM,4.6632679E+1,-2.5563105E+1,3.8565371E+3,0.0000000E+0
13366384,1/10/2021,4:32:38 PM,4.2935051E+1,-2.4192211E+1,3.8583232E+3,0.0000000E+0
13366385,1/10/2021,4:32:38 PM,3.8306366E+1,-2.2713799E+1,3.8583232E+3,0.0000000E+0
13366386,1/10/2021,4:32:39 PM,3.3145645E+1,-2.1907391E+1,3.8601089E+3,0.0000000E+0
13366387,1/10/2021,4:32:39 PM,2.5111950E+1,-2.2794439E+1,3.8547515E+3,0.0000000E+0
13366388,1/10/2021,4:32:39 PM,1.6509972E+1,-2.3009480E+1,3.8565371E+3,0.0000000E+0
13366389,1/10/2021,4:32:39 PM,7.4523816E+0,-2.2794439E+1,3.8520728E+3,0.0000000E+0
13366390,1/10/2021,4:32:39 PM,-2.3125324E+0,-2.3842768E+1,3.8529656E+3,0.0000000E+0
13366391,1/10/2021,4:32:39 PM,-1.2528526E+1,-2.3977169E+1,3.8493938E+3,0.0000000E+0
13366392,1/10/2021,4:32:39 PM,-2.2531590E+1,-2.3735247E+1,3.8511799E+3,0.0000000E+0
13366393,1/10/2021,4:32:39 PM,-3.1709156E+1,-2.3063242E+1,3.8485010E+3,0.0000000E+0
13366394,1/10/2021,4:32:39 PM,-3.8838394E+1,-2.3466446E+1,3.8476082E+3,0.0000000E+0
13366395,1/10/2021,4:32:39 PM,-4.5701618E+1,-2.2310595E+1,3.8458220E+3,0.0000000E+0
13366396,1/10/2021,4:32:40 PM,-5.0383507E+1,-2.2176193E+1,3.8458220E+3,0.0000000E+0
13366397,1/10/2021,4:32:40 PM,-5.3921528E+1,-1.9857784E+1,3.8476082E+3,0.0000000E+0
13366398,1/10/2021,4:32:40 PM,-5.6049656E+1,-1.9464245E+1,3.8458220E+3,0.0000000E+0
13366399,1/10/2021,4:32:40 PM,-5.4400356E+1,-1.9328632E+1,3.8458220E+3,0.0000000E+0
13366400,1/10/2021,4:32:40 PM,-5.9614281E+1,-1.3515950E+1,3.8458220E+3,0.0000000E+0
13366401,1/10/2021,4:32:40 PM,-6.2859676E+1,-7.0810494E+0,3.8476082E+3,0.0000000E+0
13366402,1/10/2021,4:32:40 PM,-6.6371094E+1,7.7986950E-1,3.8529656E+3,0.0000000E+0
13366403,1/10/2021,4:32:40 PM,-6.7381958E+1,6.7885537E+0,3.8502869E+3,0.0000000E+0
13366404,1/10/2021,4:32:40 PM,-6.0864555E+1,1.0351681E+1,3.8538586E+3,0.0000000E+0
13366405,1/10/2021,4:32:40 PM,-5.9507870E+1,1.7826269E+1,3.8538586E+3,0.0000000E+0
13366406,1/10/2021,4:32:41 PM,-6.4322769E+1,2.5912544E+1,3.8520728E+3,0.0000000E+0
13366407,1/10/2021,4:32:41 PM,-6.4375977E+1,3.3062687E+1,3.8547515E+3,0.0000000E+0
13366408,1/10/2021,4:32:41 PM,-5.8736423E+1,3.9003220E+1,3.8610020E+3,0.0000000E+0
13366409,1/10/2021,4:32:41 PM,-4.7829750E+1,3.9056980E+1,3.8601089E+3,0.0000000E+0
13366410,1/10/2021,4:32:41 PM,-3.8093552E+1,3.8008652E+1,3.8547515E+3,0.0000000E+0
13366411,1/10/2021,4:32:41 PM,-2.9926847E+1,4.0965477E+1,3.8618950E+3,0.0000000E+0
13366412,1/10/2021,4:32:41 PM,-2.1201508E+1,4.0965477E+1,3.8601089E+3,0.0000000E+0
13366413,1/10/2021,4:32:41 PM,-7.3550162E+0,3.9218262E+1,3.8618950E+3,0.0000000E+0
13366414,1/10/2021,4:32:41 PM,7.2760720E+0,3.6610882E+1,3.8636807E+3,0.0000000E+0
13366415,1/10/2021,4:32:41 PM,2.0554573E+1,3.2471321E+1,3.8645737E+3,0.0000000E+0
13366416,1/10/2021,4:32:42 PM,2.8171137E+1,2.8950014E+1,3.8601089E+3,0.0000000E+0
13366417,1/10/2021,4:32:42 PM,3.3198849E+1,2.7444721E+1,3.8636807E+3,0.0000000E+0
13366418,1/10/2021,4:32:42 PM,3.7162491E+1,2.7041517E+1,3.8663594E+3,0.0000000E+0
13366419,1/10/2021,4:32:42 PM,4.0727112E+1,2.3600845E+1,3.8627878E+3,0.0000000E+0
13366420,1/10/2021,4:32:42 PM,4.2695637E+1,2.0617140E+1,3.8654666E+3,0.0000000E+0
13366421,1/10/2021,4:32:42 PM,3.8066948E+1,1.9190363E+1,3.8601089E+3,0.0000000E+0
13366422,1/10/2021,4:32:42 PM,3.1177124E+1,1.8272989E+1,3.8654666E+3,0.0000000E+0
13366423,1/10/2021,4:32:42 PM,2.6176016E+1,1.7339663E+1,3.8645737E+3,0.0000000E+0
13366424,1/10/2021,4:32:42 PM,2.2478388E+1,1.4103600E+1,3.8636807E+3,0.0000000E+0
13366425,1/10/2021,4:32:42 PM,1.7983606E+1,9.8890066E+0,3.8601089E+3,0.0000000E+0
13366426,1/10/2021,4:32:43 PM,1.4333730E+1,-2.2003840E-1,3.8556443E+3,0.0000000E+0
13366427,1/10/2021,4:32:43 PM,1.2783782E+1,-9.4821711E+0,3.8547515E+3,0.0000000E+0
13366428,1/10/2021,4:32:43 PM,1.1983809E+1,-1.7113644E+1,3.8583232E+3,0.0000000E+0
13366429,1/10/2021,4:32:43 PM,1.2260116E+1,-2.7901684E+1,3.8493938E+3,0.0000000E+0
13366430,1/10/2021,4:32:43 PM,1.5360011E+1,-3.8411854E+1,3.8511799E+3,0.0000000E+0
13366431,1/10/2021,4:32:43 PM,1.5060021E+1,-4.6341526E+1,3.8493938E+3,0.0000000E+0
13366432,1/10/2021,4:32:43 PM,1.1312778E+1,-5.4002392E+1,3.8458220E+3,0.0000000E+0
13366433,1/10/2021,4:32:43 PM,5.6024437E+0,-5.6986099E+1,3.8458220E+3,0.0000000E+0
13366434,1/10/2021,4:32:43 PM,-2.0145500E+0,-5.7980663E+1,3.8458220E+3,0.0000000E+0
13366435,1/10/2021,4:32:43 PM,-9.0523281E+0,-5.7980663E+1,3.8467153E+3,0.0000000E+0
13366436,1/10/2021,4:32:44 PM,-1.6875750E+1,-5.6905457E+1,3.8440364E+3,0.0000000E+0
13366437,1/10/2021,4:32:44 PM,-2.6575041E+1,-5.5400162E+1,3.8440364E+3,0.0000000E+0
13366438,1/10/2021,4:32:44 PM,-3.6311241E+1,-5.0911163E+1,3.8458220E+3,0.0000000E+0
13366439,1/10/2021,4:32:44 PM,-4.3493687E+1,-4.6610325E+1,3.8440364E+3,0.0000000E+0
13366440,1/10/2021,4:32:44 PM,-4.7510532E+1,-4.2094448E+1,3.8493938E+3,0.0000000E+0
13366441,1/10/2021,4:32:44 PM,-5.0463314E+1,-4.0562275E+1,3.8458220E+3,0.0000000E+0
13366442,1/10/2021,4:32:44 PM,-5.0064285E+1,-4.0293472E+1,3.8431436E+3,0.0000000E+0
13366443,1/10/2021,4:32:44 PM,-4.7776546E+1,-3.8734417E+1,3.8502869E+3,0.0000000E+0
13366444,1/10/2021,4:32:44 PM,-4.4797165E+1,-3.8250576E+1,3.8458220E+3,0.0000000E+0
13366445,1/10/2021,4:32:44 PM,-4.1392155E+1,-3.6315197E+1,3.8502869E+3,0.0000000E+0
13366446,1/10/2021,4:32:45 PM,-3.6151630E+1,-3.6557121E+1,3.8458220E+3,0.0000000E+0
13366447,1/10/2021,4:32:45 PM,-3.4715141E+1,-3.5186226E+1,3.8440364E+3,0.0000000E+0
13366448,1/10/2021,4:32:45 PM,-3.0884504E+1,-3.0105862E+1,3.8511799E+3,0.0000000E+0
13366449,1/10/2021,4:32:45 PM,-3.0219463E+1,-2.4165331E+1,3.8485010E+3,0.0000000E+0
13366450,1/10/2021,4:32:45 PM,-3.1842165E+1,-1.7581636E+1,3.8511799E+3,0.0000000E+0
13366451,1/10/2021,4:32:45 PM,-3.2853027E+1,-1.1505708E+1,3.8493938E+3,0.0000000E+0
13366452,1/10/2021,4:32:45 PM,-3.2746620E+1,-5.6451626E+0,3.8502869E+3,0.0000000E+0
13366453,1/10/2021,4:32:45 PM,-3.2587013E+1,1.4814905E+0,3.8511799E+3,0.0000000E+0
13366454,1/10/2021,4:32:45 PM,-3.2001774E+1,1.0415498E+1,3.8574304E+3,0.0000000E+0
13366455,1/10/2021,4:32:45 PM,-3.1097317E+1,1.7906040E+1,3.8547515E+3,0.0000000E+0
13366456,1/10/2021,4:32:46 PM,-2.9820438E+1,2.5563105E+1,3.8601089E+3,0.0000000E+0
13366457,1/10/2021,4:32:46 PM,-2.6867657E+1,2.9810181E+1,3.8574304E+3,0.0000000E+0
13366458,1/10/2021,4:32:46 PM,-1.9436190E+1,3.3922855E+1,3.8618950E+3,0.0000000E+0
13366459,1/10/2021,4:32:46 PM,-1.2107489E+1,3.5508793E+1,3.8601089E+3,0.0000000E+0
13366460,1/10/2021,4:32:46 PM,-6.7839828E+0,3.8573135E+1,3.8636807E+3,0.0000000E+0
13366461,1/10/2021,4:32:46 PM,-1.3176332E+0,3.9970909E+1,3.8645737E+3,0.0000000E+0
13366462,1/10/2021,4:32:46 PM,4.5267940E+0,3.9352665E+1,3.8627878E+3,0.0000000E+0
13366463,1/10/2021,4:32:46 PM,9.2154808E+0,3.9352665E+1,3.8654666E+3,0.0000000E+0
13366464,1/10/2021,4:32:46 PM,1.3646910E+1,3.9621464E+1,3.8627878E+3,0.0000000E+0
13366465,1/10/2021,4:32:46 PM,1.5154755E+1,4.0105309E+1,3.8672522E+3,0.0000000E+0
13366466,1/10/2021,4:32:47 PM,1.4944236E+1,3.8841938E+1,3.8618950E+3,0.0000000E+0
13366467,1/10/2021,4:32:47 PM,1.3417972E+1,3.6772163E+1,3.8636807E+3,0.0000000E+0
13366468,1/10/2021,4:32:47 PM,1.1591717E+1,3.4299179E+1,3.8618950E+3,0.0000000E+0
13366469,1/10/2021,4:32:47 PM,9.7838821E+0,3.0482185E+1,3.8618950E+3,0.0000000E+0
13366470,1/10/2021,4:32:47 PM,7.6181650E+0,2.5993187E+1,3.8583232E+3,0.0000000E+0
13366471,1/10/2021,4:32:47 PM,6.3155775E+0,2.3063242E+1,3.8627878E+3,0.0000000E+0
13366472,1/10/2021,4:32:47 PM,3.7224002E+0,1.9065386E+1,3.8556443E+3,0.0000000E+0
13366473,1/10/2021,4:32:47 PM,3.3816228E+0,1.3441497E+1,3.8583232E+3,0.0000000E+0
13366474,1/10/2021,4:32:47 PM,4.4633932E+0,8.6472301E+0,3.8565371E+3,0.0000000E+0
13366475,1/10/2021,4:32:47 PM,6.6471453E+0,3.4626839E+0,3.8601089E+3,0.0000000E+0
13366476,1/10/2021,4:32:48 PM,7.6629004E+0,-5.8250171E-1,3.8565371E+3,0.0000000E+0
13366477,1/10/2021,4:32:48 PM,7.4760652E+0,-6.4774451E+0,3.8529656E+3,0.0000000E+0
13366478,1/10/2021,4:32:48 PM,6.5629377E+0,-1.0692039E+1,3.8565371E+3,0.0000000E+0
13366479,1/10/2021,4:32:48 PM,6.8155608E+0,-1.4821544E+1,3.8538586E+3,0.0000000E+0
13366480,1/10/2021,4:32:48 PM,6.1655827E+0,-1.8278309E+1,3.8565371E+3,0.0000000E+0
13366481,1/10/2021,4:32:48 PM,1.5081388E+0,-2.0939703E+1,3.8547515E+3,0.0000000E+0
13366482,1/10/2021,4:32:48 PM,-4.8081336E+0,-2.5697504E+1,3.8529656E+3,0.0000000E+0
13366483,1/10/2021,4:32:48 PM,-1.1596979E+1,-2.8869371E+1,3.8511799E+3,0.0000000E+0
13366484,1/10/2021,4:32:48 PM,-1.8312544E+1,-3.1772438E+1,3.8511799E+3,0.0000000E+0
13366485,1/10/2021,4:32:48 PM,-2.3569054E+1,-3.4971184E+1,3.8502869E+3,0.0000000E+0
13366486,1/10/2021,4:32:49 PM,-2.9767237E+1,-3.9137623E+1,3.8476082E+3,0.0000000E+0
13366487,1/10/2021,4:32:49 PM,-3.5114166E+1,-4.4433029E+1,3.8458220E+3,0.0000000E+0
13366488,1/10/2021,4:32:49 PM,-4.0062073E+1,-4.9083309E+1,3.8431436E+3,0.0000000E+0
13366489,1/10/2021,4:32:49 PM,-4.2482822E+1,-5.4163670E+1,3.8395718E+3,0.0000000E+0
13366490,1/10/2021,4:32:49 PM,-4.2695637E+1,-5.7039860E+1,3.8422505E+3,0.0000000E+0
13366491,1/10/2021,4:32:49 PM,-4.2855247E+1,-5.8787071E+1,3.8395718E+3,0.0000000E+0
13366492,1/10/2021,4:32:49 PM,-4.2110397E+1,-5.7684982E+1,3.8413577E+3,0.0000000E+0
13366493,1/10/2021,4:32:49 PM,-4.1764576E+1,-5.4674397E+1,3.8422505E+3,0.0000000E+0
13366494,1/10/2021,4:32:49 PM,-3.9450233E+1,-4.9540272E+1,3.8440364E+3,0.0000000E+0
13366495,1/10/2021,4:32:49 PM,-3.8678787E+1,-4.3169659E+1,3.8458220E+3,0.0000000E+0
13366496,1/10/2021,4:32:50 PM,-3.8519176E+1,-3.7175365E+1,3.8467153E+3,0.0000000E+0
13366497,1/10/2021,4:32:50 PM,-3.7534916E+1,-2.9433857E+1,3.8511799E+3,0.0000000E+0
13366498,1/10/2021,4:32:50 PM,-3.6577259E+1,-2.2955721E+1,3.8493938E+3,0.0000000E+0
13366499,1/10/2021,4:32:50 PM,-3.8199955E+1,-1.5082130E+1,3.8520728E+3,0.0000000E+0
13366500,1/10/2021,4:32:50 PM,-3.6843273E+1,-8.2536907E+0,3.8502869E+3,0.0000000E+0
13366501,1/10/2021,4:32:50 PM,-3.6337841E+1,-8.4094679E-1,3.8547515E+3,0.0000000E+0
13366502,1/10/2021,4:32:50 PM,-3.2480602E+1,6.3152428E+0,3.8538586E+3,0.0000000E+0
13366503,1/10/2021,4:32:50 PM,-2.8250944E+1,1.2093358E+1,3.8583232E+3,0.0000000E+0
13366504,1/10/2021,4:32:50 PM,-2.1866550E+1,1.6712128E+1,3.8565371E+3,0.0000000E+0
13366505,1/10/2021,4:32:50 PM,-1.4444253E+1,1.9389790E+1,3.8601089E+3,0.0000000E+0
13366506,1/10/2021,4:32:51 PM,-7.8602629E+0,2.1262266E+1,3.8547515E+3,0.0000000E+0
13366507,1/10/2021,4:32:51 PM,2.7556270E-1,2.4461014E+1,3.8601089E+3,0.0000000E+0
13366508,1/10/2021,4:32:51 PM,9.7812510E+0,2.8009203E+1,3.8618950E+3,0.0000000E+0
13366509,1/10/2021,4:32:51 PM,1.5962622E+1,3.1261715E+1,3.8618950E+3,0.0000000E+0
13366510,1/10/2021,4:32:51 PM,2.3116827E+1,3.3976616E+1,3.8654666E+3,0.0000000E+0
13366511,1/10/2021,4:32:51 PM,2.8410555E+1,3.5401268E+1,3.8627878E+3,0.0000000E+0
13366512,1/10/2021,4:32:51 PM,3.1576149E+1,3.7444168E+1,3.8681455E+3,0.0000000E+0
13366513,1/10/2021,4:32:51 PM,3.6470852E+1,3.7578568E+1,3.8681455E+3,0.0000000E+0
13366514,1/10/2021,4:32:51 PM,3.8944805E+1,3.6530239E+1,3.8708240E+3,0.0000000E+0
13366515,1/10/2021,4:32:51 PM,3.7907341E+1,3.2578846E+1,3.8636807E+3,0.0000000E+0
13366516,1/10/2021,4:32:52 PM,3.7987144E+1,2.6718952E+1,3.8654666E+3,0.0000000E+0
13366517,1/10/2021,4:32:52 PM,3.5167370E+1,2.1934271E+1,3.8636807E+3,0.0000000E+0
13366518,1/10/2021,4:32:52 PM,3.4449123E+1,1.6116501E+1,3.8645737E+3,0.0000000E+0
13366519,1/10/2021,4:32:52 PM,3.3012638E+1,8.4717321E+0,3.8601089E+3,0.0000000E+0
13366520,1/10/2021,4:32:52 PM,2.8091333E+1,7.7880263E-2,3.8547515E+3,0.0000000E+0
13366521,1/10/2021,4:32:52 PM,2.3116827E+1,-7.0172324E+0,3.8547515E+3,0.0000000E+0
13366522,1/10/2021,4:32:52 PM,1.9694077E+1,-1.3385657E+1,3.8511799E+3,0.0000000E+0
13366523,1/10/2021,4:32:52 PM,1.6791542E+1,-1.7110985E+1,3.8556443E+3,0.0000000E+0
13366524,1/10/2021,4:32:52 PM,1.2607471E+1,-2.2955721E+1,3.8511799E+3,0.0000000E+0
13366525,1/10/2021,4:32:52 PM,5.6392846E+0,-2.7874804E+1,3.8476082E+3,0.0000000E+0
13366526,1/10/2021,4:32:53 PM,-1.5747193E+0,-3.0966030E+1,3.8458220E+3,0.0000000E+0
13366527,1/10/2021,4:32:53 PM,-1.0131240E+1,-2.9837061E+1,3.8502869E+3,0.0000000E+0
13366528,1/10/2021,4:32:53 PM,-1.6086304E+1,-2.7928564E+1,3.8511799E+3,0.0000000E+0
13366529,1/10/2021,4:32:53 PM,-2.3090223E+1,-2.5106138E+1,3.8511799E+3,0.0000000E+0
13366530,1/10/2021,4:32:53 PM,-3.3172245E+1,-2.3358925E+1,3.8476082E+3,0.0000000E+0
13366531,1/10/2021,4:32:53 PM,-4.1817783E+1,-2.0805302E+1,3.8476082E+3,0.0000000E+0
13366532,1/10/2021,4:32:53 PM,-5.1713589E+1,-1.5254969E+1,3.8493938E+3,0.0000000E+0
13366533,1/10/2021,4:32:53 PM,-6.0226116E+1,-8.7934771E+0,3.8529656E+3,0.0000000E+0
13366534,1/10/2021,4:32:53 PM,-6.7461761E+1,-3.6748974E+0,3.8529656E+3,0.0000000E+0
13366535,1/10/2021,4:32:53 PM,-7.3340729E+1,-1.8963078E+0,3.8485010E+3,0.0000000E+0
13366536,1/10/2021,4:32:54 PM,-7.9592110E+1,1.1043110E+0,3.8467153E+3,0.0000000E+0
13366537,1/10/2021,4:32:54 PM,-8.3263138E+1,4.4132400E+0,3.8511799E+3,0.0000000E+0
13366538,1/10/2021,4:32:54 PM,-8.5870102E+1,7.7006083E+0,3.8511799E+3,0.0000000E+0
13366539,1/10/2021,4:32:54 PM,-8.4566620E+1,7.7750611E+0,3.8529656E+3,0.0000000E+0
13366540,1/10/2021,4:32:54 PM,-8.3768570E+1,5.4510522E+0,3.8476082E+3,0.0000000E+0
13366541,1/10/2021,4:32:54 PM,-7.9831528E+1,2.8500674E+0,3.8476082E+3,0.0000000E+0
13366542,1/10/2021,4:32:54 PM,-7.4910225E+1,3.3097298E+0,3.8511799E+3,0.0000000E+0
13366543,1/10/2021,4:32:54 PM,-6.7913994E+1,2.7307475E+0,3.8511799E+3,0.0000000E+0
13366544,1/10/2021,4:32:54 PM,-6.1130573E+1,7.8280330E-1,3.8529656E+3,0.0000000E+0
13366545,1/10/2021,4:32:54 PM,-5.4985596E+1,-6.3531089E-1,3.8511799E+3,0.0000000E+0
13366546,1/10/2021,4:32:55 PM,-4.7483932E+1,-2.0965092E+0,3.8529656E+3,0.0000000E+0
13366547,1/10/2021,4:32:55 PM,-3.7960541E+1,-5.9934983E+0,3.8493938E+3,0.0000000E+0
13366548,1/10/2021,4:32:55 PM,-2.9208601E+1,-5.9137263E+0,3.8565371E+3,0.0000000E+0
13366549,1/10/2021,4:32:55 PM,-1.9746706E+1,-7.4347029E+0,3.8574304E+3,0.0000000E+0
13366550,1/10/2021,4:32:55 PM,-9.3260031E+0,-1.2821939E+1,3.8511799E+3,0.0000000E+0
13366551,1/10/2021,4:32:55 PM,1.0935404E+0,-1.7140234E+1,3.8538586E+3,0.0000000E+0
13366552,1/10/2021,4:32:55 PM,1.4157420E+1,-2.2821320E+1,3.8529656E+3,0.0000000E+0
13366553,1/10/2021,4:32:55 PM,2.6920860E+1,-2.6396391E+1,3.8565371E+3,0.0000000E+0
13366554,1/10/2021,4:32:55 PM,3.8731991E+1,-2.9675779E+1,3.8583232E+3,0.0000000E+0
13366555,1/10/2021,4:32:55 PM,4.6818886E+1,-3.5428150E+1,3.8547515E+3,0.0000000E+0
13366556,1/10/2021,4:32:56 PM,5.5890049E+1,-4.1825645E+1,3.8547515E+3,0.0000000E+0
13366557,1/10/2021,4:32:56 PM,6.4695190E+1,-4.8061859E+1,3.8502869E+3,0.0000000E+0
13366558,1/10/2021,4:32:56 PM,7.0866776E+1,-4.9862835E+1,3.8583232E+3,0.0000000E+0
13366559,1/10/2021,4:32:56 PM,7.4245186E+1,-5.0669243E+1,3.8547515E+3,0.0000000E+0
13366560,1/10/2021,4:32:56 PM,7.3872757E+1,-5.0185398E+1,3.8538586E+3,0.0000000E+0
13366561,1/10/2021,4:32:56 PM,6.9962318E+1,-4.8706985E+1,3.8529656E+3,0.0000000E+0
13366562,1/10/2021,4:32:56 PM,6.5413437E+1,-4.5427597E+1,3.8493938E+3,0.0000000E+0
13366563,1/10/2021,4:32:56 PM,5.9428066E+1,-4.0078430E+1,3.8529656E+3,0.0000000E+0
13366564,1/10/2021,4:32:56 PM,5.2724453E+1,-3.0670349E+1,3.8538586E+3,0.0000000E+0
13366565,1/10/2021,4:32:56 PM,4.1844383E+1,-2.1450428E+1,3.8529656E+3,0.0000000E+0
13366566,1/10/2021,4:32:57 PM,3.0325872E+1,-1.0790424E+1,3.8529656E+3,0.0000000E+0
13366567,1/10/2021,4:32:57 PM,2.0107222E+1,-9.0682499E-2,3.8538586E+3,0.0000000E+0
13366568,1/10/2021,4:32:57 PM,1.3217978E+1,1.1479117E+1,3.8592161E+3,0.0000000E+0
13366569,1/10/2021,4:32:57 PM,4.9040270E+0,2.3009480E+1,3.8583232E+3,0.0000000E+0
13366570,1/10/2021,4:32:57 PM,-3.7651958E+0,3.3922855E+1,3.8610020E+3,0.0000000E+0
13366571,1/10/2021,4:32:57 PM,-1.4549513E+1,4.5373837E+1,3.8618950E+3,0.0000000E+0
13366572,1/10/2021,4:32:57 PM,-2.0563068E+1,5.5077602E+1,3.8636807E+3,0.0000000E+0
13366573,1/10/2021,4:32:57 PM,-2.8729773E+1,6.4431923E+1,3.8690383E+3,0.0000000E+0
13366574,1/10/2021,4:32:57 PM,-3.4927956E+1,7.1259506E+1,3.8681455E+3,0.0000000E+0
13366575,1/10/2021,4:32:57 PM,-4.3227665E+1,7.6232346E+1,3.8717173E+3,0.0000000E+0
13366576,1/10/2021,4:32:58 PM,-5.1553982E+1,7.7415077E+1,3.8690383E+3,0.0000000E+0
13366577,1/10/2021,4:32:58 PM,-5.8230991E+1,7.4780815E+1,3.8645737E+3,0.0000000E+0
13366578,1/10/2021,4:32:58 PM,-6.1423191E+1,6.8732765E+1,3.8627878E+3,0.0000000E+0
13366579,1/10/2021,4:32:58 PM,-6.5147423E+1,6.2926628E+1,3.8618950E+3,0.0000000E+0
13366580,1/10/2021,4:32:58 PM,-6.6105080E+1,5.4190552E+1,3.8601089E+3,0.0000000E+0
13366581,1/10/2021,4:32:58 PM,-6.6796722E+1,4.3465340E+1,3.8565371E+3,0.0000000E+0
13366582,1/10/2021,4:32:58 PM,-6.5785858E+1,3.1933720E+1,3.8511799E+3,0.0000000E+0
13366583,1/10/2021,4:32:58 PM,-6.2779873E+1,2.0563379E+1,3.8538586E+3,0.0000000E+0
13366584,1/10/2021,4:32:58 PM,-6.0625141E+1,1.2231629E+1,3.8511799E+3,0.0000000E+0
13366585,1/10/2021,4:32:58 PM,-5.6342274E+1,3.0006189E+0,3.8529656E+3,0.0000000E+0
13366586,1/10/2021,4:32:59 PM,-5.6448685E+1,-6.9268246E+0,3.8467153E+3,0.0000000E+0
13366587,1/10/2021,4:32:59 PM,-5.5251606E+1,-1.5366648E+1,3.8476082E+3,0.0000000E+0
13366588,1/10/2021,4:32:59 PM,-5.3735313E+1,-2.2606277E+1,3.8440364E+3,0.0000000E+0
13366589,1/10/2021,4:32:59 PM,-4.9745068E+1,-2.7552240E+1,3.8493938E+3,0.0000000E+0
13366590,1/10/2021,4:32:59 PM,-4.7005100E+1,-3.0885389E+1,3.8520728E+3,0.0000000E+0
13366591,1/10/2021,4:32:59 PM,-4.5036579E+1,-3.8841938E+1,3.8502869E+3,0.0000000E+0
13366592,1/10/2021,4:32:59 PM,-4.6552872E+1,-4.7470493E+1,3.8431436E+3,0.0000000E+0
13366593,1/10/2021,4:32:59 PM,-4.4770565E+1,-5.5158241E+1,3.8422505E+3,0.0000000E+0
13366594,1/10/2021,4:32:59 PM,-3.6391045E+1,-6.2442787E+1,3.8502869E+3,0.0000000E+0
13366595,1/10/2021,4:32:59 PM,-2.6202616E+1,-7.1877747E+1,3.8404646E+3,0.0000000E+0
13366596,1/10/2021,4:33:00 PM,-2.0829086E+1,-7.9001007E+1,3.8476082E+3,0.0000000E+0
13366597,1/10/2021,4:33:00 PM,-1.7328365E+1,-8.5290985E+1,3.8368931E+3,0.0000000E+0
13366598,1/10/2021,4:33:00 PM,-1.5849469E+1,-9.1312157E+1,3.8315356E+3,0.0000000E+0
13366599,1/10/2021,4:33:00 PM,-8.4786634E+0,-9.4752823E+1,3.8386790E+3,0.0000000E+0
13366600,1/10/2021,4:33:00 PM,5.7498074E+0,-9.3543221E+1,3.8395718E+3,0.0000000E+0
13366601,1/10/2021,4:33:00 PM,2.0270372E+1,-9.2172325E+1,3.8476082E+3,0.0000000E+0
13366602,1/10/2021,4:33:00 PM,2.6601641E+1,-8.8597252E+1,3.8440364E+3,0.0000000E+0
13366603,1/10/2021,4:33:00 PM,3.0512083E+1,-8.7253242E+1,3.8351074E+3,0.0000000E+0
13366604,1/10/2021,4:33:00 PM,4.2589226E+1,-8.3946976E+1,3.8467153E+3,0.0000000E+0
13366605,1/10/2021,4:33:00 PM,5.7033920E+1,-7.8140839E+1,3.8467153E+3,0.0000000E+0
13366606,1/10/2021,4:33:01 PM,6.9164268E+1,-7.1071342E+1,3.8502869E+3,0.0000000E+0
13366607,1/10/2021,4:33:01 PM,7.4351585E+1,-6.0399887E+1,3.8574304E+3,0.0000000E+0
13366608,1/10/2021,4:33:01 PM,7.1106186E+1,-4.7389854E+1,3.8511799E+3,0.0000000E+0
13366609,1/10/2021,4:33:01 PM,6.4908005E+1,-3.1691797E+1,3.8565371E+3,0.0000000E+0
13366610,1/10/2021,4:33:01 PM,6.1103970E+1,-1.5943662E+1,3.8583232E+3,0.0000000E+0
13366611,1/10/2021,4:33:01 PM,5.6874310E+1,2.6947112E+0,3.8654666E+3,0.0000000E+0
13366612,1/10/2021,4:33:01 PM,4.6419865E+1,2.2229954E+1,3.8654666E+3,0.0000000E+0
13366613,1/10/2021,4:33:01 PM,2.7665707E+1,4.0266590E+1,3.8618950E+3,0.0000000E+0
13366614,1/10/2021,4:33:01 PM,1.3783749E+1,5.6502251E+1,3.8654666E+3,0.0000000E+0
13366615,1/10/2021,4:33:01 PM,-2.1667111E+0,7.3517441E+1,3.8672522E+3,0.0000000E+0
13366616,1/10/2021,4:33:02 PM,-1.1418037E+1,8.7952133E+1,3.8708240E+3,0.0000000E+0
13366617,1/10/2021,4:33:02 PM,-2.2637997E+1,1.0141913E+2,3.8752888E+3,0.0000000E+0
13366618,1/10/2021,4:33:02 PM,-3.8944805E+1,1.1330019E+2,3.8699312E+3,0.0000000E+0
13366619,1/10/2021,4:33:02 PM,-4.8787411E+1,1.1695590E+2,3.8672522E+3,0.0000000E+0
13366620,1/10/2021,4:33:02 PM,-5.1261364E+1,1.2101481E+2,3.8761816E+3,0.0000000E+0
13366621,1/10/2021,4:33:02 PM,-5.0915539E+1,1.2176746E+2,3.8717173E+3,0.0000000E+0
13366622,1/10/2021,4:33:02 PM,-5.2006210E+1,1.2055786E+2,3.8770745E+3,0.0000000E+0
13366623,1/10/2021,4:33:02 PM,-5.7246735E+1,1.1518180E+2,3.8708240E+3,0.0000000E+0
13366624,1/10/2021,4:33:02 PM,-6.0891159E+1,1.0502108E+2,3.8636807E+3,0.0000000E+0
13366625,1/10/2021,4:33:02 PM,-6.2247845E+1,9.5908676E+1,3.8708240E+3,0.0000000E+0
13366626,1/10/2021,4:33:03 PM,-6.2434048E+1,8.3731934E+1,3.8636807E+3,0.0000000E+0
13366627,1/10/2021,4:33:03 PM,-5.9268456E+1,7.0130531E+1,3.8690383E+3,0.0000000E+0
13366628,1/10/2021,4:33:03 PM,-6.0518734E+1,5.6878574E+1,3.8601089E+3,0.0000000E+0
13366629,1/10/2021,4:33:03 PM,-6.6211479E+1,4.2282612E+1,3.8529656E+3,0.0000000E+0
13366630,1/10/2021,4:33:03 PM,-7.3553535E+1,3.0132742E+1,3.8529656E+3,0.0000000E+0
13366631,1/10/2021,4:33:03 PM,-7.2968307E+1,1.5595327E+1,3.8485010E+3,0.0000000E+0
13366632,1/10/2021,4:33:03 PM,-6.8446022E+1,4.5429707E+0,3.8556443E+3,0.0000000E+0
13366633,1/10/2021,4:33:03 PM,-6.2380848E+1,-1.6222862E+1,3.8395718E+3,0.0000000E+0
13366634,1/10/2021,4:33:03 PM,-5.6129463E+1,-3.2095001E+1,3.8386790E+3,0.0000000E+0
13366635,1/10/2021,4:33:03 PM,-4.8042564E+1,-4.0669796E+1,3.8458220E+3,0.0000000E+0
13366636,1/10/2021,4:33:04 PM,-4.1392155E+1,-5.1475651E+1,3.8404646E+3,0.0000000E+0
13366637,1/10/2021,4:33:04 PM,-3.0698296E+1,-6.2577187E+1,3.8440364E+3,0.0000000E+0
13366638,1/10/2021,4:33:04 PM,-1.7715195E+1,-7.4189445E+1,3.8413577E+3,0.0000000E+0
13366639,1/10/2021,4:33:04 PM,5.0387853E-1,-8.8301575E+1,3.8476082E+3,0.0000000E+0
13366640,1/10/2021,4:33:04 PM,1.4362676E+1,-9.8139732E+1,3.8395718E+3,0.0000000E+0
13366641,1/10/2021,4:33:04 PM,2.5191753E+1,-1.0843488E+2,3.8493938E+3,0.0000000E+0
13366642,1/10/2021,4:33:04 PM,3.5672802E+1,-1.1429476E+2,3.8404646E+3,0.0000000E+0
13366643,1/10/2021,4:33:04 PM,4.5382401E+1,-1.2149866E+2,3.8493938E+3,0.0000000E+0
13366644,1/10/2021,4:33:04 PM,5.5703838E+1,-1.3093362E+2,3.8440364E+3,0.0000000E+0
13366645,1/10/2021,4:33:04 PM,6.4508980E+1,-1.3999226E+2,3.8351074E+3,0.0000000E+0
13366646,1/10/2021,4:33:05 PM,6.5785858E+1,-1.4566400E+2,3.8368931E+3,0.0000000E+0
13366647,1/10/2021,4:33:05 PM,6.5094215E+1,-1.4386302E+2,3.8333213E+3,0.0000000E+0
13366648,1/10/2021,4:33:05 PM,6.0864555E+1,-1.3491190E+2,3.8458220E+3,0.0000000E+0
13366649,1/10/2021,4:33:05 PM,5.5597431E+1,-1.2891760E+2,3.8351074E+3,0.0000000E+0
13366650,1/10/2021,4:33:05 PM,4.6207054E+1,-1.2217067E+2,3.8279639E+3,0.0000000E+0
13366651,1/10/2021,4:33:05 PM,3.9636444E+1,-1.0956384E+2,3.8333213E+3,0.0000000E+0
13366652,1/10/2021,4:33:05 PM,2.9368212E+1,-8.8032768E+1,3.8422505E+3,0.0000000E+0
13366653,1/10/2021,4:33:05 PM,2.0722679E+1,-6.6017860E+1,3.8511799E+3,0.0000000E+0
13366654,1/10/2021,4:33:05 PM,1.1633820E+1,-4.5884563E+1,3.8529656E+3,0.0000000E+0
13366655,1/10/2021,4:33:05 PM,5.2051792E+0,-2.9406977E+1,3.8529656E+3,0.0000000E+0
13366656,1/10/2021,4:33:06 PM,1.5976919E+0,-1.9068047E+1,3.8333213E+3,0.0000000E+0
13366657,1/10/2021,4:33:06 PM,-5.1140409E+0,9.9209146E+0,3.8672522E+3,0.0000000E+0
13366658,1/10/2021,4:33:06 PM,-7.1839700E+0,3.8008652E+1,3.8743958E+3,0.0000000E+0
13366659,1/10/2021,4:33:06 PM,-7.8786826E+0,5.3222866E+1,3.8654666E+3,0.0000000E+0
13366660,1/10/2021,4:33:06 PM,-1.1886443E+1,6.5964096E+1,3.8708240E+3,0.0000000E+0
13366661,1/10/2021,4:33:06 PM,-2.3515850E+1,7.8302124E+1,3.8520728E+3,0.0000000E+0
13366662,1/10/2021,4:33:06 PM,-2.9900246E+1,9.5666756E+1,3.8743958E+3,0.0000000E+0
13366663,1/10/2021,4:33:06 PM,-3.8598980E+1,1.1469796E+2,3.8815391E+3,0.0000000E+0
13366664,1/10/2021,4:33:06 PM,-5.2910667E+1,1.3233139E+2,3.8833252E+3,0.0000000E+0
13366665,1/10/2021,4:33:06 PM,-6.6823318E+1,1.3907834E+2,3.8726101E+3,0.0000000E+0
13366666,1/10/2021,4:33:07 PM,-7.3580139E+1,1.3907834E+2,3.8726101E+3,0.0000000E+0
13366667,1/10/2021,4:33:07 PM,-7.4005768E+1,1.3477750E+2,3.8672522E+3,0.0000000E+0
13366668,1/10/2021,4:33:07 PM,-6.9829308E+1,1.3198195E+2,3.8779675E+3,0.0000000E+0
13366669,1/10/2021,4:33:07 PM,-7.0547554E+1,1.2789616E+2,3.8770745E+3,0.0000000E+0
13366670,1/10/2021,4:33:07 PM,-6.2939484E+1,1.1182178E+2,3.8654666E+3,0.0000000E+0
13366671,1/10/2021,4:33:07 PM,-5.6581696E+1,9.1097115E+1,3.8618950E+3,0.0000000E+0
13366672,1/10/2021,4:33:07 PM,-4.8228775E+1,7.1071342E+1,3.8511799E+3,0.0000000E+0
13366673,1/10/2021,4:33:07 PM,-3.8306366E+1,5.6878574E+1,3.8654666E+3,0.0000000E+0
13366674,1/10/2021,4:33:07 PM,-3.5726002E+1,4.7470493E+1,3.8556443E+3,0.0000000E+0
13366675,1/10/2021,4:33:07 PM,-2.7984928E+1,3.3788456E+1,3.8636807E+3,0.0000000E+0
13366676,1/10/2021,4:33:08 PM,-2.2159168E+1,1.8733006E+1,3.8413577E+3,0.0000000E+0
13366677,1/10/2021,4:33:08 PM,-2.2371891E+1,1.2545540E+1,3.8547686E+3,0.0000000E+0
13366678,1/10/2021,4:33:08 PM,-2.4925640E+1,1.2452472E+1,3.8565542E+3,0.0000000E+0
13366679,1/10/2021,4:33:08 PM,-3.0804579E+1,9.7907333E+0,3.8601260E+3,0.0000000E+0
13366680,1/10/2021,4:33:08 PM,-2.9474503E+1,9.7698742E-1,3.8556614E+3,0.0000000E+0
13366681,1/10/2021,4:33:08 PM,-2.9022276E+1,-7.5863552E+0,3.8565542E+3,0.0000000E+0
13366682,1/10/2021,4:33:08 PM,-2.9288292E+1,-2.0232941E+1,3.8449463E+3,0.0000000E+0
13366683,1/10/2021,4:33:08 PM,-2.7559191E+1,-2.6154364E+1,3.8511968E+3,0.0000000E+0
13366684,1/10/2021,4:33:08 PM,-2.1174824E+1,-3.8411705E+1,3.8547686E+3,0.0000000E+0
13366685,1/10/2021,4:33:08 PM,-9.2208490E+0,-5.1744247E+1,3.8458391E+3,0.0000000E+0
13366686,1/10/2021,4:33:09 PM,1.4146296E+0,-6.5695030E+1,3.8520896E+3,0.0000000E+0
13366687,1/10/2021,4:33:09 PM,1.0820813E+1,-8.1984390E+1,3.8306594E+3,0.0000000E+0
13366688,1/10/2021,4:33:09 PM,2.4712828E+1,-9.4376137E+1,3.8458391E+3,0.0000000E+0
13366689,1/10/2021,4:33:09 PM,3.9210663E+1,-1.0042416E+2,3.8404817E+3,0.0000000E+0
13366690,1/10/2021,4:33:09 PM,4.9079834E+1,-1.0612276E+2,3.8503037E+3,0.0000000E+0
13366691,1/10/2021,4:33:09 PM,5.4745960E+1,-1.1114934E+2,3.8324451E+3,0.0000000E+0
13366692,1/10/2021,4:33:09 PM,5.5889828E+1,-1.1286966E+2,3.8440535E+3,0.0000000E+0
13366693,1/10/2021,4:33:09 PM,5.2724247E+1,-1.0781620E+2,3.8386958E+3,0.0000000E+0
13366694,1/10/2021,4:33:09 PM,5.2697639E+1,-1.0219825E+2,3.8547686E+3,0.0000000E+0
13366695,1/10/2021,4:33:09 PM,4.6499485E+1,-9.5101891E+1,3.8449463E+3,0.0000000E+0
13366696,1/10/2021,4:33:10 PM,3.6603714E+1,-8.7656097E+1,3.8467319E+3,0.0000000E+0
13366697,1/10/2021,4:33:10 PM,2.9767120E+1,-8.1339272E+1,3.8485181E+3,0.0000000E+0
13366698,1/10/2021,4:33:10 PM,2.8410440E+1,-7.5990120E+1,3.8476252E+3,0.0000000E+0
13366699,1/10/2021,4:33:10 PM,2.2903923E+1,-6.8893768E+1,3.8547686E+3,0.0000000E+0
13366700,1/10/2021,4:33:10 PM,1.7594347E+1,-6.4915512E+1,3.8458391E+3,0.0000000E+0
13366701,1/10/2021,4:33:10 PM,9.7418900E+0,-5.8491161E+1,3.8520896E+3,0.0000000E+0
13366702,1/10/2021,4:33:10 PM,2.6255844E+0,-5.3276417E+1,3.8458391E+3,0.0000000E+0
13366703,1/10/2021,4:33:10 PM,-6.0182881E+0,-4.7792870E+1,3.8476252E+3,0.0000000E+0
13366704,1/10/2021,4:33:10 PM,-1.3912849E+1,-4.1744843E+1,3.8431602E+3,0.0000000E+0
13366705,1/10/2021,4:33:10 PM,-2.4659624E+1,-3.2659359E+1,3.8485181E+3,0.0000000E+0
13366706,1/10/2021,4:33:11 PM,-3.4981022E+1,-2.2659948E+1,3.8458391E+3,0.0000000E+0
13366707,1/10/2021,4:33:11 PM,-5.2032608E+1,-8.5383062E+0,3.8440535E+3,0.0000000E+0
13366708,1/10/2021,4:33:11 PM,-6.6849663E+1,8.9876909E+0,3.8529824E+3,0.0000000E+0
13366709,1/10/2021,4:33:11 PM,-7.4085274E+1,2.2041706E+1,3.8520896E+3,0.0000000E+0
13366710,1/10/2021,4:33:11 PM,-8.1826324E+1,3.6745136E+1,3.8547686E+3,0.0000000E+0
13366711,1/10/2021,4:33:11 PM,-9.3664009E+1,5.4109699E+1,3.8619119E+3,0.0000000E+0
13366712,1/10/2021,4:33:11 PM,-1.0254892E+2,6.5479996E+1,3.8547686E+3,0.0000000E+0
13366713,1/10/2021,4:33:11 PM,-1.0632634E+2,7.2522591E+1,3.8574470E+3,0.0000000E+0
13366714,1/10/2021,4:33:11 PM,-9.9250336E+1,7.9108223E+1,3.8672693E+3,0.0000000E+0
13366715,1/10/2021,4:33:11 PM,-8.8955536E+1,7.9027580E+1,3.8645906E+3,0.0000000E+0
13366716,1/10/2021,4:33:12 PM,-8.1666718E+1,7.7145973E+1,3.8565542E+3,0.0000000E+0
13366717,1/10/2021,4:33:12 PM,-7.3659660E+1,7.6930923E+1,3.8636978E+3,0.0000000E+0
13366718,1/10/2021,4:33:12 PM,-6.2460407E+1,7.5129959E+1,3.8636978E+3,0.0000000E+0
13366719,1/10/2021,4:33:12 PM,-4.5967457E+1,7.2334427E+1,3.8672693E+3,0.0000000E+0
13366720,1/10/2021,4:33:12 PM,-3.1948444E+1,6.5668159E+1,3.8628047E+3,0.0000000E+0
13366721,1/10/2021,4:33:12 PM,-1.9260099E+1,5.7362194E+1,3.8556614E+3,0.0000000E+0
13366722,1/10/2021,4:33:12 PM,-8.5761261E+0,5.4270981E+1,3.8645906E+3,0.0000000E+0
13366723,1/10/2021,4:33:12 PM,4.1756779E-1,5.1126003E+1,3.8601260E+3,0.0000000E+0
13366724,1/10/2021,4:33:12 PM,1.4252316E+1,4.5776859E+1,3.8672693E+3,0.0000000E+0
13366725,1/10/2021,4:33:12 PM,2.5351263E+1,3.9755711E+1,3.8610188E+3,0.0000000E+0
13366726,1/10/2021,4:33:13 PM,3.4954418E+1,3.2659359E+1,3.8619119E+3,0.0000000E+0
13366727,1/10/2021,4:33:13 PM,4.4291557E+1,2.6557568E+1,3.8583403E+3,0.0000000E+0
13366728,1/10/2021,4:33:13 PM,5.2245419E+1,2.5240440E+1,3.8672693E+3,0.0000000E+0
13366729,1/10/2021,4:33:13 PM,6.0491890E+1,2.3143791E+1,3.8672693E+3,0.0000000E+0
13366730,1/10/2021,4:33:13 PM,6.6184624E+1,1.7682882E+1,3.8654836E+3,0.0000000E+0
13366731,1/10/2021,4:33:13 PM,7.2169968E+1,1.0404981E+1,3.8645906E+3,0.0000000E+0
13366732,1/10/2021,4:33:13 PM,7.6772034E+1,4.4084554E+0,3.8619119E+3,0.0000000E+0
13366733,1/10/2021,4:33:13 PM,7.7862701E+1,4.8088458E-1,3.8654836E+3,0.0000000E+0
13366734,1/10/2021,4:33:13 PM,7.6532623E+1,-3.3585944E+0,3.8654836E+3,0.0000000E+0
13366735,1/10/2021,4:33:13 PM,7.1292114E+1,-8.2910118E+0,3.8628047E+3,0.0000000E+0
13366736,1/10/2021,4:33:14 PM,6.7275291E+1,-1.7382406E+1,3.8565542E+3,0.0000000E+0
13366737,1/10/2021,4:33:14 PM,6.1609158E+1,-2.2310507E+1,3.8565542E+3,0.0000000E+0
13366738,1/10/2021,4:33:14 PM,5.4001118E+1,-2.3762033E+1,3.8610188E+3,0.0000000E+0
13366739,1/10/2021,4:33:14 PM,4.6153664E+1,-2.7256451E+1,3.8574470E+3,0.0000000E+0
13366740,1/10/2021,4:33:14 PM,3.4369186E+1,-3.2121754E+1,3.8520896E+3,0.0000000E+0
13366741,1/10/2021,4:33:14 PM,2.4952240E+1,-3.6745136E+1,3.8538755E+3,0.0000000E+0
13366742,1/10/2021,4:33:14 PM,1.5462815E+1,-4.2067402E+1,3.8467319E+3,0.0000000E+0
13366743,1/10/2021,4:33:14 PM,4.8018155E+0,-4.4056530E+1,3.8476252E+3,0.0000000E+0
13366744,1/10/2021,4:33:14 PM,-6.9577403E+0,-4.3035088E+1,3.8583403E+3,0.0000000E+0
13366745,1/10/2021,4:33:14 PM,-2.1786657E+1,-4.6395100E+1,3.8476252E+3,0.0000000E+0
13366746,1/10/2021,4:33:15 PM,-3.5885471E+1,-5.2443130E+1,3.8404817E+3,0.0000000E+0
13366747,1/10/2021,4:33:15 PM,-5.7060295E+1,-5.3733376E+1,3.8386958E+3,0.0000000E+0
13366748,1/10/2021,4:33:15 PM,-7.1558128E+1,-5.1502327E+1,3.8476252E+3,0.0000000E+0
13366749,1/10/2021,4:33:15 PM,-8.3661835E+1,-5.0910965E+1,3.8494109E+3,0.0000000E+0
13366750,1/10/2021,4:33:15 PM,-1.0214990E+2,-5.3007618E+1,3.8369097E+3,0.0000000E+0
13366751,1/10/2021,4:33:15 PM,-1.2180844E+2,-5.5399944E+1,3.8315522E+3,0.0000000E+0
13366752,1/10/2021,4:33:15 PM,-1.3239584E+2,-5.4351620E+1,3.8333379E+3,0.0000000E+0
13366753,1/10/2021,4:33:15 PM,-1.3960486E+2,-5.0373360E+1,3.8404817E+3,0.0000000E+0
13366754,1/10/2021,4:33:15 PM,-1.4476556E+2,-4.6905823E+1,3.8404817E+3,0.0000000E+0
13366755,1/10/2021,4:33:15 PM,-1.4700009E+2,-4.8464874E+1,3.8288735E+3,0.0000000E+0
13366756,1/10/2021,4:33:16 PM,-1.4029651E+2,-4.9325035E+1,3.8333379E+3,0.0000000E+0
13366757,1/10/2021,4:33:16 PM,-1.2508042E+2,-4.8411110E+1,3.8369097E+3,0.0000000E+0
13366758,1/10/2021,4:33:16 PM,-1.1026337E+2,-4.7228386E+1,3.8422673E+3,0.0000000E+0
13366759,1/10/2021,4:33:16 PM,-9.3211784E+1,-4.9298157E+1,3.8404817E+3,0.0000000E+0
13366760,1/10/2021,4:33:16 PM,-7.3633049E+1,-5.3168896E+1,3.8351240E+3,0.0000000E+0
13366761,1/10/2021,4:33:16 PM,-4.9611866E+1,-5.5265541E+1,3.8413745E+3,0.0000000E+0
13366762,1/10/2021,4:33:16 PM,-2.7905010E+1,-5.1126003E+1,3.8422673E+3,0.0000000E+0
13366763,1/10/2021,4:33:16 PM,-4.7724929E+0,-4.3357647E+1,3.8565542E+3,0.0000000E+0
13366764,1/10/2021,4:33:16 PM,8.0603485E+0,-3.6126892E+1,3.8494109E+3,0.0000000E+0
13366765,1/10/2021,4:33:16 PM,1.8825899E+1,-2.8815496E+1,3.8547686E+3,0.0000000E+0
13366766,1/10/2021,4:33:17 PM,2.8942472E+1,-1.8331697E+1,3.8547686E+3,0.0000000E+0
13366767,1/10/2021,4:33:17 PM,3.4635201E+1,-6.7514043E+0,3.8583403E+3,0.0000000E+0
13366768,1/10/2021,4:33:17 PM,4.0673748E+1,8.0277624E+0,3.8672693E+3,0.0000000E+0
13366769,1/10/2021,4:33:17 PM,4.2456055E+1,2.1181541E+1,3.8690554E+3,0.0000000E+0
13366770,1/10/2021,4:33:17 PM,4.4584175E+1,2.7901573E+1,3.8628047E+3,0.0000000E+0
13366771,1/10/2021,4:33:17 PM,4.4717182E+1,3.4729126E+1,3.8601260E+3,0.0000000E+0
13366772,1/10/2021,4:33:17 PM,4.9611866E+1,4.3115726E+1,3.8708411E+3,0.0000000E+0
13366773,1/10/2021,4:33:17 PM,5.7592327E+1,4.8572392E+1,3.8690554E+3,0.0000000E+0
13366774,1/10/2021,4:33:17 PM,6.3497868E+1,5.0212078E+1,3.8672693E+3,0.0000000E+0
13366775,1/10/2021,4:33:17 PM,6.6982674E+1,5.2308727E+1,3.8708411E+3,0.0000000E+0
13366776,1/10/2021,4:33:18 PM,7.0573875E+1,5.2792572E+1,3.8672693E+3,0.0000000E+0
13366777,1/10/2021,4:33:18 PM,6.9297005E+1,5.6824593E+1,3.8681621E+3,0.0000000E+0
13366778,1/10/2021,4:33:18 PM,6.7408295E+1,6.4001587E+1,3.8770916E+3,0.0000000E+0
13366779,1/10/2021,4:33:18 PM,5.9693848E+1,6.7630402E+1,3.8681621E+3,0.0000000E+0
13366780,1/10/2021,4:33:18 PM,4.8334991E+1,7.2872032E+1,3.8726270E+3,0.0000000E+0
13366781,1/10/2021,4:33:18 PM,3.7295357E+1,7.8409332E+1,3.8744128E+3,0.0000000E+0
13366782,1/10/2021,4:33:18 PM,2.5537476E+1,8.0936073E+1,3.8708411E+3,0.0000000E+0
13366783,1/10/2021,4:33:18 PM,1.4083899E+1,8.2226311E+1,3.8708411E+3,0.0000000E+0
13366784,1/10/2021,4:33:18 PM,3.7628355E+0,8.1661827E+1,3.8708411E+3,0.0000000E+0
13366785,1/10/2021,4:33:18 PM,-6.4445944E+0,7.9350136E+1,3.8744128E+3,0.0000000E+0
13366786,1/10/2021,4:33:19 PM,-1.4647044E+1,6.9404495E+1,3.8636978E+3,0.0000000E+0
13366787,1/10/2021,4:33:19 PM,-2.1414238E+1,5.8921246E+1,3.8636978E+3,0.0000000E+0
13366788,1/10/2021,4:33:19 PM,-2.5989702E+1,4.9540077E+1,3.8672693E+3,0.0000000E+0
13366789,1/10/2021,4:33:19 PM,-3.0538563E+1,3.5965614E+1,3.8583403E+3,0.0000000E+0
13366790,1/10/2021,4:33:19 PM,-3.0964190E+1,2.0320690E+1,3.8565542E+3,0.0000000E+0
13366791,1/10/2021,4:33:19 PM,-3.6736721E+1,5.6106591E+0,3.8529824E+3,0.0000000E+0
13366792,1/10/2021,4:33:19 PM,-4.4185150E+1,-8.0809441E+0,3.8458391E+3,0.0000000E+0
13366793,1/10/2021,4:33:19 PM,-4.6339878E+1,-1.9905874E+1,3.8511968E+3,0.0000000E+0
13366794,1/10/2021,4:33:19 PM,-5.0436512E+1,-3.0858387E+1,3.8440535E+3,0.0000000E+0
13366795,1/10/2021,4:33:19 PM,-5.2351822E+1,-4.3061966E+1,3.8431602E+3,0.0000000E+0
13366796,1/10/2021,4:33:20 PM,-5.5277992E+1,-5.3115135E+1,3.8386958E+3,0.0000000E+0
13366797,1/10/2021,4:33:20 PM,-5.7858341E+1,-6.1931820E+1,3.8378030E+3,0.0000000E+0
13366798,1/10/2021,4:33:20 PM,-5.6421860E+1,-7.0291542E+1,3.8378030E+3,0.0000000E+0
13366799,1/10/2021,4:33:20 PM,-5.0330109E+1,-7.7576050E+1,3.8386958E+3,0.0000000E+0
13366800,1/10/2021,4:33:20 PM,-4.4424564E+1,-8.3570320E+1,3.8369097E+3,0.0000000E+0
13366801,1/10/2021,4:33:20 PM,-3.6284496E+1,-9.0182831E+1,3.8386958E+3,0.0000000E+0
13366802,1/10/2021,4:33:20 PM,-3.1256805E+1,-9.4725578E+1,3.8351240E+3,0.0000000E+0
13366803,1/10/2021,4:33:20 PM,-2.3808374E+1,-9.6445908E+1,3.8386958E+3,0.0000000E+0
13366804,1/10/2021,4:33:20 PM,-1.6125959E+1,-9.6607185E+1,3.8404817E+3,0.0000000E+0
13366805,1/10/2021,4:33:20 PM,-7.4866767E+0,-9.4080452E+1,3.8422673E+3,0.0000000E+0
13366806,1/10/2021,4:33:21 PM,-2.5819962E+0,-8.8892586E+1,3.8458391E+3,0.0000000E+0
13366807,1/10/2021,4:33:21 PM,-3.2350240E+0,-8.4349846E+1,3.8395886E+3,0.0000000E+0
13366808,1/10/2021,4:33:21 PM,-6.4130158E+0,-7.6393326E+1,3.8440535E+3,0.0000000E+0
13366809,1/10/2021,4:33:21 PM,-8.0656109E+0,-6.5641273E+1,3.8476252E+3,0.0000000E+0
13366810,1/10/2021,4:33:21 PM,-1.1191857E+1,-5.5453705E+1,3.8511968E+3,0.0000000E+0
13366811,1/10/2021,4:33:21 PM,-1.7325933E+1,-4.5346779E+1,3.8458391E+3,0.0000000E+0
13366812,1/10/2021,4:33:21 PM,-2.5271460E+1,-3.5777451E+1,3.8440535E+3,0.0000000E+0
13366813,1/10/2021,4:33:21 PM,-3.2187859E+1,-2.3251312E+1,3.8485181E+3,0.0000000E+0
13366814,1/10/2021,4:33:21 PM,-3.7401760E+1,-9.1791449E+0,3.8547686E+3,0.0000000E+0
13366815,1/10/2021,4:33:21 PM,-4.0567345E+1,3.1655996E+0,3.8538755E+3,0.0000000E+0
13366816,1/10/2021,4:33:22 PM,-4.2296444E+1,1.1992451E+1,3.8547686E+3,0.0000000E+0
13366817,1/10/2021,4:33:22 PM,-4.2908279E+1,2.0110622E+1,3.8529824E+3,0.0000000E+0
13366818,1/10/2021,4:33:22 PM,-4.2801872E+1,2.9218700E+1,3.8583403E+3,0.0000000E+0
13366819,1/10/2021,4:33:22 PM,-3.9184063E+1,3.8438583E+1,3.8610188E+3,0.0000000E+0
13366820,1/10/2021,4:33:22 PM,-3.3916958E+1,4.5346779E+1,3.8628047E+3,0.0000000E+0
13366821,1/10/2021,4:33:22 PM,-2.7426186E+1,5.0830322E+1,3.8681621E+3,0.0000000E+0
13366822,1/10/2021,4:33:22 PM,-2.1839861E+1,5.3733376E+1,3.8663765E+3,0.0000000E+0
13366823,1/10/2021,4:33:22 PM,-1.8362751E+1,5.4647305E+1,3.8636978E+3,0.0000000E+0
13366824,1/10/2021,4:33:22 PM,-1.5249662E+1,5.7039631E+1,3.8708411E+3,0.0000000E+0
13366825,1/10/2021,4:33:22 PM,-1.3049710E+1,5.5856907E+1,3.8672693E+3,0.0000000E+0
13366826,1/10/2021,4:33:23 PM,-1.0836602E+1,5.1314163E+1,3.8636978E+3,0.0000000E+0
13366827,1/10/2021,4:33:23 PM,-6.6103802E+0,4.4137173E+1,3.8619119E+3,0.0000000E+0
13366828,1/10/2021,4:33:23 PM,-2.3291857E+0,3.7524658E+1,3.8619119E+3,0.0000000E+0
13366829,1/10/2021,4:33:23 PM,-1.3962917E-1,3.0051985E+1,3.8583403E+3,0.0000000E+0
13366830,1/10/2021,4:33:23 PM,5.3050590E+0,2.1530983E+1,3.8574470E+3,0.0000000E+0
13366831,1/10/2021,4:33:23 PM,1.3323389E+1,1.1689316E+1,3.8583403E+3,0.0000000E+0
13366832,1/10/2021,4:33:23 PM,2.3781773E+1,4.5741376E-1,3.8511968E+3,0.0000000E+0
13366833,1/10/2021,4:33:23 PM,3.2187859E+1,-7.0571985E+0,3.8556614E+3,0.0000000E+0
13366834,1/10/2021,4:33:23 PM,3.9396877E+1,-1.0766615E+1,3.8538755E+3,0.0000000E+0
13366835,1/10/2021,4:33:23 PM,4.8122181E+1,-1.5382778E+1,3.8583403E+3,0.0000000E+0
13366836,1/10/2021,4:33:24 PM,5.4772564E+1,-1.8488585E+1,3.8565542E+3,0.0000000E+0
13366837,1/10/2021,4:33:24 PM,5.8682987E+1,-2.0993380E+1,3.8583403E+3,0.0000000E+0
13366838,1/10/2021,4:33:24 PM,5.9481037E+1,-2.3546993E+1,3.8538755E+3,0.0000000E+0
13366839,1/10/2021,4:33:24 PM,5.7193306E+1,-2.1934185E+1,3.8583403E+3,0.0000000E+0
13366840,1/10/2021,4:33:24 PM,5.5969635E+1,-1.8765129E+1,3.8636978E+3,0.0000000E+0
13366841,1/10/2021,4:33:24 PM,5.0090694E+1,-1.6010321E+1,3.8601260E+3,0.0000000E+0
13366842,1/10/2021,4:33:24 PM,4.3466911E+1,-1.6127321E+1,3.8574470E+3,0.0000000E+0
13366843,1/10/2021,4:33:24 PM,3.7880589E+1,-1.5417347E+1,3.8565542E+3,0.0000000E+0
13366844,1/10/2021,4:33:24 PM,3.2879498E+1,-1.4518578E+1,3.8565542E+3,0.0000000E+0
13366845,1/10/2021,4:33:24 PM,2.8410440E+1,-1.3524082E+1,3.8565542E+3,0.0000000E+0
13366846,1/10/2021,4:33:25 PM,2.2611305E+1,-1.2247723E+1,3.8565542E+3,0.0000000E+0
13366847,1/10/2021,4:33:25 PM,1.6260168E+1,-1.2093496E+1,3.8547686E+3,0.0000000E+0
13366848,1/10/2021,4:33:25 PM,9.0340109E+0,-1.2766243E+1,3.8494109E+3,0.0000000E+0
13366849,1/10/2021,4:33:25 PM,3.5100250E+0,-1.1511158E+1,3.8529824E+3,0.0000000E+0
13366850,1/10/2021,4:33:25 PM,-9.6761017E+0,-4.7023525E+0,3.8538755E+3,0.0000000E+0
13366851,1/10/2021,4:33:25 PM,-2.2105877E+1,1.4822981E+0,3.8547686E+3,0.0000000E+0
13366852,1/10/2021,4:33:25 PM,-3.4581997E+1,7.6448550E+0,3.8583403E+3,0.0000000E+0
13366853,1/10/2021,4:33:25 PM,-4.7270931E+1,1.0681525E+1,3.8511968E+3,0.0000000E+0
13366854,1/10/2021,4:33:25 PM,-6.0146072E+1,1.3922943E+1,3.8520896E+3,0.0000000E+0
13366855,1/10/2021,4:33:25 PM,-7.0919693E+1,1.9124104E+1,3.8565542E+3,0.0000000E+0
13366856,1/10/2021,4:33:26 PM,-8.4646088E+1,2.4380278E+1,3.8565542E+3,0.0000000E+0
13366857,1/10/2021,4:33:26 PM,-9.7335022E+1,2.4138355E+1,3.8565542E+3,0.0000000E+0
13366858,1/10/2021,4:33:26 PM,-1.0552830E+2,1.8586969E+1,3.8494109E+3,0.0000000E+0
13366859,1/10/2021,4:33:26 PM,-1.1310974E+2,1.3154469E+1,3.8476252E+3,0.0000000E+0
13366860,1/10/2021,4:33:26 PM,-1.1866946E+2,7.4268107E+0,3.8476252E+3,0.0000000E+0
13366861,1/10/2021,4:33:26 PM,-1.2321832E+2,3.2288635E+0,3.8476252E+3,0.0000000E+0
13366862,1/10/2021,4:33:26 PM,-1.2332471E+2,-4.5205688E+0,3.8458391E+3,0.0000000E+0
13366863,1/10/2021,4:33:26 PM,-1.2186163E+2,-1.2731675E+1,3.8431602E+3,0.0000000E+0
13366864,1/10/2021,4:33:26 PM,-1.1686055E+2,-2.0805220E+1,3.8413745E+3,0.0000000E+0
13366865,1/10/2021,4:33:26 PM,-1.0941212E+2,-2.6691967E+1,3.8386958E+3,0.0000000E+0
13366866,1/10/2021,4:33:27 PM,-1.0105923E+2,-3.0105745E+1,3.8440535E+3,0.0000000E+0
13366867,1/10/2021,4:33:27 PM,-9.6643379E+1,-3.3170078E+1,3.8386958E+3,0.0000000E+0
13366868,1/10/2021,4:33:27 PM,-8.9593979E+1,-3.5078568E+1,3.8422673E+3,0.0000000E+0
13366869,1/10/2021,4:33:27 PM,-8.1320900E+1,-3.5159206E+1,3.8404817E+3,0.0000000E+0
13366870,1/10/2021,4:33:27 PM,-6.9323608E+1,-3.4675365E+1,3.8431602E+3,0.0000000E+0
13366871,1/10/2021,4:33:27 PM,-5.7033691E+1,-3.2686237E+1,3.8458391E+3,0.0000000E+0
13366872,1/10/2021,4:33:27 PM,-4.5781246E+1,-2.9917583E+1,3.8467319E+3,0.0000000E+0
13366873,1/10/2021,4:33:27 PM,-3.4874615E+1,-2.7444613E+1,3.8440535E+3,0.0000000E+0
13366874,1/10/2021,4:33:27 PM,-1.2857610E+1,-2.7175810E+1,3.8547686E+3,0.0000000E+0
13366875,1/10/2021,4:33:27 PM,7.3340483E+0,-2.4890999E+1,3.8556614E+3,0.0000000E+0
13366876,1/10/2021,4:33:28 PM,2.8064621E+1,-2.4783478E+1,3.8520896E+3,0.0000000E+0
13366877,1/10/2021,4:33:28 PM,4.7403938E+1,-2.3331951E+1,3.8601260E+3,0.0000000E+0
13366878,1/10/2021,4:33:28 PM,6.5732399E+1,-1.9336830E+1,3.8565542E+3,0.0000000E+0
13366879,1/10/2021,4:33:28 PM,8.2704178E+1,-1.6297501E+1,3.8654836E+3,0.0000000E+0
13366880,1/10/2021,4:33:28 PM,9.9915367E+1,-1.3420378E+1,3.8654836E+3,0.0000000E+0
13366881,1/10/2021,4:33:28 PM,1.1340235E+2,-1.2439177E+1,3.8681621E+3,0.0000000E+0
13366882,1/10/2021,4:33:28 PM,1.2420257E+2,-1.2667857E+1,3.8672693E+3,0.0000000E+0
13366883,1/10/2021,4:33:28 PM,1.2859183E+2,-1.0519321E+1,3.8672693E+3,0.0000000E+0
13366884,1/10/2021,4:33:28 PM,1.2824600E+2,-7.2380157E+0,3.8672693E+3,0.0000000E+0
13366885,1/10/2021,4:33:28 PM,1.2271288E+2,-1.8530730E+0,3.8690554E+3,0.0000000E+0
13366886,1/10/2021,4:33:29 PM,1.1569008E+2,2.5754027E+0,3.8690554E+3,0.0000000E+0
13366887,1/10/2021,4:33:29 PM,1.0584751E+2,4.6879382E+0,3.8690554E+3,0.0000000E+0
13366888,1/10/2021,4:33:29 PM,8.7412651E+1,4.8929453E+0,3.8601260E+3,0.0000000E+0
13366889,1/10/2021,4:33:29 PM,6.7966927E+1,7.6368780E+0,3.8601260E+3,0.0000000E+0
13366890,1/10/2021,4:33:29 PM,5.2059204E+1,1.3779353E+1,3.8645906E+3,0.0000000E+0
13366891,1/10/2021,4:33:29 PM,3.9716095E+1,1.8517834E+1,3.8663765E+3,0.0000000E+0
13366892,1/10/2021,4:33:29 PM,3.9157463E+1,1.5369483E+1,3.8628047E+3,0.0000000E+0
13366893,1/10/2021,4:33:29 PM,2.1174824E+1,1.0016755E+1,3.8520896E+3,0.0000000E+0
13366894,1/10/2021,4:33:29 PM,2.0224845E+0,8.3574886E+0,3.8529824E+3,0.0000000E+0
13366895,1/10/2021,4:33:29 PM,7.9603505E+0,7.1422892E+0,3.8583403E+3,0.0000000E+0
13366896,1/10/2021,4:33:30 PM,5.9235530E+0,4.3251715E+0,3.8619119E+3,0.0000000E+0
13366897,1/10/2021,4:33:30 PM,-5.0181708E+0,4.0544977E+0,3.8547686E+3,0.0000000E+0
13366898,1/10/2021,4:33:30 PM,-5.2495832E+0,-4.3716183E+0,3.8547686E+3,0.0000000E+0
13366899,1/10/2021,4:33:30 PM,-1.5218085E+1,-8.9770546E+0,3.8458391E+3,0.0000000E+0
13366900,1/10/2021,4:33:30 PM,-2.9075478E+1,-4.4220691E+0,3.8547686E+3,0.0000000E+0
13366901,1/10/2021,4:33:30 PM,-4.0673748E+1,1.8658859E+0,3.8574470E+3,0.0000000E+0
13366902,1/10/2021,4:33:30 PM,-5.8257366E+1,1.8538736E+0,3.8458391E+3,0.0000000E+0
13366903,1/10/2021,4:33:30 PM,-6.8977783E+1,5.3229799E+0,3.8547686E+3,0.0000000E+0
13366904,1/10/2021,4:33:30 PM,-8.1347496E+1,7.1635618E+0,3.8511968E+3,0.0000000E+0
13366905,1/10/2021,4:33:30 PM,-9.0764442E+1,3.8326735E+0,3.8422673E+3,0.0000000E+0
13366906,1/10/2021,4:33:31 PM,-1.0002178E+2,6.1477933E+0,3.8440535E+3,0.0000000E+0
13366907,1/10/2021,4:33:31 PM,-1.0895989E+2,1.0412957E+1,3.8520896E+3,0.0000000E+0
13366908,1/10/2021,4:33:31 PM,-1.1071559E+2,9.9157095E+0,3.8476252E+3,0.0000000E+0
13366909,1/10/2021,4:33:31 PM,-1.1183286E+2,7.3762879E+0,3.8431602E+3,0.0000000E+0
13366910,1/10/2021,4:33:31 PM,-1.1018357E+2,3.2504854E+0,3.8413745E+3,0.0000000E+0
13366911,1/10/2021,4:33:31 PM,-1.0510267E+2,4.1473918E+0,3.8476252E+3,0.0000000E+0
13366912,1/10/2021,4:33:31 PM,-1.0010158E+2,6.8710632E+0,3.8529824E+3,0.0000000E+0
13366913,1/10/2021,4:33:31 PM,-9.0711243E+1,6.1318383E+0,3.8529824E+3,0.0000000E+0
13366914,1/10/2021,4:33:31 PM,-8.4220459E+1,2.2166402E+0,3.8494109E+3,0.0000000E+0
13366915,1/10/2021,4:33:31 PM,-7.4032074E+1,-3.2624972E+0,3.8476252E+3,0.0000000E+0
13366916,1/10/2021,4:33:32 PM,-6.1555954E+1,-5.7542491E+0,3.8565542E+3,0.0000000E+0
13366917,1/10/2021,4:33:32 PM,-5.5570606E+1,-7.4055381E+0,3.8511968E+3,0.0000000E+0
13366918,1/10/2021,4:33:32 PM,-5.1952801E+1,-9.2908258E+0,3.8511968E+3,0.0000000E+0
13366919,1/10/2021,4:33:32 PM,-4.5408825E+1,-1.1981814E+1,3.8547686E+3,0.0000000E+0
13366920,1/10/2021,4:33:32 PM,-4.0487541E+1,-1.6925045E+1,3.8458391E+3,0.0000000E+0
13366921,1/10/2021,4:33:32 PM,-3.6018478E+1,-1.9940441E+1,3.8476252E+3,0.0000000E+0
13366922,1/10/2021,4:33:32 PM,-3.2400673E+1,-1.8257244E+1,3.8503037E+3,0.0000000E+0
13366923,1/10/2021,4:33:32 PM,-3.0538563E+1,-1.4824371E+1,3.8520896E+3,0.0000000E+0
13366924,1/10/2021,4:33:32 PM,-2.9873526E+1,-1.2362063E+1,3.8485181E+3,0.0000000E+0
13366925,1/10/2021,4:33:32 PM,-2.0376778E+1,-1.2253041E+1,3.8511968E+3,0.0000000E+0
13366926,1/10/2021,4:33:33 PM,-8.4945488E+0,-1.2609358E+1,3.8547686E+3,0.0000000E+0
13366927,1/10/2021,4:33:33 PM,2.8078613E+0,-1.4180873E+1,3.8538755E+3,0.0000000E+0
13366928,1/10/2021,4:33:33 PM,1.3926007E+1,-1.7228180E+1,3.8511968E+3,0.0000000E+0
13366929,1/10/2021,4:33:33 PM,3.0831179E+1,-1.9382034E+1,3.8601260E+3,0.0000000E+0
13366930,1/10/2021,4:33:33 PM,5.1447372E+1,-2.4837240E+1,3.8645906E+3,0.0000000E+0
13366931,1/10/2021,4:33:33 PM,6.6370834E+1,-3.2444317E+1,3.8511968E+3,0.0000000E+0
13366932,1/10/2021,4:33:33 PM,7.3553246E+1,-3.3143200E+1,3.8619119E+3,0.0000000E+0
13366933,1/10/2021,4:33:33 PM,7.6692230E+1,-3.1207830E+1,3.8601260E+3,0.0000000E+0
13366934,1/10/2021,4:33:33 PM,7.9884415E+1,-3.1611032E+1,3.8583403E+3,0.0000000E+0
13366935,1/10/2021,4:33:33 PM,7.9006561E+1,-2.8600458E+1,3.8628047E+3,0.0000000E+0
13366936,1/10/2021,4:33:34 PM,7.4431099E+1,-2.7390852E+1,3.8565542E+3,0.0000000E+0
13366937,1/10/2021,4:33:34 PM,6.6370834E+1,-2.3950195E+1,3.8583403E+3,0.0000000E+0
13366938,1/10/2021,4:33:34 PM,5.1314365E+1,-1.7778608E+1,3.8556614E+3,0.0000000E+0
13366939,1/10/2021,4:33:34 PM,3.5672661E+1,-1.3476218E+1,3.8547686E+3,0.0000000E+0
13366940,1/10/2021,4:33:34 PM,2.6840952E+1,-1.0646956E+1,3.8565542E+3,0.0000000E+0
13366941,1/10/2021,4:33:34 PM,1.9244312E+1,-8.2404890E+0,3.8503037E+3,0.0000000E+0
13366942,1/10/2021,4:33:34 PM,1.0126092E+1,-3.3529887E+0,3.8601260E+3,0.0000000E+0
13366943,1/10/2021,4:33:34 PM,-1.2994224E+0,1.5912082E+0,3.8520896E+3,0.0000000E+0
13366944,1/10/2021,4:33:34 PM,-8.6287565E+0,5.2404966E+0,3.8574470E+3,0.0000000E+0
13366945,1/10/2021,4:33:34 PM,-1.0270825E+1,5.8951802E+0,3.8547686E+3,0.0000000E+0
13366946,1/10/2021,4:33:35 PM,-1.0420822E+1,7.4826512E+0,3.8583403E+3,0.0000000E+0
13366947,1/10/2021,4:33:35 PM,-1.1205015E+1,8.8414412E+0,3.8601260E+3,0.0000000E+0
13366948,1/10/2021,4:33:35 PM,-1.4241790E+1,1.0101845E+1,3.8574470E+3,0.0000000E+0
13366949,1/10/2021,4:33:35 PM,-1.8796953E+1,9.8811417E+0,3.8601260E+3,0.0000000E+0
13366950,1/10/2021,4:33:35 PM,-2.1174824E+1,6.7460861E+0,3.8547686E+3,0.0000000E+0
13366951,1/10/2021,4:33:35 PM,-2.4287203E+1,1.9219424E+0,3.8529824E+3,0.0000000E+0
13366952,1/10/2021,4:33:35 PM,-2.7479387E+1,-8.5294998E-1,3.8511968E+3,0.0000000E+0
13366953,1/10/2021,4:33:35 PM,-3.5539654E+1,2.1390428E-1,3.8520896E+3,0.0000000E+0
13366954,1/10/2021,4:33:35 PM,-4.4823589E+1,3.1567905E+0,3.8511968E+3,0.0000000E+0
13366955,1/10/2021,4:33:35 PM,-5.2112408E+1,6.0254755E+0,3.8529824E+3,0.0000000E+0
13366956,1/10/2021,4:33:36 PM,-5.6155842E+1,5.5521593E+0,3.8494109E+3,0.0000000E+0
13366957,1/10/2021,4:33:36 PM,-5.6794277E+1,4.7191696E+0,3.8476252E+3,0.0000000E+0
13366958,1/10/2021,4:33:36 PM,-5.6980488E+1,6.0839748E+0,3.8494109E+3,0.0000000E+0
13366959,1/10/2021,4:33:36 PM,-5.7193306E+1,9.6551199E+0,3.8511968E+3,0.0000000E+0
13366960,1/10/2021,4:33:36 PM,-5.1074951E+1,1.1231955E+1,3.8565542E+3,0.0000000E+0
13366961,1/10/2021,4:33:36 PM,-4.4584175E+1,9.8944368E+0,3.8529824E+3,0.0000000E+0
13366962,1/10/2021,4:33:36 PM,-3.6922932E+1,6.7540631E+0,3.8529824E+3,0.0000000E+0
13366963,1/10/2021,4:33:36 PM,-2.9128683E+1,3.5660040E+0,3.8494109E+3,0.0000000E+0
13366964,1/10/2021,4:33:36 PM,-1.9570620E+1,3.1151485E+0,3.8529824E+3,0.0000000E+0
13366965,1/10/2021,4:33:36 PM,-8.1866608E+0,4.2587042E+0,3.8610188E+3,0.0000000E+0
13366966,1/10/2021,4:33:37 PM,1.5572813E+0,4.6302800E+0,3.8619119E+3,0.0000000E+0
13366967,1/10/2021,4:33:37 PM,8.9576960E+0,2.5802076E+0,3.8583403E+3,0.0000000E+0
13366968,1/10/2021,4:33:37 PM,1.0378717E+1,-1.1372668E+0,3.8494109E+3,0.0000000E+0
13366969,1/10/2021,4:33:37 PM,1.4431259E+1,1.9972185E+0,3.8619119E+3,0.0000000E+0
13366970,1/10/2021,4:33:37 PM,1.7278566E+1,6.6344047E+0,3.8672693E+3,0.0000000E+0
13366971,1/10/2021,4:33:37 PM,1.5028614E+1,5.3367739E+0,3.8583403E+3,0.0000000E+0
13366972,1/10/2021,4:33:37 PM,1.1718162E+1,9.9941003E-1,3.8547686E+3,0.0000000E+0
13366973,1/10/2021,4:33:37 PM,7.2208929E+0,-4.9608722E-2,3.8565542E+3,0.0000000E+0
13366974,1/10/2021,4:33:37 PM,4.9080114E+0,-6.5744895E-1,3.8583403E+3,0.0000000E+0
13366975,1/10/2021,4:33:37 PM,5.2028251E+0,-4.1634078E+0,3.8547686E+3,0.0000000E+0
13366976,1/10/2021,4:33:38 PM,1.1840093E+0,-5.6232834E+0,3.8583403E+3,0.0000000E+0
13366977,1/10/2021,4:33:38 PM,4.8249930E-1,-1.1928633E+1,3.8520896E+3,0.0000000E+0
13366978,1/10/2021,4:33:38 PM,2.5075182E-2,-1.6627228E+1,3.8494109E+3,0.0000000E+0
13366979,1/10/2021,4:33:38 PM,3.7322429E-1,-1.9068264E+1,3.8547686E+3,0.0000000E+0
13366980,1/10/2021,4:33:38 PM,7.7917826E-1,-2.0232941E+1,3.8538755E+3,0.0000000E+0
13366981,1/10/2021,4:33:38 PM,-1.6491550E+0,-2.2552427E+1,3.8547686E+3,0.0000000E+0
13366982,1/10/2021,4:33:38 PM,-3.6954722E+0,-2.4595318E+1,3.8511968E+3,0.0000000E+0
13366983,1/10/2021,4:33:38 PM,-1.3749695E+1,-2.5643644E+1,3.8494109E+3,0.0000000E+0
13366984,1/10/2021,4:33:38 PM,-2.3169939E+1,-2.3788914E+1,3.8511968E+3,0.0000000E+0
13366985,1/10/2021,4:33:38 PM,-2.8516846E+1,-2.1934185E+1,3.8529824E+3,0.0000000E+0
13366986,1/10/2021,4:33:39 PM,-4.0061913E+1,-1.8850220E+1,3.8511968E+3,0.0000000E+0
13366987,1/10/2021,4:33:39 PM,-5.0117290E+1,-1.7669586E+1,3.8476252E+3,0.0000000E+0
13366988,1/10/2021,4:33:39 PM,-5.8390369E+1,-1.4853621E+1,3.8494109E+3,0.0000000E+0
13366989,1/10/2021,4:33:39 PM,-6.6823059E+1,-1.1705271E+1,3.8476252E+3,0.0000000E+0
13366990,1/10/2021,4:33:39 PM,-7.3633049E+1,-9.5168476E+0,3.8503037E+3,0.0000000E+0
13366991,1/10/2021,4:33:39 PM,-7.7995705E+1,-9.3253937E+0,3.8458391E+3,0.0000000E+0
13366992,1/10/2021,4:33:39 PM,-7.9990822E+1,-9.8731642E+0,3.8476252E+3,0.0000000E+0
13366993,1/10/2021,4:33:39 PM,-8.0842072E+1,-1.0322549E+1,3.8440535E+3,0.0000000E+0
13366994,1/10/2021,4:33:39 PM,-7.9458794E+1,-8.6659422E+0,3.8485181E+3,0.0000000E+0
13366995,1/10/2021,4:33:39 PM,-7.6585823E+1,-9.8385963E+0,3.8476252E+3,0.0000000E+0
13366996,1/10/2021,4:33:40 PM,-7.3367043E+1,-9.9954815E+0,3.8413745E+3,0.0000000E+0
13366997,1/10/2021,4:33:40 PM,-7.1238914E+1,-6.3153152E+0,3.8458391E+3,0.0000000E+0
13366998,1/10/2021,4:33:40 PM,-6.0784508E+1,-1.5392040E+0,3.8511968E+3,0.0000000E+0
13366999,1/10/2021,4:33:40 PM,-4.7590149E+1,2.5233502E+0,3.8583403E+3,0.0000000E+0
13367000,1/10/2021,4:33:40 PM,-3.1975046E+1,-5.7103378E-1,3.8511968E+3,0.0000000E+0
13367001,1/10/2021,4:33:40 PM,-1.8525906E+1,-1.1220640E+0,3.8547686E+3,0.0000000E+0
13367002,1/10/2021,4:33:40 PM,-4.8636312E+0,-1.0511181E+0,3.8565542E+3,0.0000000E+0
13367003,1/10/2021,4:33:40 PM,9.5550518E+0,-3.1175508E+0,3.8565542E+3,0.0000000E+0
13367004,1/10/2021,4:33:40 PM,2.8915871E+1,-4.7904415E+0,3.8636978E+3,0.0000000E+0
13367005,1/10/2021,4:33:40 PM,4.8521202E+1,-9.5833244E+0,3.8619119E+3,0.0000000E+0
13367006,1/10/2021,4:33:41 PM,6.3311657E+1,-1.5193983E+1,3.8610188E+3,0.0000000E+0
13367007,1/10/2021,4:33:41 PM,7.5042938E+1,-2.0993380E+1,3.8583403E+3,0.0000000E+0
13367008,1/10/2021,4:33:41 PM,8.5124916E+1,-2.4890999E+1,3.8619119E+3,0.0000000E+0
13367009,1/10/2021,4:33:41 PM,9.4355652E+1,-2.8600458E+1,3.8619119E+3,0.0000000E+0
13367010,1/10/2021,4:33:41 PM,1.0225630E+2,-3.2847515E+1,3.8583403E+3,0.0000000E+0
13367011,1/10/2021,4:33:41 PM,1.0475685E+2,-3.4137764E+1,3.8601260E+3,0.0000000E+0
13367012,1/10/2021,4:33:41 PM,1.0097943E+2,-3.2928158E+1,3.8556614E+3,0.0000000E+0
13367013,1/10/2021,4:33:41 PM,8.9833389E+1,-2.6450047E+1,3.8601260E+3,0.0000000E+0
13367014,1/10/2021,4:33:41 PM,7.7570084E+1,-2.1880424E+1,3.8574470E+3,0.0000000E+0
13367015,1/10/2021,4:33:41 PM,6.7115677E+1,-1.7802542E+1,3.8529824E+3,0.0000000E+0
13367016,1/10/2021,4:33:42 PM,5.5703617E+1,-1.0761297E+1,3.8565542E+3,0.0000000E+0
13367017,1/10/2021,4:33:42 PM,4.4983196E+1,-2.5201471E+0,3.8574470E+3,0.0000000E+0
13367018,1/10/2021,4:33:42 PM,3.3571140E+1,6.0733390E+0,3.8547686E+3,0.0000000E+0
13367019,1/10/2021,4:33:42 PM,2.6282318E+1,1.4452100E+1,3.8619119E+3,0.0000000E+0
13367020,1/10/2021,4:33:42 PM,1.7915392E+1,2.1611624E+1,3.8574470E+3,0.0000000E+0
13367021,1/10/2021,4:33:42 PM,1.3494438E+1,2.5455482E+1,3.8583403E+3,0.0000000E+0
13367022,1/10/2021,4:33:42 PM,8.0235071E+0,3.2713116E+1,3.8601260E+3,0.0000000E+0
13367023,1/10/2021,4:33:42 PM,-2.9029624E+0,4.3787731E+1,3.8708411E+3,0.0000000E+0
13367024,1/10/2021,4:33:42 PM,-2.0962011E+1,5.2389370E+1,3.8619119E+3,0.0000000E+0
13367025,1/10/2021,4:33:42 PM,-3.4874615E+1,5.7254677E+1,3.8583403E+3,0.0000000E+0
13367026,1/10/2021,4:33:43 PM,-4.9452259E+1,6.6286400E+1,3.8744128E+3,0.0000000E+0
13367027,1/10/2021,4:33:43 PM,-5.9481037E+1,7.0399055E+1,3.8672693E+3,0.0000000E+0
13367028,1/10/2021,4:33:43 PM,-7.3340439E+1,7.0184013E+1,3.8636978E+3,0.0000000E+0
13367029,1/10/2021,4:33:43 PM,-9.4355652E+1,7.1205460E+1,3.8610188E+3,0.0000000E+0
13367030,1/10/2021,4:33:43 PM,-1.0826826E+2,6.9296967E+1,3.8654836E+3,0.0000000E+0
13367031,1/10/2021,4:33:43 PM,-1.1385458E+2,5.8544922E+1,3.8565542E+3,0.0000000E+0
13367032,1/10/2021,4:33:43 PM,-1.1451962E+2,4.2739407E+1,3.8538755E+3,0.0000000E+0
13367033,1/10/2021,4:33:43 PM,-1.1537086E+2,2.7148932E+1,3.8476252E+3,0.0000000E+0
13367034,1/10/2021,4:33:43 PM,-1.1412059E+2,1.3072038E+1,3.8511968E+3,0.0000000E+0
13367035,1/10/2021,4:33:43 PM,-1.0954513E+2,-2.8436739E+0,3.8440535E+3,0.0000000E+0
13367036,1/10/2021,4:33:44 PM,-1.0159126E+2,-2.1584743E+1,3.8395886E+3,0.0000000E+0
13367037,1/10/2021,4:33:44 PM,-8.9460968E+1,-3.9836349E+1,3.8360168E+3,0.0000000E+0
13367038,1/10/2021,4:33:44 PM,-7.5734573E+1,-5.3787136E+1,3.8351240E+3,0.0000000E+0
13367039,1/10/2021,4:33:44 PM,-6.7913727E+1,-6.0587807E+1,3.8395886E+3,0.0000000E+0
13367040,1/10/2021,4:33:44 PM,-6.0890919E+1,-6.3598389E+1,3.8440535E+3,0.0000000E+0
13367041,1/10/2021,4:33:44 PM,-5.3974518E+1,-6.7684166E+1,3.8422673E+3,0.0000000E+0
13367042,1/10/2021,4:33:44 PM,-4.2243240E+1,-7.6097641E+1,3.8386958E+3,0.0000000E+0
13367043,1/10/2021,4:33:44 PM,-3.6045082E+1,-7.9995262E+1,3.8386958E+3,0.0000000E+0
13367044,1/10/2021,4:33:44 PM,-3.1975046E+1,-8.0156548E+1,3.8404817E+3,0.0000000E+0
13367045,1/10/2021,4:33:44 PM,-2.8064621E+1,-7.7334137E+1,3.8494109E+3,0.0000000E+0
13367046,1/10/2021,4:33:45 PM,-2.2105877E+1,-7.7280365E+1,3.8503037E+3,0.0000000E+0
13367047,1/10/2021,4:33:45 PM,-1.7846973E+1,-8.1930634E+1,3.8369097E+3,0.0000000E+0
13367048,1/10/2021,4:33:45 PM,-1.5023352E+1,-8.4564880E+1,3.8369097E+3,0.0000000E+0
13367049,1/10/2021,4:33:45 PM,-1.0333982E+1,-8.1634949E+1,3.8422673E+3,0.0000000E+0
13367050,1/10/2021,4:33:45 PM,-6.5565002E-1,-7.7656693E+1,3.8440535E+3,0.0000000E+0
13367051,1/10/2021,4:33:45 PM,6.1867051E+0,-7.1608658E+1,3.8503037E+3,0.0000000E+0
13367052,1/10/2021,4:33:45 PM,1.4036532E+1,-7.1581787E+1,3.8404817E+3,0.0000000E+0
13367053,1/10/2021,4:33:45 PM,2.3435953E+1,-6.9592651E+1,3.8404817E+3,0.0000000E+0
13367054,1/10/2021,4:33:45 PM,3.3464733E+1,-6.1743656E+1,3.8458391E+3,0.0000000E+0
13367055,1/10/2021,4:33:45 PM,3.9503281E+1,-4.9056236E+1,3.8511968E+3,0.0000000E+0
13367056,1/10/2021,4:33:46 PM,4.0141720E+1,-3.4756008E+1,3.8547686E+3,0.0000000E+0
13367057,1/10/2021,4:33:46 PM,4.1604805E+1,-2.2606188E+1,3.8529824E+3,0.0000000E+0
13367058,1/10/2021,4:33:46 PM,4.1870815E+1,-8.1899662E+0,3.8547686E+3,0.0000000E+0
13367059,1/10/2021,4:33:46 PM,3.9503281E+1,1.0221504E+1,3.8610188E+3,0.0000000E+0
13367060,1/10/2021,4:33:46 PM,3.7348557E+1,2.8654217E+1,3.8654836E+3,0.0000000E+0
13367061,1/10/2021,4:33:46 PM,3.3305122E+1,4.7120865E+1,3.8735200E+3,0.0000000E+0
13367062,1/10/2021,4:33:46 PM,3.0831179E+1,5.9351322E+1,3.8744128E+3,0.0000000E+0
13367063,1/10/2021,4:33:46 PM,3.2533680E+1,6.5641273E+1,3.8708411E+3,0.0000000E+0
13367064,1/10/2021,4:33:46 PM,3.5140629E+1,7.1044182E+1,3.8717339E+3,0.0000000E+0
13367065,1/10/2021,4:33:46 PM,3.6630314E+1,7.5775085E+1,3.8761987E+3,0.0000000E+0
13367066,1/10/2021,4:33:47 PM,3.8066799E+1,7.9860863E+1,3.8788777E+3,0.0000000E+0
13367067,1/10/2021,4:33:47 PM,3.7880589E+1,7.8973816E+1,3.8735200E+3,0.0000000E+0
13367068,1/10/2021,4:33:47 PM,3.8678631E+1,7.4269791E+1,3.8690554E+3,0.0000000E+0
13367069,1/10/2021,4:33:47 PM,4.0407734E+1,7.0345299E+1,3.8681621E+3,0.0000000E+0
13367070,1/10/2021,4:33:47 PM,3.9370274E+1,6.6608963E+1,3.8681621E+3,0.0000000E+0
13367071,1/10/2021,4:33:47 PM,3.7321957E+1,6.4404785E+1,3.8699482E+3,0.0000000E+0
13367072,1/10/2021,4:33:47 PM,3.2480476E+1,6.1770535E+1,3.8681621E+3,0.0000000E+0
13367073,1/10/2021,4:33:47 PM,2.6814350E+1,5.5614983E+1,3.8619119E+3,0.0000000E+0
13367074,1/10/2021,4:33:47 PM,2.4978842E+1,4.9755119E+1,3.8645906E+3,0.0000000E+0
13367075,1/10/2021,4:33:47 PM,2.1919666E+1,4.4029652E+1,3.8628047E+3,0.0000000E+0
13367076,1/10/2021,4:33:48 PM,1.2876031E+1,4.0992195E+1,3.8636978E+3,0.0000000E+0
13367077,1/10/2021,4:33:48 PM,1.9773114E+0,3.7202099E+1,3.8636978E+3,0.0000000E+0
13367078,1/10/2021,4:33:48 PM,-1.6611000E+0,2.7202690E+1,3.8619119E+3,0.0000000E+0
13367079,1/10/2021,4:33:48 PM,-1.6795094E+0,1.8150881E+1,3.8654836E+3,0.0000000E+0
13367080,1/10/2021,4:33:48 PM,-1.1018177E+1,8.8441010E+0,3.8511968E+3,0.0000000E+0
13367081,1/10/2021,4:33:48 PM,-2.2957125E+1,1.7465652E+0,3.8547686E+3,0.0000000E+0
13367082,1/10/2021,4:33:48 PM,-3.5433247E+1,-4.0416846E+0,3.8547686E+3,0.0000000E+0
13367083,1/10/2021,4:33:48 PM,-4.1737812E+1,-1.3388468E+1,3.8556614E+3,0.0000000E+0
13367084,1/10/2021,4:33:48 PM,-4.6020660E+1,-2.5321079E+1,3.8458391E+3,0.0000000E+0
13367085,1/10/2021,4:33:48 PM,-5.5756821E+1,-3.5562408E+1,3.8431602E+3,0.0000000E+0
13367086,1/10/2021,4:33:49 PM,-7.1451729E+1,-4.0830914E+1,3.8404817E+3,0.0000000E+0
13367087,1/10/2021,4:33:49 PM,-8.3715034E+1,-4.4029652E+1,3.8440535E+3,0.0000000E+0
13367088,1/10/2021,4:33:49 PM,-9.1855103E+1,-5.0158318E+1,3.8404817E+3,0.0000000E+0
13367089,1/10/2021,4:33:49 PM,-9.4754669E+1,-5.8706200E+1,3.8360168E+3,0.0000000E+0
13367090,1/10/2021,4:33:49 PM,-9.7760643E+1,-6.6313278E+1,3.8333379E+3,0.0000000E+0
13367091,1/10/2021,4:33:49 PM,-9.9223732E+1,-7.1232346E+1,3.8324451E+3,0.0000000E+0
13367092,1/10/2021,4:33:49 PM,-1.0382579E+2,-7.1474266E+1,3.8360168E+3,0.0000000E+0
13367093,1/10/2021,4:33:49 PM,-1.0363958E+2,-7.3705315E+1,3.8342312E+3,0.0000000E+0
13367094,1/10/2021,4:33:49 PM,-9.7734047E+1,-7.6930923E+1,3.8351240E+3,0.0000000E+0
13367095,1/10/2021,4:33:49 PM,-9.0631439E+1,-7.6608368E+1,3.8342312E+3,0.0000000E+0
13367096,1/10/2021,4:33:50 PM,-8.8210693E+1,-7.3517151E+1,3.8342312E+3,0.0000000E+0
13367097,1/10/2021,4:33:50 PM,-8.6135780E+1,-6.7119682E+1,3.8395886E+3,0.0000000E+0
13367098,1/10/2021,4:33:50 PM,-8.2092346E+1,-5.9566368E+1,3.8440535E+3,0.0000000E+0
13367099,1/10/2021,4:33:50 PM,-7.6266602E+1,-5.4916103E+1,3.8422673E+3,0.0000000E+0
13367100,1/10/2021,4:33:50 PM,-6.5998413E+1,-5.2953850E+1,3.8413745E+3,0.0000000E+0
13367101,1/10/2021,4:33:50 PM,-5.4932171E+1,-4.9002472E+1,3.8404817E+3,0.0000000E+0
13367102,1/10/2021,4:33:50 PM,-4.5222610E+1,-4.1502918E+1,3.8511968E+3,0.0000000E+0
13367103,1/10/2021,4:33:50 PM,-3.1842039E+1,-3.6046253E+1,3.8511968E+3,0.0000000E+0
13367104,1/10/2021,4:33:50 PM,-1.8173283E+1,-3.3304482E+1,3.8485181E+3,0.0000000E+0
13367105,1/10/2021,4:33:50 PM,-4.3815579E-2,-3.3116318E+1,3.8476252E+3,0.0000000E+0
13367106,1/10/2021,4:33:51 PM,2.0802172E+1,-3.1395990E+1,3.8494109E+3,0.0000000E+0
13367107,1/10/2021,4:33:51 PM,3.9184063E+1,-2.4272757E+1,3.8583403E+3,0.0000000E+0
13367108,1/10/2021,4:33:51 PM,5.4400139E+1,-1.7797224E+1,3.8565542E+3,0.0000000E+0
13367109,1/10/2021,4:33:51 PM,6.8339348E+1,-1.0870319E+1,3.8601260E+3,0.0000000E+0
13367110,1/10/2021,4:33:51 PM,8.3927849E+1,-5.5149322E+0,3.8601260E+3,0.0000000E+0
13367111,1/10/2021,4:33:51 PM,9.8266075E+1,2.8428733E+0,3.8619119E+3,0.0000000E+0
13367112,1/10/2021,4:33:51 PM,1.0619334E+2,1.6366638E+1,3.8717339E+3,0.0000000E+0
13367113,1/10/2021,4:33:51 PM,1.0621994E+2,2.8412296E+1,3.8690554E+3,0.0000000E+0
13367114,1/10/2021,4:33:51 PM,1.0332037E+2,4.1744843E+1,3.8753057E+3,0.0000000E+0
13367115,1/10/2021,4:33:51 PM,9.8691696E+1,5.3330173E+1,3.8744128E+3,0.0000000E+0
13367116,1/10/2021,4:33:52 PM,9.2200928E+1,6.4592949E+1,3.8770916E+3,0.0000000E+0
13367117,1/10/2021,4:33:52 PM,8.0948471E+1,7.5936363E+1,3.8788777E+3,0.0000000E+0
13367118,1/10/2021,4:33:52 PM,6.5466377E+1,8.4914322E+1,3.8779844E+3,0.0000000E+0
13367119,1/10/2021,4:33:52 PM,4.7191128E+1,9.3193405E+1,3.8797705E+3,0.0000000E+0
13367120,1/10/2021,4:33:52 PM,3.4635201E+1,9.6419022E+1,3.8761987E+3,0.0000000E+0
13367121,1/10/2021,4:33:52 PM,2.5989702E+1,9.4913734E+1,3.8761987E+3,0.0000000E+0
13367122,1/10/2021,4:33:52 PM,1.4228633E+1,9.1983803E+1,3.8699482E+3,0.0000000E+0
13367123,1/10/2021,4:33:52 PM,1.2680153E+0,8.5828247E+1,3.8726270E+3,0.0000000E+0
13367124,1/10/2021,4:33:52 PM,-7.2077355E+0,7.6850288E+1,3.8681621E+3,0.0000000E+0
13367125,1/10/2021,4:33:52 PM,-1.7644346E+1,6.4566071E+1,3.8628047E+3,0.0000000E+0
13367126,1/10/2021,4:33:53 PM,-2.5298059E+1,5.0803444E+1,3.8619119E+3,0.0000000E+0
13367127,1/10/2021,4:33:53 PM,-3.4156372E+1,3.6960175E+1,3.8574470E+3,0.0000000E+0
13367128,1/10/2021,4:33:53 PM,-4.7217728E+1,2.5401722E+1,3.8547686E+3,0.0000000E+0
13367129,1/10/2021,4:33:53 PM,-5.7246510E+1,1.4635576E+1,3.8538755E+3,0.0000000E+0
13367130,1/10/2021,4:33:53 PM,-6.4907745E+1,1.6736915E+0,3.8503037E+3,0.0000000E+0
13367131,1/10/2021,4:33:53 PM,-7.2914810E+1,-1.1505839E+1,3.8440535E+3,0.0000000E+0
13367132,1/10/2021,4:33:53 PM,-8.0150429E+1,-2.3090031E+1,3.8404817E+3,0.0000000E+0
13367133,1/10/2021,4:33:53 PM,-8.7173233E+1,-3.1100307E+1,3.8422673E+3,0.0000000E+0
13367134,1/10/2021,4:33:53 PM,-9.1030457E+1,-3.8922428E+1,3.8395886E+3,0.0000000E+0
13367135,1/10/2021,4:33:53 PM,-9.4116234E+1,-4.7067108E+1,3.8351240E+3,0.0000000E+0
13367136,1/10/2021,4:33:54 PM,-9.4116234E+1,-5.3894661E+1,3.8333379E+3,0.0000000E+0
13367137,1/10/2021,4:33:54 PM,-9.0285614E+1,-5.7899799E+1,3.8369097E+3,0.0000000E+0
13367138,1/10/2021,4:33:54 PM,-8.5257927E+1,-6.1259811E+1,3.8360168E+3,0.0000000E+0
13367139,1/10/2021,4:33:54 PM,-7.6319809E+1,-6.4324142E+1,3.8386958E+3,0.0000000E+0
13367140,1/10/2021,4:33:54 PM,-6.4561928E+1,-6.5963837E+1,3.8422673E+3,0.0000000E+0
13367141,1/10/2021,4:33:54 PM,-4.9425655E+1,-6.8221764E+1,3.8404817E+3,0.0000000E+0
13367142,1/10/2021,4:33:54 PM,-3.3943562E+1,-7.0560341E+1,3.8431602E+3,0.0000000E+0
13367143,1/10/2021,4:33:54 PM,-2.2159081E+1,-7.1501144E+1,3.8431602E+3,0.0000000E+0
13367144,1/10/2021,4:33:54 PM,-1.1202384E+1,-6.9458252E+1,3.8476252E+3,0.0000000E+0
13367145,1/10/2021,4:33:54 PM,3.0083663E+0,-6.7522881E+1,3.8511968E+3,0.0000000E+0
13367146,1/10/2021,4:33:55 PM,1.2691824E+1,-6.5076797E+1,3.8520896E+3,0.0000000E+0
13367147,1/10/2021,4:33:55 PM,1.9657461E+1,-6.3329582E+1,3.8485181E+3,0.0000000E+0
13367148,1/10/2021,4:33:55 PM,2.3622164E+1,-5.9835167E+1,3.8503037E+3,0.0000000E+0
13367149,1/10/2021,4:33:55 PM,2.6202513E+1,-5.3518337E+1,3.8529824E+3,0.0000000E+0
13367150,1/10/2021,4:33:55 PM,2.6681341E+1,-4.6663902E+1,3.8520896E+3,0.0000000E+0
13367151,1/10/2021,4:33:55 PM,2.6761145E+1,-4.0535233E+1,3.8547686E+3,0.0000000E+0
13367152,1/10/2021,4:33:55 PM,2.6255718E+1,-3.5347370E+1,3.8529824E+3,0.0000000E+0
13367153,1/10/2021,4:33:55 PM,2.4100992E+1,-2.9944462E+1,3.8503037E+3,0.0000000E+0
13367154,1/10/2021,4:33:55 PM,2.1228027E+1,-2.3627632E+1,3.8511968E+3,0.0000000E+0
13367155,1/10/2021,4:33:55 PM,2.0436390E+1,-1.4813735E+1,3.8565542E+3,0.0000000E+0
13367156,1/10/2021,4:33:56 PM,2.0642792E+1,-7.5331736E+0,3.8601260E+3,0.0000000E+0
13367157,1/10/2021,4:33:56 PM,2.1547245E+1,-2.2198436E+0,3.8565542E+3,0.0000000E+0
13367158,1/10/2021,4:33:56 PM,2.1387636E+1,2.8172474E+0,3.8583403E+3,0.0000000E+0
13367159,1/10/2021,4:33:56 PM,2.1680252E+1,7.7937636E+0,3.8583403E+3,0.0000000E+0
13367160,1/10/2021,4:33:56 PM,2.1946266E+1,1.3008219E+1,3.8619119E+3,0.0000000E+0
13367161,1/10/2021,4:33:56 PM,2.3010330E+1,1.7930178E+1,3.8645906E+3,0.0000000E+0
13367162,1/10/2021,4:33:56 PM,2.0315340E+1,2.2928751E+1,3.8645906E+3,0.0000000E+0
13367163,1/10/2021,4:33:56 PM,1.6715420E+1,2.5428602E+1,3.8619119E+3,0.0000000E+0
13367164,1/10/2021,4:33:56 PM,1.0999757E+1,2.8627338E+1,3.8601260E+3,0.0000000E+0
13367165,1/10/2021,4:33:56 PM,3.2746496E+0,3.2955040E+1,3.8636978E+3,0.0000000E+0
13367166,1/10/2021,4:33:57 PM,-6.8077440E+0,3.7605297E+1,3.8636978E+3,0.0000000E+0
13367167,1/10/2021,4:33:57 PM,-1.5760177E+1,4.0508354E+1,3.8628047E+3,0.0000000E+0
13367168,1/10/2021,4:33:57 PM,-2.9713917E+1,4.3250130E+1,3.8610188E+3,0.0000000E+0
13367169,1/10/2021,4:33:57 PM,-4.0647148E+1,4.2739407E+1,3.8556614E+3,0.0000000E+0
13367170,1/10/2021,4:33:57 PM,-5.0729130E+1,4.4137173E+1,3.8601260E+3,0.0000000E+0
13367171,1/10/2021,4:33:57 PM,-6.1156933E+1,4.5857502E+1,3.8565542E+3,0.0000000E+0
13367172,1/10/2021,4:33:57 PM,-7.0627075E+1,4.4970455E+1,3.8592332E+3,0.0000000E+0
13367173,1/10/2021,4:33:57 PM,-7.5973991E+1,4.0588997E+1,3.8538755E+3,0.0000000E+0
13367174,1/10/2021,4:33:57 PM,-8.1161293E+1,3.5723690E+1,3.8494109E+3,0.0000000E+0
13367175,1/10/2021,4:33:57 PM,-8.3688431E+1,3.1557272E+1,3.8538755E+3,0.0000000E+0
13367176,1/10/2021,4:33:58 PM,-8.1134689E+1,2.7095171E+1,3.8529824E+3,0.0000000E+0
13367177,1/10/2021,4:33:58 PM,-7.6612427E+1,2.1584743E+1,3.8538755E+3,0.0000000E+0
13367178,1/10/2021,4:33:58 PM,-6.9988640E+1,1.3835195E+1,3.8494109E+3,0.0000000E+0
13367179,1/10/2021,4:33:58 PM,-6.1369743E+1,6.2541561E+0,3.8529824E+3,0.0000000E+0
13367180,1/10/2021,4:33:58 PM,-5.1447372E+1,-9.4176555E-1,3.8494109E+3,0.0000000E+0
13367181,1/10/2021,4:33:58 PM,-4.3307301E+1,-6.1797018E+0,3.8494109E+3,0.0000000E+0
13367182,1/10/2021,4:33:58 PM,-3.4635201E+1,-1.0880956E+1,3.8494109E+3,0.0000000E+0
13367183,1/10/2021,4:33:58 PM,-2.6734543E+1,-1.3630444E+1,3.8494109E+3,0.0000000E+0
13367184,1/10/2021,4:33:58 PM,-1.9296942E+1,-1.5013166E+1,3.8520896E+3,0.0000000E+0
13367185,1/10/2021,4:33:58 PM,-1.6660156E+1,-1.4396259E+1,3.8511968E+3,0.0000000E+0
13367186,1/10/2021,4:33:59 PM,-1.3828641E+1,-1.4321805E+1,3.8529824E+3,0.0000000E+0
13367187,1/10/2021,4:33:59 PM,-8.5524426E+0,-1.6810703E+1,3.8494109E+3,0.0000000E+0
13367188,1/10/2021,4:33:59 PM,1.8425847E+0,-1.6858566E+1,3.8565542E+3,0.0000000E+0
13367189,1/10/2021,4:33:59 PM,1.1373432E+1,-1.7640337E+1,3.8565542E+3,0.0000000E+0
13367190,1/10/2021,4:33:59 PM,1.6710157E+1,-2.0227623E+1,3.8556614E+3,0.0000000E+0
13367191,1/10/2021,4:33:59 PM,1.8933790E+1,-2.0832100E+1,3.8547686E+3,0.0000000E+0
13367192,1/10/2021,4:33:59 PM,2.4792631E+1,-2.4675959E+1,3.8520896E+3,0.0000000E+0
13367193,1/10/2021,4:33:59 PM,3.4874615E+1,-2.8009096E+1,3.8565542E+3,0.0000000E+0
13367194,1/10/2021,4:33:59 PM,4.6127064E+1,-2.9729424E+1,3.8583403E+3,0.0000000E+0
13367195,1/10/2021,4:33:59 PM,5.3176472E+1,-3.2471195E+1,3.8592332E+3,0.0000000E+0
13367196,1/10/2021,4:34:00 PM,5.6874084E+1,-3.4944168E+1,3.8547686E+3,0.0000000E+0
13367197,1/10/2021,4:34:00 PM,5.7113499E+1,-3.7148338E+1,3.8556614E+3,0.0000000E+0
13367198,1/10/2021,4:34:00 PM,6.2779625E+1,-3.9836349E+1,3.8556614E+3,0.0000000E+0
13367199,1/10/2021,4:34:00 PM,6.7541298E+1,-4.1341637E+1,3.8565542E+3,0.0000000E+0
13367200,1/10/2021,4:34:00 PM,6.7700905E+1,-4.2712524E+1,3.8583403E+3,0.0000000E+0
13367201,1/10/2021,4:34:00 PM,6.1502750E+1,-4.4083412E+1,3.8529824E+3,0.0000000E+0
13367202,1/10/2021,4:34:00 PM,5.0808937E+1,-4.3438286E+1,3.8476252E+3,0.0000000E+0
13367203,1/10/2021,4:34:00 PM,4.1870815E+1,-3.9701950E+1,3.8547686E+3,0.0000000E+0
13367204,1/10/2021,4:34:00 PM,3.8306213E+1,-3.7766582E+1,3.8511968E+3,0.0000000E+0
13367205,1/10/2021,4:34:00 PM,3.1043993E+1,-3.2417435E+1,3.8556614E+3,0.0000000E+0
13367206,1/10/2021,4:34:01 PM,2.2558104E+1,-2.6208128E+1,3.8529824E+3,0.0000000E+0
13367207,1/10/2021,4:34:01 PM,8.2445545E+0,-1.9589443E+1,3.8511968E+3,0.0000000E+0
13367208,1/10/2021,4:34:01 PM,-7.7337140E-1,-1.4268624E+1,3.8538755E+3,0.0000000E+0
13367209,1/10/2021,4:34:01 PM,-5.7314525E+0,-1.0487411E+1,3.8538755E+3,0.0000000E+0
13367210,1/10/2021,4:34:01 PM,-9.5261049E+0,-7.2459927E+0,3.8547686E+3,0.0000000E+0
13367211,1/10/2021,4:34:01 PM,-1.5091771E+1,-2.8989298E+0,3.8538755E+3,0.0000000E+0
13367212,1/10/2021,4:34:01 PM,-2.6628138E+1,3.7630033E+0,3.8547686E+3,0.0000000E+0
13367213,1/10/2021,4:34:01 PM,-3.6124889E+1,9.2296667E+0,3.8520896E+3,0.0000000E+0
13367214,1/10/2021,4:34:01 PM,-4.0673748E+1,1.3303377E+1,3.8565542E+3,0.0000000E+0
13367215,1/10/2021,4:34:01 PM,-4.6499485E+1,1.9661240E+1,3.8547686E+3,0.0000000E+0
13367216,1/10/2021,4:34:02 PM,-5.4240532E+1,2.7122051E+1,3.8645906E+3,0.0000000E+0
13367217,1/10/2021,4:34:02 PM,-7.1850746E+1,3.2551834E+1,3.8422673E+3,0.0000000E+0
13367218,1/10/2021,4:34:02 PM,-8.3768242E+1,3.9056828E+1,3.8583403E+3,0.0000000E+0
13367219,1/10/2021,4:34:02 PM,-8.6933823E+1,4.7228386E+1,3.8663765E+3,0.0000000E+0
13367220,1/10/2021,4:34:02 PM,-8.6002769E+1,4.5239254E+1,3.8556614E+3,0.0000000E+0
13367221,1/10/2021,4:34:02 PM,-8.9593979E+1,4.1476040E+1,3.8547686E+3,0.0000000E+0
13367222,1/10/2021,4:34:02 PM,-9.4515259E+1,3.9003067E+1,3.8511968E+3,0.0000000E+0
13367223,1/10/2021,4:34:02 PM,-9.3397995E+1,3.5535530E+1,3.8574470E+3,0.0000000E+0
13367224,1/10/2021,4:34:02 PM,-8.2996796E+1,2.6342525E+1,3.8494109E+3,0.0000000E+0
13367225,1/10/2021,4:34:02 PM,-7.0733490E+1,1.8762468E+1,3.8601260E+3,0.0000000E+0
13367226,1/10/2021,4:34:03 PM,-5.8576584E+1,7.9267173E+0,3.8494109E+3,0.0000000E+0
13367227,1/10/2021,4:34:03 PM,-5.2059204E+1,3.8273397E-1,3.8458391E+3,0.0000000E+0
13367228,1/10/2021,4:34:03 PM,-4.4211754E+1,-4.4396873E+0,3.8511968E+3,0.0000000E+0
13367229,1/10/2021,4:34:03 PM,-3.4581997E+1,-7.6741052E+0,3.8529824E+3,0.0000000E+0
13367230,1/10/2021,4:34:03 PM,-2.5484272E+1,-1.2420564E+1,3.8511968E+3,0.0000000E+0
13367231,1/10/2021,4:34:03 PM,-1.6710157E+1,-1.6693705E+1,3.8511968E+3,0.0000000E+0
13367232,1/10/2021,4:34:03 PM,-1.6665421E+1,-1.6318773E+1,3.8511968E+3,0.0000000E+0
13367233,1/10/2021,4:34:03 PM,-1.5741757E+1,-1.4582396E+1,3.8511968E+3,0.0000000E+0
13367234,1/10/2021,4:34:03 PM,-1.1305013E+1,-1.3510785E+1,3.8583403E+3,0.0000000E+0
13367235,1/10/2021,4:34:03 PM,-7.9550872E+0,-1.3859126E+1,3.8556614E+3,0.0000000E+0
13367236,1/10/2021,4:34:04 PM,-6.5998540E+0,-1.6459705E+1,3.8520896E+3,0.0000000E+0
13367237,1/10/2021,4:34:04 PM,-4.3064971E+0,-1.8477947E+1,3.8529824E+3,0.0000000E+0
13367238,1/10/2021,4:34:04 PM,-6.5195471E-1,-1.9921827E+1,3.8547686E+3,0.0000000E+0
13367239,1/10/2021,4:34:04 PM,2.8712623E+0,-2.2310507E+1,3.8547686E+3,0.0000000E+0
13367240,1/10/2021,4:34:04 PM,9.6261024E+0,-2.6907009E+1,3.8529824E+3,0.0000000E+0
13367241,1/10/2021,4:34:04 PM,1.7662767E+1,-3.1906713E+1,3.8520896E+3,0.0000000E+0
13367242,1/10/2021,4:34:04 PM,2.2265486E+1,-3.5965614E+1,3.8503037E+3,0.0000000E+0
13367243,1/10/2021,4:34:04 PM,2.6840952E+1,-3.8653625E+1,3.8494109E+3,0.0000000E+0
13367244,1/10/2021,4:34:04 PM,3.0511961E+1,-3.8357944E+1,3.8538755E+3,0.0000000E+0
13367245,1/10/2021,4:34:04 PM,3.0644970E+1,-3.4648483E+1,3.8529824E+3,0.0000000E+0
13367246,1/10/2021,4:34:05 PM,2.9288292E+1,-3.3331360E+1,3.8511968E+3,0.0000000E+0
13367247,1/10/2021,4:34:05 PM,2.6042904E+1,-2.8062855E+1,3.8511968E+3,0.0000000E+0
13367248,1/10/2021,4:34:05 PM,2.1095018E+1,-1.9873964E+1,3.8565542E+3,0.0000000E+0
13367249,1/10/2021,4:34:05 PM,1.2802347E+1,-1.1705271E+1,3.8574470E+3,0.0000000E+0
13367250,1/10/2021,4:34:05 PM,5.7630301E+0,-5.4238815E+0,3.8565542E+3,0.0000000E+0
13367251,1/10/2021,4:34:05 PM,-1.8893428E+0,2.7924910E-1,3.8601260E+3,0.0000000E+0
13367252,1/10/2021,4:34:05 PM,-1.0060304E+1,3.9984412E+0,3.8565542E+3,0.0000000E+0
13367253,1/10/2021,4:34:05 PM,-1.5160192E+1,5.8154082E+0,3.8583403E+3,0.0000000E+0
13367254,1/10/2021,4:34:05 PM,-1.6328585E+1,6.0919523E+0,3.8565542E+3,0.0000000E+0
13367255,1/10/2021,4:34:05 PM,-1.6657526E+1,3.6653047E+0,3.8565542E+3,0.0000000E+0
13367256,1/10/2021,4:34:06 PM,-1.5204926E+1,-9.4790006E-1,3.8538755E+3,0.0000000E+0
13367257,1/10/2021,4:34:06 PM,-1.1389221E+1,-5.6930904E+0,3.8511968E+3,0.0000000E+0
13367258,1/10/2021,4:34:06 PM,-9.7761002E+0,-8.0756264E+0,3.8547686E+3,0.0000000E+0
13367259,1/10/2021,4:34:06 PM,-6.7551136E+0,-1.0492730E+1,3.8511968E+3,0.0000000E+0
13367260,1/10/2021,4:34:06 PM,-2.9425881E+0,-1.2622653E+1,3.8529824E+3,0.0000000E+0
13367261,1/10/2021,4:34:06 PM,-2.0629025E+0,-1.3109265E+1,3.8511968E+3,0.0000000E+0
13367262,1/10/2021,4:34:06 PM,-4.9349570E+0,-9.9157095E+0,3.8529824E+3,0.0000000E+0
13367263,1/10/2021,4:34:06 PM,-7.0761590E+0,-7.1316524E+0,3.8511968E+3,0.0000000E+0
13367264,1/10/2021,4:34:06 PM,-9.3445301E+0,-1.7137320E+0,3.8538755E+3,0.0000000E+0
13367265,1/10/2021,4:34:06 PM,-1.2041839E+1,4.7856369E+0,3.8583403E+3,0.0000000E+0
13367266,1/10/2021,4:34:07 PM,-1.3533911E+1,9.2589169E+0,3.8538755E+3,0.0000000E+0
13367267,1/10/2021,4:34:07 PM,-1.5110191E+1,1.3537377E+1,3.8583403E+3,0.0000000E+0
13367268,1/10/2021,4:34:07 PM,-1.1583954E+1,1.5130166E+1,3.8565542E+3,0.0000000E+0
13367269,1/10/2021,4:34:07 PM,-7.7787752E+0,1.7398361E+1,3.8601260E+3,0.0000000E+0
13367270,1/10/2021,4:34:07 PM,-2.3157132E+0,1.7276043E+1,3.8601260E+3,0.0000000E+0
13367271,1/10/2021,4:34:07 PM,5.4998784E+0,1.4497305E+1,3.8601260E+3,0.0000000E+0
13367272,1/10/2021,4:34:07 PM,1.2733930E+1,1.1928633E+1,3.8601260E+3,0.0000000E+0
13367273,1/10/2021,4:34:07 PM,1.6786470E+1,1.0431571E+1,3.8601260E+3,0.0000000E+0
13367274,1/10/2021,4:34:07 PM,2.1095018E+1,6.9561534E+0,3.8601260E+3,0.0000000E+0
13367275,1/10/2021,4:34:07 PM,2.4500015E+1,4.8096609E+0,3.8601260E+3,0.0000000E+0
13367276,1/10/2021,4:34:08 PM,2.3941383E+1,4.7648158E+0,3.8619119E+3,0.0000000E+0
13367277,1/10/2021,4:34:08 PM,2.1653650E+1,2.2574816E+0,3.8583403E+3,0.0000000E+0
13367278,1/10/2021,4:34:08 PM,1.6965414E+1,-1.5736101E-2,3.8565542E+3,0.0000000E+0
13367279,1/10/2021,4:34:08 PM,1.2891820E+1,-5.6489933E-1,3.8583403E+3,0.0000000E+0
13367280,1/10/2021,4:34:08 PM,7.0103707E+0,-1.9379587E+0,3.8601260E+3,0.0000000E+0
13367281,1/10/2021,4:34:08 PM,3.7683830E+0,-6.9694486E+0,3.8529824E+3,0.0000000E+0
13367282,1/10/2021,4:34:08 PM,-2.1413608E+0,-9.2828484E+0,3.8547686E+3,0.0000000E+0
13367283,1/10/2021,4:34:08 PM,-9.4655800E+0,-1.1008592E+1,3.8547686E+3,0.0000000E+0
13367284,1/10/2021,4:34:08 PM,-1.9028526E+1,-1.2393972E+1,3.8476252E+3,0.0000000E+0
13367285,1/10/2021,4:34:08 PM,-2.4819233E+1,-1.3691604E+1,3.8547686E+3,0.0000000E+0
13367286,1/10/2021,4:34:09 PM,-2.8596653E+1,-1.6114025E+1,3.8511968E+3,0.0000000E+0
13367287,1/10/2021,4:34:09 PM,-3.3677544E+1,-1.9461807E+1,3.8476252E+3,0.0000000E+0
13367288,1/10/2021,4:34:09 PM,-4.2509254E+1,-1.8727901E+1,3.8458391E+3,0.0000000E+0
13367289,1/10/2021,4:34:09 PM,-5.1739990E+1,-1.5380119E+1,3.8494109E+3,0.0000000E+0
13367290,1/10/2021,4:34:09 PM,-6.1210136E+1,-1.0894251E+1,3.8503037E+3,0.0000000E+0
13367291,1/10/2021,4:34:09 PM,-6.6610245E+1,-8.8919640E+0,3.8494109E+3,0.0000000E+0
13367292,1/10/2021,4:34:09 PM,-7.3047821E+1,-7.0970850E+0,3.8494109E+3,0.0000000E+0
13367293,1/10/2021,4:34:09 PM,-7.9325783E+1,-4.3724194E+0,3.8476252E+3,0.0000000E+0
13367294,1/10/2021,4:34:09 PM,-8.6029366E+1,-1.7603096E-1,3.8494109E+3,0.0000000E+0
13367295,1/10/2021,4:34:09 PM,-8.9673775E+1,2.3711965E+0,3.8520896E+3,0.0000000E+0
13367296,1/10/2021,4:34:10 PM,-8.9540771E+1,2.1221449E+0,3.8494109E+3,0.0000000E+0
13367297,1/10/2021,4:34:10 PM,-8.5976166E+1,-2.8698382E-1,3.8485181E+3,0.0000000E+0
13367298,1/10/2021,4:34:10 PM,-8.1374100E+1,-2.2158396E+0,3.8476252E+3,0.0000000E+0
13367299,1/10/2021,4:34:10 PM,-7.6984848E+1,-4.2482934E+0,3.8494109E+3,0.0000000E+0
13367300,1/10/2021,4:34:10 PM,-7.1265511E+1,-5.2445006E+0,3.8511968E+3,0.0000000E+0
13367301,1/10/2021,4:34:10 PM,-6.5732399E+1,-8.1022177E+0,3.8503037E+3,0.0000000E+0
13367302,1/10/2021,4:34:10 PM,-6.0119473E+1,-1.1920656E+1,3.8476252E+3,0.0000000E+0
13367303,1/10/2021,4:34:10 PM,-5.5198189E+1,-1.4800439E+1,3.8458391E+3,0.0000000E+0
13367304,1/10/2021,4:34:10 PM,-4.9399052E+1,-1.4029306E+1,3.8503037E+3,0.0000000E+0
13367305,1/10/2021,4:34:10 PM,-4.3466911E+1,-1.3032151E+1,3.8503037E+3,0.0000000E+0
13367306,1/10/2021,4:34:11 PM,-3.6124889E+1,-1.2518949E+1,3.8529824E+3,0.0000000E+0
13367307,1/10/2021,4:34:11 PM,-2.4819233E+1,-1.4117056E+1,3.8547686E+3,0.0000000E+0
13367308,1/10/2021,4:34:11 PM,-1.4036532E+1,-1.8047176E+1,3.8494109E+3,0.0000000E+0
13367309,1/10/2021,4:34:11 PM,-2.2990704E+0,-2.0161144E+1,3.8511968E+3,0.0000000E+0
13367310,1/10/2021,4:34:11 PM,7.2524710E+0,-1.8937967E+1,3.8565542E+3,0.0000000E+0
13367311,1/10/2021,4:34:11 PM,1.4975985E+1,-1.9645283E+1,3.8547686E+3,0.0000000E+0
13367312,1/10/2021,4:34:11 PM,2.7798605E+1,-2.0912741E+1,3.8547686E+3,0.0000000E+0
13367313,1/10/2021,4:34:11 PM,4.1844215E+1,-2.4864119E+1,3.8556614E+3,0.0000000E+0
13367314,1/10/2021,4:34:11 PM,5.3841511E+1,-2.5804924E+1,3.8511968E+3,0.0000000E+0
13367315,1/10/2021,4:34:11 PM,6.4934357E+1,-2.5025400E+1,3.8619119E+3,0.0000000E+0
13367316,1/10/2021,4:34:12 PM,7.4617310E+1,-2.4165236E+1,3.8583403E+3,0.0000000E+0
13367317,1/10/2021,4:34:12 PM,8.3608627E+1,-2.5159801E+1,3.8601260E+3,0.0000000E+0
13367318,1/10/2021,4:34:12 PM,9.4142838E+1,-2.5885563E+1,3.8583403E+3,0.0000000E+0
13367319,1/10/2021,4:34:12 PM,1.0039420E+2,-2.1826664E+1,3.8610188E+3,0.0000000E+0
13367320,1/10/2021,4:34:12 PM,1.0209670E+2,-1.4074512E+1,3.8663765E+3,0.0000000E+0
13367321,1/10/2021,4:34:12 PM,9.7414825E+1,-6.0254755E+0,3.8645906E+3,0.0000000E+0
13367322,1/10/2021,4:34:12 PM,9.2413734E+1,-1.5010641E+0,3.8654836E+3,0.0000000E+0
13367323,1/10/2021,4:34:12 PM,8.5789955E+1,1.4887046E+0,3.8601260E+3,0.0000000E+0
13367324,1/10/2021,4:34:12 PM,7.5441956E+1,6.8125629E+0,3.8610188E+3,0.0000000E+0
13367325,1/10/2021,4:34:12 PM,6.4109703E+1,1.4324464E+1,3.8619119E+3,0.0000000E+0
13367326,1/10/2021,4:34:13 PM,5.4852371E+1,2.2337387E+1,3.8708411E+3,0.0000000E+0
13367327,1/10/2021,4:34:13 PM,4.7324131E+1,2.7095171E+1,3.8636978E+3,0.0000000E+0
13367328,1/10/2021,4:34:13 PM,4.3333904E+1,2.6826370E+1,3.8645906E+3,0.0000000E+0
13367329,1/10/2021,4:34:13 PM,2.8250830E+1,2.9111177E+1,3.8583403E+3,0.0000000E+0
13367330,1/10/2021,4:34:13 PM,2.0988613E+1,3.2444317E+1,3.8654836E+3,0.0000000E+0
13367331,1/10/2021,4:34:13 PM,1.7939075E+1,3.5589291E+1,3.8726270E+3,0.0000000E+0
13367332,1/10/2021,4:34:13 PM,5.1709380E+0,3.2202393E+1,3.8583403E+3,0.0000000E+0
13367333,1/10/2021,4:34:13 PM,-4.2914395E+0,2.4568438E+1,3.8583403E+3,0.0000000E+0
13367334,1/10/2021,4:34:13 PM,-1.2760244E+1,1.9089537E+1,3.8547686E+3,0.0000000E+0
13367335,1/10/2021,4:34:13 PM,-2.4154196E+1,2.0416418E+1,3.8628047E+3,0.0000000E+0
13367336,1/10/2021,4:34:14 PM,-4.4637379E+1,2.0643938E+1,3.8583403E+3,0.0000000E+0
13367337,1/10/2021,4:34:14 PM,-6.4056503E+1,1.7892950E+1,3.8458391E+3,0.0000000E+0
13367338,1/10/2021,4:34:14 PM,-7.6027191E+1,1.5483823E+1,3.8619119E+3,0.0000000E+0
13367339,1/10/2021,4:34:14 PM,-8.8423508E+1,8.6792374E+0,3.8467319E+3,0.0000000E+0
13367340,1/10/2021,4:34:14 PM,-9.8851311E+1,2.6884726E-1,3.8422673E+3,0.0000000E+0
13367341,1/10/2021,4:34:14 PM,-1.1143383E+2,-3.3073428E+0,3.8458391E+3,0.0000000E+0
13367342,1/10/2021,4:34:14 PM,-1.2369714E+2,-7.0412440E+0,3.8440535E+3,0.0000000E+0
13367343,1/10/2021,4:34:14 PM,-1.2912386E+2,-1.3409740E+1,3.8422673E+3,0.0000000E+0
13367344,1/10/2021,4:34:14 PM,-1.3271507E+2,-2.1342823E+1,3.8369097E+3,0.0000000E+0
13367345,1/10/2021,4:34:14 PM,-1.3361952E+2,-2.7605892E+1,3.8333379E+3,0.0000000E+0
13367346,1/10/2021,4:34:15 PM,-1.3263527E+2,-2.8035975E+1,3.8395886E+3,0.0000000E+0
13367347,1/10/2021,4:34:15 PM,-1.3316728E+2,-2.5912443E+1,3.8440535E+3,0.0000000E+0
13367348,1/10/2021,4:34:15 PM,-1.2896425E+2,-2.7982216E+1,3.8395886E+3,0.0000000E+0
13367349,1/10/2021,4:34:15 PM,-1.1414719E+2,-3.4729126E+1,3.8395886E+3,0.0000000E+0
13367350,1/10/2021,4:34:15 PM,-1.0318736E+2,-3.8169781E+1,3.8386958E+3,0.0000000E+0
13367351,1/10/2021,4:34:15 PM,-9.4329048E+1,-3.7551540E+1,3.8440535E+3,0.0000000E+0
13367352,1/10/2021,4:34:15 PM,-8.9008743E+1,-3.7766582E+1,3.8404817E+3,0.0000000E+0
13367353,1/10/2021,4:34:15 PM,-7.6745430E+1,-3.6315052E+1,3.8476252E+3,0.0000000E+0
13367354,1/10/2021,4:34:15 PM,-6.5625992E+1,-3.5347370E+1,3.8476252E+3,0.0000000E+0
13367355,1/10/2021,4:34:15 PM,-5.3362682E+1,-3.3492638E+1,3.8422673E+3,0.0000000E+0
13367356,1/10/2021,4:34:16 PM,-4.6153664E+1,-3.0831507E+1,3.8476252E+3,0.0000000E+0
13367357,1/10/2021,4:34:16 PM,-4.0886562E+1,-2.2068586E+1,3.8503037E+3,0.0000000E+0
13367358,1/10/2021,4:34:16 PM,-2.7027161E+1,-2.1719143E+1,3.8538755E+3,0.0000000E+0
13367359,1/10/2021,4:34:16 PM,-8.9734859E+0,-2.2202988E+1,3.8458391E+3,0.0000000E+0
13367360,1/10/2021,4:34:16 PM,1.1978683E+1,-2.1907305E+1,3.8565542E+3,0.0000000E+0
13367361,1/10/2021,4:34:16 PM,2.3861578E+1,-1.8023245E+1,3.8529824E+3,0.0000000E+0
13367362,1/10/2021,4:34:16 PM,3.3225319E+1,-1.5534347E+1,3.8529824E+3,0.0000000E+0
13367363,1/10/2021,4:34:16 PM,4.4451168E+1,-6.8045859E+0,3.8645906E+3,0.0000000E+0
13367364,1/10/2021,4:34:16 PM,5.7193306E+1,-5.2645211E+0,3.8601260E+3,0.0000000E+0
13367365,1/10/2021,4:34:16 PM,7.3473442E+1,-4.5333819E+0,3.8547686E+3,0.0000000E+0
13367366,1/10/2021,4:34:17 PM,9.0099403E+1,4.0940532E-1,3.8654836E+3,0.0000000E+0
13367367,1/10/2021,4:34:17 PM,9.9835571E+1,9.2057352E+0,3.8726270E+3,0.0000000E+0
13367368,1/10/2021,4:34:17 PM,1.0512927E+2,1.6451729E+1,3.8726270E+3,0.0000000E+0
13367369,1/10/2021,4:34:17 PM,1.1076881E+2,1.6877182E+1,3.8735200E+3,0.0000000E+0
13367370,1/10/2021,4:34:17 PM,1.1664774E+2,1.5350869E+1,3.8672693E+3,0.0000000E+0
13367371,1/10/2021,4:34:17 PM,1.2188824E+2,1.5582210E+1,3.8708411E+3,0.0000000E+0
13367372,1/10/2021,4:34:17 PM,1.1976012E+2,1.8688015E+1,3.8744128E+3,0.0000000E+0
13367373,1/10/2021,4:34:17 PM,1.1098161E+2,2.1530983E+1,3.8744128E+3,0.0000000E+0
13367374,1/10/2021,4:34:17 PM,1.0188388E+2,1.9616034E+1,3.8672693E+3,0.0000000E+0
13367375,1/10/2021,4:34:17 PM,9.1429482E+1,1.8220016E+1,3.8672693E+3,0.0000000E+0
13367376,1/10/2021,4:34:18 PM,8.1108086E+1,1.7042046E+1,3.8645906E+3,0.0000000E+0
13367377,1/10/2021,4:34:18 PM,7.0361061E+1,1.7228180E+1,3.8645906E+3,0.0000000E+0
13367378,1/10/2021,4:34:18 PM,5.7140102E+1,1.8390198E+1,3.8636978E+3,0.0000000E+0
13367379,1/10/2021,4:34:18 PM,5.0064091E+1,1.5462551E+1,3.8663765E+3,0.0000000E+0
13367380,1/10/2021,4:34:18 PM,3.4954418E+1,8.0304222E+0,3.8538755E+3,0.0000000E+0
13367381,1/10/2021,4:34:18 PM,2.1254627E+1,2.8941250E+0,3.8556614E+3,0.0000000E+0
13367382,1/10/2021,4:34:18 PM,1.8428539E+1,-2.2638881E+0,3.8628047E+3,0.0000000E+0
13367383,1/10/2021,4:34:18 PM,-1.7288677E-1,-6.7753363E+0,3.8520896E+3,0.0000000E+0
13367384,1/10/2021,4:34:18 PM,-1.7370668E+1,-1.1109636E+1,3.8547686E+3,0.0000000E+0
13367385,1/10/2021,4:34:18 PM,-3.0378956E+1,-1.7331884E+1,3.8556614E+3,0.0000000E+0
13367386,1/10/2021,4:34:19 PM,-4.7244328E+1,-2.2444906E+1,3.8494109E+3,0.0000000E+0
13367387,1/10/2021,4:34:19 PM,-6.9509811E+1,-2.6019964E+1,3.8422673E+3,0.0000000E+0
13367388,1/10/2021,4:34:19 PM,-9.2998970E+1,-2.6530689E+1,3.8422673E+3,0.0000000E+0
13367389,1/10/2021,4:34:19 PM,-1.1813742E+2,-2.4783478E+1,3.8351240E+3,0.0000000E+0
13367390,1/10/2021,4:34:19 PM,-1.2952289E+2,-2.4998520E+1,3.8440535E+3,0.0000000E+0
13367391,1/10/2021,4:34:19 PM,-1.3939204E+2,-2.4998520E+1,3.8386958E+3,0.0000000E+0
13367392,1/10/2021,4:34:19 PM,-1.4721291E+2,-2.9353100E+1,3.8324451E+3,0.0000000E+0
13367393,1/10/2021,4:34:19 PM,-1.5942300E+2,-2.7632771E+1,3.8279807E+3,0.0000000E+0
13367394,1/10/2021,4:34:19 PM,-1.6192355E+2,-2.4460917E+1,3.8386958E+3,0.0000000E+0
13367395,1/10/2021,4:34:19 PM,-1.5780031E+2,-2.0670818E+1,3.8351240E+3,0.0000000E+0
13367396,1/10/2021,4:34:20 PM,-1.4758533E+2,-1.9102831E+1,3.8413745E+3,0.0000000E+0
13367397,1/10/2021,4:34:20 PM,-1.3441756E+2,-1.7198931E+1,3.8404817E+3,0.0000000E+0
13367398,1/10/2021,4:34:20 PM,-1.2138280E+2,-1.5949162E+1,3.8369097E+3,0.0000000E+0
13367399,1/10/2021,4:34:20 PM,-1.0515588E+2,-1.1949906E+1,3.8494109E+3,0.0000000E+0
13367400,1/10/2021,4:34:20 PM,-8.4433281E+1,-9.5700293E+0,3.8511968E+3,0.0000000E+0
13367401,1/10/2021,4:34:20 PM,-6.8392555E+1,-7.7405820E+0,3.8565542E+3,0.0000000E+0
13367402,1/10/2021,4:34:20 PM,-4.9824677E+1,-9.5088701E+0,3.8449463E+3,0.0000000E+0
13367403,1/10/2021,4:34:20 PM,-3.4262779E+1,-6.0547256E+0,3.8583403E+3,0.0000000E+0
13367404,1/10/2021,4:34:20 PM,-2.0802402E+1,-2.1741974E+0,3.8529824E+3,0.0000000E+0
13367405,1/10/2021,4:34:20 PM,-7.6656199E+0,3.7557957E+0,3.8619119E+3,0.0000000E+0
13367406,1/10/2021,4:34:21 PM,-7.0395273E-1,1.0596435E+1,3.8583403E+3,0.0000000E+0
13367407,1/10/2021,4:34:21 PM,4.4015985E+0,1.6215071E+1,3.8601260E+3,0.0000000E+0
13367408,1/10/2021,4:34:21 PM,7.3761525E+0,2.3735153E+1,3.8610188E+3,0.0000000E+0
13367409,1/10/2021,4:34:21 PM,1.2899715E+1,2.7901573E+1,3.8619119E+3,0.0000000E+0
13367410,1/10/2021,4:34:21 PM,2.0417969E+1,3.0616468E+1,3.8636978E+3,0.0000000E+0
13367411,1/10/2021,4:34:21 PM,2.8889269E+1,3.0213264E+1,3.8654836E+3,0.0000000E+0
13367412,1/10/2021,4:34:21 PM,3.8758438E+1,2.8573578E+1,3.8699482E+3,0.0000000E+0
13367413,1/10/2021,4:34:21 PM,4.5435425E+1,2.1584743E+1,3.8619119E+3,0.0000000E+0
13367414,1/10/2021,4:34:21 PM,5.1128151E+1,1.3258173E+1,3.8619119E+3,0.0000000E+0
13367415,1/10/2021,4:34:21 PM,5.7193306E+1,8.2085800E+0,3.8636978E+3,0.0000000E+0
13367416,1/10/2021,4:34:22 PM,6.5785599E+1,1.5695863E+0,3.8708411E+3,0.0000000E+0
13367417,1/10/2021,4:34:22 PM,6.9137398E+1,-6.5174055E+0,3.8619119E+3,0.0000000E+0
13367418,1/10/2021,4:34:22 PM,6.1210136E+1,-1.1269181E+1,3.8636978E+3,0.0000000E+0
13367419,1/10/2021,4:34:22 PM,4.7111320E+1,-1.6940998E+1,3.8511968E+3,0.0000000E+0
13367420,1/10/2021,4:34:22 PM,3.2161259E+1,-1.8137585E+1,3.8529824E+3,0.0000000E+0
13367421,1/10/2021,4:34:22 PM,2.3116735E+1,-1.6584682E+1,3.8547686E+3,0.0000000E+0
13367422,1/10/2021,4:34:22 PM,1.5731231E+1,-1.4656849E+1,3.8494109E+3,0.0000000E+0
13367423,1/10/2021,4:34:22 PM,1.1128701E+1,-1.1742497E+1,3.8529824E+3,0.0000000E+0
13367424,1/10/2021,4:34:22 PM,9.8787289E+0,-1.0665570E+1,3.8547686E+3,0.0000000E+0
13367425,1/10/2021,4:34:22 PM,1.0076093E+1,-1.2016383E+1,3.8529824E+3,0.0000000E+0
13367426,1/10/2021,4:34:23 PM,1.4236527E+1,-1.5457232E+1,3.8583403E+3,0.0000000E+0
13367427,1/10/2021,4:34:23 PM,2.9368095E+1,-2.7498371E+1,3.8511968E+3,0.0000000E+0
13367428,1/10/2021,4:34:23 PM,3.9795898E+1,-3.5858089E+1,3.8503037E+3,0.0000000E+0
13367429,1/10/2021,4:34:23 PM,4.9505459E+1,-4.2389965E+1,3.8556614E+3,0.0000000E+0
13367430,1/10/2021,4:34:23 PM,5.9374626E+1,-4.6421986E+1,3.8529824E+3,0.0000000E+0
13367431,1/10/2021,4:34:23 PM,6.3710678E+1,-4.7658470E+1,3.8610188E+3,0.0000000E+0
13367432,1/10/2021,4:34:23 PM,6.4003296E+1,-4.8142311E+1,3.8529824E+3,0.0000000E+0
13367433,1/10/2021,4:34:23 PM,6.6690056E+1,-5.1609848E+1,3.8511968E+3,0.0000000E+0
13367434,1/10/2021,4:34:23 PM,5.8097755E+1,-4.4110291E+1,3.8529824E+3,0.0000000E+0
13367435,1/10/2021,4:34:23 PM,3.5273640E+1,-3.0589584E+1,3.8547686E+3,0.0000000E+0
13367436,1/10/2021,4:34:24 PM,1.8860109E+1,-2.1127781E+1,3.8476252E+3,0.0000000E+0
13367437,1/10/2021,4:34:24 PM,1.4841777E+1,-1.4438805E+1,3.8538755E+3,0.0000000E+0
13367438,1/10/2021,4:34:24 PM,5.5577717E+0,-3.2945299E+0,3.8636978E+3,0.0000000E+0
13367439,1/10/2021,4:34:24 PM,-7.5445700E+0,4.6354821E-1,3.8404817E+3,0.0000000E+0
13367440,1/10/2021,4:34:24 PM,-3.1310009E+1,1.2986948E+1,3.8601260E+3,0.0000000E+0
13367441,1/10/2021,4:34:24 PM,-3.9529881E+1,2.1342823E+1,3.8520896E+3,0.0000000E+0
13367442,1/10/2021,4:34:24 PM,-3.7295357E+1,2.4675959E+1,3.8654836E+3,0.0000000E+0
13367443,1/10/2021,4:34:24 PM,-4.5887650E+1,3.3976482E+1,3.8636978E+3,0.0000000E+0
13367444,1/10/2021,4:34:24 PM,-6.2620018E+1,3.3734562E+1,3.8485181E+3,0.0000000E+0
13367445,1/10/2021,4:34:24 PM,-6.6929466E+1,3.6583855E+1,3.8636978E+3,0.0000000E+0
13367446,1/10/2021,4:34:25 PM,-7.4803520E+1,3.9486908E+1,3.8610188E+3,0.0000000E+0
13367447,1/10/2021,4:34:25 PM,-7.5574966E+1,3.0992788E+1,3.8520896E+3,0.0000000E+0
13367448,1/10/2021,4:34:25 PM,-8.1507111E+1,2.9379980E+1,3.8538755E+3,0.0000000E+0
13367449,1/10/2021,4:34:25 PM,-9.5659126E+1,2.9541262E+1,3.8583403E+3,0.0000000E+0
13367450,1/10/2021,4:34:25 PM,-1.0731060E+2,2.7390852E+1,3.8440535E+3,0.0000000E+0
13367451,1/10/2021,4:34:25 PM,-1.1763200E+2,2.7928453E+1,3.8574470E+3,0.0000000E+0
13367452,1/10/2021,4:34:25 PM,-1.2521343E+2,2.2122345E+1,3.8440535E+3,0.0000000E+0
13367453,1/10/2021,4:34:25 PM,-1.2848541E+2,2.0166464E+1,3.8503037E+3,0.0000000E+0
13367454,1/10/2021,4:34:25 PM,-1.3399194E+2,1.9701124E+1,3.8503037E+3,0.0000000E+0
13367455,1/10/2021,4:34:25 PM,-1.3811517E+2,1.4537190E+1,3.8386958E+3,0.0000000E+0
13367456,1/10/2021,4:34:26 PM,-1.2896425E+2,9.3360300E+0,3.8529824E+3,0.0000000E+0
13367457,1/10/2021,4:34:26 PM,-1.0967813E+2,-2.7603898E+0,3.8369097E+3,0.0000000E+0
13367458,1/10/2021,4:34:26 PM,-9.4595062E+1,-8.2165575E+0,3.8511968E+3,0.0000000E+0
13367459,1/10/2021,4:34:26 PM,-7.8155312E+1,-1.7424952E+1,3.8369097E+3,0.0000000E+0
13367460,1/10/2021,4:34:26 PM,-5.9773655E+1,-2.4702839E+1,3.8467319E+3,0.0000000E+0
13367461,1/10/2021,4:34:26 PM,-3.8864845E+1,-2.8116615E+1,3.8511968E+3,0.0000000E+0
13367462,1/10/2021,4:34:26 PM,-1.8165386E+1,-3.5884972E+1,3.8467319E+3,0.0000000E+0
13367463,1/10/2021,4:34:26 PM,-5.0229254E+0,-3.6100014E+1,3.8511968E+3,0.0000000E+0
13367464,1/10/2021,4:34:26 PM,8.7603321E+0,-3.4433445E+1,3.8538755E+3,0.0000000E+0
13367465,1/10/2021,4:34:26 PM,1.7678556E+1,-3.3358238E+1,3.8565542E+3,0.0000000E+0
13367466,1/10/2021,4:34:27 PM,2.6654739E+1,-3.2713116E+1,3.8511968E+3,0.0000000E+0
13367467,1/10/2021,4:34:27 PM,3.9450077E+1,-3.0643349E+1,3.8690554E+3,0.0000000E+0
13367468,1/10/2021,4:34:27 PM,4.2828476E+1,-3.0267023E+1,3.8547686E+3,0.0000000E+0
13367469,1/10/2021,4:34:27 PM,4.4983196E+1,-3.3331360E+1,3.8520896E+3,0.0000000E+0
13367470,1/10/2021,4:34:27 PM,4.5621635E+1,-3.2928158E+1,3.8601260E+3,0.0000000E+0
13367471,1/10/2021,4:34:27 PM,4.9691669E+1,-3.4890408E+1,3.8538755E+3,0.0000000E+0
13367472,1/10/2021,4:34:27 PM,5.5038578E+1,-3.9567551E+1,3.8529824E+3,0.0000000E+0
13367473,1/10/2021,4:34:27 PM,6.3684078E+1,-4.5319897E+1,3.8547686E+3,0.0000000E+0
13367474,1/10/2021,4:34:27 PM,6.8445755E+1,-4.6072540E+1,3.8494109E+3,0.0000000E+0
13367475,1/10/2021,4:34:27 PM,7.0839890E+1,-4.7067108E+1,3.8529824E+3,0.0000000E+0
13367476,1/10/2021,4:34:28 PM,7.4191689E+1,-4.3626450E+1,3.8520896E+3,0.0000000E+0
13367477,1/10/2021,4:34:28 PM,7.5388756E+1,-4.0105152E+1,3.8565542E+3,0.0000000E+0
13367478,1/10/2021,4:34:28 PM,7.4484306E+1,-3.5428009E+1,3.8511968E+3,0.0000000E+0
13367479,1/10/2021,4:34:28 PM,7.1425125E+1,-2.8062855E+1,3.8583403E+3,0.0000000E+0
13367480,1/10/2021,4:34:28 PM,6.7275291E+1,-1.7927519E+1,3.8619119E+3,0.0000000E+0
13367481,1/10/2021,4:34:28 PM,5.6581467E+1,-7.6767645E+0,3.8601260E+3,0.0000000E+0
13367482,1/10/2021,4:34:28 PM,4.8095577E+1,1.8803306E-1,3.8628047E+3,0.0000000E+0
13367483,1/10/2021,4:34:28 PM,4.0726955E+1,6.3498836E+0,3.8610188E+3,0.0000000E+0
13367484,1/10/2021,4:34:28 PM,3.2826294E+1,1.1609544E+1,3.8636978E+3,0.0000000E+0
13367485,1/10/2021,4:34:28 PM,2.3382750E+1,1.6100729E+1,3.8601260E+3,0.0000000E+0
13367486,1/10/2021,4:34:29 PM,1.5665442E+1,2.0099985E+1,3.8654836E+3,0.0000000E+0
13367487,1/10/2021,4:34:29 PM,6.9051108E+0,2.3197550E+1,3.8583403E+3,0.0000000E+0
13367488,1/10/2021,4:34:29 PM,1.1475538E+0,2.3977076E+1,3.8619119E+3,0.0000000E+0
13367489,1/10/2021,4:34:29 PM,-3.3245776E+0,2.2767469E+1,3.8511968E+3,0.0000000E+0
13367490,1/10/2021,4:34:29 PM,-7.6498303E+0,2.4272757E+1,3.8574470E+3,0.0000000E+0
13367491,1/10/2021,4:34:29 PM,-1.5447027E+1,2.8788616E+1,3.8601260E+3,0.0000000E+0
13367492,1/10/2021,4:34:29 PM,-2.4579821E+1,3.3196957E+1,3.8547686E+3,0.0000000E+0
13367493,1/10/2021,4:34:29 PM,-3.7401760E+1,3.9056828E+1,3.8601260E+3,0.0000000E+0
13367494,1/10/2021,4:34:29 PM,-4.2722065E+1,3.9782593E+1,3.8556614E+3,0.0000000E+0
13367495,1/10/2021,4:34:29 PM,-4.7457142E+1,4.4056530E+1,3.8645906E+3,0.0000000E+0
13367496,1/10/2021,4:34:30 PM,-6.0678104E+1,4.8599274E+1,3.8583403E+3,0.0000000E+0
13367497,1/10/2021,4:34:30 PM,-7.6133598E+1,5.0561523E+1,3.8538755E+3,0.0000000E+0
13367498,1/10/2021,4:34:30 PM,-8.4513077E+1,5.3034492E+1,3.8628047E+3,0.0000000E+0
13367499,1/10/2021,4:34:30 PM,-8.5577141E+1,5.1475445E+1,3.8672693E+3,0.0000000E+0
13367500,1/10/2021,4:34:30 PM,-8.3715034E+1,4.0588997E+1,3.8520896E+3,0.0000000E+0
13367501,1/10/2021,4:34:30 PM,-8.5976166E+1,3.0750868E+1,3.8520896E+3,0.0000000E+0
13367502,1/10/2021,4:34:30 PM,-8.6774216E+1,2.2444906E+1,3.8547686E+3,0.0000000E+0
13367503,1/10/2021,4:34:30 PM,-8.5417534E+1,1.2893880E+1,3.8520896E+3,0.0000000E+0
13367504,1/10/2021,4:34:30 PM,-7.9139572E+1,1.2772909E+0,3.8538755E+3,0.0000000E+0
13367505,1/10/2021,4:34:30 PM,-6.8312744E+1,-1.3917624E+1,3.8458391E+3,0.0000000E+0
13367506,1/10/2021,4:34:31 PM,-6.0757912E+1,-2.7337090E+1,3.8422673E+3,0.0000000E+0
13367507,1/10/2021,4:34:31 PM,-5.6953892E+1,-3.5266727E+1,3.8422673E+3,0.0000000E+0
13367508,1/10/2021,4:34:31 PM,-5.7539124E+1,-3.9648190E+1,3.8422673E+3,0.0000000E+0
13367509,1/10/2021,4:34:31 PM,-5.4852371E+1,-4.4164051E+1,3.8476252E+3,0.0000000E+0
13367510,1/10/2021,4:34:31 PM,-5.2564636E+1,-4.8921833E+1,3.8440535E+3,0.0000000E+0
13367511,1/10/2021,4:34:31 PM,-5.0330109E+1,-5.2819454E+1,3.8440535E+3,0.0000000E+0
13367512,1/10/2021,4:34:31 PM,-5.0223701E+1,-5.5856907E+1,3.8386958E+3,0.0000000E+0
13367513,1/10/2021,4:34:31 PM,-4.8627609E+1,-5.7066513E+1,3.8422673E+3,0.0000000E+0
13367514,1/10/2021,4:34:31 PM,-4.1046173E+1,-5.6770832E+1,3.8476252E+3,0.0000000E+0
13367515,1/10/2021,4:34:31 PM,-2.9075478E+1,-6.1286697E+1,3.8458391E+3,0.0000000E+0
13367516,1/10/2021,4:34:32 PM,-1.7654873E+1,-6.8168007E+1,3.8378030E+3,0.0000000E+0
13367517,1/10/2021,4:34:32 PM,-2.1096604E+0,-7.3409630E+1,3.8422673E+3,0.0000000E+0
13367518,1/10/2021,4:34:32 PM,1.1836580E+1,-7.4484840E+1,3.8422673E+3,0.0000000E+0
13367519,1/10/2021,4:34:32 PM,2.6574936E+1,-7.2038742E+1,3.8503037E+3,0.0000000E+0
13367520,1/10/2021,4:34:32 PM,4.1418594E+1,-7.1716179E+1,3.8476252E+3,0.0000000E+0
13367521,1/10/2021,4:34:32 PM,5.4825768E+1,-7.0049622E+1,3.8476252E+3,0.0000000E+0
13367522,1/10/2021,4:34:32 PM,6.3630875E+1,-6.6985275E+1,3.8467319E+3,0.0000000E+0
13367523,1/10/2021,4:34:32 PM,6.7541298E+1,-5.7792278E+1,3.8476252E+3,0.0000000E+0
13367524,1/10/2021,4:34:32 PM,6.4349121E+1,-4.2121162E+1,3.8538755E+3,0.0000000E+0
13367525,1/10/2021,4:34:32 PM,5.8869202E+1,-2.4783478E+1,3.8583403E+3,0.0000000E+0
13367526,1/10/2021,4:34:33 PM,5.5783424E+1,-1.0077913E+1,3.8583403E+3,0.0000000E+0
13367527,1/10/2021,4:34:33 PM,4.9266045E+1,5.5640235E+0,3.8601260E+3,0.0000000E+0
13367528,1/10/2021,4:34:33 PM,3.7800781E+1,2.2337387E+1,3.8601260E+3,0.0000000E+0
13367529,1/10/2021,4:34:33 PM,2.7692202E+1,3.9648190E+1,3.8654836E+3,0.0000000E+0
13367530,1/10/2021,4:34:33 PM,1.9231153E+1,5.5937550E+1,3.8708411E+3,0.0000000E+0
13367531,1/10/2021,4:34:33 PM,1.2681298E+1,6.8033607E+1,3.8699482E+3,0.0000000E+0
13367532,1/10/2021,4:34:33 PM,8.4813910E+0,7.6393326E+1,3.8690554E+3,0.0000000E+0
13367533,1/10/2021,4:34:33 PM,4.8549137E+0,8.3812241E+1,3.8708411E+3,0.0000000E+0
13367534,1/10/2021,4:34:33 PM,-1.4094892E-1,9.0102196E+1,3.8744128E+3,0.0000000E+0
13367535,1/10/2021,4:34:33 PM,-4.3841629E+0,9.2978363E+1,3.8726270E+3,0.0000000E+0
13367536,1/10/2021,4:34:34 PM,-2.6992877E+0,9.2978363E+1,3.8806633E+3,0.0000000E+0
13367537,1/10/2021,4:34:34 PM,-3.3071425E+0,8.7118492E+1,3.8717339E+3,0.0000000E+0
13367538,1/10/2021,4:34:34 PM,-8.3761301E+0,7.9403900E+1,3.8654836E+3,0.0000000E+0
13367539,1/10/2021,4:34:34 PM,-1.2636561E+1,7.2065628E+1,3.8708411E+3,0.0000000E+0
13367540,1/10/2021,4:34:34 PM,-1.6933836E+1,6.4539192E+1,3.8681621E+3,0.0000000E+0
13367541,1/10/2021,4:34:34 PM,-2.3143337E+1,5.2711937E+1,3.8654836E+3,0.0000000E+0
13367542,1/10/2021,4:34:34 PM,-2.6973957E+1,3.9056828E+1,3.8619119E+3,0.0000000E+0
13367543,1/10/2021,4:34:34 PM,-3.6204693E+1,2.6423166E+1,3.8574470E+3,0.0000000E+0
13367544,1/10/2021,4:34:34 PM,-4.2748669E+1,1.3085333E+1,3.8511968E+3,0.0000000E+0
13367545,1/10/2021,4:34:34 PM,-4.7244328E+1,-1.3858438E+0,3.8511968E+3,0.0000000E+0
13367546,1/10/2021,4:34:35 PM,-4.9505459E+1,-1.5829503E+1,3.8458391E+3,0.0000000E+0
13367547,1/10/2021,4:34:35 PM,-5.1686787E+1,-3.0159504E+1,3.8395886E+3,0.0000000E+0
13367548,1/10/2021,4:34:35 PM,-5.3336082E+1,-4.0373955E+1,3.8422673E+3,0.0000000E+0
13367549,1/10/2021,4:34:35 PM,-5.2883854E+1,-5.0534645E+1,3.8404817E+3,0.0000000E+0
13367550,1/10/2021,4:34:35 PM,-5.0117290E+1,-6.0157730E+1,3.8386958E+3,0.0000000E+0
13367551,1/10/2021,4:34:35 PM,-4.6552689E+1,-6.9538895E+1,3.8386958E+3,0.0000000E+0
13367552,1/10/2021,4:34:35 PM,-3.8572227E+1,-7.6904053E+1,3.8378030E+3,0.0000000E+0
13367553,1/10/2021,4:34:35 PM,-3.3730747E+1,-8.1581192E+1,3.8395886E+3,0.0000000E+0
13367554,1/10/2021,4:34:35 PM,-2.8490244E+1,-8.3973518E+1,3.8413745E+3,0.0000000E+0
13367555,1/10/2021,4:34:35 PM,-2.2930525E+1,-8.4968086E+1,3.8440535E+3,0.0000000E+0
13367556,1/10/2021,4:34:36 PM,-1.5478605E+1,-8.6607773E+1,3.8395886E+3,0.0000000E+0
13367557,1/10/2021,4:34:36 PM,-9.3761082E+0,-8.6231453E+1,3.8440535E+3,0.0000000E+0
13367558,1/10/2021,4:34:36 PM,-4.4317136E+0,-8.4511124E+1,3.8395886E+3,0.0000000E+0
13367559,1/10/2021,4:34:36 PM,-1.1157136E+0,-7.9350136E+1,3.8476252E+3,0.0000000E+0
13367560,1/10/2021,4:34:36 PM,1.5810566E+0,-7.3785950E+1,3.8467319E+3,0.0000000E+0
13367561,1/10/2021,4:34:36 PM,1.8314897E+0,-7.0157135E+1,3.8440535E+3,0.0000000E+0
13367562,1/10/2021,4:34:36 PM,1.6476275E+0,-6.5211189E+1,3.8431602E+3,0.0000000E+0
13367563,1/10/2021,4:34:36 PM,3.3363190E-1,-5.8894363E+1,3.8440535E+3,0.0000000E+0
13367564,1/10/2021,4:34:36 PM,-2.3913805E-1,-4.9593838E+1,3.8440535E+3,0.0000000E+0
13367565,1/10/2021,4:34:36 PM,-1.4525129E+0,-3.8331062E+1,3.8458391E+3,0.0000000E+0
13367566,1/10/2021,4:34:37 PM,-5.4397860E+0,-2.4030834E+1,3.8520896E+3,0.0000000E+0
13367567,1/10/2021,4:34:37 PM,-9.8208351E+0,-9.2482805E+0,3.8511968E+3,0.0000000E+0
13367568,1/10/2021,4:34:37 PM,-1.3004976E+1,4.8945470E+0,3.8547686E+3,0.0000000E+0
13367569,1/10/2021,4:34:37 PM,-1.5199664E+1,1.9791534E+1,3.8583403E+3,0.0000000E+0
13367570,1/10/2021,4:34:37 PM,-1.6799627E+1,3.4191525E+1,3.8619119E+3,0.0000000E+0
13367571,1/10/2021,4:34:37 PM,-1.8025917E+1,4.8007912E+1,3.8654836E+3,0.0000000E+0
13367572,1/10/2021,4:34:37 PM,-1.8773270E+1,5.9270687E+1,3.8690554E+3,0.0000000E+0
13367573,1/10/2021,4:34:37 PM,-1.8036444E+1,6.7684166E+1,3.8681621E+3,0.0000000E+0
13367574,1/10/2021,4:34:37 PM,-1.7339090E+1,7.3087067E+1,3.8708411E+3,0.0000000E+0
13367575,1/10/2021,4:34:37 PM,-1.4349682E+1,7.6339561E+1,3.8708411E+3,0.0000000E+0
13367576,1/10/2021,4:34:38 PM,-1.0768183E+1,7.7737335E+1,3.8726270E+3,0.0000000E+0
13367577,1/10/2021,4:34:38 PM,-6.4840665E+0,7.5183723E+1,3.8690554E+3,0.0000000E+0
13367578,1/10/2021,4:34:38 PM,-2.4171543E+0,7.1554901E+1,3.8690554E+3,0.0000000E+0
13367579,1/10/2021,4:34:38 PM,5.2578700E-1,6.5479996E+1,3.8645906E+3,0.0000000E+0
13367580,1/10/2021,4:34:38 PM,1.7403510E+0,5.7819157E+1,3.8610188E+3,0.0000000E+0
13367581,1/10/2021,4:34:38 PM,3.0051963E+0,5.2496891E+1,3.8654836E+3,0.0000000E+0
13367582,1/10/2021,4:34:38 PM,2.5312755E+0,4.8088551E+1,3.8636978E+3,0.0000000E+0
13367583,1/10/2021,4:34:38 PM,7.9184788E-4,4.1207237E+1,3.8583403E+3,0.0000000E+0
13367584,1/10/2021,4:34:38 PM,-3.4355290E+0,3.6395695E+1,3.8583403E+3,0.0000000E+0
13367585,1/10/2021,4:34:38 PM,-5.8867116E+0,3.1530392E+1,3.8601260E+3,0.0000000E+0
13367586,1/10/2021,4:34:39 PM,-6.6866941E+0,2.7068289E+1,3.8619119E+3,0.0000000E+0
13367587,1/10/2021,4:34:39 PM,-9.5866299E+0,2.3439472E+1,3.8628047E+3,0.0000000E+0
13367588,1/10/2021,4:34:39 PM,-1.0973441E+1,1.5193983E+1,3.8556614E+3,0.0000000E+0
13367589,1/10/2021,4:34:39 PM,-1.1197121E+1,7.3204474E+0,3.8556614E+3,0.0000000E+0
13367590,1/10/2021,4:34:39 PM,-1.0289246E+1,-2.3017381E-1,3.8565542E+3,0.0000000E+0
13367591,1/10/2021,4:34:39 PM,-7.5866742E+0,-8.2910118E+0,3.8574470E+3,0.0000000E+0
13367592,1/10/2021,4:34:39 PM,-8.3129740E+0,-1.6595318E+1,3.8556614E+3,0.0000000E+0
13367593,1/10/2021,4:34:39 PM,-6.6024852E+0,-2.7310209E+1,3.8538755E+3,0.0000000E+0
13367594,1/10/2021,4:34:39 PM,-5.7919769E+0,-3.8868668E+1,3.8476252E+3,0.0000000E+0
13367595,1/10/2021,4:34:39 PM,-6.0840759E+0,-4.9271275E+1,3.8467319E+3,0.0000000E+0
13367596,1/10/2021,4:34:40 PM,-6.0603924E+0,-5.7819157E+1,3.8458391E+3,0.0000000E+0
13367597,1/10/2021,4:34:40 PM,-8.9576960E+0,-6.4673584E+1,3.8458391E+3,0.0000000E+0
13367598,1/10/2021,4:34:40 PM,-1.1149754E+1,-7.2011864E+1,3.8422673E+3,0.0000000E+0
13367599,1/10/2021,4:34:40 PM,-1.4033899E+1,-7.8543739E+1,3.8386958E+3,0.0000000E+0
13367600,1/10/2021,4:34:40 PM,-1.7033834E+1,-8.2468239E+1,3.8369097E+3,0.0000000E+0
13367601,1/10/2021,4:34:40 PM,-2.0509785E+1,-8.2038155E+1,3.8386958E+3,0.0000000E+0
13367602,1/10/2021,4:34:40 PM,-2.5830091E+1,-7.8839417E+1,3.8395886E+3,0.0000000E+0
13367603,1/10/2021,4:34:40 PM,-2.9820322E+1,-7.3302116E+1,3.8413745E+3,0.0000000E+0
13367604,1/10/2021,4:34:40 PM,-3.3704147E+1,-6.7065918E+1,3.8422673E+3,0.0000000E+0
13367605,1/10/2021,4:34:40 PM,-3.5114029E+1,-5.9405083E+1,3.8404817E+3,0.0000000E+0
13367606,1/10/2021,4:34:41 PM,-3.3438129E+1,-5.1851768E+1,3.8440535E+3,0.0000000E+0
13367607,1/10/2021,4:34:41 PM,-3.2294266E+1,-4.3868370E+1,3.8476252E+3,0.0000000E+0
13367608,1/10/2021,4:34:41 PM,-2.9447903E+1,-3.5347370E+1,3.8520896E+3,0.0000000E+0
13367609,1/10/2021,4:34:41 PM,-2.5830091E+1,-3.0374546E+1,3.8511968E+3,0.0000000E+0
13367610,1/10/2021,4:34:41 PM,-2.3515759E+1,-2.5186680E+1,3.8511968E+3,0.0000000E+0
13367611,1/10/2021,4:34:41 PM,-2.0988613E+1,-2.0697699E+1,3.8494109E+3,0.0000000E+0
13367612,1/10/2021,4:34:41 PM,-1.7778555E+1,-1.4098443E+1,3.8547686E+3,0.0000000E+0
13367613,1/10/2021,4:34:41 PM,-1.5078614E+1,-5.1403952E+0,3.8583403E+3,0.0000000E+0
13367614,1/10/2021,4:34:41 PM,-1.4768093E+1,1.4390544E+0,3.8574470E+3,0.0000000E+0
13367615,1/10/2021,4:34:41 PM,-1.4986510E+1,7.1024027E+0,3.8565542E+3,0.0000000E+0
13367616,1/10/2021,4:34:42 PM,-1.4047058E+1,1.1266522E+1,3.8529824E+3,0.0000000E+0
13367617,1/10/2021,4:34:42 PM,-1.2710245E+1,1.7321247E+1,3.8574470E+3,0.0000000E+0
13367618,1/10/2021,4:34:42 PM,-1.0086618E+1,2.3815794E+1,3.8610188E+3,0.0000000E+0
13367619,1/10/2021,4:34:42 PM,-8.4998121E+0,2.8466055E+1,3.8601260E+3,0.0000000E+0
13367620,1/10/2021,4:34:42 PM,-6.6761680E+0,3.1852953E+1,3.8610188E+3,0.0000000E+0
13367621,1/10/2021,4:34:42 PM,-4.4546967E+0,3.3277599E+1,3.8583403E+3,0.0000000E+0
13367622,1/10/2021,4:34:42 PM,-7.2322100E-2,3.5266727E+1,3.8601260E+3,0.0000000E+0
13367623,1/10/2021,4:34:42 PM,3.8500113E+0,3.8572987E+1,3.8654836E+3,0.0000000E+0
13367624,1/10/2021,4:34:42 PM,6.7156410E+0,4.0158913E+1,3.8654836E+3,0.0000000E+0
13367625,1/10/2021,4:34:42 PM,8.8024368E+0,3.8895546E+1,3.8654836E+3,0.0000000E+0
13367626,1/10/2021,4:34:43 PM,9.7129431E+0,3.6153770E+1,3.8601260E+3,0.0000000E+0
13367627,1/10/2021,4:34:43 PM,1.2086575E+1,3.2551834E+1,3.8654836E+3,0.0000000E+0
13367628,1/10/2021,4:34:43 PM,1.4294420E+1,2.8923019E+1,3.8619119E+3,0.0000000E+0
13367629,1/10/2021,4:34:43 PM,1.4549678E+1,2.4218996E+1,3.8619119E+3,0.0000000E+0
13367630,1/10/2021,4:34:43 PM,1.1339223E+1,2.0302076E+1,3.8619119E+3,0.0000000E+0
13367631,1/10/2021,4:34:43 PM,7.1182637E+0,1.4497305E+1,3.8565542E+3,0.0000000E+0
13367632,1/10/2021,4:34:43 PM,4.0695367E+0,8.8201685E+0,3.8556614E+3,0.0000000E+0
13367633,1/10/2021,4:34:43 PM,-5.6300384E-1,4.5397882E+0,3.8538755E+3,0.0000000E+0
13367634,1/10/2021,4:34:43 PM,-4.6726365E+0,1.6072243E+0,3.8556614E+3,0.0000000E+0
13367635,1/10/2021,4:34:43 PM,-1.0547135E+1,-4.0833846E-1,3.8520896E+3,0.0000000E+0
13367636,1/10/2021,4:34:44 PM,-1.6047014E+1,-2.6546831E+0,3.8520896E+3,0.0000000E+0
13367637,1/10/2021,4:34:44 PM,-1.9478516E+1,-4.2442899E+0,3.8503037E+3,0.0000000E+0
13367638,1/10/2021,4:34:44 PM,-2.2292088E+1,-5.0779319E+0,3.8511968E+3,0.0000000E+0
13367639,1/10/2021,4:34:44 PM,-2.4819233E+1,-4.4869347E+0,3.8503037E+3,0.0000000E+0
13367640,1/10/2021,4:34:44 PM,-2.7133568E+1,-3.2616966E+0,3.8511968E+3,0.0000000E+0
13367641,1/10/2021,4:34:44 PM,-2.9208488E+1,-5.4969668E-1,3.8538755E+3,0.0000000E+0
13367642,1/10/2021,4:34:44 PM,-3.0698174E+1,5.3929484E-1,3.8529824E+3,0.0000000E+0
13367643,1/10/2021,4:34:44 PM,-3.2241062E+1,2.8668976E+0,3.8538755E+3,0.0000000E+0
13367644,1/10/2021,4:34:44 PM,-3.0591768E+1,4.4428902E+0,3.8565542E+3,0.0000000E+0
13367645,1/10/2021,4:34:44 PM,-2.9128683E+1,5.1387939E+0,3.8547686E+3,0.0000000E+0
13367646,1/10/2021,4:34:45 PM,-2.7825207E+1,5.0499039E+0,3.8565542E+3,0.0000000E+0
13367647,1/10/2021,4:34:45 PM,-2.6149309E+1,3.8118525E+0,3.8565542E+3,0.0000000E+0
13367648,1/10/2021,4:34:45 PM,-2.7053762E+1,2.7299592E+0,3.8565542E+3,0.0000000E+0
13367649,1/10/2021,4:34:45 PM,-2.7479387E+1,2.6137930E-1,3.8574470E+3,0.0000000E+0
13367650,1/10/2021,4:34:45 PM,-2.9501104E+1,-2.8396702E+0,3.8547686E+3,0.0000000E+0
13367651,1/10/2021,4:34:45 PM,-3.0777977E+1,-6.9162669E+0,3.8529824E+3,0.0000000E+0
13367652,1/10/2021,4:34:45 PM,-3.3012508E+1,-1.1072410E+1,3.8529824E+3,0.0000000E+0
13367653,1/10/2021,4:34:45 PM,-3.5752464E+1,-1.5962457E+1,3.8511968E+3,0.0000000E+0
13367654,1/10/2021,4:34:45 PM,-3.6337696E+1,-2.0060101E+1,3.8511968E+3,0.0000000E+0
13367655,1/10/2021,4:34:45 PM,-3.7694378E+1,-2.5509241E+1,3.8476252E+3,0.0000000E+0
13367656,1/10/2021,4:34:46 PM,-3.7561371E+1,-3.1154068E+1,3.8476252E+3,0.0000000E+0
13367657,1/10/2021,4:34:46 PM,-3.6816525E+1,-3.5858089E+1,3.8431602E+3,0.0000000E+0
13367658,1/10/2021,4:34:46 PM,-3.5885471E+1,-3.8734264E+1,3.8458391E+3,0.0000000E+0
13367659,1/10/2021,4:34:46 PM,-3.2320869E+1,-3.9110588E+1,3.8467319E+3,0.0000000E+0
13367660,1/10/2021,4:34:46 PM,-2.8703058E+1,-4.0373955E+1,3.8458391E+3,0.0000000E+0
13367661,1/10/2021,4:34:46 PM,-2.2052673E+1,-4.3035088E+1,3.8467319E+3,0.0000000E+0
13367662,1/10/2021,4:34:46 PM,-1.2878662E+1,-4.4889812E+1,3.8476252E+3,0.0000000E+0
13367663,1/10/2021,4:34:46 PM,-5.2036180E+0,-4.6045658E+1,3.8485181E+3,0.0000000E+0
13367664,1/10/2021,4:34:46 PM,3.7121148E+0,-4.8760555E+1,3.8485181E+3,0.0000000E+0
13367665,1/10/2021,4:34:46 PM,1.4220737E+1,-5.0319603E+1,3.8494109E+3,0.0000000E+0
13367666,1/10/2021,4:34:47 PM,2.4500015E+1,-5.0588402E+1,3.8529824E+3,0.0000000E+0
13367667,1/10/2021,4:34:47 PM,3.4289379E+1,-5.1367924E+1,3.8511968E+3,0.0000000E+0
13367668,1/10/2021,4:34:47 PM,4.0673748E+1,-4.9647598E+1,3.8529824E+3,0.0000000E+0
13367669,1/10/2021,4:34:47 PM,4.4663979E+1,-4.6556381E+1,3.8511968E+3,0.0000000E+0
13367670,1/10/2021,4:34:47 PM,4.7829563E+1,-4.1556679E+1,3.8529824E+3,0.0000000E+0
13367671,1/10/2021,4:34:47 PM,4.8361595E+1,-3.4352802E+1,3.8538755E+3,0.0000000E+0
13367672,1/10/2021,4:34:47 PM,4.6366478E+1,-2.7014528E+1,3.8547686E+3,0.0000000E+0
13367673,1/10/2021,4:34:47 PM,4.4477768E+1,-1.8108335E+1,3.8583403E+3,0.0000000E+0
13367674,1/10/2021,4:34:47 PM,4.0221523E+1,-1.0104504E+1,3.8547686E+3,0.0000000E+0
13367675,1/10/2021,4:34:47 PM,3.4608597E+1,5.5769807E-1,3.8610188E+3,0.0000000E+0
13367676,1/10/2021,4:34:48 PM,2.6654739E+1,1.0373071E+1,3.8583403E+3,0.0000000E+0
13367677,1/10/2021,4:34:48 PM,2.1813261E+1,1.8618877E+1,3.8601260E+3,0.0000000E+0
13367678,1/10/2021,4:34:48 PM,1.6162800E+1,2.7444613E+1,3.8601260E+3,0.0000000E+0
13367679,1/10/2021,4:34:48 PM,1.1157648E+1,3.5911854E+1,3.8636978E+3,0.0000000E+0
13367680,1/10/2021,4:34:48 PM,6.5551176E+0,4.3169487E+1,3.8636978E+3,0.0000000E+0
13367681,1/10/2021,4:34:48 PM,-3.2278914E+0,5.1932411E+1,3.8672693E+3,0.0000000E+0
13367682,1/10/2021,4:34:48 PM,-1.2297096E+1,5.7335312E+1,3.8672693E+3,0.0000000E+0
13367683,1/10/2021,4:34:48 PM,-1.6220694E+1,5.9781406E+1,3.8654836E+3,0.0000000E+0
13367684,1/10/2021,4:34:48 PM,-2.0376778E+1,6.1474854E+1,3.8717339E+3,0.0000000E+0
13367685,1/10/2021,4:34:48 PM,-2.9394697E+1,6.1259811E+1,3.8619119E+3,0.0000000E+0
13367686,1/10/2021,4:34:49 PM,-4.0753555E+1,5.9405083E+1,3.8645906E+3,0.0000000E+0
13367687,1/10/2021,4:34:49 PM,-5.2963661E+1,5.8383640E+1,3.8601260E+3,0.0000000E+0
13367688,1/10/2021,4:34:49 PM,-6.0013069E+1,5.3222656E+1,3.8654836E+3,0.0000000E+0
13367689,1/10/2021,4:34:49 PM,-6.3950092E+1,4.4567253E+1,3.8565542E+3,0.0000000E+0
13367690,1/10/2021,4:34:49 PM,-7.1637939E+1,3.5911854E+1,3.8538755E+3,0.0000000E+0
13367691,1/10/2021,4:34:49 PM,-7.8713943E+1,2.6557568E+1,3.8511968E+3,0.0000000E+0
13367692,1/10/2021,4:34:49 PM,-8.3848045E+1,1.7669586E+1,3.8458391E+3,0.0000000E+0
13367693,1/10/2021,4:34:49 PM,-8.5550545E+1,1.0200231E+1,3.8511968E+3,0.0000000E+0
13367694,1/10/2021,4:34:49 PM,-8.3741631E+1,1.9451659E+0,3.8467319E+3,0.0000000E+0
13367695,1/10/2021,4:34:49 PM,-8.0310036E+1,-6.5546327E+0,3.8458391E+3,0.0000000E+0
13367696,1/10/2021,4:34:50 PM,-7.5947388E+1,-1.3984102E+1,3.8422673E+3,0.0000000E+0
13367697,1/10/2021,4:34:50 PM,-7.2835007E+1,-1.8275858E+1,3.8440535E+3,0.0000000E+0
13367698,1/10/2021,4:34:50 PM,-6.4907745E+1,-2.2848110E+1,3.8422673E+3,0.0000000E+0
13367699,1/10/2021,4:34:50 PM,-5.4213936E+1,-2.5536121E+1,3.8511968E+3,0.0000000E+0
13367700,1/10/2021,4:34:50 PM,-4.3307301E+1,-2.9621901E+1,3.8503037E+3,0.0000000E+0
13367701,1/10/2021,4:34:50 PM,-3.8997852E+1,-3.3250721E+1,3.8458391E+3,0.0000000E+0
13367702,1/10/2021,4:34:50 PM,-3.3757347E+1,-3.7605297E+1,3.8458391E+3,0.0000000E+0
13367703,1/10/2021,4:34:50 PM,-2.7106968E+1,-3.6825779E+1,3.8485181E+3,0.0000000E+0
13367704,1/10/2021,4:34:50 PM,-2.1839861E+1,-3.4944168E+1,3.8583403E+3,0.0000000E+0
13367705,1/10/2021,4:34:50 PM,-1.8083811E+1,-3.6073132E+1,3.8520896E+3,0.0000000E+0
13367706,1/10/2021,4:34:51 PM,-1.5423343E+1,-3.9164349E+1,3.8494109E+3,0.0000000E+0
13367707,1/10/2021,4:34:51 PM,-1.0533978E+1,-4.4164051E+1,3.8458391E+3,0.0000000E+0
13367708,1/10/2021,4:34:51 PM,-2.1381907E+0,-4.8948715E+1,3.8431602E+3,0.0000000E+0
13367709,1/10/2021,4:34:51 PM,8.2208710E+0,-4.6959583E+1,3.8556614E+3,0.0000000E+0
13367710,1/10/2021,4:34:51 PM,1.4360209E+1,-4.6233822E+1,3.8511968E+3,0.0000000E+0
13367711,1/10/2021,4:34:51 PM,1.8794321E+1,-4.8868076E+1,3.8485181E+3,0.0000000E+0
13367712,1/10/2021,4:34:51 PM,2.7346378E+1,-5.3142014E+1,3.8458391E+3,0.0000000E+0
13367713,1/10/2021,4:34:51 PM,3.9077656E+1,-5.5104263E+1,3.8413745E+3,0.0000000E+0
13367714,1/10/2021,4:34:51 PM,4.8441399E+1,-4.7792870E+1,3.8583403E+3,0.0000000E+0
13367715,1/10/2021,4:34:51 PM,5.6129242E+1,-4.3169487E+1,3.8547686E+3,0.0000000E+0
13367716,1/10/2021,4:34:52 PM,6.0066273E+1,-3.8626747E+1,3.8565542E+3,0.0000000E+0
13367717,1/10/2021,4:34:52 PM,6.2247593E+1,-3.5454891E+1,3.8529824E+3,0.0000000E+0
13367718,1/10/2021,4:34:52 PM,6.4508728E+1,-3.0482065E+1,3.8511968E+3,0.0000000E+0
13367719,1/10/2021,4:34:52 PM,6.7940323E+1,-1.8416790E+1,3.8654836E+3,0.0000000E+0
13367720,1/10/2021,4:34:52 PM,6.5599388E+1,-7.2353573E+0,3.8645906E+3,0.0000000E+0
13367721,1/10/2021,4:34:52 PM,5.9321423E+1,1.7689879E+0,3.8672693E+3,0.0000000E+0
13367722,1/10/2021,4:34:52 PM,5.1633583E+1,8.3787613E+0,3.8619119E+3,0.0000000E+0
13367723,1/10/2021,4:34:52 PM,4.4743782E+1,1.2601380E+1,3.8619119E+3,0.0000000E+0
13367724,1/10/2021,4:34:52 PM,4.2589062E+1,1.6677750E+1,3.8654836E+3,0.0000000E+0
13367725,1/10/2021,4:34:52 PM,4.0514141E+1,1.8161516E+1,3.8628047E+3,0.0000000E+0
13367726,1/10/2021,4:34:53 PM,3.3597740E+1,2.2283627E+1,3.8672693E+3,0.0000000E+0
13367727,1/10/2021,4:34:53 PM,2.6229116E+1,2.3439472E+1,3.8619119E+3,0.0000000E+0
13367728,1/10/2021,4:34:53 PM,1.9081158E+1,2.3116911E+1,3.8583403E+3,0.0000000E+0
13367729,1/10/2021,4:34:53 PM,1.3157603E+1,2.4675959E+1,3.8601260E+3,0.0000000E+0
13367730,1/10/2021,4:34:53 PM,5.9235530E+0,2.6638208E+1,3.8601260E+3,0.0000000E+0
13367731,1/10/2021,4:34:53 PM,-3.5678780E+0,2.6987648E+1,3.8583403E+3,0.0000000E+0
13367732,1/10/2021,4:34:53 PM,-1.6057539E+1,3.0401426E+1,3.8601260E+3,0.0000000E+0
13367733,1/10/2021,4:34:53 PM,-3.7375160E+1,3.7847221E+1,3.8610188E+3,0.0000000E+0
13367734,1/10/2021,4:34:53 PM,-5.8443573E+1,3.9782593E+1,3.8511968E+3,0.0000000E+0
13367735,1/10/2021,4:34:53 PM,-7.1478333E+1,4.0884678E+1,3.8583403E+3,0.0000000E+0
13367736,1/10/2021,4:34:54 PM,-8.0203636E+1,4.3008205E+1,3.8663765E+3,0.0000000E+0
13367737,1/10/2021,4:34:54 PM,-8.8343704E+1,3.5965614E+1,3.8503037E+3,0.0000000E+0
13367738,1/10/2021,4:34:54 PM,-9.9729164E+1,2.8842377E+1,3.8476252E+3,0.0000000E+0
13367739,1/10/2021,4:34:54 PM,-1.0959834E+2,2.5966206E+1,3.8511968E+3,0.0000000E+0
13367740,1/10/2021,4:34:54 PM,-1.0999736E+2,1.9783556E+1,3.8520896E+3,0.0000000E+0
13367741,1/10/2021,4:34:54 PM,-1.0558150E+2,1.0200231E+1,3.8485181E+3,0.0000000E+0
13367742,1/10/2021,4:34:54 PM,-9.9436546E+1,-9.5776844E-1,3.8458391E+3,0.0000000E+0
13367743,1/10/2021,4:34:54 PM,-9.3743813E+1,-1.1457976E+1,3.8386958E+3,0.0000000E+0
13367744,1/10/2021,4:34:54 PM,-8.7918076E+1,-1.5672618E+1,3.8476252E+3,0.0000000E+0
13367745,1/10/2021,4:34:54 PM,-7.7490273E+1,-2.0912741E+1,3.8458391E+3,0.0000000E+0
13367746,1/10/2021,4:34:55 PM,-6.4349121E+1,-2.7014528E+1,3.8449463E+3,0.0000000E+0
13367747,1/10/2021,4:34:55 PM,-5.0143898E+1,-3.2739998E+1,3.8467319E+3,0.0000000E+0
13367748,1/10/2021,4:34:55 PM,-4.3041286E+1,-3.6288174E+1,3.8404817E+3,0.0000000E+0
13367749,1/10/2021,4:34:55 PM,-4.3972340E+1,-3.4487206E+1,3.8440535E+3,0.0000000E+0
13367750,1/10/2021,4:34:55 PM,-3.8785042E+1,-3.0293903E+1,3.8494109E+3,0.0000000E+0
13367751,1/10/2021,4:34:55 PM,-2.9048878E+1,-2.6933889E+1,3.8574470E+3,0.0000000E+0
13367752,1/10/2021,4:34:55 PM,-2.2504900E+1,-2.6611328E+1,3.8511968E+3,0.0000000E+0
13367753,1/10/2021,4:34:55 PM,-1.9044315E+1,-2.8654217E+1,3.8458391E+3,0.0000000E+0
13367754,1/10/2021,4:34:55 PM,-1.3894430E+1,-2.6826370E+1,3.8511968E+3,0.0000000E+0
13367755,1/10/2021,4:34:55 PM,-4.9286170E+0,-2.3358833E+1,3.8583403E+3,0.0000000E+0
13367756,1/10/2021,4:34:56 PM,6.4419622E+0,-2.5186680E+1,3.8556614E+3,0.0000000E+0
13367757,1/10/2021,4:34:56 PM,1.9728411E+1,-3.0240044E+1,3.8547820E+3,0.0000000E+0
13367758,1/10/2021,4:34:56 PM,2.9767021E+1,-3.5454773E+1,3.8512104E+3,0.0000000E+0
13367759,1/10/2021,4:34:56 PM,3.5938557E+1,-3.7282616E+1,3.8512104E+3,0.0000000E+0
13367760,1/10/2021,4:34:56 PM,4.1844078E+1,-3.6341812E+1,3.8521033E+3,0.0000000E+0
13367761,1/10/2021,4:34:56 PM,4.9452095E+1,-3.3653809E+1,3.8601394E+3,0.0000000E+0
13367762,1/10/2021,4:34:56 PM,5.3202896E+1,-3.0723885E+1,3.8583538E+3,0.0000000E+0
13367763,1/10/2021,4:34:56 PM,5.4320160E+1,-3.1584045E+1,3.8494243E+3,0.0000000E+0
13367764,1/10/2021,4:34:56 PM,4.9691509E+1,-2.6745640E+1,3.8538889E+3,0.0000000E+0
13367765,1/10/2021,4:34:56 PM,4.2455914E+1,-1.8140154E+1,3.8529961E+3,0.0000000E+0
13367766,1/10/2021,4:34:57 PM,3.5645943E+1,-7.9187007E+0,3.8619255E+3,0.0000000E+0
13367767,1/10/2021,4:34:57 PM,3.0112841E+1,4.6461573E-1,3.8601394E+3,0.0000000E+0
13367768,1/10/2021,4:34:57 PM,2.4287123E+1,6.0334225E+0,3.8583538E+3,0.0000000E+0
13367769,1/10/2021,4:34:57 PM,1.5825885E+1,1.1247851E+1,3.8565676E+3,0.0000000E+0
13367770,1/10/2021,4:34:57 PM,8.2892485E+0,1.7044617E+1,3.8583538E+3,0.0000000E+0
13367771,1/10/2021,4:34:57 PM,3.8753822E+0,2.3654436E+1,3.8628184E+3,0.0000000E+0
13367772,1/10/2021,4:34:57 PM,1.4035381E+0,2.7202600E+1,3.8654971E+3,0.0000000E+0
13367773,1/10/2021,4:34:57 PM,1.7156731E-1,2.5562918E+1,3.8574609E+3,0.0000000E+0
13367774,1/10/2021,4:34:57 PM,-1.2944093E+0,2.4433958E+1,3.8601394E+3,0.0000000E+0
13367775,1/10/2021,4:34:57 PM,-1.3701628E+0,2.5159718E+1,3.8601394E+3,0.0000000E+0
13367776,1/10/2021,4:34:58 PM,-3.5900779E+0,2.6611240E+1,3.8601394E+3,0.0000000E+0
13367777,1/10/2021,4:34:58 PM,-4.9167423E+0,2.7686441E+1,3.8654971E+3,0.0000000E+0
13367778,1/10/2021,4:34:58 PM,-6.9524422E+0,2.5320999E+1,3.8601394E+3,0.0000000E+0
13367779,1/10/2021,4:34:58 PM,-1.1749681E+1,2.3143715E+1,3.8583538E+3,0.0000000E+0
13367780,1/10/2021,4:34:58 PM,-1.7788990E+1,2.1450274E+1,3.8556748E+3,0.0000000E+0
13367781,1/10/2021,4:34:58 PM,-2.3941303E+1,2.0939550E+1,3.8583538E+3,0.0000000E+0
13367782,1/10/2021,4:34:58 PM,-3.0192644E+1,2.0179657E+1,3.8619255E+3,0.0000000E+0
13367783,1/10/2021,4:34:58 PM,-3.5885353E+1,1.5308246E+1,3.8547820E+3,0.0000000E+0
13367784,1/10/2021,4:34:58 PM,-4.0567207E+1,8.4691267E+0,3.8529961E+3,0.0000000E+0
13367785,1/10/2021,4:34:58 PM,-4.3307159E+1,7.6546913E-1,3.8494243E+3,0.0000000E+0
13367786,1/10/2021,4:34:59 PM,-4.5914101E+1,-3.0214617E+0,3.8512104E+3,0.0000000E+0
13367787,1/10/2021,4:34:59 PM,-4.8600845E+1,-6.3312378E+0,3.8529961E+3,0.0000000E+0
13367788,1/10/2021,4:34:59 PM,-4.9611702E+1,-1.3364469E+1,3.8476387E+3,0.0000000E+0
13367789,1/10/2021,4:34:59 PM,-4.7244175E+1,-2.0235498E+1,3.8476387E+3,0.0000000E+0
13367790,1/10/2021,4:34:59 PM,-4.5195862E+1,-2.6826279E+1,3.8422810E+3,0.0000000E+0
13367791,1/10/2021,4:34:59 PM,-4.0035179E+1,-3.1369007E+1,3.8458525E+3,0.0000000E+0
13367792,1/10/2021,4:34:59 PM,-3.4395676E+1,-3.3089329E+1,3.8485315E+3,0.0000000E+0
13367793,1/10/2021,4:34:59 PM,-2.6681253E+1,-3.5777332E+1,3.8512104E+3,0.0000000E+0
13367794,1/10/2021,4:34:59 PM,-1.5970618E+1,-4.1018940E+1,3.8494243E+3,0.0000000E+0
13367795,1/10/2021,4:34:59 PM,-6.0761509E+0,-4.8007755E+1,3.8440669E+3,0.0000000E+0
13367796,1/10/2021,4:35:00 PM,5.9124727E-2,-5.0292557E+1,3.8467454E+3,0.0000000E+0
13367797,1/10/2021,4:35:00 PM,7.9050484E+0,-5.0910797E+1,3.8494243E+3,0.0000000E+0
13367798,1/10/2021,4:35:00 PM,1.5207481E+1,-5.0373196E+1,3.8529961E+3,0.0000000E+0
13367799,1/10/2021,4:35:00 PM,1.9946825E+1,-4.9432396E+1,3.8512104E+3,0.0000000E+0
13367800,1/10/2021,4:35:00 PM,2.0749130E+1,-4.9674316E+1,3.8476387E+3,0.0000000E+0
13367801,1/10/2021,4:35:00 PM,2.0483116E+1,-4.7093834E+1,3.8440669E+3,0.0000000E+0
13367802,1/10/2021,4:35:00 PM,1.9773146E+1,-4.0535099E+1,3.8503171E+3,0.0000000E+0
13367803,1/10/2021,4:35:00 PM,2.0031034E+1,-3.0401327E+1,3.8547820E+3,0.0000000E+0
13367804,1/10/2021,4:35:00 PM,1.9775780E+1,-2.1235231E+1,3.8583538E+3,0.0000000E+0
13367805,1/10/2021,4:35:00 PM,1.2781231E+1,-1.3678240E+1,3.8521033E+3,0.0000000E+0
13367806,1/10/2021,4:35:01 PM,3.9086676E+0,-6.9773912E+0,3.8458525E+3,0.0000000E+0
13367807,1/10/2021,4:35:01 PM,-4.2803555E+0,4.3235812E+0,3.8529961E+3,0.0000000E+0
13367808,1/10/2021,4:35:01 PM,-8.0103083E+0,1.9605297E+1,3.8646042E+3,0.0000000E+0
13367809,1/10/2021,4:35:01 PM,-8.9260731E+0,3.0616365E+1,3.8663899E+3,0.0000000E+0
13367810,1/10/2021,4:35:01 PM,-1.7791622E+1,3.8841656E+1,3.8610327E+3,0.0000000E+0
13367811,1/10/2021,4:35:01 PM,-2.8676361E+1,4.4943428E+1,3.8583538E+3,0.0000000E+0
13367812,1/10/2021,4:35:01 PM,-3.7215427E+1,5.1959118E+1,3.8583538E+3,0.0000000E+0
13367813,1/10/2021,4:35:01 PM,-4.0647015E+1,6.0453213E+1,3.8690688E+3,0.0000000E+0
13367814,1/10/2021,4:35:01 PM,-4.4929848E+1,6.7280746E+1,3.8744265E+3,0.0000000E+0
13367815,1/10/2021,4:35:01 PM,-5.1287594E+1,6.6796898E+1,3.8654971E+3,0.0000000E+0
13367816,1/10/2021,4:35:02 PM,-6.0864117E+1,6.2630497E+1,3.8601394E+3,0.0000000E+0
13367817,1/10/2021,4:35:02 PM,-6.8339127E+1,5.6340569E+1,3.8547820E+3,0.0000000E+0
13367818,1/10/2021,4:35:02 PM,-7.1424889E+1,5.1851601E+1,3.8601394E+3,0.0000000E+0
13367819,1/10/2021,4:35:02 PM,-7.1930313E+1,4.7953995E+1,3.8654971E+3,0.0000000E+0
13367820,1/10/2021,4:35:02 PM,-7.6000343E+1,4.0400700E+1,3.8583538E+3,0.0000000E+0
13367821,1/10/2021,4:35:02 PM,-7.8979698E+1,2.7363882E+1,3.8476387E+3,0.0000000E+0
13367822,1/10/2021,4:35:02 PM,-8.0123566E+1,1.7384977E+1,3.8458525E+3,0.0000000E+0
13367823,1/10/2021,4:35:02 PM,-7.5494911E+1,1.0875583E+1,3.8494243E+3,0.0000000E+0
13367824,1/10/2021,4:35:02 PM,-6.4561714E+1,3.9295819E+0,3.8512104E+3,0.0000000E+0
13367825,1/10/2021,4:35:02 PM,-5.9454235E+1,-1.0159136E+0,3.8494243E+3,0.0000000E+0
13367826,1/10/2021,4:35:03 PM,-4.9398891E+1,-1.2327433E+1,3.8431738E+3,0.0000000E+0
13367827,1/10/2021,4:35:03 PM,-3.1948339E+1,-2.2310434E+1,3.8440669E+3,0.0000000E+0
13367828,1/10/2021,4:35:03 PM,-1.0391823E+1,-2.9191725E+1,3.8494243E+3,0.0000000E+0
13367829,1/10/2021,4:35:03 PM,1.1257589E+1,-3.4648373E+1,3.8565676E+3,0.0000000E+0
13367830,1/10/2021,4:35:03 PM,2.9155188E+1,-4.1260860E+1,3.8601394E+3,0.0000000E+0
13367831,1/10/2021,4:35:03 PM,4.6286522E+1,-5.3195599E+1,3.8512104E+3,0.0000000E+0
13367832,1/10/2021,4:35:03 PM,5.8842403E+1,-6.3114334E+1,3.8503171E+3,0.0000000E+0
13367833,1/10/2021,4:35:03 PM,7.0706650E+1,-6.9834343E+1,3.8547820E+3,0.0000000E+0
13367834,1/10/2021,4:35:03 PM,8.5603462E+1,-7.6634995E+1,3.8547820E+3,0.0000000E+0
13367835,1/10/2021,4:35:03 PM,9.1695190E+1,-7.7387634E+1,3.8574609E+3,0.0000000E+0
13367836,1/10/2021,4:35:04 PM,8.9886299E+1,-7.8409081E+1,3.8565676E+3,0.0000000E+0
13367837,1/10/2021,4:35:04 PM,8.5763077E+1,-8.2037880E+1,3.8431738E+3,0.0000000E+0
13367838,1/10/2021,4:35:04 PM,8.0522583E+1,-8.0613243E+1,3.8512104E+3,0.0000000E+0
13367839,1/10/2021,4:35:04 PM,7.6026939E+1,-7.7199478E+1,3.8547820E+3,0.0000000E+0
13367840,1/10/2021,4:35:04 PM,6.5519363E+1,-7.4027634E+1,3.8494243E+3,0.0000000E+0
13367841,1/10/2021,4:35:04 PM,5.2511261E+1,-7.2146027E+1,3.8440669E+3,0.0000000E+0
13367842,1/10/2021,4:35:04 PM,4.0620411E+1,-6.7925858E+1,3.8404951E+3,0.0000000E+0
13367843,1/10/2021,4:35:04 PM,3.1150297E+1,-6.0050011E+1,3.8440669E+3,0.0000000E+0
13367844,1/10/2021,4:35:04 PM,2.3728493E+1,-4.9728077E+1,3.8458525E+3,0.0000000E+0
13367845,1/10/2021,4:35:04 PM,1.3375953E+1,-3.4648373E+1,3.8529961E+3,0.0000000E+0
13367846,1/10/2021,4:35:05 PM,-1.7051150E+0,-2.0670752E+1,3.8512104E+3,0.0000000E+0
13367847,1/10/2021,4:35:05 PM,-1.5744309E+1,-8.9504175E+0,3.8458525E+3,0.0000000E+0
13367848,1/10/2021,4:35:05 PM,-2.6202429E+1,5.8526058E+0,3.8529961E+3,0.0000000E+0
13367849,1/10/2021,4:35:05 PM,-3.2746384E+1,2.2202913E+1,3.8610327E+3,0.0000000E+0
13367850,1/10/2021,4:35:05 PM,-4.3892391E+1,4.0293182E+1,3.8654971E+3,0.0000000E+0
13367851,1/10/2021,4:35:05 PM,-6.0544899E+1,5.6313686E+1,3.8672827E+3,0.0000000E+0
13367852,1/10/2021,4:35:05 PM,-7.6984589E+1,6.7764580E+1,3.8654971E+3,0.0000000E+0
13367853,1/10/2021,4:35:05 PM,-9.3716911E+1,7.5855476E+1,3.8583538E+3,0.0000000E+0
13367854,1/10/2021,4:35:05 PM,-9.6909081E+1,8.0532600E+1,3.8628184E+3,0.0000000E+0
13367855,1/10/2021,4:35:05 PM,-1.0052688E+2,8.6741890E+1,3.8726406E+3,0.0000000E+0
13367856,1/10/2021,4:35:06 PM,-1.0395847E+2,8.5666687E+1,3.8628184E+3,0.0000000E+0
13367857,1/10/2021,4:35:06 PM,-1.0316042E+2,7.6527473E+1,3.8538889E+3,0.0000000E+0
13367858,1/10/2021,4:35:06 PM,-9.6031235E+1,6.8544106E+1,3.8583538E+3,0.0000000E+0
13367859,1/10/2021,4:35:06 PM,-8.1879257E+1,5.7281364E+1,3.8512104E+3,0.0000000E+0
13367860,1/10/2021,4:35:06 PM,-6.2885826E+1,4.7846470E+1,3.8583538E+3,0.0000000E+0
13367861,1/10/2021,4:35:06 PM,-5.1101387E+1,4.1825344E+1,3.8601394E+3,0.0000000E+0
13367862,1/10/2021,4:35:06 PM,-3.9689362E+1,3.0562605E+1,3.8476387E+3,0.0000000E+0
13367863,1/10/2021,4:35:06 PM,-2.6601448E+1,2.1262112E+1,3.8529961E+3,0.0000000E+0
13367864,1/10/2021,4:35:06 PM,-1.0618133E+1,1.5723062E+1,3.8583538E+3,0.0000000E+0
13367865,1/10/2021,4:35:06 PM,7.6519012E-1,1.4271211E+1,3.8654971E+3,0.0000000E+0
13367866,1/10/2021,4:35:07 PM,6.2050948E+0,9.0115767E+0,3.8583538E+3,0.0000000E+0
13367867,1/10/2021,4:35:07 PM,9.2734318E+0,3.4931395E+0,3.8574609E+3,0.0000000E+0
13367868,1/10/2021,4:35:07 PM,8.1445160E+0,9.6177453E-1,3.8601394E+3,0.0000000E+0
13367869,1/10/2021,4:35:07 PM,7.5471635E+0,-3.7421920E+0,3.8601394E+3,0.0000000E+0
13367870,1/10/2021,4:35:07 PM,1.0315509E+1,-8.1739712E+0,3.8628184E+3,0.0000000E+0
13367871,1/10/2021,4:35:07 PM,7.3708520E+0,-1.3587830E+1,3.8646042E+3,0.0000000E+0
13367872,1/10/2021,4:35:07 PM,3.0028267E+0,-2.6826279E+1,3.8494243E+3,0.0000000E+0
13367873,1/10/2021,4:35:07 PM,-8.6073995E-1,-3.9164219E+1,3.8467454E+3,0.0000000E+0
13367874,1/10/2021,4:35:07 PM,-2.3505895E+0,-4.8410954E+1,3.8476387E+3,0.0000000E+0
13367875,1/10/2021,4:35:07 PM,-1.1758959E+0,-5.7684566E+1,3.8458525E+3,0.0000000E+0
13367876,1/10/2021,4:35:08 PM,3.9830008E-1,-6.6098015E+1,3.8440669E+3,0.0000000E+0
13367877,1/10/2021,4:35:08 PM,2.6289389E-1,-7.3516914E+1,3.8396021E+3,0.0000000E+0
13367878,1/10/2021,4:35:08 PM,2.5170171E+0,-8.1016441E+1,3.8333516E+3,0.0000000E+0
13367879,1/10/2021,4:35:08 PM,5.8629985E+0,-8.2387321E+1,3.8360303E+3,0.0000000E+0
13367880,1/10/2021,4:35:08 PM,1.1725997E+1,-7.8274681E+1,3.8404951E+3,0.0000000E+0
13367881,1/10/2021,4:35:08 PM,1.5583788E+1,-6.8624741E+1,3.8494243E+3,0.0000000E+0
13367882,1/10/2021,4:35:08 PM,1.4365399E+1,-6.1232731E+1,3.8440669E+3,0.0000000E+0
13367883,1/10/2021,4:35:08 PM,1.3431213E+1,-5.3088078E+1,3.8440669E+3,0.0000000E+0
13367884,1/10/2021,4:35:08 PM,1.3696997E+1,-4.1556545E+1,3.8512104E+3,0.0000000E+0
13367885,1/10/2021,4:35:08 PM,1.3218062E+1,-2.7095081E+1,3.8565676E+3,0.0000000E+0
13367886,1/10/2021,4:35:09 PM,1.4307506E+1,-1.5709766E+1,3.8601394E+3,0.0000000E+0
13367887,1/10/2021,4:35:09 PM,1.3257534E+1,-6.5067358E+0,3.8601394E+3,0.0000000E+0
13367888,1/10/2021,4:35:09 PM,1.0547081E+1,-3.1472251E-2,3.8601394E+3,0.0000000E+0
13367889,1/10/2021,4:35:09 PM,1.0786549E+1,6.8470969E+0,3.8610327E+3,0.0000000E+0
13367890,1/10/2021,4:35:09 PM,9.0287018E+0,1.2558772E+1,3.8646042E+3,0.0000000E+0
13367891,1/10/2021,4:35:09 PM,5.3288026E+0,1.7993904E+1,3.8628184E+3,0.0000000E+0
13367892,1/10/2021,4:35:09 PM,1.4851669E+0,2.0567881E+1,3.8646042E+3,0.0000000E+0
13367893,1/10/2021,4:35:09 PM,-3.7945459E+0,2.1477152E+1,3.8583538E+3,0.0000000E+0
13367894,1/10/2021,4:35:09 PM,-9.6128969E+0,2.1369631E+1,3.8583538E+3,0.0000000E+0
13367895,1/10/2021,4:35:09 PM,-1.6204823E+1,2.1369631E+1,3.8565676E+3,0.0000000E+0
13367896,1/10/2021,4:35:10 PM,-2.4313725E+1,2.5105959E+1,3.8583538E+3,0.0000000E+0
13367897,1/10/2021,4:35:10 PM,-3.1176897E+1,2.6530602E+1,3.8583538E+3,0.0000000E+0
13367898,1/10/2021,4:35:10 PM,-4.0886429E+1,2.7417643E+1,3.8538889E+3,0.0000000E+0
13367899,1/10/2021,4:35:10 PM,-4.7057964E+1,2.7229481E+1,3.8547820E+3,0.0000000E+0
13367900,1/10/2021,4:35:10 PM,-5.2245243E+1,2.9084206E+1,3.8583538E+3,0.0000000E+0
13367901,1/10/2021,4:35:10 PM,-5.6075855E+1,2.8331564E+1,3.8529961E+3,0.0000000E+0
13367902,1/10/2021,4:35:10 PM,-5.6873898E+1,2.6853159E+1,3.8583538E+3,0.0000000E+0
13367903,1/10/2021,4:35:10 PM,-5.4798985E+1,2.2659874E+1,3.8565676E+3,0.0000000E+0
13367904,1/10/2021,4:35:10 PM,-5.1713219E+1,1.6927618E+1,3.8556748E+3,0.0000000E+0
13367905,1/10/2021,4:35:10 PM,-4.7004761E+1,9.9183187E+0,3.8547820E+3,0.0000000E+0
13367906,1/10/2021,4:35:11 PM,-4.1179043E+1,1.6416636E+0,3.8521033E+3,0.0000000E+0
13367907,1/10/2021,4:35:11 PM,-3.4874500E+1,-5.6457210E+0,3.8547820E+3,0.0000000E+0
13367908,1/10/2021,4:35:11 PM,-3.1203499E+1,-1.2606635E+1,3.8521033E+3,0.0000000E+0
13367909,1/10/2021,4:35:11 PM,-2.6335436E+1,-2.1047071E+1,3.8476387E+3,0.0000000E+0
13367910,1/10/2021,4:35:11 PM,-2.1573774E+1,-2.5724199E+1,3.8529961E+3,0.0000000E+0
13367911,1/10/2021,4:35:11 PM,-1.9362631E+1,-2.9648685E+1,3.8485315E+3,0.0000000E+0
13367912,1/10/2021,4:35:11 PM,-1.5120642E+1,-3.5777332E+1,3.8440669E+3,0.0000000E+0
13367913,1/10/2021,4:35:11 PM,-1.3662786E+1,-3.7309498E+1,3.8503171E+3,0.0000000E+0
13367914,1/10/2021,4:35:11 PM,-9.0129128E+0,-4.0158779E+1,3.8458525E+3,0.0000000E+0
13367915,1/10/2021,4:35:11 PM,-2.0098095E+0,-4.3465027E+1,3.8431738E+3,0.0000000E+0
13367916,1/10/2021,4:35:12 PM,4.3096786E+0,-4.2685505E+1,3.8494243E+3,0.0000000E+0
13367917,1/10/2021,4:35:12 PM,1.1683893E+1,-4.1475903E+1,3.8476387E+3,0.0000000E+0
13367918,1/10/2021,4:35:12 PM,2.0131031E+1,-4.0938301E+1,3.8512104E+3,0.0000000E+0
13367919,1/10/2021,4:35:12 PM,2.7266485E+1,-3.7658939E+1,3.8512104E+3,0.0000000E+0
13367920,1/10/2021,4:35:12 PM,3.4023254E+1,-3.4460213E+1,3.8538889E+3,0.0000000E+0
13367921,1/10/2021,4:35:12 PM,3.9689362E+1,-3.1261488E+1,3.8529961E+3,0.0000000E+0
13367922,1/10/2021,4:35:12 PM,4.2588921E+1,-2.5777960E+1,3.8565676E+3,0.0000000E+0
13367923,1/10/2021,4:35:12 PM,4.3174152E+1,-1.8560286E+1,3.8574609E+3,0.0000000E+0
13367924,1/10/2021,4:35:12 PM,4.1152443E+1,-1.0266657E+1,3.8583538E+3,0.0000000E+0
13367925,1/10/2021,4:35:12 PM,3.4475479E+1,-1.2831610E+0,3.8601394E+3,0.0000000E+0
13367926,1/10/2021,4:35:13 PM,2.3755095E+1,9.4263916E+0,3.8601394E+3,0.0000000E+0
13367927,1/10/2021,4:35:13 PM,1.1170750E+1,1.9570730E+1,3.8601394E+3,0.0000000E+0
13367928,1/10/2021,4:35:13 PM,-1.9907894E+0,2.9406763E+1,3.8619255E+3,0.0000000E+0
13367929,1/10/2021,4:35:13 PM,-1.7402159E+1,3.8841656E+1,3.8583538E+3,0.0000000E+0
13367930,1/10/2021,4:35:13 PM,-3.0751274E+1,4.8330311E+1,3.8610327E+3,0.0000000E+0
13367931,1/10/2021,4:35:13 PM,-4.0460804E+1,5.6259926E+1,3.8619255E+3,0.0000000E+0
13367932,1/10/2021,4:35:13 PM,-4.7643196E+1,6.2227295E+1,3.8610327E+3,0.0000000E+0
13367933,1/10/2021,4:35:13 PM,-5.0968376E+1,6.5130333E+1,3.8637112E+3,0.0000000E+0
13367934,1/10/2021,4:35:13 PM,-5.2192039E+1,6.6447456E+1,3.8628184E+3,0.0000000E+0
13367935,1/10/2021,4:35:13 PM,-4.9079674E+1,6.3974495E+1,3.8654971E+3,0.0000000E+0
13367936,1/10/2021,4:35:14 PM,-4.3732784E+1,5.8437210E+1,3.8610327E+3,0.0000000E+0
13367937,1/10/2021,4:35:14 PM,-4.0168186E+1,5.2846157E+1,3.8637112E+3,0.0000000E+0
13367938,1/10/2021,4:35:14 PM,-3.6284374E+1,4.6260551E+1,3.8637112E+3,0.0000000E+0
13367939,1/10/2021,4:35:14 PM,-3.3943451E+1,3.8384697E+1,3.8583538E+3,0.0000000E+0
13367940,1/10/2021,4:35:14 PM,-3.1841934E+1,3.1153965E+1,3.8619255E+3,0.0000000E+0
13367941,1/10/2021,4:35:14 PM,-3.1176897E+1,2.3089954E+1,3.8610327E+3,0.0000000E+0
13367942,1/10/2021,4:35:14 PM,-3.1150297E+1,1.4648799E+1,3.8565676E+3,0.0000000E+0
13367943,1/10/2021,4:35:14 PM,-3.1070492E+1,5.2463384E+0,3.8547820E+3,0.0000000E+0
13367944,1/10/2021,4:35:14 PM,-3.2959194E+1,-5.5247984E+0,3.8503171E+3,0.0000000E+0
13367945,1/10/2021,4:35:14 PM,-3.4103058E+1,-1.3324583E+1,3.8538889E+3,0.0000000E+0
13367946,1/10/2021,4:35:15 PM,-3.3278412E+1,-2.3224356E+1,3.8494243E+3,0.0000000E+0
13367947,1/10/2021,4:35:15 PM,-3.6656796E+1,-3.2336689E+1,3.8494243E+3,0.0000000E+0
13367948,1/10/2021,4:35:15 PM,-3.4608486E+1,-4.3491905E+1,3.8449597E+3,0.0000000E+0
13367949,1/10/2021,4:35:15 PM,-3.1389711E+1,-5.4485844E+1,3.8440669E+3,0.0000000E+0
13367950,1/10/2021,4:35:15 PM,-2.7532501E+1,-6.5049698E+1,3.8422810E+3,0.0000000E+0
13367951,1/10/2021,4:35:15 PM,-2.1414167E+1,-7.5049072E+1,3.8387092E+3,0.0000000E+0
13367952,1/10/2021,4:35:15 PM,-1.3049645E+1,-8.3919487E+1,3.8440669E+3,0.0000000E+0
13367953,1/10/2021,4:35:15 PM,-1.7625461E+0,-9.3112457E+1,3.8404951E+3,0.0000000E+0
13367954,1/10/2021,4:35:15 PM,1.1910203E+1,-1.0324623E+2,3.8404951E+3,0.0000000E+0
13367955,1/10/2021,4:35:15 PM,2.5457588E+1,-1.1246609E+2,3.8360303E+3,0.0000000E+0
13367956,1/10/2021,4:35:16 PM,3.6603596E+1,-1.1843346E+2,3.8369231E+3,0.0000000E+0
13367957,1/10/2021,4:35:16 PM,4.7350578E+1,-1.1762705E+2,3.8422810E+3,0.0000000E+0
13367958,1/10/2021,4:35:16 PM,5.5198006E+1,-1.1475089E+2,3.8413882E+3,0.0000000E+0
13367959,1/10/2021,4:35:16 PM,5.9028618E+1,-1.0838033E+2,3.8449597E+3,0.0000000E+0
13367960,1/10/2021,4:35:16 PM,5.9507439E+1,-1.0144527E+2,3.8396021E+3,0.0000000E+0
13367961,1/10/2021,4:35:16 PM,5.6421677E+1,-9.1096458E+1,3.8422810E+3,0.0000000E+0
13367962,1/10/2021,4:35:16 PM,5.0755566E+1,-7.4807152E+1,3.8449597E+3,0.0000000E+0
13367963,1/10/2021,4:35:16 PM,4.0407600E+1,-5.4700882E+1,3.8476387E+3,0.0000000E+0
13367964,1/10/2021,4:35:16 PM,2.8011326E+1,-3.1153965E+1,3.8547820E+3,0.0000000E+0
13367965,1/10/2021,4:35:16 PM,1.7375843E+1,-8.2617197E+0,3.8583538E+3,0.0000000E+0
13367966,1/10/2021,4:35:17 PM,6.8208671E+0,1.1399419E+1,3.8512104E+3,0.0000000E+0
13367967,1/10/2021,4:35:17 PM,1.5208299E+0,3.1745329E+1,3.8610327E+3,0.0000000E+0
13367968,1/10/2021,4:35:17 PM,-7.7892618E+0,5.5587925E+1,3.8672827E+3,0.0000000E+0
13367969,1/10/2021,4:35:17 PM,-1.4299612E+1,7.5909233E+1,3.8699617E+3,0.0000000E+0
13367970,1/10/2021,4:35:17 PM,-1.9625782E+1,9.3488785E+1,3.8788911E+3,0.0000000E+0
13367971,1/10/2021,4:35:17 PM,-2.7426092E+1,1.0660623E+2,3.8744265E+3,0.0000000E+0
13367972,1/10/2021,4:35:17 PM,-2.8303940E+1,1.1327248E+2,3.8726406E+3,0.0000000E+0
13367973,1/10/2021,4:35:17 PM,-3.5752346E+1,1.2356754E+2,3.8788911E+3,0.0000000E+0
13367974,1/10/2021,4:35:17 PM,-4.6605740E+1,1.3297556E+2,3.8815701E+3,0.0000000E+0
13367975,1/10/2021,4:35:17 PM,-5.2351654E+1,1.3550229E+2,3.8869272E+3,0.0000000E+0
13367976,1/10/2021,4:35:18 PM,-6.2034580E+1,1.2942740E+2,3.8726406E+3,0.0000000E+0
13367977,1/10/2021,4:35:18 PM,-6.7487877E+1,1.1601425E+2,3.8690688E+3,0.0000000E+0
13367978,1/10/2021,4:35:18 PM,-6.9882011E+1,1.0209039E+2,3.8654971E+3,0.0000000E+0
13367979,1/10/2021,4:35:18 PM,-7.4297852E+1,8.8300934E+1,3.8681760E+3,0.0000000E+0
13367980,1/10/2021,4:35:18 PM,-7.7303810E+1,7.1500908E+1,3.8663899E+3,0.0000000E+0
13367981,1/10/2021,4:35:18 PM,-8.0735397E+1,5.0453835E+1,3.8529961E+3,0.0000000E+0
13367982,1/10/2021,4:35:18 PM,-8.0017159E+1,2.8869164E+1,3.8476387E+3,0.0000000E+0
13367983,1/10/2021,4:35:18 PM,-7.5361908E+1,9.6151848E+0,3.8467454E+3,0.0000000E+0
13367984,1/10/2021,4:35:18 PM,-7.0121414E+1,-6.7300978E+0,3.8440669E+3,0.0000000E+0
13367985,1/10/2021,4:35:18 PM,-6.2114380E+1,-2.1907232E+1,3.8431738E+3,0.0000000E+0
13367986,1/10/2021,4:35:19 PM,-5.8097565E+1,-3.6288052E+1,3.8387092E+3,0.0000000E+0
13367987,1/10/2021,4:35:19 PM,-5.4240353E+1,-4.7335751E+1,3.8342446E+3,0.0000000E+0
13367988,1/10/2021,4:35:19 PM,-4.7350578E+1,-5.4109520E+1,3.8369231E+3,0.0000000E+0
13367989,1/10/2021,4:35:19 PM,-3.8545502E+1,-5.9297371E+1,3.8404951E+3,0.0000000E+0
13367990,1/10/2021,4:35:19 PM,-2.8968977E+1,-6.2979935E+1,3.8458525E+3,0.0000000E+0
13367991,1/10/2021,4:35:19 PM,-2.2212210E+1,-6.5533539E+1,3.8431738E+3,0.0000000E+0
13367992,1/10/2021,4:35:19 PM,-1.4068039E+1,-6.8436584E+1,3.8458525E+3,0.0000000E+0
13367993,1/10/2021,4:35:19 PM,-5.0586019E+0,-7.1957870E+1,3.8458525E+3,0.0000000E+0
13367994,1/10/2021,4:35:19 PM,3.3253789E+0,-7.0909546E+1,3.8503171E+3,0.0000000E+0
13367995,1/10/2021,4:35:19 PM,1.2865439E+1,-7.0667625E+1,3.8521033E+3,0.0000000E+0
13367996,1/10/2021,4:35:20 PM,2.4765949E+1,-7.4162033E+1,3.8494243E+3,0.0000000E+0
13367997,1/10/2021,4:35:20 PM,3.6630196E+1,-7.8059639E+1,3.8458525E+3,0.0000000E+0
13367998,1/10/2021,4:35:20 PM,4.6658943E+1,-7.9645561E+1,3.8529961E+3,0.0000000E+0
13367999,1/10/2021,4:35:20 PM,5.4453163E+1,-8.1016441E+1,3.8467454E+3,0.0000000E+0
13368000,1/10/2021,4:35:20 PM,5.8469986E+1,-8.0962685E+1,3.8458525E+3,0.0000000E+0
13368001,1/10/2021,4:35:20 PM,6.1396145E+1,-7.8650993E+1,3.8494243E+3,0.0000000E+0
13368002,1/10/2021,4:35:20 PM,6.5838585E+1,-7.5640434E+1,3.8440669E+3,0.0000000E+0
13368003,1/10/2021,4:35:20 PM,6.8844551E+1,-6.7925858E+1,3.8512104E+3,0.0000000E+0
13368004,1/10/2021,4:35:20 PM,6.4242500E+1,-5.8222168E+1,3.8467454E+3,0.0000000E+0
13368005,1/10/2021,4:35:20 PM,5.7219719E+1,-4.7335751E+1,3.8538889E+3,0.0000000E+0
13368006,1/10/2021,4:35:21 PM,5.3043289E+1,-3.5723572E+1,3.8529961E+3,0.0000000E+0
13368007,1/10/2021,4:35:21 PM,4.8361435E+1,-2.4218918E+1,3.8601394E+3,0.0000000E+0
13368008,1/10/2021,4:35:21 PM,4.3785984E+1,-1.4063805E+1,3.8583538E+3,0.0000000E+0
13368009,1/10/2021,4:35:21 PM,3.7986870E+1,-3.8871388E+0,3.8601394E+3,0.0000000E+0
13368010,1/10/2021,4:35:21 PM,2.9048782E+1,7.6474752E+0,3.8654971E+3,0.0000000E+0
13368011,1/10/2021,4:35:21 PM,1.8660019E+1,1.7065889E+1,3.8619255E+3,0.0000000E+0
13368012,1/10/2021,4:35:21 PM,9.8207855E+0,2.5347878E+1,3.8637112E+3,0.0000000E+0
13368013,1/10/2021,4:35:21 PM,1.4804118E+0,3.3008690E+1,3.8646042E+3,0.0000000E+0
13368014,1/10/2021,4:35:21 PM,-7.7839985E+0,3.7927738E+1,3.8619255E+3,0.0000000E+0
13368015,1/10/2021,4:35:21 PM,-1.8686335E+1,4.2819904E+1,3.8619255E+3,0.0000000E+0
13368016,1/10/2021,4:35:22 PM,-2.9368000E+1,4.7335751E+1,3.8601394E+3,0.0000000E+0
13368017,1/10/2021,4:35:22 PM,-3.5885353E+1,4.8894794E+1,3.8619255E+3,0.0000000E+0
13368018,1/10/2021,4:35:22 PM,-4.6898354E+1,5.1421516E+1,3.8583538E+3,0.0000000E+0
13368019,1/10/2021,4:35:22 PM,-5.8150764E+1,5.5587925E+1,3.8619255E+3,0.0000000E+0
13368020,1/10/2021,4:35:22 PM,-7.0493843E+1,5.5695446E+1,3.8529961E+3,0.0000000E+0
13368021,1/10/2021,4:35:22 PM,-7.7011192E+1,5.4324562E+1,3.8521033E+3,0.0000000E+0
13368022,1/10/2021,4:35:22 PM,-7.9591537E+1,5.7066326E+1,3.8646042E+3,0.0000000E+0
13368023,1/10/2021,4:35:22 PM,-7.8740288E+1,5.4539604E+1,3.8601394E+3,0.0000000E+0
13368024,1/10/2021,4:35:22 PM,-8.1666451E+1,4.7147591E+1,3.8503171E+3,0.0000000E+0
13368025,1/10/2021,4:35:22 PM,-8.1959068E+1,4.1556545E+1,3.8521033E+3,0.0000000E+0
13368026,1/10/2021,4:35:23 PM,-8.0735397E+1,3.8707260E+1,3.8583538E+3,0.0000000E+0
13368027,1/10/2021,4:35:23 PM,-7.0387436E+1,3.1906607E+1,3.8529961E+3,0.0000000E+0
13368028,1/10/2021,4:35:23 PM,-6.3338051E+1,2.8224043E+1,3.8583538E+3,0.0000000E+0
13368029,1/10/2021,4:35:23 PM,-5.8922211E+1,2.2606113E+1,3.8529961E+3,0.0000000E+0
13368030,1/10/2021,4:35:23 PM,-5.3921139E+1,1.8211946E+1,3.8494243E+3,0.0000000E+0
13368031,1/10/2021,4:35:23 PM,-4.5302265E+1,1.5994286E+1,3.8565676E+3,0.0000000E+0
13368032,1/10/2021,4:35:23 PM,-3.8013470E+1,1.6023537E+1,3.8610327E+3,0.0000000E+0
13368033,1/10/2021,4:35:23 PM,-2.8649759E+1,9.3492785E+0,3.8565676E+3,0.0000000E+0
13368034,1/10/2021,4:35:23 PM,-2.1387564E+1,3.5739675E-1,3.8503171E+3,0.0000000E+0
13368035,1/10/2021,4:35:23 PM,-1.6839016E+1,-5.7462430E+0,3.8547820E+3,0.0000000E+0
13368036,1/10/2021,4:35:24 PM,-1.1536529E+1,-1.0333133E+1,3.8538889E+3,0.0000000E+0
13368037,1/10/2021,4:35:24 PM,-3.3467767E+0,-1.4813661E+1,3.8601394E+3,0.0000000E+0
13368038,1/10/2021,4:35:24 PM,3.9712758E+0,-2.2740515E+1,3.8565676E+3,0.0000000E+0
13368039,1/10/2021,4:35:24 PM,6.1366754E+0,-3.2390450E+1,3.8476387E+3,0.0000000E+0
13368040,1/10/2021,4:35:24 PM,1.3033856E+1,-4.3034946E+1,3.8494243E+3,0.0000000E+0
13368041,1/10/2021,4:35:24 PM,1.9936300E+1,-4.8841034E+1,3.8476387E+3,0.0000000E+0
13368042,1/10/2021,4:35:24 PM,2.1573774E+1,-5.1475277E+1,3.8547820E+3,0.0000000E+0
13368043,1/10/2021,4:35:24 PM,2.6787659E+1,-5.7818970E+1,3.8458525E+3,0.0000000E+0
13368044,1/10/2021,4:35:24 PM,3.0804478E+1,-6.2254173E+1,3.8503171E+3,0.0000000E+0
13368045,1/10/2021,4:35:24 PM,3.2586777E+1,-6.6124901E+1,3.8440669E+3,0.0000000E+0
13368046,1/10/2021,4:35:25 PM,3.3996651E+1,-6.7226982E+1,3.8458525E+3,0.0000000E+0
13368047,1/10/2021,4:35:25 PM,3.4794697E+1,-6.2899296E+1,3.8547820E+3,0.0000000E+0
13368048,1/10/2021,4:35:25 PM,3.4714893E+1,-6.1662815E+1,3.8512104E+3,0.0000000E+0
13368049,1/10/2021,4:35:25 PM,3.1974941E+1,-6.1582172E+1,3.8476387E+3,0.0000000E+0
13368050,1/10/2021,4:35:25 PM,2.8037928E+1,-6.0372570E+1,3.8476387E+3,0.0000000E+0
13368051,1/10/2021,4:35:25 PM,2.5058565E+1,-5.7039444E+1,3.8476387E+3,0.0000000E+0
13368052,1/10/2021,4:35:25 PM,2.1174755E+1,-5.1233360E+1,3.8538889E+3,0.0000000E+0
13368053,1/10/2021,4:35:25 PM,1.7399527E+1,-4.6663750E+1,3.8529961E+3,0.0000000E+0
13368054,1/10/2021,4:35:25 PM,1.1894414E+1,-4.3814465E+1,3.8476387E+3,0.0000000E+0
13368055,1/10/2021,4:35:25 PM,7.7603159E+0,-4.0266300E+1,3.8476387E+3,0.0000000E+0
13368056,1/10/2021,4:35:26 PM,2.4615412E+0,-3.3600052E+1,3.8512104E+3,0.0000000E+0
13368057,1/10/2021,4:35:26 PM,-4.3318686E+0,-2.6396198E+1,3.8512104E+3,0.0000000E+0
13368058,1/10/2021,4:35:26 PM,-1.3041752E+1,-1.7765224E+1,3.8512104E+3,0.0000000E+0
13368059,1/10/2021,4:35:26 PM,-1.9873144E+1,-9.9449091E+0,3.8529961E+3,0.0000000E+0
13368060,1/10/2021,4:35:26 PM,-2.7798513E+1,-1.8867117E+0,3.8476387E+3,0.0000000E+0
13368061,1/10/2021,4:35:26 PM,-3.8173080E+1,8.5063543E+0,3.8512104E+3,0.0000000E+0
13368062,1/10/2021,4:35:26 PM,-4.4318012E+1,2.0440245E+1,3.8547820E+3,0.0000000E+0
13368063,1/10/2021,4:35:26 PM,-5.0782166E+1,3.1476526E+1,3.8601394E+3,0.0000000E+0
13368064,1/10/2021,4:35:26 PM,-5.7645340E+1,4.1905983E+1,3.8583538E+3,0.0000000E+0
13368065,1/10/2021,4:35:26 PM,-5.9401035E+1,4.9217354E+1,3.8610327E+3,0.0000000E+0
13368066,1/10/2021,4:35:27 PM,-5.9773457E+1,5.4485844E+1,3.8601394E+3,0.0000000E+0
13368067,1/10/2021,4:35:27 PM,-6.0837513E+1,5.9727448E+1,3.8610327E+3,0.0000000E+0
13368068,1/10/2021,4:35:27 PM,-5.8416786E+1,6.1931614E+1,3.8681760E+3,0.0000000E+0
13368069,1/10/2021,4:35:27 PM,-5.7911358E+1,6.2415455E+1,3.8646042E+3,0.0000000E+0
13368070,1/10/2021,4:35:27 PM,-5.5384216E+1,5.7711449E+1,3.8637112E+3,0.0000000E+0
13368071,1/10/2021,4:35:27 PM,-4.9824512E+1,5.0077515E+1,3.8601394E+3,0.0000000E+0
13368072,1/10/2021,4:35:27 PM,-4.6180115E+1,4.3196224E+1,3.8574609E+3,0.0000000E+0
13368073,1/10/2021,4:35:27 PM,-4.3333759E+1,3.7658939E+1,3.8628184E+3,0.0000000E+0
13368074,1/10/2021,4:35:27 PM,-4.4052002E+1,3.1234608E+1,3.8565676E+3,0.0000000E+0
13368075,1/10/2021,4:35:27 PM,-4.3333759E+1,2.1665314E+1,3.8538889E+3,0.0000000E+0
13368076,1/10/2021,4:35:28 PM,-4.3785984E+1,1.4050508E+1,3.8485315E+3,0.0000000E+0
13368077,1/10/2021,4:35:28 PM,-4.1657871E+1,8.2377882E+0,3.8476387E+3,0.0000000E+0
13368078,1/10/2021,4:35:28 PM,-3.4794697E+1,5.0170841E+0,3.8529961E+3,0.0000000E+0
13368079,1/10/2021,4:35:28 PM,-2.7532501E+1,2.9710107E+0,3.8538889E+3,0.0000000E+0
13368080,1/10/2021,4:35:28 PM,-1.8015301E+1,-2.8300676E+0,3.8512104E+3,0.0000000E+0
13368081,1/10/2021,4:35:28 PM,-6.4392986E+0,-9.4051180E+0,3.8485315E+3,0.0000000E+0
13368082,1/10/2021,4:35:28 PM,7.8366294E+0,-1.5076908E+1,3.8503171E+3,0.0000000E+0
13368083,1/10/2021,4:35:28 PM,2.6335436E+1,-1.9549458E+1,3.8574609E+3,0.0000000E+0
13368084,1/10/2021,4:35:28 PM,4.4610630E+1,-2.4030756E+1,3.8601394E+3,0.0000000E+0
13368085,1/10/2021,4:35:28 PM,6.0358685E+1,-3.0105646E+1,3.8583538E+3,0.0000000E+0
13368086,1/10/2021,4:35:29 PM,7.0334236E+1,-3.6019257E+1,3.8583538E+3,0.0000000E+0
13368087,1/10/2021,4:35:29 PM,7.9298920E+1,-4.1395260E+1,3.8565676E+3,0.0000000E+0
13368088,1/10/2021,4:35:29 PM,8.5683266E+1,-4.4674629E+1,3.8583538E+3,0.0000000E+0
13368089,1/10/2021,4:35:29 PM,8.7518768E+1,-4.6314312E+1,3.8601394E+3,0.0000000E+0
13368090,1/10/2021,4:35:29 PM,8.5177841E+1,-4.7228233E+1,3.8565676E+3,0.0000000E+0
13368091,1/10/2021,4:35:29 PM,7.7197411E+1,-4.5937988E+1,3.8565676E+3,0.0000000E+0
13368092,1/10/2021,4:35:29 PM,6.6610023E+1,-4.2981186E+1,3.8529961E+3,0.0000000E+0
13368093,1/10/2021,4:35:29 PM,5.6262066E+1,-3.9002941E+1,3.8503171E+3,0.0000000E+0
13368094,1/10/2021,4:35:29 PM,4.7084564E+1,-3.2175407E+1,3.8547820E+3,0.0000000E+0
13368095,1/10/2021,4:35:29 PM,3.6603596E+1,-2.3976997E+1,3.8565676E+3,0.0000000E+0
13368096,1/10/2021,4:35:30 PM,2.4952158E+1,-1.8791624E+1,3.8521033E+3,0.0000000E+0
13368097,1/10/2021,4:35:30 PM,1.1347060E+1,-1.3024108E+1,3.8512104E+3,0.0000000E+0
13368098,1/10/2021,4:35:30 PM,1.1808424E+0,-6.6317120E+0,3.8547820E+3,0.0000000E+0
13368099,1/10/2021,4:35:30 PM,-6.8419194E+0,-1.3927804E+0,3.8565676E+3,0.0000000E+0
13368100,1/10/2021,4:35:30 PM,-1.5260111E+1,2.5674016E+0,3.8547820E+3,0.0000000E+0
13368101,1/10/2021,4:35:30 PM,-2.6787659E+1,8.0729265E+0,3.8574609E+3,0.0000000E+0
13368102,1/10/2021,4:35:30 PM,-4.2163296E+1,1.2883178E+1,3.8547820E+3,0.0000000E+0
13368103,1/10/2021,4:35:30 PM,-5.5357616E+1,1.7509954E+1,3.8574609E+3,0.0000000E+0
13368104,1/10/2021,4:35:30 PM,-6.7062248E+1,2.1853474E+1,3.8583538E+3,0.0000000E+0
13368105,1/10/2021,4:35:30 PM,-7.8953102E+1,2.4380196E+1,3.8583538E+3,0.0000000E+0
13368106,1/10/2021,4:35:31 PM,-9.3743507E+1,2.5885479E+1,3.8529961E+3,0.0000000E+0
13368107,1/10/2021,4:35:31 PM,-1.1114085E+2,2.6557480E+1,3.8521033E+3,0.0000000E+0
13368108,1/10/2021,4:35:31 PM,-1.2385635E+2,2.5267239E+1,3.8476387E+3,0.0000000E+0
13368109,1/10/2021,4:35:31 PM,-1.3013428E+2,2.0885792E+1,3.8440669E+3,0.0000000E+0
13368110,1/10/2021,4:35:31 PM,-1.3074612E+2,1.6682985E+1,3.8476387E+3,0.0000000E+0
13368111,1/10/2021,4:35:31 PM,-1.2813919E+2,1.1694575E+1,3.8458525E+3,0.0000000E+0
13368112,1/10/2021,4:35:31 PM,-1.2494701E+2,6.3312378E+0,3.8404951E+3,0.0000000E+0
13368113,1/10/2021,4:35:31 PM,-1.1483846E+2,1.7441674E+0,3.8449597E+3,0.0000000E+0
13368114,1/10/2021,4:35:31 PM,-9.7520912E+1,-4.6038651E+0,3.8431738E+3,0.0000000E+0
13368115,1/10/2021,4:35:31 PM,-7.8367867E+1,-1.0835696E+1,3.8440669E+3,0.0000000E+0
13368116,1/10/2021,4:35:32 PM,-6.1342941E+1,-1.3422968E+1,3.8503171E+3,0.0000000E+0
13368117,1/10/2021,4:35:32 PM,-4.3333759E+1,-1.5858674E+1,3.8512104E+3,0.0000000E+0
13368118,1/10/2021,4:35:32 PM,-2.4366926E+1,-1.9429800E+1,3.8529961E+3,0.0000000E+0
13368119,1/10/2021,4:35:32 PM,-7.7997880E+0,-2.2176033E+1,3.8565676E+3,0.0000000E+0
13368120,1/10/2021,4:35:32 PM,8.9208107E+0,-2.4998438E+1,3.8538889E+3,0.0000000E+0
13368121,1/10/2021,4:35:32 PM,2.0554705E+1,-2.5159718E+1,3.8601394E+3,0.0000000E+0
13368122,1/10/2021,4:35:32 PM,2.6388638E+1,-2.5025316E+1,3.8601394E+3,0.0000000E+0
13368123,1/10/2021,4:35:32 PM,3.0405455E+1,-2.7202600E+1,3.8583538E+3,0.0000000E+0
13368124,1/10/2021,4:35:32 PM,3.3863647E+1,-3.0266924E+1,3.8565676E+3,0.0000000E+0
13368125,1/10/2021,4:35:32 PM,3.6709999E+1,-3.3519409E+1,3.8556748E+3,0.0000000E+0
13368126,1/10/2021,4:35:33 PM,4.0247993E+1,-3.8008377E+1,3.8529961E+3,0.0000000E+0
13368127,1/10/2021,4:35:33 PM,4.1764275E+1,-4.2389824E+1,3.8529961E+3,0.0000000E+0
13368128,1/10/2021,4:35:33 PM,4.2934738E+1,-4.6932549E+1,3.8485315E+3,0.0000000E+0
13368129,1/10/2021,4:35:33 PM,4.3812588E+1,-4.9566795E+1,3.8467454E+3,0.0000000E+0
13368130,1/10/2021,4:35:33 PM,4.7962414E+1,-5.1421516E+1,3.8476387E+3,0.0000000E+0
13368131,1/10/2021,4:35:33 PM,5.4213757E+1,-5.0695755E+1,3.8485315E+3,0.0000000E+0
13368132,1/10/2021,4:35:33 PM,5.7405926E+1,-4.6394951E+1,3.8503171E+3,0.0000000E+0
13368133,1/10/2021,4:35:33 PM,5.6288666E+1,-3.9191097E+1,3.8529961E+3,0.0000000E+0
13368134,1/10/2021,4:35:33 PM,5.3761532E+1,-3.1960367E+1,3.8512104E+3,0.0000000E+0
13368135,1/10/2021,4:35:33 PM,5.3043289E+1,-2.5482277E+1,3.8529961E+3,0.0000000E+0
13368136,1/10/2021,4:35:34 PM,5.2883678E+1,-1.5523631E+1,3.8583538E+3,0.0000000E+0
13368137,1/10/2021,4:35:34 PM,4.7935814E+1,-3.9976509E+0,3.8610327E+3,0.0000000E+0
13368138,1/10/2021,4:35:34 PM,4.0700218E+1,7.3549781E+0,3.8646042E+3,0.0000000E+0
13368139,1/10/2021,4:35:34 PM,3.0112841E+1,1.8169403E+1,3.8601394E+3,0.0000000E+0
13368140,1/10/2021,4:35:34 PM,2.2983652E+1,2.6396198E+1,3.8654971E+3,0.0000000E+0
13368141,1/10/2021,4:35:34 PM,1.5420633E+1,3.4621490E+1,3.8628184E+3,0.0000000E+0
13368142,1/10/2021,4:35:34 PM,7.7182117E+0,4.1018940E+1,3.8654971E+3,0.0000000E+0
13368143,1/10/2021,4:35:34 PM,-4.4856157E+0,5.0292557E+1,3.8690688E+3,0.0000000E+0
13368144,1/10/2021,4:35:34 PM,-2.2026001E+1,5.5856724E+1,3.8565676E+3,0.0000000E+0
13368145,1/10/2021,4:35:34 PM,-2.9421202E+1,5.9861851E+1,3.8690688E+3,0.0000000E+0
13368146,1/10/2021,4:35:35 PM,-3.8917919E+1,6.4216415E+1,3.8610327E+3,0.0000000E+0
13368147,1/10/2021,4:35:35 PM,-4.6685543E+1,6.3732578E+1,3.8637112E+3,0.0000000E+0
13368148,1/10/2021,4:35:35 PM,-5.2085636E+1,6.2630497E+1,3.8619255E+3,0.0000000E+0
13368149,1/10/2021,4:35:35 PM,-5.8842403E+1,5.8679131E+1,3.8583538E+3,0.0000000E+0
13368150,1/10/2021,4:35:35 PM,-6.4402107E+1,5.3518162E+1,3.8565676E+3,0.0000000E+0
13368151,1/10/2021,4:35:35 PM,-6.5492767E+1,4.7765831E+1,3.8601394E+3,0.0000000E+0
13368152,1/10/2021,4:35:35 PM,-6.5519363E+1,4.1018940E+1,3.8565676E+3,0.0000000E+0
13368153,1/10/2021,4:35:35 PM,-6.1901569E+1,3.1503407E+1,3.8574609E+3,0.0000000E+0
13368154,1/10/2021,4:35:35 PM,-6.2061180E+1,2.2740515E+1,3.8521033E+3,0.0000000E+0
13368155,1/10/2021,4:35:35 PM,-6.0438492E+1,1.3787260E+1,3.8512104E+3,0.0000000E+0
13368156,1/10/2021,4:35:36 PM,-6.0358685E+1,9.5460491E+0,3.8610327E+3,0.0000000E+0
13368157,1/10/2021,4:35:36 PM,-6.0571503E+1,3.4771235E+0,3.8476387E+3,0.0000000E+0
13368158,1/10/2021,4:35:36 PM,-6.0997120E+1,-4.8929582E+0,3.8529961E+3,0.0000000E+0
13368159,1/10/2021,4:35:36 PM,-6.2167591E+1,-1.1606826E+1,3.8458525E+3,0.0000000E+0
13368160,1/10/2021,4:35:36 PM,-6.3284847E+1,-1.5725720E+1,3.8485315E+3,0.0000000E+0
13368161,1/10/2021,4:35:36 PM,-6.4535118E+1,-1.9134644E+1,3.8476387E+3,0.0000000E+0
13368162,1/10/2021,4:35:36 PM,-6.2327198E+1,-2.4433958E+1,3.8494243E+3,0.0000000E+0
13368163,1/10/2021,4:35:36 PM,-5.9028618E+1,-3.1207727E+1,3.8467454E+3,0.0000000E+0
13368164,1/10/2021,4:35:36 PM,-5.7326122E+1,-3.9459900E+1,3.8404951E+3,0.0000000E+0
13368165,1/10/2021,4:35:36 PM,-4.8654049E+1,-4.6502468E+1,3.8440669E+3,0.0000000E+0
13368166,1/10/2021,4:35:37 PM,-3.6018364E+1,-5.3007442E+1,3.8476387E+3,0.0000000E+0
13368167,1/10/2021,4:35:37 PM,-2.4047710E+1,-5.9646812E+1,3.8449597E+3,0.0000000E+0
13368168,1/10/2021,4:35:37 PM,-1.0565502E+1,-6.8624741E+1,3.8440669E+3,0.0000000E+0
13368169,1/10/2021,4:35:37 PM,7.8551430E-1,-7.5882355E+1,3.8404951E+3,0.0000000E+0
13368170,1/10/2021,4:35:37 PM,1.5183798E+1,-7.9699318E+1,3.8458525E+3,0.0000000E+0
13368171,1/10/2021,4:35:37 PM,2.7133478E+1,-8.2683006E+1,3.8431738E+3,0.0000000E+0
13368172,1/10/2021,4:35:37 PM,3.7907066E+1,-8.2226044E+1,3.8494243E+3,0.0000000E+0
13368173,1/10/2021,4:35:37 PM,5.0409748E+1,-8.2790520E+1,3.8476387E+3,0.0000000E+0
13368174,1/10/2021,4:35:37 PM,5.8363583E+1,-8.2602364E+1,3.8440669E+3,0.0000000E+0
13368175,1/10/2021,4:35:37 PM,6.4987343E+1,-7.8677879E+1,3.8512104E+3,0.0000000E+0
13368176,1/10/2021,4:35:38 PM,6.8844551E+1,-7.2576103E+1,3.8485315E+3,0.0000000E+0
13368177,1/10/2021,4:35:38 PM,6.8844551E+1,-6.4055138E+1,3.8547820E+3,0.0000000E+0
13368178,1/10/2021,4:35:38 PM,6.6157799E+1,-5.5399765E+1,3.8512104E+3,0.0000000E+0
13368179,1/10/2021,4:35:38 PM,6.2327198E+1,-4.8599113E+1,3.8547820E+3,0.0000000E+0
13368180,1/10/2021,4:35:38 PM,5.6554680E+1,-3.9594299E+1,3.8512104E+3,0.0000000E+0
13368181,1/10/2021,4:35:38 PM,4.6978157E+1,-2.8815403E+1,3.8547820E+3,0.0000000E+0
13368182,1/10/2021,4:35:38 PM,3.6124767E+1,-1.5082226E+1,3.8583538E+3,0.0000000E+0
13368183,1/10/2021,4:35:38 PM,2.3701891E+1,-2.1461747E+0,3.8547820E+3,0.0000000E+0
13368184,1/10/2021,4:35:38 PM,1.1578633E+1,1.0641584E+1,3.8601394E+3,0.0000000E+0
13368185,1/10/2021,4:35:38 PM,8.0043674E-1,2.2713634E+1,3.8547820E+3,0.0000000E+0
13368186,1/10/2021,4:35:39 PM,-5.8603673E+0,3.3519409E+1,3.8601394E+3,0.0000000E+0
13368187,1/10/2021,4:35:39 PM,-1.5596945E+1,4.7443272E+1,3.8601394E+3,0.0000000E+0
13368188,1/10/2021,4:35:39 PM,-2.5218172E+1,6.0050011E+1,3.8619255E+3,0.0000000E+0
13368189,1/10/2021,4:35:39 PM,-2.9447803E+1,7.1742828E+1,3.8672827E+3,0.0000000E+0
13368190,1/10/2021,4:35:39 PM,-3.4980904E+1,8.3462532E+1,3.8708547E+3,0.0000000E+0
13368191,1/10/2021,4:35:39 PM,-4.2642124E+1,8.9618057E+1,3.8628184E+3,0.0000000E+0
13368192,1/10/2021,4:35:39 PM,-4.6126911E+1,9.6257423E+1,3.8726406E+3,0.0000000E+0
13368193,1/10/2021,4:35:39 PM,-5.3389107E+1,1.0348816E+2,3.8788911E+3,0.0000000E+0
13368194,1/10/2021,4:35:39 PM,-5.3867935E+1,9.9671188E+1,3.8672827E+3,0.0000000E+0
13368195,1/10/2021,4:35:39 PM,-5.1367397E+1,9.0935173E+1,3.8672827E+3,0.0000000E+0
13368196,1/10/2021,4:35:40 PM,-5.0329941E+1,8.3946365E+1,3.8672827E+3,0.0000000E+0
13368197,1/10/2021,4:35:40 PM,-4.6924957E+1,7.4618996E+1,3.8681760E+3,0.0000000E+0
13368198,1/10/2021,4:35:40 PM,-4.5435276E+1,6.4350815E+1,3.8654971E+3,0.0000000E+0
13368199,1/10/2021,4:35:40 PM,-4.2695324E+1,4.8841034E+1,3.8574609E+3,0.0000000E+0
13368200,1/10/2021,4:35:40 PM,-3.7162224E+1,3.1261488E+1,3.8547820E+3,0.0000000E+0
13368201,1/10/2021,4:35:40 PM,-3.3384819E+1,1.9607956E+1,3.8529961E+3,0.0000000E+0
13368202,1/10/2021,4:35:40 PM,-3.0006433E+1,9.9130001E+0,3.8574609E+3,0.0000000E+0
13368203,1/10/2021,4:35:40 PM,-2.9288197E+1,-5.5236465E-1,3.8512104E+3,0.0000000E+0
13368204,1/10/2021,4:35:40 PM,-2.8835972E+1,-1.3308629E+1,3.8467454E+3,0.0000000E+0
13368205,1/10/2021,4:35:40 PM,-2.4154116E+1,-2.4111397E+1,3.8449597E+3,0.0000000E+0
13368206,1/10/2021,4:35:41 PM,-2.0536318E+1,-3.2041008E+1,3.8458525E+3,0.0000000E+0
13368207,1/10/2021,4:35:41 PM,-2.0323507E+1,-3.5427891E+1,3.8512104E+3,0.0000000E+0
13368208,1/10/2021,4:35:41 PM,-2.1866392E+1,-3.7497658E+1,3.8494243E+3,0.0000000E+0
13368209,1/10/2021,4:35:41 PM,-2.3701891E+1,-4.3249985E+1,3.8512104E+3,0.0000000E+0
13368210,1/10/2021,4:35:41 PM,-2.0882137E+1,-5.3813843E+1,3.8458525E+3,0.0000000E+0
13368211,1/10/2021,4:35:41 PM,-1.7031116E+1,-6.3141216E+1,3.8458525E+3,0.0000000E+0
13368212,1/10/2021,4:35:41 PM,-1.6565338E+1,-6.8409706E+1,3.8476387E+3,0.0000000E+0
13368213,1/10/2021,4:35:41 PM,-1.7931091E+1,-7.3006187E+1,3.8458525E+3,0.0000000E+0
13368214,1/10/2021,4:35:41 PM,-2.0270304E+1,-7.8220917E+1,3.8440669E+3,0.0000000E+0
13368215,1/10/2021,4:35:41 PM,-2.1520573E+1,-8.5559166E+1,3.8387092E+3,0.0000000E+0
13368216,1/10/2021,4:35:42 PM,-2.2105804E+1,-8.9295494E+1,3.8351375E+3,0.0000000E+0
13368217,1/10/2021,4:35:42 PM,-2.2052603E+1,-8.7494530E+1,3.8378164E+3,0.0000000E+0
13368218,1/10/2021,4:35:42 PM,-2.5989616E+1,-8.0828278E+1,3.8404951E+3,0.0000000E+0
13368219,1/10/2021,4:35:42 PM,-2.9075382E+1,-7.4081390E+1,3.8404951E+3,0.0000000E+0
13368220,1/10/2021,4:35:42 PM,-2.7718710E+1,-7.1258987E+1,3.8351375E+3,0.0000000E+0
13368221,1/10/2021,4:35:42 PM,-2.5776806E+1,-6.4189537E+1,3.8404951E+3,0.0000000E+0
13368222,1/10/2021,4:35:42 PM,-2.6016216E+1,-5.4485844E+1,3.8422810E+3,0.0000000E+0
13368223,1/10/2021,4:35:42 PM,-2.8170935E+1,-4.3841347E+1,3.8458525E+3,0.0000000E+0
13368224,1/10/2021,4:35:42 PM,-2.4499935E+1,-3.4298931E+1,3.8485315E+3,0.0000000E+0
13368225,1/10/2021,4:35:42 PM,-1.8473183E+1,-2.5966118E+1,3.8538889E+3,0.0000000E+0
13368226,1/10/2021,4:35:43 PM,-1.1060225E+1,-2.0102543E+1,3.8512104E+3,0.0000000E+0
13368227,1/10/2021,4:35:43 PM,-1.0257086E+0,-1.3380424E+1,3.8574609E+3,0.0000000E+0
13368228,1/10/2021,4:35:43 PM,4.9896536E+0,-5.5069270E+0,3.8619255E+3,0.0000000E+0
13368229,1/10/2021,4:35:43 PM,1.0589186E+1,3.1285551E-1,3.8583538E+3,0.0000000E+0
13368230,1/10/2021,4:35:43 PM,1.7507420E+1,4.5101700E+0,3.8619255E+3,0.0000000E+0
13368231,1/10/2021,4:35:43 PM,2.5244774E+1,7.5331359E+0,3.8583538E+3,0.0000000E+0
13368232,1/10/2021,4:35:43 PM,3.2107948E+1,1.2899132E+1,3.8619255E+3,0.0000000E+0
13368233,1/10/2021,4:35:43 PM,3.4608486E+1,1.9014986E+1,3.8619255E+3,0.0000000E+0
13368234,1/10/2021,4:35:43 PM,3.4448875E+1,2.6342440E+1,3.8619255E+3,0.0000000E+0
13368235,1/10/2021,4:35:43 PM,3.4076458E+1,3.2444206E+1,3.8610327E+3,0.0000000E+0
13368236,1/10/2021,4:35:44 PM,3.3305012E+1,3.8787899E+1,3.8628184E+3,0.0000000E+0
13368237,1/10/2021,4:35:44 PM,3.3810440E+1,4.5911110E+1,3.8654971E+3,0.0000000E+0
13368238,1/10/2021,4:35:44 PM,3.1442913E+1,5.3007442E+1,3.8637112E+3,0.0000000E+0
13368239,1/10/2021,4:35:44 PM,2.8357145E+1,5.8679131E+1,3.8672827E+3,0.0000000E+0
13368240,1/10/2021,4:35:44 PM,2.8277340E+1,6.4538979E+1,3.8681760E+3,0.0000000E+0
13368241,1/10/2021,4:35:44 PM,2.8330545E+1,6.9861229E+1,3.8726406E+3,0.0000000E+0
13368242,1/10/2021,4:35:44 PM,3.0192644E+1,7.0882668E+1,3.8699617E+3,0.0000000E+0
13368243,1/10/2021,4:35:44 PM,3.0964087E+1,7.1097710E+1,3.8744265E+3,0.0000000E+0
13368244,1/10/2021,4:35:44 PM,2.8543354E+1,7.1635307E+1,3.8744265E+3,0.0000000E+0
13368245,1/10/2021,4:35:44 PM,2.7186682E+1,6.7388260E+1,3.8690688E+3,0.0000000E+0
13368246,1/10/2021,4:35:45 PM,2.5723600E+1,6.3168091E+1,3.8726406E+3,0.0000000E+0
13368247,1/10/2021,4:35:45 PM,2.1653580E+1,5.8168411E+1,3.8717478E+3,0.0000000E+0
13368248,1/10/2021,4:35:45 PM,1.3247008E+1,4.9889355E+1,3.8637112E+3,0.0000000E+0
13368249,1/10/2021,4:35:45 PM,5.1441932E+0,4.1825344E+1,3.8646042E+3,0.0000000E+0
13368250,1/10/2021,4:35:45 PM,-5.0681124E+0,3.3492531E+1,3.8619255E+3,0.0000000E+0
13368251,1/10/2021,4:35:45 PM,-1.6802174E+1,2.5912357E+1,3.8619255E+3,0.0000000E+0
13368252,1/10/2021,4:35:45 PM,-2.8011326E+1,1.5736357E+1,3.8565676E+3,0.0000000E+0
13368253,1/10/2021,4:35:45 PM,-4.1657871E+1,4.9890556E+0,3.8494243E+3,0.0000000E+0
13368254,1/10/2021,4:35:45 PM,-5.4878788E+1,-5.4791522E+0,3.8512104E+3,0.0000000E+0
13368255,1/10/2021,4:35:45 PM,-6.3790276E+1,-1.7193525E+1,3.8458525E+3,0.0000000E+0
13368256,1/10/2021,4:35:46 PM,-7.1637703E+1,-2.8412203E+1,3.8440669E+3,0.0000000E+0
13368257,1/10/2021,4:35:46 PM,-7.5707726E+1,-4.0158779E+1,3.8440669E+3,0.0000000E+0
13368258,1/10/2021,4:35:46 PM,-8.1533440E+1,-5.1717197E+1,3.8369231E+3,0.0000000E+0
13368259,1/10/2021,4:35:46 PM,-8.2943314E+1,-6.3275620E+1,3.8360303E+3,0.0000000E+0
13368260,1/10/2021,4:35:46 PM,-8.2916718E+1,-7.2495468E+1,3.8351375E+3,0.0000000E+0
13368261,1/10/2021,4:35:46 PM,-8.2757111E+1,-7.9296120E+1,3.8351375E+3,0.0000000E+0
13368262,1/10/2021,4:35:46 PM,-8.0495987E+1,-8.4725883E+1,3.8351375E+3,0.0000000E+0
13368263,1/10/2021,4:35:46 PM,-8.0575790E+1,-8.8408455E+1,3.8315659E+3,0.0000000E+0
13368264,1/10/2021,4:35:46 PM,-8.0017159E+1,-8.9295494E+1,3.8333516E+3,0.0000000E+0
13368265,1/10/2021,4:35:46 PM,-7.9272316E+1,-8.6768768E+1,3.8333516E+3,0.0000000E+0
13368266,1/10/2021,4:35:47 PM,-7.5388512E+1,-8.1930359E+1,3.8369231E+3,0.0000000E+0
13368267,1/10/2021,4:35:47 PM,-7.0600243E+1,-7.7602676E+1,3.8404951E+3,0.0000000E+0
13368268,1/10/2021,4:35:47 PM,-6.9110565E+1,-7.3920113E+1,3.8369231E+3,0.0000000E+0
13368269,1/10/2021,4:35:47 PM,-6.4322304E+1,-6.9216103E+1,3.8422810E+3,0.0000000E+0
13368270,1/10/2021,4:35:47 PM,-5.7778347E+1,-6.5909859E+1,3.8369231E+3,0.0000000E+0
13368271,1/10/2021,4:35:47 PM,-4.9638306E+1,-5.9834972E+1,3.8440669E+3,0.0000000E+0
13368272,1/10/2021,4:35:47 PM,-3.7853863E+1,-5.4028881E+1,3.8467454E+3,0.0000000E+0
13368273,1/10/2021,4:35:47 PM,-2.6016216E+1,-4.9781837E+1,3.8458525E+3,0.0000000E+0
13368274,1/10/2021,4:35:47 PM,-1.5925882E+1,-4.3975746E+1,3.8458525E+3,0.0000000E+0
13368275,1/10/2021,4:35:47 PM,-8.3103008E+0,-3.7712696E+1,3.8449597E+3,0.0000000E+0
13368276,1/10/2021,4:35:48 PM,1.7260904E+0,-2.7632681E+1,3.8512104E+3,0.0000000E+0
13368277,1/10/2021,4:35:48 PM,1.1794416E+1,-1.5983650E+1,3.8538889E+3,0.0000000E+0
13368278,1/10/2021,4:35:48 PM,1.9773146E+1,-3.6749237E+0,3.8547820E+3,0.0000000E+0
13368279,1/10/2021,4:35:48 PM,2.7692108E+1,9.9874544E+0,3.8610327E+3,0.0000000E+0
13368280,1/10/2021,4:35:48 PM,3.3730637E+1,2.3009315E+1,3.8619255E+3,0.0000000E+0
13368281,1/10/2021,4:35:48 PM,3.9955376E+1,3.6019257E+1,3.8654971E+3,0.0000000E+0
13368282,1/10/2021,4:35:48 PM,4.6658943E+1,4.9351753E+1,3.8717478E+3,0.0000000E+0
13368283,1/10/2021,4:35:48 PM,4.9585098E+1,6.1743450E+1,3.8744265E+3,0.0000000E+0
13368284,1/10/2021,4:35:48 PM,5.2059036E+1,7.0936424E+1,3.8753193E+3,0.0000000E+0
13368285,1/10/2021,4:35:48 PM,5.4266956E+1,7.7817719E+1,3.8779983E+3,0.0000000E+0
13368286,1/10/2021,4:35:49 PM,5.7246319E+1,8.0962685E+1,3.8797839E+3,0.0000000E+0
13368287,1/10/2021,4:35:49 PM,5.9613850E+1,8.0317558E+1,3.8771050E+3,0.0000000E+0
13368288,1/10/2021,4:35:49 PM,6.2965626E+1,7.6903793E+1,3.8762122E+3,0.0000000E+0
13368289,1/10/2021,4:35:49 PM,6.3577465E+1,7.1178352E+1,3.8762122E+3,0.0000000E+0
13368290,1/10/2021,4:35:49 PM,6.1688759E+1,6.1931614E+1,3.8690688E+3,0.0000000E+0
13368291,1/10/2021,4:35:49 PM,5.8736000E+1,5.2819279E+1,3.8708547E+3,0.0000000E+0
13368292,1/10/2021,4:35:49 PM,5.5251205E+1,4.3733826E+1,3.8654971E+3,0.0000000E+0
13368293,1/10/2021,4:35:49 PM,4.8760456E+1,3.5078453E+1,3.8610327E+3,0.0000000E+0
13368294,1/10/2021,4:35:49 PM,3.9636158E+1,2.9460524E+1,3.8619255E+3,0.0000000E+0
13368295,1/10/2021,4:35:49 PM,2.8037928E+1,2.5643560E+1,3.8619255E+3,0.0000000E+0
13368296,1/10/2021,4:35:50 PM,1.4468027E+1,2.0885792E+1,3.8583538E+3,0.0000000E+0
13368297,1/10/2021,4:35:50 PM,3.5861154E+0,1.5265701E+1,3.8583538E+3,0.0000000E+0
13368298,1/10/2021,4:35:50 PM,-6.1577272E+0,9.3413010E+0,3.8547820E+3,0.0000000E+0
13368299,1/10/2021,4:35:50 PM,-1.4825912E+1,1.4646842E+0,3.8512104E+3,0.0000000E+0
13368300,1/10/2021,4:35:50 PM,-2.1307760E+1,-4.4324918E+0,3.8512104E+3,0.0000000E+0
13368301,1/10/2021,4:35:50 PM,-2.5670397E+1,-9.7055931E+0,3.8529961E+3,0.0000000E+0
13368302,1/10/2021,4:35:50 PM,-2.7984726E+1,-1.5292292E+1,3.8547820E+3,0.0000000E+0
13368303,1/10/2021,4:35:50 PM,-3.3198608E+1,-2.4648998E+1,3.8422810E+3,0.0000000E+0
13368304,1/10/2021,4:35:50 PM,-3.2427166E+1,-3.3707569E+1,3.8476387E+3,0.0000000E+0
13368305,1/10/2021,4:35:50 PM,-3.1363110E+1,-4.0212543E+1,3.8467454E+3,0.0000000E+0
13368306,1/10/2021,4:35:51 PM,-3.4768093E+1,-4.4244549E+1,3.8440669E+3,0.0000000E+0
13368307,1/10/2021,4:35:51 PM,-3.7986870E+1,-4.7255112E+1,3.8458525E+3,0.0000000E+0
13368308,1/10/2021,4:35:51 PM,-4.2083492E+1,-4.7658314E+1,3.8449597E+3,0.0000000E+0
13368309,1/10/2021,4:35:51 PM,-4.5275665E+1,-4.7846470E+1,3.8440669E+3,0.0000000E+0
13368310,1/10/2021,4:35:51 PM,-4.6206718E+1,-4.7658314E+1,3.8440669E+3,0.0000000E+0
13368311,1/10/2021,4:35:51 PM,-5.3442310E+1,-4.3706947E+1,3.8422810E+3,0.0000000E+0
13368312,1/10/2021,4:35:51 PM,-5.8496586E+1,-3.9513660E+1,3.8467454E+3,0.0000000E+0
13368313,1/10/2021,4:35:51 PM,-6.4854332E+1,-3.5051575E+1,3.8458525E+3,0.0000000E+0
13368314,1/10/2021,4:35:51 PM,-6.8285919E+1,-3.2067890E+1,3.8467454E+3,0.0000000E+0
13368315,1/10/2021,4:35:51 PM,-6.9349976E+1,-3.1476526E+1,3.8467454E+3,0.0000000E+0
13368316,1/10/2021,4:35:52 PM,-6.9642593E+1,-3.0616365E+1,3.8467454E+3,0.0000000E+0
13368317,1/10/2021,4:35:52 PM,-7.0174622E+1,-3.0132524E+1,3.8494243E+3,0.0000000E+0
13368318,1/10/2021,4:35:52 PM,-7.2515549E+1,-3.0401327E+1,3.8458525E+3,0.0000000E+0
13368319,1/10/2021,4:35:52 PM,-7.1451492E+1,-3.1449648E+1,3.8476387E+3,0.0000000E+0
13368320,1/10/2021,4:35:52 PM,-6.7567680E+1,-3.1960367E+1,3.8458525E+3,0.0000000E+0
13368321,1/10/2021,4:35:52 PM,-6.5226753E+1,-3.1315248E+1,3.8476387E+3,0.0000000E+0
13368322,1/10/2021,4:35:52 PM,-6.3763672E+1,-3.1288368E+1,3.8458525E+3,0.0000000E+0
13368323,1/10/2021,4:35:52 PM,-6.6264206E+1,-2.9272364E+1,3.8458525E+3,0.0000000E+0
13368324,1/10/2021,4:35:52 PM,-7.2382545E+1,-2.4944677E+1,3.8422810E+3,0.0000000E+0
13368325,1/10/2021,4:35:52 PM,-7.6372757E+1,-1.9839296E+1,3.8440669E+3,0.0000000E+0
13368326,1/10/2021,4:35:53 PM,-7.7915642E+1,-1.2202456E+1,3.8458525E+3,0.0000000E+0
13368327,1/10/2021,4:35:53 PM,-7.5893936E+1,-5.0322995E+0,3.8494243E+3,0.0000000E+0
13368328,1/10/2021,4:35:53 PM,-7.4457458E+1,1.0098233E+0,3.8485315E+3,0.0000000E+0
13368329,1/10/2021,4:35:53 PM,-7.1850517E+1,6.3259192E+0,3.8449597E+3,0.0000000E+0
13368330,1/10/2021,4:35:53 PM,-6.0066074E+1,1.1566939E+1,3.8529961E+3,0.0000000E+0
13368331,1/10/2021,4:35:53 PM,-3.5991760E+1,1.2941678E+1,3.8556748E+3,0.0000000E+0
13368332,1/10/2021,4:35:53 PM,-7.5576897E+0,1.1707870E+1,3.8583538E+3,0.0000000E+0
13368333,1/10/2021,4:35:53 PM,1.9336317E+1,8.8679867E+0,3.8601394E+3,0.0000000E+0
13368334,1/10/2021,4:35:53 PM,4.6472733E+1,5.4617229E+0,3.8619255E+3,0.0000000E+0
13368335,1/10/2021,4:35:53 PM,6.8551933E+1,3.1816239E+0,3.8619255E+3,0.0000000E+0
13368336,1/10/2021,4:35:54 PM,9.1003555E+1,1.0450590E+0,3.8672827E+3,0.0000000E+0
13368337,1/10/2021,4:35:54 PM,1.1497147E+2,-1.3959811E+0,3.8708547E+3,0.0000000E+0
13368338,1/10/2021,4:35:54 PM,1.2760715E+2,-7.3132974E-1,3.8708547E+3,0.0000000E+0
13368339,1/10/2021,4:35:54 PM,1.2606427E+2,2.3191500E+0,3.8690688E+3,0.0000000E+0
13368340,1/10/2021,4:35:54 PM,1.1999913E+2,4.5958571E+0,3.8672827E+3,0.0000000E+0
13368341,1/10/2021,4:35:54 PM,1.1279014E+2,8.6658983E+0,3.8690688E+3,0.0000000E+0
13368342,1/10/2021,4:35:54 PM,1.0528853E+2,1.2056209E+1,3.8708547E+3,0.0000000E+0
13368343,1/10/2021,4:35:54 PM,9.3610497E+1,1.4816319E+1,3.8681760E+3,0.0000000E+0
13368344,1/10/2021,4:35:54 PM,7.8766891E+1,1.3664945E+1,3.8637112E+3,0.0000000E+0
13368345,1/10/2021,4:35:54 PM,6.4162689E+1,1.2000368E+1,3.8583538E+3,0.0000000E+0
13368346,1/10/2021,4:35:55 PM,6.0784313E+1,1.0495336E+1,3.8601394E+3,0.0000000E+0
13368347,1/10/2021,4:35:55 PM,5.4426567E+1,7.5384541E+0,3.8610327E+3,0.0000000E+0
13368348,1/10/2021,4:35:55 PM,4.7882607E+1,6.2647610E+0,3.8583538E+3,0.0000000E+0
13368349,1/10/2021,4:35:55 PM,4.9558498E+1,3.0462868E+0,3.8565676E+3,0.0000000E+0
13368350,1/10/2021,4:35:55 PM,3.9902176E+1,1.3966151E+0,3.8494243E+3,0.0000000E+0
13368351,1/10/2021,4:35:55 PM,3.2107948E+1,4.4437032E+0,3.8547820E+3,0.0000000E+0
13368352,1/10/2021,4:35:55 PM,2.7372890E+1,1.1367510E+1,3.8619255E+3,0.0000000E+0
13368353,1/10/2021,4:35:55 PM,1.1097067E+1,1.9900455E+1,3.8646042E+3,0.0000000E+0
13368354,1/10/2021,4:35:55 PM,-1.3939095E+1,2.7417643E+1,3.8512104E+3,0.0000000E+0
13368355,1/10/2021,4:35:55 PM,-3.6630196E+1,3.6529976E+1,3.8583538E+3,0.0000000E+0
13368356,1/10/2021,4:35:56 PM,-5.6953701E+1,4.9056072E+1,3.8690688E+3,0.0000000E+0
13368357,1/10/2021,4:35:56 PM,-7.2196335E+1,5.3330002E+1,3.8654971E+3,0.0000000E+0
13368358,1/10/2021,4:35:56 PM,-9.1695190E+1,5.3034317E+1,3.8583538E+3,0.0000000E+0
13368359,1/10/2021,4:35:56 PM,-1.0659200E+2,4.9405514E+1,3.8565676E+3,0.0000000E+0
13368360,1/10/2021,4:35:56 PM,-1.2114301E+2,4.6636868E+1,3.8547820E+3,0.0000000E+0
13368361,1/10/2021,4:35:56 PM,-1.2633028E+2,3.8008377E+1,3.8512104E+3,0.0000000E+0
13368362,1/10/2021,4:35:56 PM,-1.2321791E+2,2.7767082E+1,3.8547820E+3,0.0000000E+0
13368363,1/10/2021,4:35:56 PM,-1.2007894E+2,1.2348705E+1,3.8458525E+3,0.0000000E+0
13368364,1/10/2021,4:35:56 PM,-1.1537048E+2,-3.4827292E+0,3.8422810E+3,0.0000000E+0
13368365,1/10/2021,4:35:56 PM,-1.0917235E+2,-1.5470449E+1,3.8387092E+3,0.0000000E+0
13368366,1/10/2021,4:35:57 PM,-1.0350624E+2,-2.5616680E+1,3.8404951E+3,0.0000000E+0
13368367,1/10/2021,4:35:57 PM,-9.4674561E+1,-3.3546291E+1,3.8458525E+3,0.0000000E+0
13368368,1/10/2021,4:35:57 PM,-8.7146347E+1,-4.1879101E+1,3.8404951E+3,0.0000000E+0
13368369,1/10/2021,4:35:57 PM,-8.3235931E+1,-4.8894794E+1,3.8396021E+3,0.0000000E+0
13368370,1/10/2021,4:35:57 PM,-7.8953102E+1,-5.2711761E+1,3.8404951E+3,0.0000000E+0
13368371,1/10/2021,4:35:57 PM,-7.6133347E+1,-5.2389198E+1,3.8458525E+3,0.0000000E+0
13368372,1/10/2021,4:35:57 PM,-7.0015015E+1,-5.3383759E+1,3.8503171E+3,0.0000000E+0
13368373,1/10/2021,4:35:57 PM,-6.7195259E+1,-6.0426331E+1,3.8378164E+3,0.0000000E+0
13368374,1/10/2021,4:35:57 PM,-6.1795166E+1,-6.4861542E+1,3.8476387E+3,0.0000000E+0
13368375,1/10/2021,4:35:57 PM,-5.7352722E+1,-6.9995621E+1,3.8396021E+3,0.0000000E+0
13368376,1/10/2021,4:35:58 PM,-5.4373363E+1,-7.5102829E+1,3.8404951E+3,0.0000000E+0
13368377,1/10/2021,4:35:58 PM,-5.1127983E+1,-7.9081078E+1,3.8387092E+3,0.0000000E+0
13368378,1/10/2021,4:35:58 PM,-4.6047108E+1,-8.3623810E+1,3.8387092E+3,0.0000000E+0
13368379,1/10/2021,4:35:58 PM,-3.5433128E+1,-8.9080460E+1,3.8351375E+3,0.0000000E+0
13368380,1/10/2021,4:35:58 PM,-2.4845755E+1,-9.2359818E+1,3.8315659E+3,0.0000000E+0
13368381,1/10/2021,4:35:58 PM,-1.3994357E+1,-8.8139656E+1,3.8413882E+3,0.0000000E+0
13368382,1/10/2021,4:35:58 PM,-2.6588767E+0,-8.3677567E+1,3.8387092E+3,0.0000000E+0
13368383,1/10/2021,4:35:58 PM,1.0662868E+1,-7.9430519E+1,3.8387092E+3,0.0000000E+0
13368384,1/10/2021,4:35:58 PM,2.6947268E+1,-7.1420273E+1,3.8440669E+3,0.0000000E+0
13368385,1/10/2021,4:35:58 PM,4.5781094E+1,-6.3866974E+1,3.8458525E+3,0.0000000E+0
13368386,1/10/2021,4:35:59 PM,5.9906460E+1,-5.1797840E+1,3.8476387E+3,0.0000000E+0
13368387,1/10/2021,4:35:59 PM,7.3712616E+1,-3.5024693E+1,3.8672827E+3,0.0000000E+0
13368388,1/10/2021,4:35:59 PM,9.0710945E+1,-2.4084517E+1,3.8574609E+3,0.0000000E+0
13368389,1/10/2021,4:35:59 PM,1.0414468E+2,-1.1314329E+1,3.8681760E+3,0.0000000E+0
13368390,1/10/2021,4:35:59 PM,1.1286995E+2,6.1584258E-1,3.8619255E+3,0.0000000E+0
13368391,1/10/2021,4:35:59 PM,1.2013215E+2,1.5829423E+1,3.8708547E+3,0.0000000E+0
13368392,1/10/2021,4:35:59 PM,1.1864246E+2,3.3223728E+1,3.8779983E+3,0.0000000E+0
13368393,1/10/2021,4:35:59 PM,1.1369459E+2,4.6798149E+1,3.8726406E+3,0.0000000E+0
13368394,1/10/2021,4:35:59 PM,1.1505127E+2,6.1044571E+1,3.8842488E+3,0.0000000E+0
13368395,1/10/2021,4:35:59 PM,1.0733685E+2,7.0936424E+1,3.8717478E+3,0.0000000E+0
13368396,1/10/2021,4:36:00 PM,8.9487274E+1,8.2656128E+1,3.8779983E+3,0.0000000E+0
13368397,1/10/2021,4:36:00 PM,7.5282097E+1,9.3058701E+1,3.8726406E+3,0.0000000E+0
13368398,1/10/2021,4:36:00 PM,6.2619812E+1,1.0160655E+2,3.8797839E+3,0.0000000E+0
13368399,1/10/2021,4:36:00 PM,6.6796242E+1,1.0741264E+2,3.8869272E+3,0.0000000E+0
13368400,1/10/2021,4:36:00 PM,4.7776203E+1,1.1063824E+2,3.8735334E+3,0.0000000E+0
13368401,1/10/2021,4:36:00 PM,2.5963015E+1,1.1160593E+2,3.8699617E+3,0.0000000E+0
13368402,1/10/2021,4:36:00 PM,2.7452694E+1,1.1098769E+2,3.8797839E+3,0.0000000E+0
13368403,1/10/2021,4:36:00 PM,1.8015301E+1,1.0985873E+2,3.8753193E+3,0.0000000E+0
13368404,1/10/2021,4:36:00 PM,-2.8902900E+0,1.0679440E+2,3.8744265E+3,0.0000000E+0
13368405,1/10/2021,4:36:00 PM,-1.0481295E+1,9.9079826E+1,3.8744265E+3,0.0000000E+0
13368406,1/10/2021,4:36:01 PM,-2.8383747E+1,8.8489098E+1,3.8672827E+3,0.0000000E+0
13368407,1/10/2021,4:36:01 PM,-3.9104130E+1,7.4511475E+1,3.8672827E+3,0.0000000E+0
13368408,1/10/2021,4:36:01 PM,-6.0810909E+1,6.0184406E+1,3.8494243E+3,0.0000000E+0
13368409,1/10/2021,4:36:01 PM,-7.4085037E+1,5.1125835E+1,3.8735334E+3,0.0000000E+0
13368410,1/10/2021,4:36:01 PM,-7.8288063E+1,3.6691254E+1,3.8619255E+3,0.0000000E+0
13368411,1/10/2021,4:36:01 PM,-9.3450890E+1,1.0529904E+1,3.8369231E+3,0.0000000E+0
13368412,1/10/2021,4:36:01 PM,-1.0842751E+2,-5.0843520E+0,3.8422810E+3,0.0000000E+0
13368413,1/10/2021,4:36:01 PM,-1.0901274E+2,-2.0450882E+1,3.8422810E+3,0.0000000E+0
13368414,1/10/2021,4:36:01 PM,-1.1829664E+2,-3.2041008E+1,3.8458525E+3,0.0000000E+0
13368415,1/10/2021,4:36:01 PM,-1.2226026E+2,-4.5669189E+1,3.8387092E+3,0.0000000E+0
13368416,1/10/2021,4:36:02 PM,-1.3103873E+2,-6.0426331E+1,3.8279941E+3,0.0000000E+0
13368417,1/10/2021,4:36:02 PM,-1.3718367E+2,-7.2576103E+1,3.8262080E+3,0.0000000E+0
13368418,1/10/2021,4:36:02 PM,-1.3532156E+2,-8.3785088E+1,3.8226365E+3,0.0000000E+0
13368419,1/10/2021,4:36:02 PM,-1.3130475E+2,-8.9107330E+1,3.8315659E+3,0.0000000E+0
13368420,1/10/2021,4:36:02 PM,-1.3040030E+2,-9.0048134E+1,3.8333516E+3,0.0000000E+0
13368421,1/10/2021,4:36:02 PM,-1.2486720E+2,-1.0002063E+2,3.8154929E+3,0.0000000E+0
13368422,1/10/2021,4:36:02 PM,-1.1169948E+2,-1.0434831E+2,3.8315659E+3,0.0000000E+0
13368423,1/10/2021,4:36:02 PM,-9.3504089E+1,-1.0622992E+2,3.8262080E+3,0.0000000E+0
13368424,1/10/2021,4:36:02 PM,-7.4723465E+1,-1.0520848E+2,3.8387092E+3,0.0000000E+0
13368425,1/10/2021,4:36:02 PM,-5.3708328E+1,-1.0383759E+2,3.8387092E+3,0.0000000E+0
13368426,1/10/2021,4:36:03 PM,-3.5832150E+1,-1.0120335E+2,3.8440669E+3,0.0000000E+0
13368427,1/10/2021,4:36:03 PM,-1.9699465E+1,-9.8649750E+1,3.8467454E+3,0.0000000E+0
13368428,1/10/2021,4:36:03 PM,-5.0086737E+0,-9.7332626E+1,3.8369231E+3,0.0000000E+0
13368429,1/10/2021,4:36:03 PM,1.0102357E+1,-9.2870537E+1,3.8512104E+3,0.0000000E+0
13368430,1/10/2021,4:36:03 PM,2.3648687E+1,-8.7198853E+1,3.8476387E+3,0.0000000E+0
13368431,1/10/2021,4:36:03 PM,3.0006433E+1,-7.9914360E+1,3.8512104E+3,0.0000000E+0
13368432,1/10/2021,4:36:03 PM,3.6417385E+1,-7.6419952E+1,3.8476387E+3,0.0000000E+0
13368433,1/10/2021,4:36:03 PM,3.9050926E+1,-7.3543793E+1,3.8387092E+3,0.0000000E+0
13368434,1/10/2021,4:36:03 PM,3.7587845E+1,-6.3275620E+1,3.8476387E+3,0.0000000E+0
13368435,1/10/2021,4:36:03 PM,3.8066673E+1,-5.1636562E+1,3.8503171E+3,0.0000000E+0
13368436,1/10/2021,4:36:04 PM,4.1844078E+1,-4.0481342E+1,3.8512104E+3,0.0000000E+0
13368437,1/10/2021,4:36:04 PM,4.2509117E+1,-2.8788523E+1,3.8547820E+3,0.0000000E+0
13368438,1/10/2021,4:36:04 PM,4.1445057E+1,-1.7039299E+1,3.8467454E+3,0.0000000E+0
13368439,1/10/2021,4:36:04 PM,4.4318012E+1,-2.1301587E+0,3.8601394E+3,0.0000000E+0
13368440,1/10/2021,4:36:04 PM,4.6392929E+1,1.5619357E+1,3.8637112E+3,0.0000000E+0
13368441,1/10/2021,4:36:04 PM,5.0276737E+1,3.0025005E+1,3.8654971E+3,0.0000000E+0
13368442,1/10/2021,4:36:04 PM,5.4586174E+1,4.3276867E+1,3.8690688E+3,0.0000000E+0
13368443,1/10/2021,4:36:04 PM,5.5091599E+1,5.6179283E+1,3.8690688E+3,0.0000000E+0
13368444,1/10/2021,4:36:04 PM,5.6315269E+1,6.8812904E+1,3.8726406E+3,0.0000000E+0
13368445,1/10/2021,4:36:04 PM,5.4320160E+1,8.2924927E+1,3.8797839E+3,0.0000000E+0
13368446,1/10/2021,4:36:05 PM,5.2883678E+1,9.4160782E+1,3.8771050E+3,0.0000000E+0
13368447,1/10/2021,4:36:05 PM,5.1527008E+1,1.0243983E+2,3.8824629E+3,0.0000000E+0
13368448,1/10/2021,4:36:05 PM,4.5701290E+1,1.0881040E+2,3.8797839E+3,0.0000000E+0
13368449,1/10/2021,4:36:05 PM,3.9742565E+1,1.1214352E+2,3.8771050E+3,0.0000000E+0
13368450,1/10/2021,4:36:05 PM,3.5911957E+1,1.1257360E+2,3.8806768E+3,0.0000000E+0
13368451,1/10/2021,4:36:05 PM,3.2453766E+1,1.1096080E+2,3.8833557E+3,0.0000000E+0
13368452,1/10/2021,4:36:05 PM,2.6202429E+1,1.0319248E+2,3.8726406E+3,0.0000000E+0
13368453,1/10/2021,4:36:05 PM,1.9794199E+1,9.3650063E+1,3.8708547E+3,0.0000000E+0
13368454,1/10/2021,4:36:05 PM,1.2886492E+1,8.3596924E+1,3.8708547E+3,0.0000000E+0
13368455,1/10/2021,4:36:05 PM,1.0012886E+1,7.0721390E+1,3.8646042E+3,0.0000000E+0
13368456,1/10/2021,4:36:06 PM,1.0675132E+0,5.9055447E+1,3.8672827E+3,0.0000000E+0
13368457,1/10/2021,4:36:06 PM,-5.3367734E+0,4.6986309E+1,3.8637112E+3,0.0000000E+0
13368458,1/10/2021,4:36:06 PM,-1.6489025E+1,3.4325813E+1,3.8574609E+3,0.0000000E+0
13368459,1/10/2021,4:36:06 PM,-2.6096020E+1,2.0246134E+1,3.8458525E+3,0.0000000E+0
13368460,1/10/2021,4:36:06 PM,-3.0777876E+1,8.7908745E+0,3.8565676E+3,0.0000000E+0
13368461,1/10/2021,4:36:06 PM,-3.0352253E+1,-1.3685094E+0,3.8547820E+3,0.0000000E+0
13368462,1/10/2021,4:36:06 PM,-4.1205647E+1,-1.4592957E+1,3.8458525E+3,0.0000000E+0
13368463,1/10/2021,4:36:06 PM,-5.2777275E+1,-2.6933802E+1,3.8387092E+3,0.0000000E+0
13368464,1/10/2021,4:36:06 PM,-5.6368473E+1,-3.6207413E+1,3.8422810E+3,0.0000000E+0
13368465,1/10/2021,4:36:06 PM,-5.6288666E+1,-4.2416706E+1,3.8494243E+3,0.0000000E+0
13368466,1/10/2021,4:36:07 PM,-5.9321232E+1,-5.0104393E+1,3.8431738E+3,0.0000000E+0
13368467,1/10/2021,4:36:07 PM,-6.4215897E+1,-5.8114651E+1,3.8422810E+3,0.0000000E+0
13368468,1/10/2021,4:36:07 PM,-7.1877113E+1,-6.4834656E+1,3.8351375E+3,0.0000000E+0
13368469,1/10/2021,4:36:07 PM,-7.0520439E+1,-7.1823471E+1,3.8396021E+3,0.0000000E+0
13368470,1/10/2021,4:36:07 PM,-6.8392326E+1,-7.6419952E+1,3.8369231E+3,0.0000000E+0
13368471,1/10/2021,4:36:07 PM,-6.6184410E+1,-7.9107956E+1,3.8422810E+3,0.0000000E+0
13368472,1/10/2021,4:36:07 PM,-6.4561714E+1,-8.2736763E+1,3.8369231E+3,0.0000000E+0
13368473,1/10/2021,4:36:07 PM,-6.3843479E+1,-8.7521416E+1,3.8315659E+3,0.0000000E+0
13368474,1/10/2021,4:36:07 PM,-6.1662155E+1,-8.9080460E+1,3.8315659E+3,0.0000000E+0
13368475,1/10/2021,4:36:07 PM,-5.6687687E+1,-8.4376450E+1,3.8369231E+3,0.0000000E+0
13368476,1/10/2021,4:36:08 PM,-5.2484657E+1,-7.5721077E+1,3.8458525E+3,0.0000000E+0
13368477,1/10/2021,4:36:08 PM,-5.2325050E+1,-6.8651627E+1,3.8404951E+3,0.0000000E+0
13368478,1/10/2021,4:36:08 PM,-5.4213757E+1,-6.2334812E+1,3.8387092E+3,0.0000000E+0
13368479,1/10/2021,4:36:08 PM,-5.2963486E+1,-5.3706318E+1,3.8458525E+3,0.0000000E+0
13368480,1/10/2021,4:36:08 PM,-5.3229500E+1,-4.2981186E+1,3.8476387E+3,0.0000000E+0
13368481,1/10/2021,4:36:08 PM,-5.0861973E+1,-3.4030132E+1,3.8503171E+3,0.0000000E+0
13368482,1/10/2021,4:36:08 PM,-4.9478695E+1,-2.8385323E+1,3.8485315E+3,0.0000000E+0
13368483,1/10/2021,4:36:08 PM,-4.5382072E+1,-2.3493155E+1,3.8467454E+3,0.0000000E+0
13368484,1/10/2021,4:36:08 PM,-3.8279484E+1,-1.8376810E+1,3.8503171E+3,0.0000000E+0
13368485,1/10/2021,4:36:08 PM,-3.1602520E+1,-1.1667985E+1,3.8547820E+3,0.0000000E+0
13368486,1/10/2021,4:36:09 PM,-2.3568884E+1,-6.7380748E+0,3.8512104E+3,0.0000000E+0
13368487,1/10/2021,4:36:09 PM,-1.4183825E+1,-2.2462761E+0,3.8556748E+3,0.0000000E+0
13368488,1/10/2021,4:36:09 PM,-3.0495849E+0,2.5369709E+0,3.8565676E+3,0.0000000E+0
13368489,1/10/2021,4:36:09 PM,7.6761074E+0,6.7354159E+0,3.8583538E+3,0.0000000E+0
13368490,1/10/2021,4:36:09 PM,1.6204823E+1,1.1130853E+1,3.8583538E+3,0.0000000E+0
13368491,1/10/2021,4:36:09 PM,2.3329472E+1,1.7637589E+1,3.8637112E+3,0.0000000E+0
13368492,1/10/2021,4:36:09 PM,3.1868536E+1,2.2229794E+1,3.8637112E+3,0.0000000E+0
13368493,1/10/2021,4:36:09 PM,3.8173080E+1,2.6315559E+1,3.8663899E+3,0.0000000E+0
13368494,1/10/2021,4:36:09 PM,4.2136696E+1,2.9702444E+1,3.8654971E+3,0.0000000E+0
13368495,1/10/2021,4:36:09 PM,4.4264812E+1,3.2121651E+1,3.8672827E+3,0.0000000E+0
13368496,1/10/2021,4:36:10 PM,4.6685543E+1,3.4379574E+1,3.8681760E+3,0.0000000E+0
13368497,1/10/2021,4:36:10 PM,4.7004761E+1,3.6288052E+1,3.8672827E+3,0.0000000E+0
13368498,1/10/2021,4:36:10 PM,4.5701290E+1,3.7201973E+1,3.8690688E+3,0.0000000E+0
13368499,1/10/2021,4:36:10 PM,4.3307159E+1,3.5884853E+1,3.8619255E+3,0.0000000E+0
13368500,1/10/2021,4:36:10 PM,4.1445057E+1,3.4890293E+1,3.8654971E+3,0.0000000E+0
13368501,1/10/2021,4:36:10 PM,3.8838116E+1,3.2847408E+1,3.8610327E+3,0.0000000E+0
13368502,1/10/2021,4:36:10 PM,3.6683399E+1,2.9594925E+1,3.8601394E+3,0.0000000E+0
13368503,1/10/2021,4:36:10 PM,3.3544426E+1,2.8600361E+1,3.8646042E+3,0.0000000E+0
13368504,1/10/2021,4:36:10 PM,3.0299049E+1,2.6234919E+1,3.8601394E+3,0.0000000E+0
13368505,1/10/2021,4:36:10 PM,2.6787659E+1,2.3412516E+1,3.8601394E+3,0.0000000E+0
13368506,1/10/2021,4:36:11 PM,2.3834898E+1,2.1181471E+1,3.8574609E+3,0.0000000E+0
13368507,1/10/2021,4:36:11 PM,2.0642725E+1,2.0270065E+1,3.8619255E+3,0.0000000E+0
13368508,1/10/2021,4:36:11 PM,1.7446896E+1,1.9256960E+1,3.8610327E+3,0.0000000E+0
13368509,1/10/2021,4:36:11 PM,1.2060199E+1,1.6799982E+1,3.8583538E+3,0.0000000E+0
13368510,1/10/2021,4:36:11 PM,7.3761153E+0,1.4574345E+1,3.8610327E+3,0.0000000E+0
13368511,1/10/2021,4:36:11 PM,1.5834383E+0,1.1644053E+1,3.8574609E+3,0.0000000E+0
13368512,1/10/2021,4:36:11 PM,-4.3437567E+0,7.9958134E+0,3.8583538E+3,0.0000000E+0
13368513,1/10/2021,4:36:11 PM,-1.1620737E+1,5.1740432E+0,3.8601394E+3,0.0000000E+0
13368514,1/10/2021,4:36:11 PM,-2.1387564E+1,-7.0305806E-1,3.8529961E+3,0.0000000E+0
13368515,1/10/2021,4:36:11 PM,-3.0857679E+1,-5.4991727E+0,3.8521033E+3,0.0000000E+0
13368516,1/10/2021,4:36:12 PM,-4.0141586E+1,-8.5382624E+0,3.8512104E+3,0.0000000E+0
13368517,1/10/2021,4:36:12 PM,-4.8175224E+1,-1.2053549E+1,3.8458525E+3,0.0000000E+0
13368518,1/10/2021,4:36:12 PM,-5.7405926E+1,-1.2697043E+1,3.8503171E+3,0.0000000E+0
13368519,1/10/2021,4:36:12 PM,-6.6743034E+1,-1.4489255E+1,3.8458525E+3,0.0000000E+0
13368520,1/10/2021,4:36:12 PM,-7.2249535E+1,-1.6680326E+1,3.8467454E+3,0.0000000E+0
13368521,1/10/2021,4:36:12 PM,-7.5042686E+1,-2.0805151E+1,3.8440669E+3,0.0000000E+0
13368522,1/10/2021,4:36:12 PM,-7.1318481E+1,-2.5670439E+1,3.8440669E+3,0.0000000E+0
13368523,1/10/2021,4:36:12 PM,-6.3870083E+1,-2.9594925E+1,3.8476387E+3,0.0000000E+0
13368524,1/10/2021,4:36:12 PM,-5.8789204E+1,-3.4863411E+1,3.8422810E+3,0.0000000E+0
13368525,1/10/2021,4:36:12 PM,-5.0090527E+1,-3.9889980E+1,3.8458525E+3,0.0000000E+0
13368526,1/10/2021,4:36:13 PM,-4.0780022E+1,-4.3088703E+1,3.8440669E+3,0.0000000E+0
13368527,1/10/2021,4:36:13 PM,-3.0511864E+1,-4.4298306E+1,3.8494243E+3,0.0000000E+0
13368528,1/10/2021,4:36:13 PM,-2.1201355E+1,-4.5158466E+1,3.8503171E+3,0.0000000E+0
13368529,1/10/2021,4:36:13 PM,-1.6483763E+1,-4.4728386E+1,3.8503171E+3,0.0000000E+0
13368530,1/10/2021,4:36:13 PM,-1.4244349E+1,-4.5104710E+1,3.8476387E+3,0.0000000E+0
13368531,1/10/2021,4:36:13 PM,-1.2210195E+1,-4.3518784E+1,3.8476387E+3,0.0000000E+0
13368532,1/10/2021,4:36:13 PM,-9.4523745E+0,-4.0212543E+1,3.8503171E+3,0.0000000E+0
13368533,1/10/2021,4:36:13 PM,-8.6208181E+0,-3.5374134E+1,3.8538889E+3,0.0000000E+0
13368534,1/10/2021,4:36:13 PM,-1.2060199E+1,-3.1799088E+1,3.8503171E+3,0.0000000E+0
13368535,1/10/2021,4:36:13 PM,-1.3675944E+1,-2.9514286E+1,3.8494243E+3,0.0000000E+0
13368536,1/10/2021,4:36:14 PM,-1.5670628E+1,-2.6718760E+1,3.8503171E+3,0.0000000E+0
13368537,1/10/2021,4:36:14 PM,-1.4346978E+1,-2.4568357E+1,3.8494243E+3,0.0000000E+0
13368538,1/10/2021,4:36:14 PM,-1.3168063E+1,-2.0321310E+1,3.8556748E+3,0.0000000E+0
13368539,1/10/2021,4:36:14 PM,-1.4428555E+1,-1.7345093E+1,3.8503171E+3,0.0000000E+0
13368540,1/10/2021,4:36:14 PM,-1.5386424E+1,-1.4970545E+1,3.8521033E+3,0.0000000E+0
13368541,1/10/2021,4:36:14 PM,-1.5062748E+1,-1.2287547E+1,3.8494243E+3,0.0000000E+0
13368542,1/10/2021,4:36:14 PM,-1.1560212E+1,-8.4558315E+0,3.8547820E+3,0.0000000E+0
13368543,1/10/2021,4:36:14 PM,-8.8681803E+0,-3.9616146E+0,3.8547820E+3,0.0000000E+0
13368544,1/10/2021,4:36:14 PM,-9.0471220E+0,5.4569679E-1,3.8574609E+3,0.0000000E+0
13368545,1/10/2021,4:36:14 PM,-1.0099726E+1,4.6070685E+0,3.8547820E+3,0.0000000E+0
13368546,1/10/2021,4:36:15 PM,-1.3039119E+1,8.7536478E+0,3.8547820E+3,0.0000000E+0
13368547,1/10/2021,4:36:15 PM,-1.4339085E+1,1.3678240E+1,3.8583538E+3,0.0000000E+0
13368548,1/10/2021,4:36:15 PM,-1.7452158E+1,1.9331413E+1,3.8583538E+3,0.0000000E+0
13368549,1/10/2021,4:36:15 PM,-2.4473333E+1,2.5509157E+1,3.8601394E+3,0.0000000E+0
13368550,1/10/2021,4:36:15 PM,-3.2985798E+1,3.0670126E+1,3.8547820E+3,0.0000000E+0
13368551,1/10/2021,4:36:15 PM,-4.0567207E+1,3.5992374E+1,3.8583538E+3,0.0000000E+0
13368552,1/10/2021,4:36:15 PM,-4.4637234E+1,4.0508221E+1,3.8601394E+3,0.0000000E+0
13368553,1/10/2021,4:36:15 PM,-4.6100311E+1,4.3330627E+1,3.8610327E+3,0.0000000E+0
13368554,1/10/2021,4:36:15 PM,-4.5940704E+1,4.3223103E+1,3.8583538E+3,0.0000000E+0
13368555,1/10/2021,4:36:15 PM,-4.4397816E+1,4.1368382E+1,3.8583538E+3,0.0000000E+0
13368556,1/10/2021,4:36:16 PM,-3.8891319E+1,3.7685818E+1,3.8565676E+3,0.0000000E+0
13368557,1/10/2021,4:36:16 PM,-2.9846825E+1,3.3653809E+1,3.8565676E+3,0.0000000E+0
13368558,1/10/2021,4:36:16 PM,-1.9504734E+1,2.9998125E+1,3.8610327E+3,0.0000000E+0
13368559,1/10/2021,4:36:16 PM,-9.0181751E+0,2.4783398E+1,3.8565676E+3,0.0000000E+0
13368560,1/10/2021,4:36:16 PM,1.5374726E+0,1.9634548E+1,3.8565676E+3,0.0000000E+0
13368561,1/10/2021,4:36:16 PM,1.1176012E+1,1.6448986E+1,3.8583538E+3,0.0000000E+0
13368562,1/10/2021,4:36:16 PM,2.1547173E+1,1.3199607E+1,3.8601394E+3,0.0000000E+0
13368563,1/10/2021,4:36:16 PM,3.1017290E+1,1.0186884E+1,3.8619255E+3,0.0000000E+0
13368564,1/10/2021,4:36:16 PM,3.9449951E+1,8.0516539E+0,3.8654971E+3,0.0000000E+0
13368565,1/10/2021,4:36:16 PM,4.4983051E+1,3.6685174E+0,3.8610327E+3,0.0000000E+0
13368566,1/10/2021,4:36:17 PM,4.8521042E+1,-7.2706228E-1,3.8619255E+3,0.0000000E+0
13368567,1/10/2021,4:36:17 PM,5.0223537E+1,-6.6157579E+0,3.8592466E+3,0.0000000E+0
13368568,1/10/2021,4:36:17 PM,5.2963486E+1,-1.2697043E+1,3.8601394E+3,0.0000000E+0
13368569,1/10/2021,4:36:17 PM,5.7751743E+1,-1.8350220E+1,3.8619255E+3,0.0000000E+0
13368570,1/10/2021,4:36:17 PM,6.1529152E+1,-2.5751080E+1,3.8601394E+3,0.0000000E+0
13368571,1/10/2021,4:36:17 PM,6.1475952E+1,-3.5481651E+1,3.8538889E+3,0.0000000E+0
13368572,1/10/2021,4:36:17 PM,6.1183334E+1,-4.4809029E+1,3.8512104E+3,0.0000000E+0
13368573,1/10/2021,4:36:17 PM,6.2646412E+1,-5.2416080E+1,3.8512104E+3,0.0000000E+0
13368574,1/10/2021,4:36:17 PM,6.1954773E+1,-5.7792088E+1,3.8529961E+3,0.0000000E+0
13368575,1/10/2021,4:36:17 PM,5.9188225E+1,-6.2307930E+1,3.8503171E+3,0.0000000E+0
13368576,1/10/2021,4:36:18 PM,5.4240353E+1,-6.5560417E+1,3.8476387E+3,0.0000000E+0
13368577,1/10/2021,4:36:18 PM,4.7882607E+1,-6.7226982E+1,3.8485315E+3,0.0000000E+0
13368578,1/10/2021,4:36:18 PM,4.0540607E+1,-6.6770020E+1,3.8422810E+3,0.0000000E+0
13368579,1/10/2021,4:36:18 PM,2.9075382E+1,-5.9243610E+1,3.8503171E+3,0.0000000E+0
13368580,1/10/2021,4:36:18 PM,1.5433790E+1,-4.8652874E+1,3.8547820E+3,0.0000000E+0
13368581,1/10/2021,4:36:18 PM,1.4193884E+0,-4.2336063E+1,3.8476387E+3,0.0000000E+0
13368582,1/10/2021,4:36:18 PM,-1.2594394E+1,-3.7175095E+1,3.8476387E+3,0.0000000E+0
13368583,1/10/2021,4:36:18 PM,-2.6521645E+1,-2.7982122E+1,3.8503171E+3,0.0000000E+0
13368584,1/10/2021,4:36:18 PM,-4.7696400E+1,-1.6124580E+1,3.8485315E+3,0.0000000E+0
13368585,1/10/2021,4:36:18 PM,-6.8046509E+1,-3.2320750E+0,3.8512104E+3,0.0000000E+0
13368586,1/10/2021,4:36:19 PM,-8.9593681E+1,7.6660891E+0,3.8512104E+3,0.0000000E+0
13368587,1/10/2021,4:36:19 PM,-1.0068648E+2,1.2298183E+1,3.8476387E+3,0.0000000E+0
13368588,1/10/2021,4:36:19 PM,-1.0981078E+2,1.8983076E+1,3.8494243E+3,0.0000000E+0
13368589,1/10/2021,4:36:19 PM,-1.1989273E+2,2.6396198E+1,3.8512104E+3,0.0000000E+0
13368590,1/10/2021,4:36:19 PM,-1.3204959E+2,3.2094769E+1,3.8476387E+3,0.0000000E+0
13368591,1/10/2021,4:36:19 PM,-1.3912558E+2,3.8142776E+1,3.8529961E+3,0.0000000E+0
13368592,1/10/2021,4:36:19 PM,-1.4386063E+2,4.1314621E+1,3.8547820E+3,0.0000000E+0
13368593,1/10/2021,4:36:19 PM,-1.3827434E+2,3.7551414E+1,3.8476387E+3,0.0000000E+0
13368594,1/10/2021,4:36:19 PM,-1.3103873E+2,3.6395576E+1,3.8512104E+3,0.0000000E+0
13368595,1/10/2021,4:36:19 PM,-1.2539923E+2,3.4648373E+1,3.8538889E+3,0.0000000E+0
13368596,1/10/2021,4:36:20 PM,-1.1813704E+2,3.1825968E+1,3.8512104E+3,0.0000000E+0
13368597,1/10/2021,4:36:20 PM,-1.0076629E+2,2.3546917E+1,3.8529961E+3,0.0000000E+0
13368598,1/10/2021,4:36:20 PM,-8.6454712E+1,1.5191248E+1,3.8512104E+3,0.0000000E+0
13368599,1/10/2021,4:36:20 PM,-7.2808167E+1,8.0436764E+0,3.8440669E+3,0.0000000E+0
13368600,1/10/2021,4:36:20 PM,-5.9480843E+1,4.3035607E+0,3.8529961E+3,0.0000000E+0
13368601,1/10/2021,4:36:20 PM,-4.4158405E+1,1.5255458E+0,3.8529961E+3,0.0000000E+0
13368602,1/10/2021,4:36:20 PM,-3.0432058E+1,-8.8682401E-1,3.8574609E+3,0.0000000E+0
13368603,1/10/2021,4:36:20 PM,-1.6844278E+1,-6.2461476E+0,3.8512104E+3,0.0000000E+0
13368604,1/10/2021,4:36:20 PM,-7.9839935E+0,-9.3758688E+0,3.8529961E+3,0.0000000E+0
13368605,1/10/2021,4:36:20 PM,-1.5636256E+0,-8.7722607E+0,3.8529961E+3,0.0000000E+0
13368606,1/10/2021,4:36:21 PM,5.8656297E+0,-7.4400682E+0,3.8583538E+3,0.0000000E+0
13368607,1/10/2021,4:36:21 PM,1.5449580E+1,-9.6816616E+0,3.8601394E+3,0.0000000E+0
13368608,1/10/2021,4:36:21 PM,2.1041746E+1,-1.2367319E+1,3.8574609E+3,0.0000000E+0
13368609,1/10/2021,4:36:21 PM,2.8915775E+1,-1.7903496E+1,3.8529961E+3,0.0000000E+0
13368610,1/10/2021,4:36:21 PM,3.9556355E+1,-2.0616991E+1,3.8601394E+3,0.0000000E+0
13368611,1/10/2021,4:36:21 PM,4.9372288E+1,-2.4326437E+1,3.8574609E+3,0.0000000E+0
13368612,1/10/2021,4:36:21 PM,5.4479767E+1,-2.6208040E+1,3.8565676E+3,0.0000000E+0
13368613,1/10/2021,4:36:21 PM,6.0358685E+1,-2.8250923E+1,3.8601394E+3,0.0000000E+0
13368614,1/10/2021,4:36:21 PM,6.4960739E+1,-3.3143089E+1,3.8503171E+3,0.0000000E+0
13368615,1/10/2021,4:36:21 PM,7.3180580E+1,-3.8680378E+1,3.8529961E+3,0.0000000E+0
13368616,1/10/2021,4:36:22 PM,8.2703911E+1,-4.0750141E+1,3.8529961E+3,0.0000000E+0
13368617,1/10/2021,4:36:22 PM,8.9114853E+1,-3.8545979E+1,3.8583538E+3,0.0000000E+0
13368618,1/10/2021,4:36:22 PM,9.1854805E+1,-3.5992374E+1,3.8556748E+3,0.0000000E+0
13368619,1/10/2021,4:36:22 PM,9.5073578E+1,-3.3331253E+1,3.8583538E+3,0.0000000E+0
13368620,1/10/2021,4:36:22 PM,9.6323853E+1,-2.8761644E+1,3.8565676E+3,0.0000000E+0
13368621,1/10/2021,4:36:22 PM,9.4887367E+1,-2.2337315E+1,3.8619255E+3,0.0000000E+0
13368622,1/10/2021,4:36:22 PM,8.8636024E+1,-1.6164467E+1,3.8610327E+3,0.0000000E+0
13368623,1/10/2021,4:36:22 PM,7.8527473E+1,-9.2508926E+0,3.8583538E+3,0.0000000E+0
13368624,1/10/2021,4:36:22 PM,6.5971596E+1,-1.9203407E-1,3.8672827E+3,0.0000000E+0
13368625,1/10/2021,4:36:22 PM,5.5091599E+1,7.2725472E+0,3.8619255E+3,0.0000000E+0
13368626,1/10/2021,4:36:23 PM,4.3440166E+1,1.3393719E+1,3.8646042E+3,0.0000000E+0
13368627,1/10/2021,4:36:23 PM,3.1283306E+1,1.6991436E+1,3.8610327E+3,0.0000000E+0
13368628,1/10/2021,4:36:23 PM,1.9723148E+1,2.2283554E+1,3.8654971E+3,0.0000000E+0
13368629,1/10/2021,4:36:23 PM,1.1447057E+1,2.5670439E+1,3.8690688E+3,0.0000000E+0
13368630,1/10/2021,4:36:23 PM,-3.6170232E+0,2.3681316E+1,3.8529961E+3,0.0000000E+0
13368631,1/10/2021,4:36:23 PM,-1.6041670E+1,2.3869476E+1,3.8565676E+3,0.0000000E+0
13368632,1/10/2021,4:36:23 PM,-2.2637833E+1,2.4487717E+1,3.8610327E+3,0.0000000E+0
13368633,1/10/2021,4:36:23 PM,-3.4741493E+1,2.5858599E+1,3.8583538E+3,0.0000000E+0
13368634,1/10/2021,4:36:23 PM,-4.6712147E+1,2.3143715E+1,3.8619255E+3,0.0000000E+0
13368635,1/10/2021,4:36:23 PM,-5.8789204E+1,1.8001883E+1,3.8476387E+3,0.0000000E+0
13368636,1/10/2021,4:36:24 PM,-8.2251686E+1,1.9344709E+1,3.8512104E+3,0.0000000E+0
13368637,1/10/2021,4:36:24 PM,-9.7281502E+1,1.9892477E+1,3.8476387E+3,0.0000000E+0
13368638,1/10/2021,4:36:24 PM,-1.1100784E+2,1.9166552E+1,3.8503171E+3,0.0000000E+0
13368639,1/10/2021,4:36:24 PM,-1.1688676E+2,1.5802833E+1,3.8512104E+3,0.0000000E+0
13368640,1/10/2021,4:36:24 PM,-1.2023856E+2,7.8070197E+0,3.8467454E+3,0.0000000E+0
13368641,1/10/2021,4:36:24 PM,-1.2515982E+2,-1.3639753E+0,3.8369231E+3,0.0000000E+0
13368642,1/10/2021,4:36:24 PM,-1.2643669E+2,-7.2964787E+0,3.8422810E+3,0.0000000E+0
13368643,1/10/2021,4:36:24 PM,-1.2409576E+2,-8.5994215E+0,3.8476387E+3,0.0000000E+0
13368644,1/10/2021,4:36:24 PM,-1.1595572E+2,-1.4055826E+1,3.8458525E+3,0.0000000E+0
13368645,1/10/2021,4:36:24 PM,-1.0478310E+2,-2.1745953E+1,3.8458525E+3,0.0000000E+0
13368646,1/10/2021,4:36:25 PM,-9.7627319E+1,-2.6369318E+1,3.8404951E+3,0.0000000E+0
13368647,1/10/2021,4:36:25 PM,-8.8370018E+1,-3.0051886E+1,3.8440669E+3,0.0000000E+0
13368648,1/10/2021,4:36:25 PM,-7.9272316E+1,-3.1449648E+1,3.8458525E+3,0.0000000E+0
13368649,1/10/2021,4:36:25 PM,-6.9216972E+1,-3.4863411E+1,3.8431738E+3,0.0000000E+0
13368650,1/10/2021,4:36:25 PM,-6.0411888E+1,-3.7255737E+1,3.8476387E+3,0.0000000E+0
13368651,1/10/2021,4:36:25 PM,-5.1926029E+1,-4.0212543E+1,3.8422810E+3,0.0000000E+0
13368652,1/10/2021,4:36:25 PM,-4.4770237E+1,-4.2819904E+1,3.8431738E+3,0.0000000E+0
13368653,1/10/2021,4:36:25 PM,-3.6843010E+1,-4.2040382E+1,3.8449597E+3,0.0000000E+0
13368654,1/10/2021,4:36:25 PM,-2.5909811E+1,-3.9271740E+1,3.8512104E+3,0.0000000E+0
13368655,1/10/2021,4:36:25 PM,-1.3194379E+1,-3.7658939E+1,3.8494243E+3,0.0000000E+0
13368656,1/10/2021,4:36:26 PM,-2.0549827E+0,-3.6341812E+1,3.8512104E+3,0.0000000E+0
13368657,1/10/2021,4:36:26 PM,9.3418512E+0,-3.4809654E+1,3.8512104E+3,0.0000000E+0
13368658,1/10/2021,4:36:26 PM,1.9867882E+1,-3.2605488E+1,3.8494243E+3,0.0000000E+0
13368659,1/10/2021,4:36:26 PM,3.2081345E+1,-2.8573483E+1,3.8547820E+3,0.0000000E+0
13368660,1/10/2021,4:36:26 PM,4.4504227E+1,-2.4864038E+1,3.8565676E+3,0.0000000E+0
13368661,1/10/2021,4:36:26 PM,5.7139912E+1,-2.1504032E+1,3.8565676E+3,0.0000000E+0
13368662,1/10/2021,4:36:26 PM,6.5971596E+1,-1.7818405E+1,3.8574609E+3,0.0000000E+0
13368663,1/10/2021,4:36:26 PM,7.1504692E+1,-1.0737311E+1,3.8619255E+3,0.0000000E+0
13368664,1/10/2021,4:36:26 PM,7.6904793E+1,-4.4124713E+0,3.8601394E+3,0.0000000E+0
13368665,1/10/2021,4:36:26 PM,7.8048653E+1,5.1035714E+0,3.8663899E+3,0.0000000E+0
13368666,1/10/2021,4:36:27 PM,7.2621956E+1,1.6552689E+1,3.8699617E+3,0.0000000E+0
13368667,1/10/2021,4:36:27 PM,6.9615990E+1,2.2848034E+1,3.8681760E+3,0.0000000E+0
13368668,1/10/2021,4:36:27 PM,6.6104599E+1,2.7471401E+1,3.8672827E+3,0.0000000E+0
13368669,1/10/2021,4:36:27 PM,5.9933064E+1,3.2524849E+1,3.8663899E+3,0.0000000E+0
13368670,1/10/2021,4:36:27 PM,5.3362507E+1,3.5347252E+1,3.8681760E+3,0.0000000E+0
13368671,1/10/2021,4:36:27 PM,4.5967304E+1,3.8142776E+1,3.8690688E+3,0.0000000E+0
13368672,1/10/2021,4:36:27 PM,3.8306087E+1,3.7927738E+1,3.8681760E+3,0.0000000E+0
13368673,1/10/2021,4:36:27 PM,3.3172009E+1,3.4944054E+1,3.8637112E+3,0.0000000E+0
13368674,1/10/2021,4:36:27 PM,3.1974941E+1,2.9756205E+1,3.8619255E+3,0.0000000E+0
13368675,1/10/2021,4:36:27 PM,2.9820225E+1,2.5401638E+1,3.8628184E+3,0.0000000E+0
13368676,1/10/2021,4:36:28 PM,2.2398420E+1,2.2928675E+1,3.8619255E+3,0.0000000E+0
13368677,1/10/2021,4:36:28 PM,1.5696942E+1,1.9557434E+1,3.8610327E+3,0.0000000E+0
13368678,1/10/2021,4:36:28 PM,5.9524698E+0,1.4244620E+1,3.8574609E+3,0.0000000E+0
13368679,1/10/2021,4:36:28 PM,-4.3532667E+0,1.0657538E+1,3.8538889E+3,0.0000000E+0
13368680,1/10/2021,4:36:28 PM,-1.7412685E+1,9.0913486E+0,3.8565676E+3,0.0000000E+0
13368681,1/10/2021,4:36:28 PM,-3.2826187E+1,9.3466196E+0,3.8547820E+3,0.0000000E+0
13368682,1/10/2021,4:36:28 PM,-4.8361435E+1,9.2588701E+0,3.8574609E+3,0.0000000E+0
13368683,1/10/2021,4:36:28 PM,-6.4162689E+1,5.9509912E+0,3.8494243E+3,0.0000000E+0
13368684,1/10/2021,4:36:28 PM,-7.7463417E+1,2.9029417E+0,3.8494243E+3,0.0000000E+0
13368685,1/10/2021,4:36:28 PM,-8.8476418E+1,-9.9804378E-1,3.8458525E+3,0.0000000E+0
13368686,1/10/2021,4:36:29 PM,-9.6483459E+1,-4.4909511E+0,3.8476387E+3,0.0000000E+0
13368687,1/10/2021,4:36:29 PM,-1.0164413E+2,-7.4001827E+0,3.8476387E+3,0.0000000E+0
13368688,1/10/2021,4:36:29 PM,-1.0334663E+2,-1.2978905E+1,3.8449597E+3,0.0000000E+0
13368689,1/10/2021,4:36:29 PM,-1.0475651E+2,-1.8270447E+1,3.8396021E+3,0.0000000E+0
13368690,1/10/2021,4:36:29 PM,-1.0081950E+2,-2.3331875E+1,3.8396021E+3,0.0000000E+0
13368691,1/10/2021,4:36:29 PM,-9.7228294E+1,-2.5186598E+1,3.8440669E+3,0.0000000E+0
13368692,1/10/2021,4:36:29 PM,-9.0684341E+1,-2.7121960E+1,3.8431738E+3,0.0000000E+0
13368693,1/10/2021,4:36:29 PM,-8.2384689E+1,-2.8439083E+1,3.8458525E+3,0.0000000E+0
13368694,1/10/2021,4:36:29 PM,-7.2595352E+1,-3.1261488E+1,3.8440669E+3,0.0000000E+0
13368695,1/10/2021,4:36:29 PM,-6.6024796E+1,-3.4110771E+1,3.8422810E+3,0.0000000E+0
13368696,1/10/2021,4:36:30 PM,-5.8496586E+1,-3.4675255E+1,3.8458525E+3,0.0000000E+0
13368697,1/10/2021,4:36:30 PM,-4.7510189E+1,-3.4083889E+1,3.8494243E+3,0.0000000E+0
13368698,1/10/2021,4:36:30 PM,-3.5193718E+1,-3.4809654E+1,3.8503171E+3,0.0000000E+0
13368699,1/10/2021,4:36:30 PM,-2.4952158E+1,-3.6207413E+1,3.8476387E+3,0.0000000E+0
13368700,1/10/2021,4:36:30 PM,-1.4531183E+1,-3.7121334E+1,3.8476387E+3,0.0000000E+0
13368701,1/10/2021,4:36:30 PM,-2.2713385E+0,-3.5938614E+1,3.8512104E+3,0.0000000E+0
13368702,1/10/2021,4:36:30 PM,1.0194460E+1,-3.5024693E+1,3.8529961E+3,0.0000000E+0
13368703,1/10/2021,4:36:30 PM,2.3515680E+1,-3.4755894E+1,3.8565676E+3,0.0000000E+0
13368704,1/10/2021,4:36:30 PM,3.6018364E+1,-3.6288052E+1,3.8512104E+3,0.0000000E+0
13368705,1/10/2021,4:36:30 PM,4.5860897E+1,-3.6153656E+1,3.8547820E+3,0.0000000E+0
13368706,1/10/2021,4:36:31 PM,5.5490623E+1,-3.5266613E+1,3.8512104E+3,0.0000000E+0
13368707,1/10/2021,4:36:31 PM,6.4774529E+1,-3.1664688E+1,3.8628184E+3,0.0000000E+0
13368708,1/10/2021,4:36:31 PM,7.1158875E+1,-3.0132524E+1,3.8547820E+3,0.0000000E+0
13368709,1/10/2021,4:36:31 PM,7.5760925E+1,-2.8116522E+1,3.8601394E+3,0.0000000E+0
13368710,1/10/2021,4:36:31 PM,7.9006302E+1,-2.4245796E+1,3.8619255E+3,0.0000000E+0
13368711,1/10/2021,4:36:31 PM,7.8155060E+1,-2.1154591E+1,3.8565676E+3,0.0000000E+0
13368712,1/10/2021,4:36:31 PM,7.5016083E+1,-1.7810429E+1,3.8583538E+3,0.0000000E+0
13368713,1/10/2021,4:36:31 PM,7.0148026E+1,-1.0022022E+1,3.8619255E+3,0.0000000E+0
13368714,1/10/2021,4:36:31 PM,6.2912426E+1,-4.1970530E+0,3.8601394E+3,0.0000000E+0
13368715,1/10/2021,4:36:31 PM,5.5623631E+1,1.7465698E+0,3.8574609E+3,0.0000000E+0
13368716,1/10/2021,4:36:32 PM,4.4956451E+1,1.0343769E+1,3.8601394E+3,0.0000000E+0
13368717,1/10/2021,4:36:32 PM,3.7268631E+1,1.8331606E+1,3.8601394E+3,0.0000000E+0
13368718,1/10/2021,4:36:32 PM,2.6042818E+1,2.7202600E+1,3.8637112E+3,0.0000000E+0
13368719,1/10/2021,4:36:32 PM,1.6475868E+1,3.4272053E+1,3.8601394E+3,0.0000000E+0
13368720,1/10/2021,4:36:32 PM,6.2550931E+0,4.2685505E+1,3.8637112E+3,0.0000000E+0
13368721,1/10/2021,4:36:32 PM,-8.9918604E+0,5.2012878E+1,3.8592466E+3,0.0000000E+0
13368722,1/10/2021,4:36:32 PM,-2.0695927E+1,6.2576736E+1,3.8708547E+3,0.0000000E+0
13368723,1/10/2021,4:36:32 PM,-3.6018364E+1,7.1715942E+1,3.8654971E+3,0.0000000E+0
13368724,1/10/2021,4:36:32 PM,-5.0329941E+1,7.5075951E+1,3.8619255E+3,0.0000000E+0
13368725,1/10/2021,4:36:32 PM,-5.8842403E+1,7.8409081E+1,3.8708547E+3,0.0000000E+0
13368726,1/10/2021,4:36:33 PM,-6.7966698E+1,7.8059639E+1,3.8672827E+3,0.0000000E+0
13368727,1/10/2021,4:36:33 PM,-7.7117599E+1,7.3355629E+1,3.8583538E+3,0.0000000E+0
13368728,1/10/2021,4:36:33 PM,-8.5044830E+1,6.9081703E+1,3.8637112E+3,0.0000000E+0
13368729,1/10/2021,4:36:33 PM,-9.1056755E+1,6.2657372E+1,3.8628184E+3,0.0000000E+0
13368730,1/10/2021,4:36:33 PM,-8.9753288E+1,4.8814156E+1,3.8565676E+3,0.0000000E+0
13368731,1/10/2021,4:36:33 PM,-9.0125710E+1,3.4540852E+1,3.8529961E+3,0.0000000E+0
13368732,1/10/2021,4:36:33 PM,-9.1056755E+1,2.3627556E+1,3.8538889E+3,0.0000000E+0
13368733,1/10/2021,4:36:33 PM,-9.1189766E+1,1.2463045E+1,3.8529961E+3,0.0000000E+0
13368734,1/10/2021,4:36:33 PM,-8.7438965E+1,-3.4010463E+0,3.8458525E+3,0.0000000E+0
13368735,1/10/2021,4:36:33 PM,-8.2491089E+1,-1.8834169E+1,3.8440669E+3,0.0000000E+0
13368736,1/10/2021,4:36:34 PM,-7.7543228E+1,-3.0105646E+1,3.8387092E+3,0.0000000E+0
13368737,1/10/2021,4:36:34 PM,-7.0148026E+1,-4.1341503E+1,3.8422810E+3,0.0000000E+0
13368738,1/10/2021,4:36:34 PM,-6.2619812E+1,-4.9996876E+1,3.8404951E+3,0.0000000E+0
13368739,1/10/2021,4:36:34 PM,-5.9667053E+1,-5.4862160E+1,3.8422810E+3,0.0000000E+0
13368740,1/10/2021,4:36:34 PM,-4.9079674E+1,-6.3705696E+1,3.8387092E+3,0.0000000E+0
13368741,1/10/2021,4:36:34 PM,-3.4023254E+1,-7.2495468E+1,3.8404951E+3,0.0000000E+0
13368742,1/10/2021,4:36:34 PM,-2.2451624E+1,-7.7226357E+1,3.8404951E+3,0.0000000E+0
13368743,1/10/2021,4:36:34 PM,-1.2402294E+1,-8.3166847E+1,3.8422810E+3,0.0000000E+0
13368744,1/10/2021,4:36:34 PM,-1.1537242E+0,-8.6177406E+1,3.8458525E+3,0.0000000E+0
13368745,1/10/2021,4:36:34 PM,1.2323350E+1,-9.1472778E+1,3.8458525E+3,0.0000000E+0
13368746,1/10/2021,4:36:35 PM,2.7266485E+1,-9.8622864E+1,3.8431738E+3,0.0000000E+0
13368747,1/10/2021,4:36:35 PM,4.0647015E+1,-1.0442896E+2,3.8396021E+3,0.0000000E+0
13368748,1/10/2021,4:36:35 PM,5.0090527E+1,-1.0424080E+2,3.8440669E+3,0.0000000E+0
13368749,1/10/2021,4:36:35 PM,5.7219719E+1,-9.8891663E+1,3.8512104E+3,0.0000000E+0
13368750,1/10/2021,4:36:35 PM,6.2114380E+1,-9.4107025E+1,3.8476387E+3,0.0000000E+0
13368751,1/10/2021,4:36:35 PM,6.3976486E+1,-8.9644936E+1,3.8440669E+3,0.0000000E+0
13368752,1/10/2021,4:36:35 PM,6.3311447E+1,-8.1231476E+1,3.8440669E+3,0.0000000E+0
13368753,1/10/2021,4:36:35 PM,6.0012867E+1,-7.0640747E+1,3.8422810E+3,0.0000000E+0
13368754,1/10/2021,4:36:35 PM,5.3282703E+1,-5.3786961E+1,3.8512104E+3,0.0000000E+0
13368755,1/10/2021,4:36:35 PM,4.3652981E+1,-3.6288052E+1,3.8512104E+3,0.0000000E+0
13368756,1/10/2021,4:36:36 PM,3.5778950E+1,-1.9097416E+1,3.8547820E+3,0.0000000E+0
13368757,1/10/2021,4:36:36 PM,2.6894064E+1,-1.5711921E+0,3.8529961E+3,0.0000000E+0
13368758,1/10/2021,4:36:36 PM,1.9128428E+1,1.7823723E+1,3.8583538E+3,0.0000000E+0
13368759,1/10/2021,4:36:36 PM,9.9444666E+0,3.8895416E+1,3.8654971E+3,-1.6227905E+1
13368760,1/10/2021,4:36:36 PM,1.7990016E+0,5.8786648E+1,3.8681760E+3,-1.6227905E+1
13368761,1/10/2021,4:36:36 PM,-3.7002368E+0,7.5344749E+1,3.8726406E+3,-1.6227905E+1
13368762,1/10/2021,4:36:36 PM,-8.6366081E+0,8.8892296E+1,3.8753193E+3,-1.6227905E+1
13368763,1/10/2021,4:36:36 PM,-1.4291717E+1,9.7682068E+1,3.8717478E+3,-1.6227905E+1
13368764,1/10/2021,4:36:36 PM,-2.0152084E+1,1.0644496E+2,3.8779983E+3,-1.6227905E+1
13368765,1/10/2021,4:36:36 PM,-2.8649759E+1,1.1405201E+2,3.8788911E+3,-1.2184738E+1
13368766,1/10/2021,4:36:37 PM,-3.7614449E+1,1.1504658E+2,3.8779983E+3,-2.3308973E+0
13368767,1/10/2021,4:36:37 PM,-4.2429314E+1,1.1179409E+2,3.8762122E+3,1.1157379E+0
13368768,1/10/2021,4:36:37 PM,-4.4876644E+1,1.0252047E+2,3.8681760E+3,-7.7327728E-2
13368769,1/10/2021,4:36:37 PM,-4.8175224E+1,9.1983498E+1,3.8637112E+3,-4.5292282E-1
13368770,1/10/2021,4:36:37 PM,-5.2192039E+1,8.3596924E+1,3.8663899E+3,-7.7327728E-2
13368771,1/10/2021,4:36:37 PM,-5.4320160E+1,7.1447144E+1,3.8637112E+3,-1.1047363E-2
13368772,1/10/2021,4:36:37 PM,-5.3921139E+1,5.7012566E+1,3.8565676E+3,-7.7327728E-2
13368773,1/10/2021,4:36:37 PM,-5.2245243E+1,4.1932865E+1,3.8547820E+3,-7.7327728E-2
13368774,1/10/2021,4:36:37 PM,-4.9531898E+1,2.8304684E+1,3.8494243E+3,-5.5234909E-2
13368775,1/10/2021,4:36:37 PM,-4.5887501E+1,1.7116413E+1,3.8512104E+3,-5.5234909E-2
13368776,1/10/2021,4:36:38 PM,-4.0567207E+1,7.5677042E+0,3.8529961E+3,-5.5234909E-2
13368777,1/10/2021,4:36:38 PM,-3.5193718E+1,-3.5860341E+0,3.8529961E+3,-3.3140182E-2
13368778,1/10/2021,4:36:38 PM,-2.8224136E+1,-1.6603212E+1,3.8467454E+3,-3.3140182E-2
13368779,1/10/2021,4:36:38 PM,-2.1839790E+1,-2.7847723E+1,3.8458525E+3,-3.3140182E-2
13368780,1/10/2021,4:36:38 PM,-1.8041615E+1,-3.3707569E+1,3.8529961E+3,-3.3140182E-2
13368781,1/10/2021,4:36:38 PM,-1.4562762E+1,-3.9164219E+1,3.8521033E+3,-3.3140182E-2
13368782,1/10/2021,4:36:38 PM,-9.3523779E+0,-4.9566795E+1,3.8494243E+3,-3.3140182E-2
13368783,1/10/2021,4:36:38 PM,-1.7102401E+0,-5.8706005E+1,3.8512104E+3,-3.3140182E-2
13368784,1/10/2021,4:36:38 PM,2.8260965E+0,-6.9431145E+1,3.8440669E+3,-3.3140182E-2
13368785,1/10/2021,4:36:38 PM,8.1971455E+0,-7.8785400E+1,3.8458525E+3,-3.3140182E-2
13368786,1/10/2021,4:36:39 PM,1.2175985E+1,-8.5747330E+1,3.8458525E+3,-3.3140182E-2
13368787,1/10/2021,4:36:39 PM,1.6775860E+1,-9.4402702E+1,3.8440669E+3,-3.3140182E-2
13368788,1/10/2021,4:36:39 PM,2.2797441E+1,-1.0389136E+2,3.8396021E+3,-3.3140182E-2
13368789,1/10/2021,4:36:39 PM,2.8729567E+1,-1.1270802E+2,3.8333516E+3,-3.3140182E-2
13368790,1/10/2021,4:36:39 PM,3.2506969E+1,-1.1582610E+2,3.8369231E+3,-3.3140182E-2
13368791,1/10/2021,4:36:39 PM,3.4635086E+1,-1.1246609E+2,3.8369231E+3,-3.3140182E-2
13368792,1/10/2021,4:36:39 PM,3.2480370E+1,-1.0324623E+2,3.8458525E+3,-1.1047363E-2
13368793,1/10/2021,4:36:39 PM,2.9368000E+1,-9.5343498E+1,3.8387092E+3,-1.1047363E-2
13368794,1/10/2021,4:36:39 PM,2.5936413E+1,-8.8247169E+1,3.8378164E+3,-3.3140182E-2
13368795,1/10/2021,4:36:39 PM,1.9523153E+1,-7.3731949E+1,3.8458525E+3,-1.1047363E-2
13368796,1/10/2021,4:36:40 PM,9.5813189E+0,-5.7281364E+1,3.8467454E+3,-1.1047363E-2
13368797,1/10/2021,4:36:40 PM,-1.3400726E+0,-3.8707260E+1,3.8512104E+3,-1.1047363E-2
13368798,1/10/2021,4:36:40 PM,-1.2204931E+1,-2.0348190E+1,3.8547820E+3,-1.1047363E-2
13368799,1/10/2021,4:36:40 PM,-1.9641571E+1,-5.3553600E+0,3.8529961E+3,-1.1047363E-2
13368800,1/10/2021,4:36:40 PM,-2.5324581E+1,9.5061636E+0,3.8574609E+3,-1.1047363E-2
13368801,1/10/2021,4:36:40 PM,-3.5406528E+1,2.6880039E+1,3.8574609E+3,-1.1047363E-2
13368802,1/10/2021,4:36:40 PM,-4.4903248E+1,4.3303745E+1,3.8654971E+3,-1.1047363E-2
13368803,1/10/2021,4:36:40 PM,-5.3894535E+1,5.7496403E+1,3.8654971E+3,-1.1047363E-2
13368804,1/10/2021,4:36:40 PM,-6.0145874E+1,6.6958176E+1,3.8637112E+3,-1.1047363E-2
13368805,1/10/2021,4:36:40 PM,-6.2646412E+1,7.2576103E+1,3.8637112E+3,-1.1047363E-2
13368806,1/10/2021,4:36:41 PM,-6.4960739E+1,7.7978996E+1,3.8654971E+3,-1.1047363E-2
13368807,1/10/2021,4:36:41 PM,-6.9190369E+1,8.2898041E+1,3.8637112E+3,-1.1047363E-2
13368808,1/10/2021,4:36:41 PM,-7.2063324E+1,8.6392448E+1,3.8690688E+3,-1.1047363E-2
13368809,1/10/2021,4:36:41 PM,-7.3925423E+1,8.6392448E+1,3.8628184E+3,-1.1047363E-2
13368810,1/10/2021,4:36:41 PM,-7.1132278E+1,8.2037880E+1,3.8619255E+3,-1.1047363E-2
13368811,1/10/2021,4:36:41 PM,-6.7035652E+1,7.7118835E+1,3.8646042E+3,-1.1047363E-2
13368812,1/10/2021,4:36:41 PM,-6.2885826E+1,6.9995621E+1,3.8583538E+3,-1.1047363E-2
13368813,1/10/2021,4:36:41 PM,-5.9534042E+1,6.3544415E+1,3.8619255E+3,-1.1047363E-2
13368814,1/10/2021,4:36:41 PM,-5.5171406E+1,5.7066326E+1,3.8601394E+3,-1.1047363E-2
13368815,1/10/2021,4:36:41 PM,-4.5249065E+1,4.6206787E+1,3.8583538E+3,-1.1047363E-2
13368816,1/10/2021,4:36:42 PM,-3.6018364E+1,3.7793339E+1,3.8565676E+3,-1.1047363E-2
13368817,1/10/2021,4:36:42 PM,-2.7213284E+1,2.9971247E+1,3.8565676E+3,-1.1047363E-2
13368818,1/10/2021,4:36:42 PM,-1.9612625E+1,2.4541477E+1,3.8574609E+3,-1.1047363E-2
13368819,1/10/2021,4:36:42 PM,-1.2578606E+1,1.9054871E+1,3.8583538E+3,-1.1047363E-2
13368820,1/10/2021,4:36:42 PM,-1.4672964E+0,1.0766561E+1,3.8610327E+3,-1.1047363E-2
13368821,1/10/2021,4:36:42 PM,7.2050672E+0,1.6296513E+0,3.8565676E+3,-1.1047363E-2
13368822,1/10/2021,4:36:42 PM,1.2091777E+1,-8.2829924E+0,3.8538889E+3,-1.1047363E-2
13368823,1/10/2021,4:36:42 PM,1.3896991E+1,-1.6028852E+1,3.8565676E+3,-1.1047363E-2
13368824,1/10/2021,4:36:42 PM,1.8020563E+1,-2.5320999E+1,3.8565676E+3,-1.1047363E-2
13368825,1/10/2021,4:36:42 PM,3.0485262E+1,-3.7766457E+1,3.8529961E+3,-1.1047363E-2
13368826,1/10/2021,4:36:43 PM,4.2136696E+1,-4.8841034E+1,3.8565676E+3,-1.1047363E-2
13368827,1/10/2021,4:36:43 PM,5.1500401E+1,-6.0023129E+1,3.8503171E+3,-1.1047363E-2
13368828,1/10/2021,4:36:43 PM,5.7671944E+1,-7.1124588E+1,3.8467454E+3,-1.1047363E-2
13368829,1/10/2021,4:36:43 PM,6.2247391E+1,-7.6796280E+1,3.8494243E+3,-1.1047363E-2
13368830,1/10/2021,4:36:43 PM,7.0414032E+1,-8.2387321E+1,3.8529961E+3,-1.1047363E-2
13368831,1/10/2021,4:36:43 PM,7.9910751E+1,-9.0693253E+1,3.8485315E+3,-1.1047363E-2
13368832,1/10/2021,4:36:43 PM,8.6241898E+1,-9.9993752E+1,3.8413882E+3,-1.1047363E-2
13368833,1/10/2021,4:36:43 PM,8.8529625E+1,-1.0432144E+2,3.8440669E+3,-1.1047363E-2
13368834,1/10/2021,4:36:43 PM,8.4379799E+1,-1.0141839E+2,3.8413882E+3,-1.1047363E-2
13368835,1/10/2021,4:36:43 PM,8.1347237E+1,-9.5719826E+1,3.8503171E+3,-1.1047363E-2
13368836,1/10/2021,4:36:44 PM,8.0735397E+1,-9.0666374E+1,3.8512104E+3,-1.1047363E-2
13368837,1/10/2021,4:36:44 PM,7.5332550E+1,-8.5690437E+1,3.8421614E+3,-1.1047363E-2
13368838,1/10/2021,4:36:44 PM,6.5862778E+1,-7.7438568E+1,3.8439475E+3,-1.1047363E-2
13368839,1/10/2021,4:36:44 PM,5.1551727E+1,-6.1741196E+1,3.8493047E+3,-1.1047363E-2
13368840,1/10/2021,4:36:44 PM,3.4288013E+1,-4.1985088E+1,3.8582336E+3,-1.1047363E-2
13368841,1/10/2021,4:36:44 PM,1.8465078E+1,-2.5561983E+1,3.8564480E+3,-1.1047363E-2
13368842,1/10/2021,4:36:44 PM,3.1343827E+0,-1.2925576E+1,3.8528762E+3,-1.1047363E-2
13368843,1/10/2021,4:36:44 PM,-1.6175694E+1,1.5127326E+0,3.8510906E+3,-1.1047363E-2
13368844,1/10/2021,4:36:44 PM,-3.9155903E+1,2.0817596E+1,3.8573408E+3,-1.1047363E-2
13368845,1/10/2021,4:36:44 PM,-6.6527794E+1,4.3463436E+1,3.8644841E+3,-1.1047363E-2
13368846,1/10/2021,4:36:45 PM,-9.0893829E+1,6.0585396E+1,3.8644841E+3,-1.1047363E-2
13368847,1/10/2021,4:36:45 PM,-1.1113679E+2,6.7815865E+1,3.8528762E+3,-1.1047363E-2
13368848,1/10/2021,4:36:45 PM,-1.2145778E+2,7.3379829E+1,3.8555549E+3,-1.1047363E-2
13368849,1/10/2021,4:36:45 PM,-1.3212456E+2,8.1336029E+1,3.8635911E+3,-1.1047363E-2
13368850,1/10/2021,4:36:45 PM,-1.4196674E+2,8.6846237E+1,3.8582336E+3,-1.1047363E-2
13368851,1/10/2021,4:36:45 PM,-1.5130351E+2,9.0851212E+1,3.8671626E+3,-1.1047363E-2
13368852,1/10/2021,4:36:45 PM,-1.5901764E+2,8.9507263E+1,3.8564480E+3,-1.1047363E-2
13368853,1/10/2021,4:36:45 PM,-1.6260870E+2,8.3540108E+1,3.8528762E+3,-1.1047363E-2
13368854,1/10/2021,4:36:45 PM,-1.5891125E+2,7.4911934E+1,3.8555549E+3,-1.1047363E-2
13368855,1/10/2021,4:36:45 PM,-1.5295273E+2,6.3810883E+1,3.8528762E+3,-1.1047363E-2
13368856,1/10/2021,4:36:46 PM,-1.3853528E+2,5.1419636E+1,3.8573408E+3,-1.1047363E-2
13368857,1/10/2021,4:36:46 PM,-1.2446362E+2,3.6017937E+1,3.8484116E+3,-1.1047363E-2
13368858,1/10/2021,4:36:46 PM,-1.0746593E+2,2.0911907E+1,3.8448403E+3,-1.1047363E-2
13368859,1/10/2021,4:36:46 PM,-9.4591293E+1,1.3167549E+1,3.8430542E+3,-1.1047363E-2
13368860,1/10/2021,4:36:46 PM,-8.2674278E+1,1.2340589E+1,3.8519834E+3,-1.1047363E-2
13368861,1/10/2021,4:36:46 PM,-7.2619301E+1,8.8439550E+0,3.8582336E+3,-1.1047363E-2
13368862,1/10/2021,4:36:46 PM,-4.4289791E+1,-1.1955029E+1,3.8376968E+3,-1.1047363E-2
13368863,1/10/2021,4:36:46 PM,-1.2483730E+1,-2.3142868E+1,3.8546621E+3,-1.1047363E-2
13368864,1/10/2021,4:36:46 PM,1.0862740E+1,-3.0991552E+1,3.8385896E+3,-1.1047363E-2
13368865,1/10/2021,4:36:46 PM,3.3383598E+1,-3.3813854E+1,3.8626982E+3,-1.1047363E-2
13368866,1/10/2021,4:36:47 PM,5.0035496E+1,-3.1986078E+1,3.8618052E+3,-1.1047363E-2
13368867,1/10/2021,4:36:47 PM,6.2431316E+1,-3.6528641E+1,3.8555549E+3,-1.1047363E-2
13368868,1/10/2021,4:36:47 PM,7.6210365E+1,-4.4323566E+1,3.8582336E+3,-1.1047363E-2
13368869,1/10/2021,4:36:47 PM,9.3686882E+1,-5.3354931E+1,3.8493047E+3,-1.1047363E-2
13368870,1/10/2021,4:36:47 PM,1.0541769E+2,-5.5774044E+1,3.8635911E+3,-1.1047363E-2
13368871,1/10/2021,4:36:47 PM,1.1097719E+2,-5.3946270E+1,3.8707344E+3,-1.1047363E-2
13368872,1/10/2021,4:36:47 PM,1.1438205E+2,-6.1284248E+1,3.8564480E+3,-1.1047363E-2
13368873,1/10/2021,4:36:47 PM,1.1940953E+2,-6.7950256E+1,3.8609124E+3,-1.1047363E-2
13368874,1/10/2021,4:36:47 PM,1.2252180E+2,-7.8271812E+1,3.8466260E+3,-1.1047363E-2
13368875,1/10/2021,4:36:47 PM,1.2587345E+2,-8.0099586E+1,3.8528762E+3,-1.1047363E-2
13368876,1/10/2021,4:36:48 PM,1.1810611E+2,-7.6874107E+1,3.8573408E+3,-1.1047363E-2
13368877,1/10/2021,4:36:48 PM,1.0696051E+2,-7.3030396E+1,3.8546621E+3,-1.1047363E-2
13368878,1/10/2021,4:36:48 PM,9.1904648E+1,-7.0826317E+1,3.8475188E+3,-1.1047363E-2
13368879,1/10/2021,4:36:48 PM,8.1636864E+1,-7.0369370E+1,3.8421614E+3,-1.1047363E-2
13368880,1/10/2021,4:36:48 PM,7.8817215E+1,-6.5127953E+1,3.8457332E+3,-1.1047363E-2
13368881,1/10/2021,4:36:48 PM,7.2167091E+1,-5.1231483E+1,3.8546621E+3,-1.1047363E-2
13368882,1/10/2021,4:36:48 PM,4.4289791E+1,-3.3948250E+1,3.8519834E+3,-1.1047363E-2
13368883,1/10/2021,4:36:48 PM,2.8036901E+1,-1.9549236E+1,3.8546621E+3,2.0989227E-1
13368884,1/10/2021,4:36:48 PM,2.2291199E+1,-1.1306223E+1,3.8564480E+3,1.9674541E+1
13368885,1/10/2021,4:36:48 PM,5.2840071E+0,-2.6938173E-1,3.8457332E+3,5.7896843E+1
13368886,1/10/2021,4:36:49 PM,-7.8812752E+0,1.4917195E+1,3.8680554E+3,7.2191536E+1
13368887,1/10/2021,4:36:49 PM,-2.5084248E+1,3.1179707E+1,3.8582336E+3,6.5806427E+1
13368888,1/10/2021,4:36:49 PM,-5.2961548E+1,4.8409184E+1,3.8707344E+3,6.3177261E+1
13368889,1/10/2021,4:36:49 PM,-7.3151306E+1,5.8892017E+1,3.8626982E+3,6.4900574E+1
13368890,1/10/2021,4:36:49 PM,-9.2543060E+1,6.4321587E+1,3.8510906E+3,6.5276176E+1
13368891,1/10/2021,4:36:49 PM,-1.0533788E+2,7.1713326E+1,3.8618052E+3,6.4900574E+1
13368892,1/10/2021,4:36:49 PM,-1.1935634E+2,8.4427116E+1,3.8707344E+3,6.4900574E+1
13368893,1/10/2021,4:36:49 PM,-1.3531662E+2,8.7598846E+1,3.8573408E+3,6.5011047E+1
13368894,1/10/2021,4:36:49 PM,-1.4494600E+2,8.4023933E+1,3.8582336E+3,6.5011047E+1
13368895,1/10/2021,4:36:49 PM,-1.4936168E+2,7.8110542E+1,3.8528762E+3,6.4988953E+1
13368896,1/10/2021,4:36:50 PM,-1.4186034E+2,6.6041847E+1,3.8519834E+3,6.5011047E+1
13368897,1/10/2021,4:36:50 PM,-1.3223097E+2,5.6446018E+1,3.8546621E+3,6.5011047E+1
13368898,1/10/2021,4:36:50 PM,-1.2528824E+2,4.7710327E+1,3.8510906E+3,6.5011047E+1
13368899,1/10/2021,4:36:50 PM,-1.1736130E+2,3.5453476E+1,3.8519834E+3,6.5033142E+1
13368900,1/10/2021,4:36:50 PM,-1.0062959E+2,2.1100060E+1,3.8439475E+3,6.5033142E+1
13368901,1/10/2021,4:36:50 PM,-8.1051651E+1,9.2640829E+0,3.8528762E+3,6.5033142E+1
13368902,1/10/2021,4:36:50 PM,-6.2723923E+1,1.8843091E+0,3.8501978E+3,6.5033142E+1
13368903,1/10/2021,4:36:50 PM,-5.4637375E+1,-2.8709085E+0,3.8564480E+3,6.5033142E+1
13368904,1/10/2021,4:36:50 PM,-4.6444431E+1,-9.1364498E+0,3.8475188E+3,6.5055237E+1
13368905,1/10/2021,4:36:50 PM,-4.0299721E+1,-1.4140756E+1,3.8510906E+3,6.5055237E+1
13368906,1/10/2021,4:36:51 PM,-3.1069355E+1,-1.6882223E+1,3.8537690E+3,6.5055237E+1
13368907,1/10/2021,4:36:51 PM,-2.5696058E+1,-1.8639845E+1,3.8555549E+3,6.5055237E+1
13368908,1/10/2021,4:36:51 PM,-2.2291199E+1,-2.4352425E+1,3.8510906E+3,6.5055237E+1
13368909,1/10/2021,4:36:51 PM,-2.0322763E+1,-2.9110018E+1,3.8510906E+3,6.5055237E+1
13368910,1/10/2021,4:36:51 PM,-7.7260180E+0,-3.9243423E+1,3.8510906E+3,6.5055237E+1
13368911,1/10/2021,4:36:51 PM,5.6024160E+0,-4.7441536E+1,3.8528762E+3,6.5055237E+1
13368912,1/10/2021,4:36:51 PM,1.2225845E+1,-5.7171753E+1,3.8510906E+3,6.5055237E+1
13368913,1/10/2021,4:36:51 PM,2.3860626E+1,-7.0476883E+1,3.8403757E+3,6.5055237E+1
13368914,1/10/2021,4:36:51 PM,3.8065281E+1,-8.0610291E+1,3.8493047E+3,6.5055237E+1
13368915,1/10/2021,4:36:51 PM,5.2083733E+1,-8.9856689E+1,3.8439475E+3,6.5055237E+1
13368916,1/10/2021,4:36:52 PM,7.3497116E+1,-1.0259737E+2,3.8403757E+3,6.5055237E+1
13368917,1/10/2021,4:36:52 PM,9.3314476E+1,-1.0934401E+2,3.8439475E+3,6.5055237E+1
13368918,1/10/2021,4:36:52 PM,1.0241183E+2,-1.0902146E+2,3.8475188E+3,6.5055237E+1
13368919,1/10/2021,4:36:52 PM,1.0594969E+2,-1.0627979E+2,3.8439475E+3,6.5055237E+1
13368920,1/10/2021,4:36:52 PM,1.0874275E+2,-1.0036640E+2,3.8439475E+3,6.5055237E+1
13368921,1/10/2021,4:36:52 PM,1.0573689E+2,-8.7733246E+1,3.8475188E+3,6.5055237E+1
13368922,1/10/2021,4:36:52 PM,1.0062959E+2,-7.3809891E+1,3.8528762E+3,6.5055237E+1
13368923,1/10/2021,4:36:52 PM,9.0867226E+1,-5.4591366E+1,3.8528762E+3,6.5077324E+1
13368924,1/10/2021,4:36:52 PM,7.1581886E+1,-3.1959198E+1,3.8582336E+3,6.5077324E+1
13368925,1/10/2021,4:36:52 PM,4.9104477E+1,-9.4129887E+0,3.8591267E+3,6.5077324E+1
13368926,1/10/2021,4:36:53 PM,3.6150047E+1,9.1789942E+0,3.8644841E+3,6.5077324E+1
13368927,1/10/2021,4:36:53 PM,2.7531492E+1,2.5185677E+1,3.8680554E+3,6.5077324E+1
13368928,1/10/2021,4:36:53 PM,1.3149493E+1,3.8893993E+1,3.8618052E+3,6.5077324E+1
13368929,1/10/2021,4:36:53 PM,2.9166508E-1,5.2414162E+1,3.8680554E+3,6.5077324E+1
13368930,1/10/2021,4:36:53 PM,-8.1707382E+0,6.2708839E+1,3.8671626E+3,6.5077324E+1
13368931,1/10/2021,4:36:53 PM,-1.3375801E+1,7.1283257E+1,3.8725200E+3,6.5077324E+1
13368932,1/10/2021,4:36:53 PM,-1.9441357E+1,7.6202126E+1,3.8635911E+3,6.5077324E+1
13368933,1/10/2021,4:36:53 PM,-2.7212286E+1,8.2303673E+1,3.8707344E+3,6.5077324E+1
13368934,1/10/2021,4:36:53 PM,-4.4209991E+1,9.1738228E+1,3.8653770E+3,6.5077324E+1
13368935,1/10/2021,4:36:53 PM,-6.1686504E+1,9.7275307E+1,3.8662698E+3,6.5077324E+1
13368936,1/10/2021,4:36:54 PM,-7.4933540E+1,1.0407571E+2,3.8689487E+3,6.5077324E+1
13368937,1/10/2021,4:36:54 PM,-9.2755859E+1,1.0886018E+2,3.8680554E+3,6.5077324E+1
13368938,1/10/2021,4:36:54 PM,-1.0682751E+2,1.0568845E+2,3.8635911E+3,6.5077324E+1
13368939,1/10/2021,4:36:54 PM,-1.1619088E+2,1.0052767E+2,3.8582336E+3,6.5077324E+1
13368940,1/10/2021,4:36:54 PM,-1.2374541E+2,9.6307663E+1,3.8689487E+3,6.5077324E+1
13368941,1/10/2021,4:36:54 PM,-1.2449023E+2,8.4104568E+1,3.8600195E+3,6.5077324E+1
13368942,1/10/2021,4:36:54 PM,-1.1331802E+2,6.4751648E+1,3.8600195E+3,6.5077324E+1
13368943,1/10/2021,4:36:54 PM,-1.0246503E+2,4.7414658E+1,3.8564480E+3,6.5077324E+1
13368944,1/10/2021,4:36:54 PM,-9.4883896E+1,2.9889513E+1,3.8519834E+3,6.5077324E+1
13368945,1/10/2021,4:36:54 PM,-8.4429916E+1,1.2101275E+1,3.8466260E+3,6.5077324E+1
13368946,1/10/2021,4:36:55 PM,-7.1129669E+1,-4.9169812E+0,3.8501978E+3,6.5077324E+1
13368947,1/10/2021,4:36:55 PM,-6.1447098E+1,-1.4092894E+1,3.8510906E+3,6.5077324E+1
13368948,1/10/2021,4:36:55 PM,-5.1870930E+1,-3.0561487E+1,3.8412686E+3,6.5099426E+1
13368949,1/10/2021,4:36:55 PM,-4.4662197E+1,-4.3382797E+1,3.8394829E+3,6.5099426E+1
13368950,1/10/2021,4:36:55 PM,-4.1363739E+1,-4.6258858E+1,3.8475188E+3,6.5099426E+1
13368951,1/10/2021,4:36:55 PM,-3.5884041E+1,-5.2306644E+1,3.8430542E+3,6.5077324E+1
13368952,1/10/2021,4:36:55 PM,-2.0482367E+1,-6.0692909E+1,3.8493047E+3,6.5099426E+1
13368953,1/10/2021,4:36:55 PM,-9.8996191E+0,-7.0154343E+1,3.8457332E+3,6.5099426E+1
13368954,1/10/2021,4:36:55 PM,-2.0407171E+0,-8.0018951E+1,3.8421614E+3,6.5099426E+1
13368955,1/10/2021,4:36:55 PM,8.4023085E+0,-8.8217064E+1,3.8475188E+3,6.5099426E+1
13368956,1/10/2021,4:36:56 PM,2.5031048E+1,-1.0017825E+2,3.8403757E+3,6.5099426E+1
13368957,1/10/2021,4:36:56 PM,4.2135155E+1,-1.0627979E+2,3.8475188E+3,6.5099426E+1
13368958,1/10/2021,4:36:56 PM,6.0675686E+1,-1.1394032E+2,3.8475188E+3,6.5077324E+1
13368959,1/10/2021,4:36:56 PM,7.5811356E+1,-1.2315984E+2,3.8368040E+3,6.5077324E+1
13368960,1/10/2021,4:36:56 PM,8.7728371E+1,-1.2711107E+2,3.8528762E+3,6.5099426E+1
13368961,1/10/2021,4:36:56 PM,9.8634567E+1,-1.3138483E+2,3.8368040E+3,6.5099426E+1
13368962,1/10/2021,4:36:56 PM,1.0533788E+2,-1.3025591E+2,3.8457332E+3,6.5099426E+1
13368963,1/10/2021,4:36:56 PM,1.0807774E+2,-1.2493386E+2,3.8421614E+3,6.5077324E+1
13368964,1/10/2021,4:36:56 PM,1.0371526E+2,-1.1337585E+2,3.8466260E+3,6.5099426E+1
13368965,1/10/2021,4:36:56 PM,9.3075066E+1,-1.0042016E+2,3.8493047E+3,6.5099426E+1
13368966,1/10/2021,4:36:57 PM,7.6423172E+1,-8.7249420E+1,3.8368040E+3,6.5099426E+1
13368967,1/10/2021,4:36:57 PM,5.6685616E+1,-6.6660065E+1,3.8510906E+3,6.5077324E+1
13368968,1/10/2021,4:36:57 PM,4.2800167E+1,-4.4162292E+1,3.8546621E+3,6.5099426E+1
13368969,1/10/2021,4:36:57 PM,2.6866482E+1,-2.4970644E+1,3.8475188E+3,5.6836342E+1
13368970,1/10/2021,4:36:57 PM,1.2270579E+1,-1.1187334E+0,3.8564480E+3,3.0213291E+1
13368971,1/10/2021,4:36:57 PM,-3.3174529E+0,2.5185677E+1,3.8626982E+3,1.8503571E+1
13368972,1/10/2021,4:36:57 PM,-1.4133667E+1,4.3490314E+1,3.8600195E+3,2.2193237E+1
13368973,1/10/2021,4:36:57 PM,-2.3275417E+1,6.3407692E+1,3.8689487E+3,2.4314243E+1
13368974,1/10/2021,4:36:57 PM,-3.6416050E+1,8.0287743E+1,3.8662698E+3,2.3253742E+1
13368975,1/10/2021,4:36:57 PM,-5.0594105E+1,9.7490341E+1,3.8707344E+3,2.2988613E+1
13368976,1/10/2021,4:36:58 PM,-6.0383083E+1,1.0939776E+2,3.8725200E+3,2.3297928E+1
13368977,1/10/2021,4:36:58 PM,-6.6022385E+1,1.1837537E+2,3.8743062E+3,2.3342117E+1
13368978,1/10/2021,4:36:58 PM,-7.1794685E+1,1.2627782E+2,3.8796636E+3,2.3320023E+1
13368979,1/10/2021,4:36:58 PM,-8.2222069E+1,1.3092789E+2,3.8725200E+3,2.3342117E+1
13368980,1/10/2021,4:36:58 PM,-9.2144051E+1,1.3176114E+2,3.8743062E+3,2.3364208E+1
13368981,1/10/2021,4:36:58 PM,-9.8794167E+1,1.2759489E+2,3.8707344E+3,2.3386303E+1
13368982,1/10/2021,4:36:58 PM,-1.0637531E+2,1.2122455E+2,3.8671626E+3,2.3364208E+1
13368983,1/10/2021,4:36:58 PM,-1.0414087E+2,1.0501647E+2,3.8635911E+3,2.3386303E+1
13368984,1/10/2021,4:36:58 PM,-9.6719330E+1,8.6039856E+1,3.8618052E+3,2.3364208E+1
13368985,1/10/2021,4:36:58 PM,-8.8180573E+1,6.5692413E+1,3.8573408E+3,2.3342117E+1
13368986,1/10/2021,4:36:59 PM,-7.9721626E+1,4.5452484E+1,3.8528762E+3,2.3342117E+1
13368987,1/10/2021,4:36:59 PM,-7.0092255E+1,2.8276770E+1,3.8439475E+3,2.3342117E+1
13368988,1/10/2021,4:36:59 PM,-5.9877674E+1,1.4552906E+1,3.8484116E+3,2.3320023E+1
13368989,1/10/2021,4:36:59 PM,-5.0780312E+1,5.8711524E+0,3.8519834E+3,2.3320023E+1
13368990,1/10/2021,4:36:59 PM,-4.5141010E+1,-3.8158658E+0,3.8439475E+3,2.3297928E+1
13368991,1/10/2021,4:36:59 PM,-4.0273121E+1,-9.3039684E+0,3.8475188E+3,2.3297928E+1
13368992,1/10/2021,4:36:59 PM,-3.3623001E+1,-1.2266135E+1,3.8510906E+3,2.3275833E+1
13368993,1/10/2021,4:36:59 PM,-2.3701023E+1,-1.5815948E+1,3.8546621E+3,2.3231647E+1
13368994,1/10/2021,4:36:59 PM,-1.1628499E+1,-2.8518679E+1,3.8475188E+3,2.3231647E+1
13368995,1/10/2021,4:36:59 PM,-8.7470312E+0,-3.1045309E+1,3.8537690E+3,2.3231647E+1
13368996,1/10/2021,4:37:00 PM,-4.8883590E-1,-3.6904945E+1,3.8564480E+3,2.3231647E+1
13368997,1/10/2021,4:37:00 PM,9.4706879E+0,-4.4081654E+1,3.8528762E+3,2.3209553E+1
13368998,1/10/2021,4:37:00 PM,1.7117762E+1,-5.3301170E+1,3.8519834E+3,2.3121178E+1
13368999,1/10/2021,4:37:00 PM,2.4126633E+1,-6.2708839E+1,3.8528762E+3,2.3121178E+1
13369000,1/10/2021,4:37:00 PM,3.0776751E+1,-7.2707848E+1,3.8448403E+3,2.3054897E+1
13369001,1/10/2021,4:37:00 PM,3.9448505E+1,-7.8540604E+1,3.8528762E+3,2.3032803E+1
13369002,1/10/2021,4:37:00 PM,4.3624783E+1,-8.5421646E+1,3.8421614E+3,2.3032803E+1
13369003,1/10/2021,4:37:00 PM,4.6790237E+1,-8.7115021E+1,3.8475188E+3,2.2988613E+1
13369004,1/10/2021,4:37:00 PM,4.9077881E+1,-8.9453499E+1,3.8439475E+3,2.2988613E+1
13369005,1/10/2021,4:37:00 PM,4.6896637E+1,-9.0152359E+1,3.8421614E+3,2.3054897E+1
13369006,1/10/2021,4:37:01 PM,4.7481850E+1,-8.9480385E+1,3.8457332E+3,2.3076992E+1
13369007,1/10/2021,4:37:01 PM,4.9929092E+1,-8.8351463E+1,3.8457332E+3,2.3099083E+1
13369008,1/10/2021,4:37:01 PM,5.0700508E+1,-8.5556038E+1,3.8475188E+3,2.3143272E+1
13369009,1/10/2021,4:37:01 PM,4.9131081E+1,-8.4077690E+1,3.8421614E+3,2.3165367E+1
13369010,1/10/2021,4:37:01 PM,4.6843441E+1,-7.8433090E+1,3.8475188E+3,2.3165367E+1
13369011,1/10/2021,4:37:01 PM,4.4768600E+1,-7.0799438E+1,3.8475188E+3,2.3165367E+1
13369012,1/10/2021,4:37:01 PM,4.2055351E+1,-6.1553040E+1,3.8510906E+3,2.3187458E+1
13369013,1/10/2021,4:37:01 PM,3.6229847E+1,-4.9699375E+1,3.8564480E+3,2.3253742E+1
13369014,1/10/2021,4:37:01 PM,3.0138338E+1,-4.0399223E+1,3.8564480E+3,2.3253742E+1
13369015,1/10/2021,4:37:01 PM,1.9480827E+1,-2.9566963E+1,3.8537690E+3,2.3275833E+1
13369016,1/10/2021,4:37:02 PM,7.4181352E+0,-2.0035839E+1,3.8528762E+3,2.3297928E+1
13369017,1/10/2021,4:37:02 PM,-3.0765297E+0,-8.7056856E+0,3.8546621E+3,2.3253742E+1
13369018,1/10/2021,4:37:02 PM,-1.6170429E+1,3.5451915E+0,3.8546621E+3,2.3209553E+1
13369019,1/10/2021,4:37:02 PM,-2.7159086E+1,1.5595249E+1,3.8546621E+3,2.3165367E+1
13369020,1/10/2021,4:37:02 PM,-4.0352921E+1,2.8491802E+1,3.8537690E+3,2.2988613E+1
13369021,1/10/2021,4:37:02 PM,-4.8865074E+1,4.1178715E+1,3.8555549E+3,2.2878147E+1
13369022,1/10/2021,4:37:02 PM,-5.5116188E+1,5.4295696E+1,3.8600195E+3,2.2900238E+1
13369023,1/10/2021,4:37:02 PM,-5.8920052E+1,6.5154831E+1,3.8618052E+3,2.2833958E+1
13369024,1/10/2021,4:37:02 PM,-6.2457916E+1,7.4670021E+1,3.8644841E+3,2.2811863E+1
13369025,1/10/2021,4:37:02 PM,-6.1101295E+1,7.9777046E+1,3.8618052E+3,2.2767677E+1
13369026,1/10/2021,4:37:03 PM,-6.6022385E+1,8.7303177E+1,3.8653770E+3,2.2701397E+1
13369027,1/10/2021,4:37:03 PM,-6.5410568E+1,9.0448029E+1,3.8671626E+3,2.2701397E+1
13369028,1/10/2021,4:37:03 PM,-6.1260899E+1,9.1738228E+1,3.8760918E+3,2.2723488E+1
13369029,1/10/2021,4:37:03 PM,-5.3573357E+1,8.5206612E+1,3.8689487E+3,2.2723488E+1
13369030,1/10/2021,4:37:03 PM,-4.6231628E+1,7.3971161E+1,3.8626982E+3,2.2723488E+1
13369031,1/10/2021,4:37:03 PM,-4.0140118E+1,6.6014961E+1,3.8635911E+3,2.2723488E+1
13369032,1/10/2021,4:37:03 PM,-3.7054462E+1,6.0531635E+1,3.8653770E+3,2.2723488E+1
13369033,1/10/2021,4:37:03 PM,-3.3144192E+1,5.4188179E+1,3.8680554E+3,2.2723488E+1
13369034,1/10/2021,4:37:03 PM,-3.0856552E+1,4.2092602E+1,3.8600195E+3,2.2723488E+1
13369035,1/10/2021,4:37:03 PM,-2.7957100E+1,2.8733711E+1,3.8546621E+3,2.2767677E+1
13369036,1/10/2021,4:37:04 PM,-2.6999481E+1,1.8033585E+1,3.8555549E+3,2.2789772E+1
13369037,1/10/2021,4:37:04 PM,-2.7850698E+1,9.5884857E+0,3.8528762E+3,2.2811863E+1
13369038,1/10/2021,4:37:04 PM,-2.7318687E+1,1.2644811E+0,3.8564480E+3,2.2900238E+1
13369039,1/10/2021,4:37:04 PM,-2.5217251E+1,-1.1670511E+1,3.8519834E+3,2.2944427E+1
13369040,1/10/2021,4:37:04 PM,-2.3435019E+1,-2.5078161E+1,3.8448403E+3,2.2944427E+1
13369041,1/10/2021,4:37:04 PM,-2.0721771E+1,-3.6286728E+1,3.8457332E+3,2.2966522E+1
13369042,1/10/2021,4:37:04 PM,-1.6754618E+1,-4.4001015E+1,3.8475188E+3,2.3010708E+1
13369043,1/10/2021,4:37:04 PM,-9.3812180E+0,-5.2467922E+1,3.8484116E+3,2.3099083E+1
13369044,1/10/2021,4:37:04 PM,-2.4409354E+0,-6.2359413E+1,3.8466260E+3,2.3121178E+1
13369045,1/10/2021,4:37:04 PM,4.0735087E+0,-7.2116508E+1,3.8439475E+3,2.3143272E+1
13369046,1/10/2021,4:37:05 PM,9.5575266E+0,-8.0395256E+1,3.8394829E+3,2.3187458E+1
13369047,1/10/2021,4:37:05 PM,1.5867809E+1,-8.4346481E+1,3.8439475E+3,2.3209553E+1
13369048,1/10/2021,4:37:05 PM,2.0178171E+1,-8.4991577E+1,3.8457332E+3,2.3209553E+1
13369049,1/10/2021,4:37:05 PM,2.2397600E+1,-8.4991577E+1,3.8439475E+3,2.3209553E+1
13369050,1/10/2021,4:37:05 PM,2.2663607E+1,-8.3674507E+1,3.8421614E+3,2.3231647E+1
13369051,1/10/2021,4:37:05 PM,1.9928179E+1,-7.9131943E+1,3.8421614E+3,2.3253742E+1
13369052,1/10/2021,4:37:05 PM,1.5365197E+1,-7.0906952E+1,3.8457332E+3,2.3253742E+1
13369053,1/10/2021,4:37:05 PM,9.7627821E+0,-6.0209091E+1,3.8475188E+3,2.3209553E+1
13369054,1/10/2021,4:37:05 PM,4.6409473E+0,-5.0048805E+1,3.8501978E+3,2.3187458E+1
13369055,1/10/2021,4:37:05 PM,-5.3653026E+0,-4.0157310E+1,3.8493047E+3,2.3209553E+1
13369056,1/10/2021,4:37:06 PM,-1.4273134E+1,-3.1475376E+1,3.8439475E+3,2.3187458E+1
13369057,1/10/2021,4:37:06 PM,-2.0934574E+1,-2.0070406E+1,3.8510906E+3,2.3209553E+1
13369058,1/10/2021,4:37:06 PM,-2.7531492E+1,-7.8654299E+0,3.8519834E+3,2.3209553E+1
13369059,1/10/2021,4:37:06 PM,-3.2984589E+1,4.7279897E+0,3.8582336E+3,2.3209553E+1
13369060,1/10/2021,4:37:06 PM,-3.7985477E+1,1.4204573E+1,3.8564480E+3,2.3231647E+1
13369061,1/10/2021,4:37:06 PM,-4.2241554E+1,2.1987070E+1,3.8537690E+3,2.3253742E+1
13369062,1/10/2021,4:37:06 PM,-4.3252373E+1,3.0158302E+1,3.8582336E+3,2.3253742E+1
13369063,1/10/2021,4:37:06 PM,-4.2028751E+1,3.8598324E+1,3.8600195E+3,2.3342117E+1
13369064,1/10/2021,4:37:06 PM,-4.0299721E+1,4.7683445E+1,3.8680554E+3,2.3364208E+1
13369065,1/10/2021,4:37:06 PM,-3.8464291E+1,5.2199131E+1,3.8626982E+3,2.3364208E+1
13369066,1/10/2021,4:37:07 PM,-3.7081062E+1,5.3946270E+1,3.8644841E+3,2.3364208E+1
13369067,1/10/2021,4:37:07 PM,-3.3835808E+1,5.4053783E+1,3.8600195E+3,2.3364208E+1
13369068,1/10/2021,4:37:07 PM,-3.0696951E+1,5.4860153E+1,3.8626982E+3,2.3364208E+1
13369069,1/10/2021,4:37:07 PM,-2.6919682E+1,5.5505253E+1,3.8671626E+3,2.3364208E+1
13369070,1/10/2021,4:37:07 PM,-2.1306982E+1,5.1930336E+1,3.8635911E+3,2.3342117E+1
13369071,1/10/2021,4:37:07 PM,-1.6194113E+1,4.5076180E+1,3.8600195E+3,2.3297928E+1
13369072,1/10/2021,4:37:07 PM,-8.8601847E+0,3.7523163E+1,3.8600195E+3,2.3297928E+1
13369073,1/10/2021,4:37:07 PM,-1.3577603E+0,3.1314102E+1,3.8609124E+3,2.3275833E+1
13369074,1/10/2021,4:37:07 PM,6.7418456E+0,2.4513700E+1,3.8591267E+3,2.3253742E+1
13369075,1/10/2021,4:37:07 PM,1.4865216E+1,1.8419146E+1,3.8635911E+3,2.3165367E+1
13369076,1/10/2021,4:37:08 PM,2.2344400E+1,9.3278999E+0,3.8582336E+3,2.3076992E+1
13369077,1/10/2021,4:37:08 PM,2.9366926E+1,-5.6090075E-1,3.8582336E+3,2.3076992E+1
13369078,1/10/2021,4:37:08 PM,3.4394417E+1,-8.7455711E+0,3.8564480E+3,2.2966522E+1
13369079,1/10/2021,4:37:08 PM,3.7719475E+1,-1.4326889E+1,3.8600195E+3,2.2922333E+1
13369080,1/10/2021,4:37:08 PM,3.8996296E+1,-2.0150179E+1,3.8573408E+3,2.2833958E+1
13369081,1/10/2021,4:37:08 PM,3.8916496E+1,-2.6475870E+1,3.8546621E+3,2.2701397E+1
13369082,1/10/2021,4:37:08 PM,3.7054462E+1,-3.1394739E+1,3.8555549E+3,2.2701397E+1
13369083,1/10/2021,4:37:08 PM,3.5564835E+1,-3.7254375E+1,3.8528762E+3,2.2657207E+1
13369084,1/10/2021,4:37:08 PM,3.3436798E+1,-4.2173241E+1,3.8528762E+3,2.2635113E+1
13369085,1/10/2021,4:37:08 PM,2.9712730E+1,-4.6957710E+1,3.8510906E+3,2.2679302E+1
13369086,1/10/2021,4:37:09 PM,2.4951246E+1,-5.0693901E+1,3.8475188E+3,2.2723488E+1
13369087,1/10/2021,4:37:09 PM,2.2583803E+1,-5.4241940E+1,3.8475188E+3,2.2723488E+1
13369088,1/10/2021,4:37:09 PM,2.0907974E+1,-5.6741688E+1,3.8475188E+3,2.2767677E+1
13369089,1/10/2021,4:37:09 PM,1.9257153E+1,-5.8676983E+1,3.8457332E+3,2.2789772E+1
13369090,1/10/2021,4:37:09 PM,1.6465155E+1,-5.7359909E+1,3.8448403E+3,2.2833958E+1
13369091,1/10/2021,4:37:09 PM,1.0799583E+1,-5.2441040E+1,3.8466260E+3,2.2900238E+1
13369092,1/10/2021,4:37:09 PM,3.9371972E+0,-4.5533123E+1,3.8475188E+3,2.2900238E+1
13369093,1/10/2021,4:37:09 PM,-3.1137776E+0,-3.8275780E+1,3.8457332E+3,2.2944427E+1
13369094,1/10/2021,4:37:09 PM,-1.0083822E+1,-2.7900461E+1,3.8537690E+3,2.2944427E+1
13369095,1/10/2021,4:37:09 PM,-1.9725555E+1,-1.6642908E+1,3.8519834E+3,2.2966522E+1
13369096,1/10/2021,4:37:10 PM,-3.2292976E+1,-6.7326803E+0,3.8475188E+3,2.2988613E+1
13369097,1/10/2021,4:37:10 PM,-4.5619816E+1,5.6665406E+0,3.8537690E+3,2.2988613E+1
13369098,1/10/2021,4:37:10 PM,-5.7590031E+1,1.9368422E+1,3.8582336E+3,2.3010708E+1
13369099,1/10/2021,4:37:10 PM,-6.5836174E+1,2.8653076E+1,3.8600195E+3,2.3010708E+1
13369100,1/10/2021,4:37:10 PM,-7.2965103E+1,3.4781502E+1,3.8609124E+3,2.3010708E+1
13369101,1/10/2021,4:37:10 PM,-8.2488075E+1,3.8840237E+1,3.8546621E+3,2.3032803E+1
13369102,1/10/2021,4:37:10 PM,-8.8659386E+1,4.1044319E+1,3.8573408E+3,2.3032803E+1
13369103,1/10/2021,4:37:10 PM,-9.1931244E+1,4.2898975E+1,3.8564480E+3,2.3099083E+1
13369104,1/10/2021,4:37:10 PM,-9.0787430E+1,4.2442032E+1,3.8600195E+3,2.3121178E+1
13369105,1/10/2021,4:37:10 PM,-8.9590401E+1,3.8571449E+1,3.8564480E+3,2.3121178E+1
13369106,1/10/2021,4:37:11 PM,-8.6744156E+1,3.1582891E+1,3.8501978E+3,2.3121178E+1
13369107,1/10/2021,4:37:11 PM,-8.2328468E+1,2.5938292E+1,3.8519834E+3,2.3121178E+1
13369108,1/10/2021,4:37:11 PM,-7.4986740E+1,2.1100060E+1,3.8528762E+3,2.3143272E+1
13369109,1/10/2021,4:37:11 PM,-6.5410568E+1,1.5765427E+1,3.8546621E+3,2.3143272E+1
13369110,1/10/2021,4:37:11 PM,-5.3919163E+1,8.1260157E+0,3.8528762E+3,2.3121178E+1
13369111,1/10/2021,4:37:11 PM,-4.8386265E+1,1.5671877E+0,3.8484116E+3,2.3121178E+1
13369112,1/10/2021,4:37:11 PM,-4.2560760E+1,-2.9622011E+0,3.8493047E+3,2.3121178E+1
13369113,1/10/2021,4:37:11 PM,-3.4926426E+1,-5.4006715E+0,3.8528762E+3,2.3143272E+1
13369114,1/10/2021,4:37:11 PM,-2.6547276E+1,-7.1767397E+0,3.8555549E+3,2.3143272E+1
13369115,1/10/2021,4:37:11 PM,-2.0242962E+1,-9.6230536E+0,3.8546621E+3,2.3165367E+1
13369116,1/10/2021,4:37:12 PM,-1.4136298E+1,-1.3598312E+1,3.8510906E+3,2.3187458E+1
13369117,1/10/2021,4:37:12 PM,-1.0965366E+1,-1.6044626E+1,3.8528762E+3,2.3187458E+1
13369118,1/10/2021,4:37:12 PM,-6.3050203E+0,-1.8081448E+1,3.8510906E+3,2.3187458E+1
13369119,1/10/2021,4:37:12 PM,7.1319366E-1,-1.9102518E+1,3.8600195E+3,2.3187458E+1
13369120,1/10/2021,4:37:12 PM,7.7681222E+0,-2.2282740E+1,3.8546621E+3,2.3209553E+1
13369121,1/10/2021,4:37:12 PM,1.2723194E+1,-2.7120970E+1,3.8519834E+3,2.3231647E+1
13369122,1/10/2021,4:37:12 PM,1.8401922E+1,-3.2093594E+1,3.8528762E+3,2.3231647E+1
13369123,1/10/2021,4:37:12 PM,2.3647823E+1,-3.4566467E+1,3.8493047E+3,2.3253742E+1
13369124,1/10/2021,4:37:12 PM,2.8356108E+1,-3.4647106E+1,3.8564480E+3,2.3253742E+1
13369125,1/10/2021,4:37:12 PM,3.4740223E+1,-3.7361889E+1,3.8546621E+3,2.3253742E+1
13369126,1/10/2021,4:37:13 PM,4.1337139E+1,-4.2683941E+1,3.8493047E+3,2.3231647E+1
13369127,1/10/2021,4:37:13 PM,4.6524235E+1,-4.4323566E+1,3.8510906E+3,2.3231647E+1
13369128,1/10/2021,4:37:13 PM,5.0673904E+1,-4.4404202E+1,3.8510906E+3,2.3209553E+1
13369129,1/10/2021,4:37:13 PM,5.5036388E+1,-4.2764580E+1,3.8537690E+3,2.3209553E+1
13369130,1/10/2021,4:37:13 PM,5.7989040E+1,-3.9754124E+1,3.8546621E+3,2.3209553E+1
13369131,1/10/2021,4:37:13 PM,5.7350628E+1,-3.5910419E+1,3.8546621E+3,2.3165367E+1
13369132,1/10/2021,4:37:13 PM,5.5036388E+1,-3.2711811E+1,3.8546621E+3,2.3165367E+1
13369133,1/10/2021,4:37:13 PM,5.1126118E+1,-2.6932816E+1,3.8528762E+3,2.3099083E+1
13369134,1/10/2021,4:37:13 PM,4.4901604E+1,-1.7541664E+1,3.8600195E+3,2.3076992E+1
13369135,1/10/2021,4:37:13 PM,3.7453472E+1,-8.8359785E+0,3.8600195E+3,2.3054897E+1
13369136,1/10/2021,4:37:14 PM,2.9021118E+1,-2.6274619E+0,3.8582336E+3,2.3010708E+1
13369137,1/10/2021,4:37:14 PM,1.9941336E+1,3.3634074E+0,3.8582336E+3,2.2988613E+1
13369138,1/10/2021,4:37:14 PM,1.1649551E+1,9.2481289E+0,3.8591267E+3,2.2944427E+1
13369139,1/10/2021,4:37:14 PM,4.2288413E+0,1.4895922E+1,3.8600195E+3,2.2922333E+1
13369140,1/10/2021,4:37:14 PM,-1.6760843E+0,1.9163677E+1,3.8618052E+3,2.2900238E+1
13369141,1/10/2021,4:37:14 PM,-9.2101717E+0,2.2282740E+1,3.8573408E+3,2.2856052E+1
13369142,1/10/2021,4:37:14 PM,-1.3857361E+1,2.3599812E+1,3.8609124E+3,2.2856052E+1
13369143,1/10/2021,4:37:14 PM,-1.8494024E+1,2.4728733E+1,3.8582336E+3,2.2900238E+1
13369144,1/10/2021,4:37:14 PM,-2.3674423E+1,2.4406183E+1,3.8555549E+3,2.2900238E+1
13369145,1/10/2021,4:37:14 PM,-3.0430944E+1,2.6798420E+1,3.8609124E+3,2.2900238E+1
13369146,1/10/2021,4:37:15 PM,-3.9342106E+1,2.8061737E+1,3.8528762E+3,2.2900238E+1
13369147,1/10/2021,4:37:15 PM,-4.5513416E+1,2.8653076E+1,3.8573408E+3,2.2900238E+1
13369148,1/10/2021,4:37:15 PM,-5.1046318E+1,2.9970148E+1,3.8546621E+3,2.2966522E+1
13369149,1/10/2021,4:37:15 PM,-5.9106258E+1,3.2469898E+1,3.8600195E+3,2.3010708E+1
13369150,1/10/2021,4:37:15 PM,-6.7831215E+1,3.2469898E+1,3.8546621E+3,2.3010708E+1
13369151,1/10/2021,4:37:15 PM,-7.6875374E+1,3.1099070E+1,3.8501978E+3,2.3010708E+1
13369152,1/10/2021,4:37:15 PM,-8.2647682E+1,3.0884037E+1,3.8573408E+3,2.3032803E+1
13369153,1/10/2021,4:37:15 PM,-8.0626045E+1,2.6072685E+1,3.8546621E+3,2.3010708E+1
13369154,1/10/2021,4:37:15 PM,-7.9482224E+1,2.1073181E+1,3.8528762E+3,2.3010708E+1
13369155,1/10/2021,4:37:15 PM,-7.7566994E+1,1.5433047E+1,3.8537690E+3,2.3010708E+1
13369156,1/10/2021,4:37:16 PM,-7.6103958E+1,9.2321749E+0,3.8510906E+3,2.3010708E+1
13369157,1/10/2021,4:37:16 PM,-6.7512009E+1,4.2941049E-1,3.8493047E+3,2.3010708E+1
13369158,1/10/2021,4:37:16 PM,-5.6393013E+1,-7.8494759E+0,3.8537690E+3,2.3032803E+1
13369159,1/10/2021,4:37:16 PM,-4.4209991E+1,-1.6860950E+1,3.8493047E+3,2.3032803E+1
13369160,1/10/2021,4:37:16 PM,-3.6256451E+1,-2.3653570E+1,3.8475188E+3,2.3032803E+1
13369161,1/10/2021,4:37:16 PM,-3.0617149E+1,-2.9459446E+1,3.8475188E+3,2.3032803E+1
13369162,1/10/2021,4:37:16 PM,-2.3009413E+1,-3.5614754E+1,3.8466260E+3,2.3032803E+1
13369163,1/10/2021,4:37:16 PM,-1.2531096E+1,-4.0936802E+1,3.8484116E+3,2.3076992E+1
13369164,1/10/2021,4:37:16 PM,-1.8933098E+0,-4.5506245E+1,3.8484116E+3,2.3099083E+1
13369165,1/10/2021,4:37:16 PM,6.9707837E+0,-4.9242432E+1,3.8510906E+3,2.3099083E+1
13369166,1/10/2021,4:37:17 PM,9.3996372E+0,-5.1957218E+1,3.8439475E+3,2.3143272E+1
13369167,1/10/2021,4:37:17 PM,1.4399446E+1,-5.3220535E+1,3.8484116E+3,2.3165367E+1
13369168,1/10/2021,4:37:17 PM,2.1439983E+1,-5.3247410E+1,3.8493047E+3,2.3165367E+1
13369169,1/10/2021,4:37:17 PM,2.6919682E+1,-5.1849701E+1,3.8510906E+3,2.3165367E+1
13369170,1/10/2021,4:37:17 PM,3.0643747E+1,-4.9941288E+1,3.8537690E+3,2.3165367E+1
13369171,1/10/2021,4:37:17 PM,3.0750149E+1,-4.7360897E+1,3.8493047E+3,2.3209553E+1
13369172,1/10/2021,4:37:17 PM,3.0377745E+1,-4.5076180E+1,3.8493047E+3,2.3231647E+1
13369173,1/10/2021,4:37:17 PM,3.1681168E+1,-3.9539093E+1,3.8528762E+3,2.3231647E+1
13369174,1/10/2021,4:37:17 PM,3.2824989E+1,-3.3383789E+1,3.8546621E+3,2.3231647E+1
13369175,1/10/2021,4:37:17 PM,3.2213177E+1,-2.6798420E+1,3.8573408E+3,2.3231647E+1
13369176,1/10/2021,4:37:18 PM,2.7371891E+1,-2.1234455E+1,3.8510906E+3,2.3253742E+1
13369177,1/10/2021,4:37:18 PM,2.2903009E+1,-1.5342641E+1,3.8528762E+3,2.3275833E+1
13369178,1/10/2021,4:37:18 PM,1.7636164E+1,-6.2513947E+0,3.8555549E+3,2.3253742E+1
13369179,1/10/2021,4:37:18 PM,1.3044233E+1,4.0513043E+0,3.8582336E+3,2.3253742E+1
13369180,1/10/2021,4:37:18 PM,7.1786709E+0,1.4494408E+1,3.8635911E+3,2.3231647E+1
13369181,1/10/2021,4:37:18 PM,-2.4496529E+0,2.2282740E+1,3.8582336E+3,2.3209553E+1
13369182,1/10/2021,4:37:18 PM,-1.1641657E+1,2.9163776E+1,3.8582336E+3,2.3209553E+1
13369183,1/10/2021,4:37:18 PM,-1.9662401E+1,3.6689915E+1,3.8618052E+3,2.3231647E+1
13369184,1/10/2021,4:37:18 PM,-2.6494074E+1,4.5129936E+1,3.8635911E+3,2.3253742E+1
13369185,1/10/2021,4:37:18 PM,-2.9872335E+1,5.0075684E+1,3.8680554E+3,2.3253742E+1
13369186,1/10/2021,4:37:19 PM,-3.4926426E+1,5.2226006E+1,3.8626982E+3,2.3231647E+1
13369187,1/10/2021,4:37:19 PM,-4.1709549E+1,5.1876583E+1,3.8600195E+3,2.3231647E+1
13369188,1/10/2021,4:37:19 PM,-4.3810986E+1,5.1500271E+1,3.8609124E+3,2.3165367E+1
13369189,1/10/2021,4:37:19 PM,-4.2959766E+1,4.9726254E+1,3.8626982E+3,2.3121178E+1
13369190,1/10/2021,4:37:19 PM,-4.0113518E+1,4.5855671E+1,3.8618052E+3,2.3099083E+1
13369191,1/10/2021,4:37:19 PM,-3.5937244E+1,3.9270302E+1,3.8582336E+3,2.3054897E+1
13369192,1/10/2021,4:37:19 PM,-3.2080173E+1,3.2604298E+1,3.8582336E+3,2.3032803E+1
13369193,1/10/2021,4:37:19 PM,-2.8675314E+1,2.5078161E+1,3.8555549E+3,2.2966522E+1
13369194,1/10/2021,4:37:19 PM,-2.3115814E+1,1.8129311E+1,3.8555549E+3,2.2900238E+1
13369195,1/10/2021,4:37:19 PM,-1.7430908E+1,1.2045435E+1,3.8564480E+3,2.2878147E+1
13369196,1/10/2021,4:37:20 PM,-1.2191636E+1,6.4747539E+0,3.8591267E+3,2.2833958E+1
13369197,1/10/2021,4:37:20 PM,-9.9206705E+0,3.2325807E-1,3.8537690E+3,2.2789772E+1
13369198,1/10/2021,4:37:20 PM,-6.2892313E+0,-6.4056191E+0,3.8546621E+3,2.2767677E+1
13369199,1/10/2021,4:37:20 PM,-4.3651533E+0,-1.0854187E+1,3.8546621E+3,2.2723488E+1
13369200,1/10/2021,4:37:20 PM,-3.3174529E+0,-1.4834764E+1,3.8546621E+3,2.2701397E+1
13369201,1/10/2021,4:37:20 PM,-4.7305012E+0,-1.7775660E+1,3.8573408E+3,2.2657207E+1
13369202,1/10/2021,4:37:20 PM,-6.4997497E+0,-2.2202101E+1,3.8546621E+3,2.2635113E+1
13369203,1/10/2021,4:37:20 PM,-8.3786240E+0,-2.8706831E+1,3.8537690E+3,2.2679302E+1
13369204,1/10/2021,4:37:20 PM,-8.8286066E+0,-3.6044815E+1,3.8493047E+3,2.2723488E+1
13369205,1/10/2021,4:37:20 PM,-8.8259754E+0,-4.3006493E+1,3.8510906E+3,2.2723488E+1
13369206,1/10/2021,4:37:21 PM,-9.3522711E+0,-4.8167271E+1,3.8493047E+3,2.2767677E+1
13369207,1/10/2021,4:37:21 PM,-9.6075249E+0,-5.4215061E+1,3.8484116E+3,2.2789772E+1
13369208,1/10/2021,4:37:21 PM,-9.5180550E+0,-6.1069214E+1,3.8439475E+3,2.2833958E+1
13369209,1/10/2021,4:37:21 PM,-8.6312456E+0,-6.8004013E+1,3.8403757E+3,2.2922333E+1
13369210,1/10/2021,4:37:21 PM,-7.2076168E+0,-7.2600334E+1,3.8403757E+3,2.2944427E+1
13369211,1/10/2021,4:37:21 PM,-7.8023314E+0,-7.3460464E+1,3.8421614E+3,2.3010708E+1
13369212,1/10/2021,4:37:21 PM,-1.0415388E+1,-7.0423134E+1,3.8439475E+3,2.3076992E+1
13369213,1/10/2021,4:37:21 PM,-1.2836348E+1,-6.6552551E+1,3.8457332E+3,2.3076992E+1
13369214,1/10/2021,4:37:21 PM,-1.4888900E+1,-6.2144379E+1,3.8439475E+3,2.3076992E+1
13369215,1/10/2021,4:37:21 PM,-1.7701950E+1,-5.7897488E+1,3.8421614E+3,2.3076992E+1
13369216,1/10/2021,4:37:22 PM,-2.1679388E+1,-5.0720783E+1,3.8475188E+3,2.3076992E+1
13369217,1/10/2021,4:37:22 PM,-2.7850698E+1,-4.1716297E+1,3.8484116E+3,2.3054897E+1
13369218,1/10/2021,4:37:22 PM,-3.3383598E+1,-3.4889015E+1,3.8466260E+3,2.3076992E+1
13369219,1/10/2021,4:37:22 PM,-3.8863297E+1,-2.7067209E+1,3.8484116E+3,2.3076992E+1
13369220,1/10/2021,4:37:22 PM,-4.1363739E+1,-2.0266809E+1,3.8484116E+3,2.3076992E+1
13369221,1/10/2021,4:37:22 PM,-4.2986370E+1,-1.2106593E+1,3.8510906E+3,2.3121178E+1
13369222,1/10/2021,4:37:22 PM,-4.3438576E+1,-4.5093684E+0,3.8510906E+3,2.3121178E+1
13369223,1/10/2021,4:37:22 PM,-4.2108555E+1,3.1664078E+0,3.8528762E+3,2.3143272E+1
13369224,1/10/2021,4:37:22 PM,-3.8916496E+1,1.0040522E+1,3.8537690E+3,2.3165367E+1
13369225,1/10/2021,4:37:22 PM,-3.3117592E+1,1.5422411E+1,3.8510906E+3,2.3187458E+1
13369226,1/10/2021,4:37:23 PM,-2.7105885E+1,2.1341970E+1,3.8537690E+3,2.3209553E+1
13369227,1/10/2021,4:37:23 PM,-1.9746607E+1,3.0104546E+1,3.8573408E+3,2.3231647E+1
13369228,1/10/2021,4:37:23 PM,-1.3178439E+1,4.0587376E+1,3.8626982E+3,2.3231647E+1
13369229,1/10/2021,4:37:23 PM,-7.9260106E+0,4.8113514E+1,3.8618052E+3,2.3253742E+1
13369230,1/10/2021,4:37:23 PM,-1.9646360E+0,5.5397739E+1,3.8653770E+3,2.3253742E+1
13369231,1/10/2021,4:37:23 PM,3.8809288E+0,6.2090618E+1,3.8653770E+3,2.3165367E+1
13369232,1/10/2021,4:37:23 PM,9.3443766E+0,6.9025414E+1,3.8725200E+3,2.3143272E+1
13369233,1/10/2021,4:37:23 PM,1.4694171E+1,7.4454987E+1,3.8725200E+3,2.3143272E+1
13369234,1/10/2021,4:37:23 PM,1.9072948E+1,7.7438568E+1,3.8760918E+3,2.3121178E+1
13369235,1/10/2021,4:37:23 PM,2.2131596E+1,7.6927864E+1,3.8725200E+3,2.3121178E+1
13369236,1/10/2021,4:37:24 PM,2.5749262E+1,7.3030396E+1,3.8716272E+3,2.3121178E+1
13369237,1/10/2021,4:37:24 PM,2.8994520E+1,6.7600830E+1,3.8689487E+3,2.3099083E+1
13369238,1/10/2021,4:37:24 PM,3.0803352E+1,6.2466930E+1,3.8725200E+3,2.3121178E+1
13369239,1/10/2021,4:37:24 PM,3.2638783E+1,5.5451496E+1,3.8707344E+3,2.3143272E+1
13369240,1/10/2021,4:37:24 PM,3.3569801E+1,4.4216049E+1,3.8635911E+3,2.3165367E+1
13369241,1/10/2021,4:37:24 PM,3.1548164E+1,3.2980602E+1,3.8618052E+3,2.3187458E+1
13369242,1/10/2021,4:37:24 PM,2.8861517E+1,2.4863127E+1,3.8635911E+3,2.3209553E+1
13369243,1/10/2021,4:37:24 PM,2.4765043E+1,1.6398277E+1,3.8618052E+3,2.3231647E+1
13369244,1/10/2021,4:37:24 PM,1.9633455E+1,5.8871064E+0,3.8573408E+3,2.3253742E+1
13369245,1/10/2021,4:37:24 PM,1.3096864E+1,-3.4611065E+0,3.8573408E+3,2.3253742E+1
13369246,1/10/2021,4:37:25 PM,8.3496780E+0,-1.3885489E+1,3.8546621E+3,2.3275833E+1
13369247,1/10/2021,4:37:25 PM,3.3982892E+0,-2.5131918E+1,3.8528762E+3,2.3275833E+1
13369248,1/10/2021,4:37:25 PM,-4.0180330E+0,-3.4700863E+1,3.8493047E+3,2.3209553E+1
13369249,1/10/2021,4:37:25 PM,-8.3233633E+0,-4.4646114E+1,3.8510906E+3,2.3143272E+1
13369250,1/10/2021,4:37:25 PM,-1.1749548E+1,-5.5532135E+1,3.8457332E+3,2.3143272E+1
13369251,1/10/2021,4:37:25 PM,-1.3562636E+1,-6.6633186E+1,3.8421614E+3,2.3121178E+1
13369252,1/10/2021,4:37:25 PM,-1.4896795E+1,-7.5798943E+1,3.8385896E+3,2.3099083E+1
13369253,1/10/2021,4:37:25 PM,-1.9046635E+1,-8.0422142E+1,3.8385896E+3,2.3032803E+1
13369254,1/10/2021,4:37:25 PM,-2.4073431E+1,-8.2545586E+1,3.8403757E+3,2.2900238E+1
13369255,1/10/2021,4:37:25 PM,-2.8994520E+1,-8.4212082E+1,3.8359111E+3,2.2878147E+1
13369256,1/10/2021,4:37:26 PM,-3.4607220E+1,-8.3163803E+1,3.8350183E+3,2.2811863E+1
13369257,1/10/2021,4:37:26 PM,-4.1017933E+1,-7.8003021E+1,3.8350183E+3,2.2767677E+1
13369258,1/10/2021,4:37:26 PM,-4.9503487E+1,-6.6418152E+1,3.8421614E+3,2.2767677E+1
13369259,1/10/2021,4:37:26 PM,-5.8042236E+1,-5.2763592E+1,3.8439475E+3,2.2723488E+1
13369260,1/10/2021,4:37:26 PM,-6.4240150E+1,-4.1985088E+1,3.8439475E+3,2.2723488E+1
13369261,1/10/2021,4:37:26 PM,-6.7778015E+1,-3.0722763E+1,3.8484116E+3,2.2745583E+1
13369262,1/10/2021,4:37:26 PM,-6.7272606E+1,-2.3142868E+1,3.8457332E+3,2.2745583E+1
13369263,1/10/2021,4:37:26 PM,-6.7857811E+1,-1.3425475E+1,3.8519834E+3,2.2745583E+1
13369264,1/10/2021,4:37:26 PM,-6.5463768E+1,-5.6477938E+0,3.8537690E+3,2.2789772E+1
13369265,1/10/2021,4:37:26 PM,-5.9425461E+1,-1.1236686E+0,3.8573408E+3,2.2789772E+1
13369266,1/10/2021,4:37:27 PM,-5.4451176E+1,1.3966149E+0,3.8537690E+3,2.2833958E+1
13369267,1/10/2021,4:37:27 PM,-4.8944878E+1,3.4747202E+0,3.8564480E+3,2.2856052E+1
13369268,1/10/2021,4:37:27 PM,-4.3997189E+1,5.0066724E+0,3.8546621E+3,2.2900238E+1
13369269,1/10/2021,4:37:27 PM,-4.2693764E+1,7.3336229E+0,3.8537690E+3,2.2966522E+1
13369270,1/10/2021,4:37:27 PM,-3.9714508E+1,1.0676032E+1,3.8600195E+3,2.2988613E+1
13369271,1/10/2021,4:37:27 PM,-3.7001263E+1,1.0601579E+1,3.8546621E+3,2.3010708E+1
13369272,1/10/2021,4:37:27 PM,-3.4421017E+1,8.1260157E+0,3.8546621E+3,2.3032803E+1
13369273,1/10/2021,4:37:27 PM,-3.3356995E+1,6.9613571E+0,3.8528762E+3,2.3032803E+1
13369274,1/10/2021,4:37:27 PM,-3.0005339E+1,5.9349694E+0,3.8564480E+3,2.3076992E+1
13369275,1/10/2021,4:37:27 PM,-2.5297052E+1,4.0048571E+0,3.8546621E+3,2.3054897E+1
13369276,1/10/2021,4:37:28 PM,-2.0508966E+1,-1.5736161E-2,3.8537690E+3,2.3032803E+1
13369277,1/10/2021,4:37:28 PM,-1.4646804E+1,-3.6653132E+0,3.8510906E+3,2.3010708E+1
13369278,1/10/2021,4:37:28 PM,-5.8945098E+0,-6.8922224E+0,3.8519834E+3,2.3010708E+1
13369279,1/10/2021,4:37:28 PM,3.3230007E+0,-9.5353050E+0,3.8555549E+3,2.2966522E+1
13369280,1/10/2021,4:37:28 PM,1.3523164E+1,-1.1292928E+1,3.8546621E+3,2.2966522E+1
13369281,1/10/2021,4:37:28 PM,2.3275417E+1,-1.3114368E+1,3.8600195E+3,2.2966522E+1
13369282,1/10/2021,4:37:28 PM,3.2878189E+1,-1.6552502E+1,3.8555549E+3,2.2944427E+1
13369283,1/10/2021,4:37:28 PM,4.1416939E+1,-2.0428083E+1,3.8546621E+3,2.2922333E+1
13369284,1/10/2021,4:37:28 PM,4.7508450E+1,-2.1261335E+1,3.8537690E+3,2.2878147E+1
13369285,1/10/2021,4:37:28 PM,5.0993114E+1,-1.8294170E+1,3.8600195E+3,2.2878147E+1
13369286,1/10/2021,4:37:29 PM,5.1604923E+1,-1.4273708E+1,3.8564480E+3,2.2878147E+1
13369287,1/10/2021,4:37:29 PM,4.9104477E+1,-9.9580917E+0,3.8573408E+3,2.2878147E+1
13369288,1/10/2021,4:37:29 PM,4.6205029E+1,-4.0905442E+0,3.8582336E+3,2.2900238E+1
13369289,1/10/2021,4:37:29 PM,4.3757782E+1,6.2144494E-1,3.8564480E+3,2.2922333E+1
13369290,1/10/2021,4:37:29 PM,4.0113518E+1,7.2299199E+0,3.8564480E+3,2.2944427E+1
13369291,1/10/2021,4:37:29 PM,3.4447617E+1,1.6932743E+1,3.8618052E+3,2.3010708E+1
13369292,1/10/2021,4:37:29 PM,3.1361961E+1,2.3035353E+1,3.8635911E+3,2.3054897E+1
13369293,1/10/2021,4:37:29 PM,2.7877300E+1,2.6637146E+1,3.8600195E+3,2.3032803E+1
13369294,1/10/2021,4:37:29 PM,2.4179832E+1,2.9916391E+1,3.8609124E+3,2.3010708E+1
13369295,1/10/2021,4:37:29 PM,2.2078394E+1,3.3813854E+1,3.8635911E+3,2.3010708E+1
13369296,1/10/2021,4:37:30 PM,1.8880852E+1,3.9216545E+1,3.8635911E+3,2.2988613E+1
13369297,1/10/2021,4:37:30 PM,1.2788981E+1,4.5990067E+1,3.8680554E+3,2.2988613E+1
13369298,1/10/2021,4:37:30 PM,8.4338856E+0,4.9887531E+1,3.8689487E+3,2.2988613E+1
13369299,1/10/2021,4:37:30 PM,3.1851037E+0,5.2010975E+1,3.8689487E+3,2.2966522E+1
13369300,1/10/2021,4:37:30 PM,-7.1076212E+0,5.0882057E+1,3.8600195E+3,2.2988613E+1
13369301,1/10/2021,4:37:30 PM,-1.5923071E+1,4.9054279E+1,3.8671626E+3,2.3054897E+1
13369302,1/10/2021,4:37:30 PM,-2.4499039E+1,4.7145866E+1,3.8653770E+3,2.3099083E+1
13369303,1/10/2021,4:37:30 PM,-3.4766823E+1,4.0587376E+1,3.8635911E+3,2.3143272E+1
13369304,1/10/2021,4:37:30 PM,-4.4928204E+1,3.1394739E+1,3.8582336E+3,2.3320023E+1
13369305,1/10/2021,4:37:30 PM,-5.4796978E+1,2.0535599E+1,3.8528762E+3,2.3342117E+1
13369306,1/10/2021,4:37:31 PM,-6.5437172E+1,1.1449811E+1,3.8528762E+3,2.3408398E+1
13369307,1/10/2021,4:37:31 PM,-7.2566093E+1,2.4961288E+0,3.8510906E+3,2.3474678E+1
13369308,1/10/2021,4:37:31 PM,-7.9349220E+1,-6.9666753E+0,3.8475188E+3,2.3474678E+1
13369309,1/10/2021,4:37:31 PM,-8.3897903E+1,-1.8746206E+1,3.8421614E+3,2.3518867E+1
13369310,1/10/2021,4:37:31 PM,-9.0175613E+1,-2.7981100E+1,3.8385896E+3,2.3518867E+1
13369311,1/10/2021,4:37:31 PM,-9.3075066E+1,-3.4969654E+1,3.8368040E+3,2.3496773E+1
13369312,1/10/2021,4:37:31 PM,-9.4937096E+1,-3.8974632E+1,3.8394829E+3,2.3474678E+1
13369313,1/10/2021,4:37:31 PM,-9.5841515E+1,-4.0211071E+1,3.8403757E+3,2.3474678E+1
13369314,1/10/2021,4:37:31 PM,-9.4883896E+1,-4.1689419E+1,3.8385896E+3,2.3452583E+1
13369315,1/10/2021,4:37:31 PM,-9.1399239E+1,-4.3248405E+1,3.8368040E+3,2.3452583E+1
13369316,1/10/2021,4:37:32 PM,-8.3951103E+1,-4.1796932E+1,3.8430542E+3,2.3364208E+1
13369317,1/10/2021,4:37:32 PM,-7.5146347E+1,-4.0668015E+1,3.8439475E+3,2.3275833E+1
13369318,1/10/2021,4:37:32 PM,-6.6554390E+1,-3.9807884E+1,3.8457332E+3,2.3187458E+1
13369319,1/10/2021,4:37:32 PM,-5.7058022E+1,-3.8732719E+1,3.8457332E+3,2.3032803E+1
13369320,1/10/2021,4:37:32 PM,-4.3385376E+1,-3.9565971E+1,3.8537690E+3,2.3010708E+1
13369321,1/10/2021,4:37:32 PM,-2.8329506E+1,-4.2657066E+1,3.8493047E+3,2.2944427E+1
13369322,1/10/2021,4:37:32 PM,-1.7644056E+1,-4.6231976E+1,3.8493047E+3,2.2878147E+1
13369323,1/10/2021,4:37:32 PM,-7.0181503E+0,-4.7898479E+1,3.8493047E+3,2.2856052E+1
13369324,1/10/2021,4:37:32 PM,7.6865463E+0,-5.0263836E+1,3.8510906E+3,2.2789772E+1
13369325,1/10/2021,4:37:32 PM,2.3621223E+1,-5.2844227E+1,3.8546621E+3,2.2767677E+1
13369326,1/10/2021,4:37:33 PM,3.8278088E+1,-5.5075188E+1,3.8501978E+3,2.2811863E+1
13369327,1/10/2021,4:37:33 PM,4.6471031E+1,-5.7306152E+1,3.8528762E+3,2.2833958E+1
13369328,1/10/2021,4:37:33 PM,5.6659012E+1,-5.8918892E+1,3.8510906E+3,2.2833958E+1
13369329,1/10/2021,4:37:33 PM,6.8416428E+1,-6.1257370E+1,3.8528762E+3,2.2833958E+1
13369330,1/10/2021,4:37:33 PM,7.7965996E+1,-5.9832783E+1,3.8546621E+3,2.2833958E+1
13369331,1/10/2021,4:37:33 PM,8.6637749E+1,-5.9859661E+1,3.8546621E+3,2.2811863E+1
13369332,1/10/2021,4:37:33 PM,9.0734222E+1,-5.8838257E+1,3.8501978E+3,2.2789772E+1
13369333,1/10/2021,4:37:33 PM,8.8153976E+1,-5.2575436E+1,3.8510906E+3,2.2789772E+1
13369334,1/10/2021,4:37:33 PM,8.5653526E+1,-4.3490314E+1,3.8564480E+3,2.2745583E+1
13369335,1/10/2021,4:37:33 PM,8.2381676E+1,-3.3867611E+1,3.8600195E+3,2.2745583E+1
13369336,1/10/2021,4:37:34 PM,7.9907829E+1,-2.7040333E+1,3.8546621E+3,2.2723488E+1
13369337,1/10/2021,4:37:34 PM,7.2512901E+1,-1.7645367E+1,3.8564480E+3,2.2723488E+1
13369338,1/10/2021,4:37:34 PM,6.1287495E+1,-4.7904530E+0,3.8564480E+3,2.2723488E+1
13369339,1/10/2021,4:37:34 PM,5.2190132E+1,9.0354061E+0,3.8618052E+3,2.2701397E+1
13369340,1/10/2021,4:37:34 PM,4.5008007E+1,2.1073181E+1,3.8644841E+3,2.2701397E+1
13369341,1/10/2021,4:37:34 PM,3.7719475E+1,3.1744167E+1,3.8618052E+3,2.2701397E+1
13369342,1/10/2021,4:37:34 PM,2.9154121E+1,4.3490314E+1,3.8600195E+3,2.2701397E+1
13369343,1/10/2021,4:37:34 PM,1.0004877E+1,6.2735718E+1,3.8707344E+3,2.2745583E+1
13369344,1/10/2021,4:37:34 PM,-1.3281068E+1,8.0233986E+1,3.8671626E+3,2.2878147E+1
13369345,1/10/2021,4:37:34 PM,-2.8595512E+1,9.4345490E+1,3.8707344E+3,2.2922333E+1
13369346,1/10/2021,4:37:35 PM,-4.0645527E+1,1.0652171E+2,3.8805564E+3,2.2966522E+1
13369347,1/10/2021,4:37:35 PM,-5.0540909E+1,1.0980095E+2,3.8689487E+3,2.3032803E+1
13369348,1/10/2021,4:37:35 PM,-6.5862778E+1,1.1227383E+2,3.8689487E+3,2.3054897E+1
13369349,1/10/2021,4:37:35 PM,-8.7329361E+1,1.1746147E+2,3.8689487E+3,2.3121178E+1
13369350,1/10/2021,4:37:35 PM,-1.0116161E+2,1.1791843E+2,3.8796636E+3,2.3143272E+1
13369351,1/10/2021,4:37:35 PM,-1.0347585E+2,1.0558093E+2,3.8618052E+3,2.3209553E+1
13369352,1/10/2021,4:37:35 PM,-1.0637531E+2,9.2087646E+1,3.8653770E+3,2.3320023E+1
13369353,1/10/2021,4:37:35 PM,-1.1023238E+2,7.6121490E+1,3.8600195E+3,2.3342117E+1
13369354,1/10/2021,4:37:35 PM,-1.1347763E+2,5.8569466E+1,3.8493047E+3,2.3386303E+1
13369355,1/10/2021,4:37:35 PM,-1.0980676E+2,4.4995544E+1,3.8600195E+3,2.3408398E+1
13369356,1/10/2021,4:37:36 PM,-1.0180002E+2,2.6475870E+1,3.8510906E+3,2.3430492E+1
13369357,1/10/2021,4:37:36 PM,-9.0415016E+1,3.5836308E+0,3.8439475E+3,2.3452583E+1
13369358,1/10/2021,4:37:36 PM,-8.3844696E+1,-1.5951560E+1,3.8368040E+3,2.3474678E+1
13369359,1/10/2021,4:37:36 PM,-7.8604408E+1,-2.8975624E+1,3.8368040E+3,2.3474678E+1
13369360,1/10/2021,4:37:36 PM,-7.4002525E+1,-3.5829784E+1,3.8430542E+3,2.3496773E+1
13369361,1/10/2021,4:37:36 PM,-6.4851967E+1,-4.5264332E+1,3.8385896E+3,2.3452583E+1
13369362,1/10/2021,4:37:36 PM,-5.7643234E+1,-4.8516697E+1,3.8457332E+3,2.3408398E+1
13369363,1/10/2021,4:37:36 PM,-5.1126118E+1,-5.7628696E+1,3.8368040E+3,2.3386303E+1
13369364,1/10/2021,4:37:36 PM,-4.5619816E+1,-6.1230495E+1,3.8421614E+3,2.3364208E+1
13369365,1/10/2021,4:37:36 PM,-3.6841660E+1,-6.1176735E+1,3.8439475E+3,2.3364208E+1
13369366,1/10/2021,4:37:37 PM,-2.5855663E+1,-6.4536613E+1,3.8510906E+3,2.3275833E+1
13369367,1/10/2021,4:37:37 PM,-1.2417943E+1,-7.1068222E+1,3.8475188E+3,2.3187458E+1
13369368,1/10/2021,4:37:37 PM,-1.5263771E+0,-7.6363403E+1,3.8510906E+3,2.3165367E+1
13369369,1/10/2021,4:37:37 PM,1.0378548E+1,-8.5314133E+1,3.8484116E+3,2.3054897E+1
13369370,1/10/2021,4:37:37 PM,2.2823210E+1,-9.3915421E+1,3.8403757E+3,2.3010708E+1
13369371,1/10/2021,4:37:37 PM,3.9608109E+1,-1.0200603E+2,3.8484116E+3,2.3010708E+1
13369372,1/10/2021,4:37:37 PM,5.4078766E+1,-1.0689801E+2,3.8475188E+3,2.2988613E+1
13369373,1/10/2021,4:37:37 PM,6.4053947E+1,-1.1361777E+2,3.8403757E+3,2.2988613E+1
13369374,1/10/2021,4:37:37 PM,6.9001633E+1,-1.1673574E+2,3.8359111E+3,2.2944427E+1
13369375,1/10/2021,4:37:37 PM,7.1528679E+1,-1.1316083E+2,3.8457332E+3,2.2944427E+1
13369376,1/10/2021,4:37:38 PM,7.5598549E+1,-1.0574221E+2,3.8421614E+3,2.2944427E+1
13369377,1/10/2021,4:37:38 PM,7.6024162E+1,-9.6630211E+1,3.8475188E+3,2.2944427E+1
13369378,1/10/2021,4:37:38 PM,6.8230217E+1,-8.5287247E+1,3.8403757E+3,2.2944427E+1
13369379,1/10/2021,4:37:38 PM,6.0037273E+1,-7.1847717E+1,3.8439475E+3,2.2944427E+1
13369380,1/10/2021,4:37:38 PM,5.1232517E+1,-5.3301170E+1,3.8528762E+3,2.2944427E+1
13369381,1/10/2021,4:37:38 PM,4.3438576E+1,-3.4324554E+1,3.8546621E+3,2.2944427E+1
13369382,1/10/2021,4:37:38 PM,3.6495853E+1,-1.6850313E+1,3.8609124E+3,2.2944427E+1
13369383,1/10/2021,4:37:38 PM,3.2372780E+1,-2.6378725E+0,3.8618052E+3,2.2944427E+1
13369384,1/10/2021,4:37:38 PM,2.5350254E+1,9.7799358E+0,3.8564480E+3,2.2966522E+1
13369385,1/10/2021,4:37:38 PM,1.9136105E+1,2.5884531E+1,3.8671626E+3,2.2988613E+1
13369386,1/10/2021,4:37:39 PM,1.7772999E+1,3.9781006E+1,3.8725200E+3,2.2988613E+1
13369387,1/10/2021,4:37:39 PM,1.5020474E+1,5.0828297E+1,3.8680554E+3,2.2988613E+1
13369388,1/10/2021,4:37:39 PM,9.5706835E+0,5.6284748E+1,3.8689487E+3,2.2988613E+1
13369389,1/10/2021,4:37:39 PM,-1.7365289E+0,6.5020439E+1,3.8600195E+3,2.2966522E+1
13369390,1/10/2021,4:37:39 PM,-1.0841687E+1,7.3594856E+1,3.8680554E+3,2.2966522E+1
13369391,1/10/2021,4:37:39 PM,-2.1838991E+1,8.4131447E+1,3.8707344E+3,2.2988613E+1
13369392,1/10/2021,4:37:39 PM,-3.6123447E+1,9.3700394E+1,3.8743062E+3,2.3010708E+1
13369393,1/10/2021,4:37:39 PM,-4.8732071E+1,9.7624733E+1,3.8653770E+3,2.2988613E+1
13369394,1/10/2021,4:37:39 PM,-6.1580101E+1,1.0243610E+2,3.8716272E+3,2.2900238E+1
13369395,1/10/2021,4:37:39 PM,-7.8152199E+1,1.0447890E+2,3.8591267E+3,2.2900238E+1
13369396,1/10/2021,4:37:40 PM,-8.5706734E+1,1.0238232E+2,3.8653770E+3,2.2900238E+1
13369397,1/10/2021,4:37:40 PM,-8.7355965E+1,1.0012449E+2,3.8716272E+3,2.2900238E+1
13369398,1/10/2021,4:37:40 PM,-8.5467331E+1,8.8297699E+1,3.8600195E+3,2.2900238E+1
13369399,1/10/2021,4:37:40 PM,-8.1131454E+1,7.3567978E+1,3.8600195E+3,2.2900238E+1
13369400,1/10/2021,4:37:40 PM,-7.9056610E+1,6.1418644E+1,3.8501978E+3,2.2900238E+1
13369401,1/10/2021,4:37:40 PM,-7.1049866E+1,4.9457466E+1,3.8635911E+3,2.2900238E+1
13369402,1/10/2021,4:37:40 PM,-6.0010677E+1,3.7012463E+1,3.8519834E+3,2.2922333E+1
13369403,1/10/2021,4:37:40 PM,-4.8093658E+1,2.5884531E+1,3.8609124E+3,2.2944427E+1
13369404,1/10/2021,4:37:40 PM,-3.6469254E+1,1.2167751E+1,3.8493047E+3,2.3010708E+1
13369405,1/10/2021,4:37:40 PM,-3.0670349E+1,1.2436600E+0,3.8510906E+3,2.3032803E+1
13369406,1/10/2021,4:37:41 PM,-2.3834026E+1,-6.3976417E+0,3.8537690E+3,2.3032803E+1
13369407,1/10/2021,4:37:41 PM,-2.0163160E+1,-1.2274113E+1,3.8546621E+3,2.3054897E+1
13369408,1/10/2021,4:37:41 PM,-2.0109959E+1,-1.8584005E+1,3.8519834E+3,2.3054897E+1
13369409,1/10/2021,4:37:41 PM,-1.9057159E+1,-2.4701853E+1,3.8528762E+3,2.3032803E+1
13369410,1/10/2021,4:37:41 PM,-1.8154564E+1,-3.2819328E+1,3.8510906E+3,2.3010708E+1
13369411,1/10/2021,4:37:41 PM,-1.6167799E+1,-4.1098080E+1,3.8484116E+3,2.3032803E+1
13369412,1/10/2021,4:37:41 PM,-1.1557449E+1,-5.2091618E+1,3.8484116E+3,2.3054897E+1
13369413,1/10/2021,4:37:41 PM,-6.2260761E+0,-6.0827305E+1,3.8493047E+3,2.3054897E+1
13369414,1/10/2021,4:37:41 PM,2.7292460E-1,-7.3191673E+1,3.8475188E+3,2.3076992E+1
13369415,1/10/2021,4:37:41 PM,1.1967960E+1,-8.8942802E+1,3.8368040E+3,2.3076992E+1
13369416,1/10/2021,4:37:42 PM,2.3435019E+1,-1.0007073E+2,3.8430542E+3,2.3099083E+1
13369417,1/10/2021,4:37:42 PM,3.2585583E+1,-1.0926337E+2,3.8385896E+3,2.3143272E+1
13369418,1/10/2021,4:37:42 PM,3.8384487E+1,-1.1275764E+2,3.8403757E+3,2.3121178E+1
13369419,1/10/2021,4:37:42 PM,4.2640564E+1,-1.1321458E+2,3.8385896E+3,2.3121178E+1
13369420,1/10/2021,4:37:42 PM,4.4236591E+1,-1.1098363E+2,3.8421614E+3,2.3121178E+1
13369421,1/10/2021,4:37:42 PM,4.2347958E+1,-1.0391444E+2,3.8385896E+3,2.3121178E+1
13369422,1/10/2021,4:37:42 PM,3.3676201E+1,-9.2894020E+1,3.8403757E+3,2.3121178E+1
13369423,1/10/2021,4:37:42 PM,2.4259634E+1,-7.7599838E+1,3.8501978E+3,2.3121178E+1
13369424,1/10/2021,4:37:42 PM,1.5023106E+1,-6.4912926E+1,3.8484116E+3,2.3143272E+1
13369425,1/10/2021,4:37:42 PM,7.4312925E+0,-5.3838749E+1,3.8475188E+3,2.3143272E+1
13369426,1/10/2021,4:37:43 PM,-3.3372660E+0,-4.2173241E+1,3.8457332E+3,2.3121178E+1
13369427,1/10/2021,4:37:43 PM,-1.1644288E+1,-2.9029381E+1,3.8510906E+3,2.3099083E+1
13369428,1/10/2021,4:37:43 PM,-1.7907206E+1,-1.3579699E+1,3.8564480E+3,2.3099083E+1
13369429,1/10/2021,4:37:43 PM,-2.1732588E+1,-1.3066347E+0,3.8582336E+3,2.3143272E+1
13369430,1/10/2021,4:37:43 PM,-2.4738443E+1,7.3229866E+0,3.8537690E+3,2.3165367E+1
13369431,1/10/2021,4:37:43 PM,-2.3860626E+1,1.4087575E+1,3.8546621E+3,2.3121178E+1
13369432,1/10/2021,4:37:43 PM,-2.2051794E+1,2.2175222E+1,3.8564480E+3,2.3099083E+1
13369433,1/10/2021,4:37:43 PM,-2.4685242E+1,3.4754620E+1,3.8635911E+3,2.3099083E+1
13369434,1/10/2021,4:37:43 PM,-2.5004448E+1,4.4511719E+1,3.8618052E+3,2.3054897E+1
13369435,1/10/2021,4:37:43 PM,-2.3754225E+1,5.0720783E+1,3.8644841E+3,2.3054897E+1
13369436,1/10/2021,4:37:44 PM,-2.8276306E+1,5.8273796E+1,3.8653770E+3,2.3032803E+1
13369437,1/10/2021,4:37:44 PM,-3.1521566E+1,6.2628204E+1,3.8582336E+3,2.3032803E+1
13369438,1/10/2021,4:37:44 PM,-3.5059425E+1,6.9697395E+1,3.8689487E+3,2.3032803E+1
13369439,1/10/2021,4:37:44 PM,-4.0459324E+1,7.4911934E+1,3.8671626E+3,2.3032803E+1
13369440,1/10/2021,4:37:44 PM,-4.3278973E+1,7.6444038E+1,3.8689487E+3,2.3032803E+1
13369441,1/10/2021,4:37:44 PM,-4.3172573E+1,7.3218552E+1,3.8653770E+3,2.3032803E+1
13369442,1/10/2021,4:37:44 PM,-4.3624783E+1,6.7305161E+1,3.8618052E+3,2.3032803E+1
13369443,1/10/2021,4:37:44 PM,-4.1257339E+1,6.0101570E+1,3.8600195E+3,2.3032803E+1
13369444,1/10/2021,4:37:44 PM,-3.7001263E+1,5.2709831E+1,3.8609124E+3,2.3054897E+1
13369445,1/10/2021,4:37:44 PM,-3.3489998E+1,4.6769558E+1,3.8644841E+3,2.3054897E+1
13369446,1/10/2021,4:37:45 PM,-2.8515709E+1,3.6528641E+1,3.8546621E+3,2.3054897E+1
13369447,1/10/2021,4:37:45 PM,-2.2317801E+1,2.6314598E+1,3.8546621E+3,2.3054897E+1
13369448,1/10/2021,4:37:45 PM,-1.9044003E+1,2.0338970E+1,3.8546621E+3,2.3054897E+1
13369449,1/10/2021,4:37:45 PM,-1.6273058E+1,1.6930084E+1,3.8600195E+3,2.3032803E+1
13369450,1/10/2021,4:37:45 PM,-1.5407301E+1,1.3888147E+1,3.8573408E+3,2.3032803E+1
13369451,1/10/2021,4:37:45 PM,-1.7144077E+1,8.9848843E+0,3.8564480E+3,2.3032803E+1
13369452,1/10/2021,4:37:45 PM,-2.1280380E+1,4.1121659E+0,3.8528762E+3,2.3032803E+1
13369453,1/10/2021,4:37:45 PM,-2.2690207E+1,-8.7669086E-1,3.8510906E+3,2.3032803E+1
13369454,1/10/2021,4:37:45 PM,-2.1626186E+1,-4.2434993E+0,3.8582336E+3,2.3032803E+1
13369455,1/10/2021,4:37:45 PM,-1.8333504E+1,-9.1204948E+0,3.8582336E+3,2.3032803E+1
13369456,1/10/2021,4:37:46 PM,-1.4404708E+1,-1.8238331E+1,3.8510906E+3,2.3010708E+1
13369457,1/10/2021,4:37:46 PM,-8.8391333E+0,-2.9755116E+1,3.8493047E+3,2.2988613E+1
13369458,1/10/2021,4:37:46 PM,-1.6674441E+0,-3.9754124E+1,3.8475188E+3,2.2988613E+1
13369459,1/10/2021,4:37:46 PM,8.4733572E+0,-4.9349949E+1,3.8475188E+3,2.2944427E+1
13369460,1/10/2021,4:37:46 PM,1.9859760E+1,-5.9053291E+1,3.8510906E+3,2.2922333E+1
13369461,1/10/2021,4:37:46 PM,2.9819132E+1,-6.9159813E+1,3.8466260E+3,2.2922333E+1
13369462,1/10/2021,4:37:46 PM,4.1124336E+1,-8.1712334E+1,3.8412686E+3,2.2900238E+1
13369463,1/10/2021,4:37:46 PM,4.8758675E+1,-8.8163307E+1,3.8403757E+3,2.2922333E+1
13369464,1/10/2021,4:37:46 PM,5.4850182E+1,-8.8969681E+1,3.8439475E+3,2.2988613E+1
13369465,1/10/2021,4:37:46 PM,5.9186058E+1,-8.4212082E+1,3.8528762E+3,2.3010708E+1
13369466,1/10/2021,4:37:47 PM,6.0196877E+1,-8.1389786E+1,3.8475188E+3,2.3010708E+1
13369467,1/10/2021,4:37:47 PM,5.7669830E+1,-7.6793465E+1,3.8501978E+3,2.3032803E+1
13369468,1/10/2021,4:37:47 PM,5.0780312E+1,-7.0638168E+1,3.8466260E+3,2.3032803E+1
13369469,1/10/2021,4:37:47 PM,4.3731186E+1,-6.2816353E+1,3.8475188E+3,2.3010708E+1
13369470,1/10/2021,4:37:47 PM,3.6362850E+1,-5.0532627E+1,3.8582336E+3,2.3010708E+1
13369471,1/10/2021,4:37:47 PM,2.6760080E+1,-4.1555023E+1,3.8510906E+3,2.3032803E+1
13369472,1/10/2021,4:37:47 PM,1.7928257E+1,-3.5238441E+1,3.8519834E+3,2.3076992E+1
13369473,1/10/2021,4:37:47 PM,7.2944560E+0,-2.7712307E+1,3.8457332E+3,2.3076992E+1
13369474,1/10/2021,4:37:47 PM,-1.4688834E+0,-1.6257349E+1,3.8510906E+3,2.3121178E+1
13369475,1/10/2021,4:37:47 PM,-7.5944443E+0,-3.4803259E+0,3.8537690E+3,2.3143272E+1
13369476,1/10/2021,4:37:48 PM,-1.6736198E+1,1.0596260E+1,3.8582336E+3,2.3143272E+1
13369477,1/10/2021,4:37:48 PM,-3.3144192E+1,2.5696379E+1,3.8564480E+3,2.3209553E+1
13369478,1/10/2021,4:37:48 PM,-4.7481850E+1,3.8114502E+1,3.8537690E+3,2.3209553E+1
13369479,1/10/2021,4:37:48 PM,-6.4958359E+1,5.3032379E+1,3.8582336E+3,2.3187458E+1
13369480,1/10/2021,4:37:48 PM,-7.4108925E+1,6.8004013E+1,3.8671626E+3,2.3187458E+1
13369481,1/10/2021,4:37:48 PM,-8.4669319E+1,8.0287743E+1,3.8680554E+3,2.3187458E+1
13369482,1/10/2021,4:37:48 PM,-9.8155762E+1,8.8835289E+1,3.8618052E+3,2.3165367E+1
13369483,1/10/2021,4:37:48 PM,-1.0807774E+2,9.4641159E+1,3.8680554E+3,2.3165367E+1
13369484,1/10/2021,4:37:48 PM,-1.0940775E+2,9.5823845E+1,3.8671626E+3,2.3165367E+1
13369485,1/10/2021,4:37:48 PM,-1.0829053E+2,9.2356438E+1,3.8707344E+3,2.3165367E+1
13369486,1/10/2021,4:37:49 PM,-1.0408766E+2,8.2196159E+1,3.8609124E+3,2.3165367E+1
13369487,1/10/2021,4:37:49 PM,-1.0012419E+2,6.8541595E+1,3.8600195E+3,2.3209553E+1
13369488,1/10/2021,4:37:49 PM,-9.2197250E+1,5.6069714E+1,3.8600195E+3,2.3209553E+1
13369489,1/10/2021,4:37:49 PM,-8.3445694E+1,4.1071198E+1,3.8564480E+3,2.3231647E+1
13369490,1/10/2021,4:37:49 PM,-7.0384857E+1,2.5239435E+1,3.8528762E+3,2.3253742E+1
13369491,1/10/2021,4:37:49 PM,-6.2404720E+1,1.0782393E+1,3.8475188E+3,2.3253742E+1
13369492,1/10/2021,4:37:49 PM,-5.3998962E+1,-1.2151517E+0,3.8457332E+3,2.3297928E+1
13369493,1/10/2021,4:37:49 PM,-4.5087807E+1,-9.1630402E+0,3.8475188E+3,2.3297928E+1
13369494,1/10/2021,4:37:49 PM,-3.6549053E+1,-1.5720223E+1,3.8457332E+3,2.3275833E+1
13369495,1/10/2021,4:37:49 PM,-2.4499039E+1,-2.4271790E+1,3.8484116E+3,2.3275833E+1
13369496,1/10/2021,4:37:50 PM,-1.2036379E+1,-3.0964674E+1,3.8475188E+3,2.3275833E+1
13369497,1/10/2021,4:37:50 PM,-5.8260913E+0,-3.4458950E+1,3.8475188E+3,2.3275833E+1
13369498,1/10/2021,4:37:50 PM,3.4593127E+0,-3.7899471E+1,3.8510906E+3,2.3275833E+1
13369499,1/10/2021,4:37:50 PM,1.4920477E+1,-4.2952736E+1,3.8546621E+3,2.3275833E+1
13369500,1/10/2021,4:37:50 PM,2.8728514E+1,-4.8086632E+1,3.8582336E+3,2.3253742E+1
13369501,1/10/2021,4:37:50 PM,4.2241554E+1,-5.6983604E+1,3.8564480E+3,2.3209553E+1
13369502,1/10/2021,4:37:50 PM,5.4983185E+1,-6.7520195E+1,3.8510906E+3,2.3076992E+1
13369503,1/10/2021,4:37:50 PM,6.4373154E+1,-7.5261360E+1,3.8555549E+3,2.3076992E+1
13369504,1/10/2021,4:37:50 PM,7.1129669E+1,-8.2357430E+1,3.8510906E+3,2.3054897E+1
13369505,1/10/2021,4:37:50 PM,7.6635971E+1,-8.9292229E+1,3.8501978E+3,2.3010708E+1
13369506,1/10/2021,4:37:51 PM,8.3153091E+1,-9.6361420E+1,3.8475188E+3,2.2988613E+1
13369507,1/10/2021,4:37:51 PM,8.4642715E+1,-9.9640663E+1,3.8448403E+3,2.2966522E+1
13369508,1/10/2021,4:37:51 PM,8.0040833E+1,-9.8296707E+1,3.8439475E+3,2.2966522E+1
13369509,1/10/2021,4:37:51 PM,7.1182869E+1,-9.2356438E+1,3.8403757E+3,2.2944427E+1
13369510,1/10/2021,4:37:51 PM,6.0622486E+1,-8.1470421E+1,3.8457332E+3,2.2922333E+1
13369511,1/10/2021,4:37:51 PM,5.2722145E+1,-7.0557526E+1,3.8430542E+3,2.2922333E+1
13369512,1/10/2021,4:37:51 PM,4.3119373E+1,-5.7359909E+1,3.8457332E+3,2.2878147E+1
13369513,1/10/2021,4:37:51 PM,3.2399380E+1,-4.1420628E+1,3.8457332E+3,2.2878147E+1
13369514,1/10/2021,4:37:51 PM,2.3514822E+1,-2.2632166E+1,3.8564480E+3,2.2833958E+1
13369515,1/10/2021,4:37:51 PM,1.6246742E+1,-4.8513145E+0,3.8564480E+3,2.2767677E+1
13369516,1/10/2021,4:37:52 PM,1.3449481E+1,1.0024568E+1,3.8618052E+3,2.2767677E+1
13369517,1/10/2021,4:37:52 PM,1.1486400E+1,2.4002998E+1,3.8635911E+3,2.2767677E+1
13369518,1/10/2021,4:37:52 PM,9.5154228E+0,3.5829784E+1,3.8653770E+3,2.2767677E+1
13369519,1/10/2021,4:37:52 PM,3.3047729E+0,4.7683445E+1,3.8680554E+3,2.2723488E+1
13369520,1/10/2021,4:37:52 PM,-6.9944673E+0,5.8945770E+1,3.8707344E+3,2.2701397E+1
13369521,1/10/2021,4:37:52 PM,-1.6654621E+1,6.9482368E+1,3.8707344E+3,2.2723488E+1
13369522,1/10/2021,4:37:52 PM,-2.7504890E+1,7.7089134E+1,3.8707344E+3,2.2701397E+1
13369523,1/10/2021,4:37:52 PM,-3.6868259E+1,8.0233986E+1,3.8689487E+3,2.2701397E+1
13369524,1/10/2021,4:37:52 PM,-4.5034607E+1,8.2975655E+1,3.8680554E+3,2.2745583E+1
13369525,1/10/2021,4:37:52 PM,-6.0968292E+1,8.6362411E+1,3.8725200E+3,2.2767677E+1
13369526,1/10/2021,4:37:53 PM,-7.9375824E+1,8.5529160E+1,3.8555549E+3,2.2767677E+1
13369527,1/10/2021,4:37:53 PM,-8.5919533E+1,7.9239456E+1,3.8618052E+3,2.2767677E+1
13369528,1/10/2021,4:37:53 PM,-8.7967773E+1,7.3326065E+1,3.8653770E+3,2.2789772E+1
13369529,1/10/2021,4:37:53 PM,-8.3685097E+1,5.9779026E+1,3.8573408E+3,2.2811863E+1
13369530,1/10/2021,4:37:53 PM,-8.1769867E+1,4.4296684E+1,3.8493047E+3,2.2856052E+1
13369531,1/10/2021,4:37:53 PM,-7.9109818E+1,3.0534607E+1,3.8501978E+3,2.2856052E+1
13369532,1/10/2021,4:37:53 PM,-7.5704956E+1,1.9945433E+1,3.8510906E+3,2.2966522E+1
13369533,1/10/2021,4:37:53 PM,-6.5144569E+1,7.9239283E+0,3.8528762E+3,2.2988613E+1
13369534,1/10/2021,4:37:53 PM,-5.5169392E+1,-3.1575990E+0,3.8555549E+3,2.2944427E+1
13369535,1/10/2021,4:37:53 PM,-4.9450287E+1,-1.4544930E+1,3.8421614E+3,2.2944427E+1
13369536,1/10/2021,4:37:54 PM,-4.8519268E+1,-2.1530125E+1,3.8466260E+3,2.2966522E+1
13369537,1/10/2021,4:37:54 PM,-5.0008896E+1,-2.3626690E+1,3.8457332E+3,2.3032803E+1
13369538,1/10/2021,4:37:54 PM,-5.1764523E+1,-2.4567459E+1,3.8501978E+3,2.3032803E+1
13369539,1/10/2021,4:37:54 PM,-5.0461102E+1,-2.5346951E+1,3.8510906E+3,2.3099083E+1
13369540,1/10/2021,4:37:54 PM,-5.5195988E+1,-2.6717783E+1,3.8484116E+3,2.3165367E+1
13369541,1/10/2021,4:37:54 PM,-6.4479553E+1,-2.7658550E+1,3.8430542E+3,2.3231647E+1
13369542,1/10/2021,4:37:54 PM,-7.1448883E+1,-2.8115494E+1,3.8439475E+3,2.3364208E+1
13369543,1/10/2021,4:37:54 PM,-6.9693253E+1,-2.8975624E+1,3.8475188E+3,2.3386303E+1
13369544,1/10/2021,4:37:54 PM,-6.5250969E+1,-3.0265818E+1,3.8493047E+3,2.3430492E+1
13369545,1/10/2021,4:37:54 PM,-6.0888493E+1,-3.4351437E+1,3.8457332E+3,2.3518867E+1
13369546,1/10/2021,4:37:55 PM,-5.2482738E+1,-4.2442032E+1,3.8421614E+3,2.3518867E+1
13369547,1/10/2021,4:37:55 PM,-3.9448505E+1,-4.7817844E+1,3.8403757E+3,2.3540958E+1
13369548,1/10/2021,4:37:55 PM,-1.7501957E+1,-5.6472900E+1,3.8439475E+3,2.3563053E+1
13369549,1/10/2021,4:37:55 PM,8.2049475E+0,-6.2466930E+1,3.8466260E+3,2.3540958E+1
13369550,1/10/2021,4:37:55 PM,2.7717695E+1,-6.4966682E+1,3.8510906E+3,2.3563053E+1
13369551,1/10/2021,4:37:55 PM,3.6150047E+1,-6.4509743E+1,3.8421614E+3,2.3540958E+1
13369552,1/10/2021,4:37:55 PM,4.2055351E+1,-6.0666031E+1,3.8510906E+3,2.3518867E+1
13369553,1/10/2021,4:37:55 PM,5.1179314E+1,-5.5182705E+1,3.8484116E+3,2.3518867E+1
13369554,1/10/2021,4:37:55 PM,5.7563431E+1,-4.4753632E+1,3.8564480E+3,2.3452583E+1
13369555,1/10/2021,4:37:55 PM,6.0143673E+1,-3.2926846E+1,3.8644841E+3,2.3408398E+1
13369556,1/10/2021,4:37:56 PM,5.8388042E+1,-2.4459942E+1,3.8582336E+3,2.3386303E+1
13369557,1/10/2021,4:37:56 PM,5.6233406E+1,-1.7507095E+1,3.8600195E+3,2.3320023E+1
13369558,1/10/2021,4:37:56 PM,5.7723034E+1,-1.3244660E+1,3.8609124E+3,2.3275833E+1
13369559,1/10/2021,4:37:56 PM,6.7246002E+1,-1.1056273E+1,3.8653770E+3,2.3165367E+1
13369560,1/10/2021,4:37:56 PM,7.1555275E+1,-7.9132924E+0,3.8698416E+3,2.3099083E+1
13369561,1/10/2021,4:37:56 PM,7.0517860E+1,-9.6044397E+0,3.8609124E+3,2.3076992E+1
13369562,1/10/2021,4:37:56 PM,6.9134636E+1,-1.3050551E+1,3.8582336E+3,2.2988613E+1
13369563,1/10/2021,4:37:56 PM,7.1076477E+1,-1.7411371E+1,3.8564480E+3,2.2944427E+1
13369564,1/10/2021,4:37:56 PM,7.6875374E+1,-2.0347446E+1,3.8600195E+3,2.2922333E+1
13369565,1/10/2021,4:37:56 PM,7.7274384E+1,-1.8786093E+1,3.8600195E+3,2.2856052E+1
13369566,1/10/2021,4:37:57 PM,7.1980888E+1,-1.7063038E+1,3.8537690E+3,2.2833958E+1
13369567,1/10/2021,4:37:57 PM,5.8760448E+1,-1.2452268E+1,3.8528762E+3,2.2767677E+1
13369568,1/10/2021,4:37:57 PM,4.7056244E+1,-3.7277765E+0,3.8546621E+3,2.2767677E+1
13369569,1/10/2021,4:37:57 PM,4.0033714E+1,7.3442588E+0,3.8644841E+3,2.2745583E+1
13369570,1/10/2021,4:37:57 PM,3.3144192E+1,1.4385387E+1,3.8573408E+3,2.2723488E+1
13369571,1/10/2021,4:37:57 PM,2.6547276E+1,2.0208677E+1,3.8609124E+3,2.2723488E+1
13369572,1/10/2021,4:37:57 PM,1.3115285E+1,2.7739187E+1,3.8564480E+3,2.2723488E+1
13369573,1/10/2021,4:37:57 PM,9.9539441E-1,3.7281250E+1,3.8618052E+3,2.2723488E+1
13369574,1/10/2021,4:37:57 PM,-1.4115246E+1,4.9161797E+1,3.8734128E+3,2.2745583E+1
13369575,1/10/2021,4:37:57 PM,-3.4820023E+1,5.9456470E+1,3.8644841E+3,2.2767677E+1
13369576,1/10/2021,4:37:58 PM,-5.8148643E+1,6.2440048E+1,3.8582336E+3,2.2767677E+1
13369577,1/10/2021,4:37:58 PM,-7.3736519E+1,6.6848221E+1,3.8635911E+3,2.2789772E+1
13369578,1/10/2021,4:37:58 PM,-8.6132339E+1,7.2492821E+1,3.8743062E+3,2.2811863E+1
13369579,1/10/2021,4:37:58 PM,-9.3846481E+1,6.4697891E+1,3.8546621E+3,2.2878147E+1
13369580,1/10/2021,4:37:58 PM,-1.0685410E+2,5.6741688E+1,3.8537690E+3,2.2944427E+1
13369581,1/10/2021,4:37:58 PM,-1.1677608E+2,4.9430588E+1,3.8510906E+3,2.2944427E+1
13369582,1/10/2021,4:37:58 PM,-1.2398482E+2,4.3597832E+1,3.8519834E+3,2.2988613E+1
13369583,1/10/2021,4:37:58 PM,-1.2555424E+2,3.5292202E+1,3.8501978E+3,2.3010708E+1
13369584,1/10/2021,4:37:58 PM,-1.2608627E+2,2.4916885E+1,3.8466260E+3,2.2988613E+1
13369585,1/10/2021,4:37:58 PM,-1.2653847E+2,1.4739039E+1,3.8421614E+3,2.2966522E+1
13369586,1/10/2021,4:37:59 PM,-1.2560744E+2,7.0943093E+0,3.8421614E+3,2.2988613E+1
13369587,1/10/2021,4:37:59 PM,-1.1930314E+2,2.6114457E+0,3.8484116E+3,2.2988613E+1
13369588,1/10/2021,4:37:59 PM,-1.1052498E+2,-6.3816876E+0,3.8430542E+3,2.2988613E+1
13369589,1/10/2021,4:37:59 PM,-9.8421761E+1,-1.4005144E+1,3.8457332E+3,2.3032803E+1
13369590,1/10/2021,4:37:59 PM,-8.6611153E+1,-1.9980000E+1,3.8493047E+3,2.3099083E+1
13369591,1/10/2021,4:37:59 PM,-7.8897011E+1,-2.8249889E+1,3.8394829E+3,2.3099083E+1
13369592,1/10/2021,4:37:59 PM,-7.2885307E+1,-3.1179707E+1,3.8475188E+3,2.3165367E+1
13369593,1/10/2021,4:37:59 PM,-6.0861889E+1,-3.3760098E+1,3.8493047E+3,2.3187458E+1
13369594,1/10/2021,4:37:59 PM,-4.7987259E+1,-3.9270302E+1,3.8493047E+3,2.3187458E+1
13369595,1/10/2021,4:37:59 PM,-4.0911530E+1,-4.1850689E+1,3.8475188E+3,2.3231647E+1
13369596,1/10/2021,4:38:00 PM,-3.0670349E+1,-4.8113514E+1,3.8457332E+3,2.3253742E+1
13369597,1/10/2021,4:38:00 PM,-2.1147379E+1,-5.4376335E+1,3.8421614E+3,2.3275833E+1
13369598,1/10/2021,4:38:00 PM,-7.1839337E+0,-5.6580414E+1,3.8457332E+3,2.3297928E+1
13369599,1/10/2021,4:38:00 PM,1.3015287E+1,-6.2251900E+1,3.8493047E+3,2.3297928E+1
13369600,1/10/2021,4:38:00 PM,3.2239777E+1,-6.7654587E+1,3.8493047E+3,2.3297928E+1
13369601,1/10/2021,4:38:00 PM,4.4742001E+1,-6.9885544E+1,3.8430542E+3,2.3297928E+1
13369602,1/10/2021,4:38:00 PM,5.4663982E+1,-7.0772552E+1,3.8510906E+3,2.3320023E+1
13369603,1/10/2021,4:38:00 PM,7.0305061E+1,-6.9428604E+1,3.8528762E+3,2.3320023E+1
13369604,1/10/2021,4:38:00 PM,8.7515564E+1,-7.0261856E+1,3.8528762E+3,2.3297928E+1
13369605,1/10/2021,4:38:00 PM,1.0140102E+2,-7.0234978E+1,3.8564480E+3,2.3231647E+1
13369606,1/10/2021,4:38:01 PM,1.1084418E+2,-6.7547073E+1,3.8564480E+3,2.3231647E+1
13369607,1/10/2021,4:38:01 PM,1.1635048E+2,-6.4294708E+1,3.8582336E+3,2.3253742E+1
13369608,1/10/2021,4:38:01 PM,1.1494065E+2,-5.7279274E+1,3.8582336E+3,2.3231647E+1
13369609,1/10/2021,4:38:01 PM,1.1510027E+2,-5.2360401E+1,3.8564480E+3,2.3209553E+1
13369610,1/10/2021,4:38:01 PM,1.1302542E+2,-4.4995544E+1,3.8618052E+3,2.3165367E+1
13369611,1/10/2021,4:38:01 PM,1.0235863E+2,-3.4351437E+1,3.8600195E+3,2.3165367E+1
13369612,1/10/2021,4:38:01 PM,8.5866333E+1,-2.3384779E+1,3.8564480E+3,2.3121178E+1
13369613,1/10/2021,4:38:01 PM,6.8921837E+1,-9.6975060E+0,3.8609124E+3,2.3099083E+1
13369614,1/10/2021,4:38:01 PM,5.0328102E+1,1.3389565E+0,3.8555549E+3,2.3032803E+1
13369615,1/10/2021,4:38:01 PM,3.3170792E+1,1.5273506E+1,3.8671626E+3,2.2922333E+1
13369616,1/10/2021,4:38:02 PM,2.0189762E+1,2.5105040E+1,3.8600195E+3,2.2900238E+1
13369617,1/10/2021,4:38:02 PM,1.6769543E+0,3.6501759E+1,3.8564480E+3,2.2833958E+1
13369618,1/10/2021,4:38:02 PM,-1.6330950E+1,4.7871601E+1,3.8653770E+3,2.2789772E+1
13369619,1/10/2021,4:38:02 PM,-3.0457544E+1,5.6446018E+1,3.8600195E+3,2.2789772E+1
13369620,1/10/2021,4:38:02 PM,-4.4635601E+1,6.6364395E+1,3.8680554E+3,2.2767677E+1
13369621,1/10/2021,4:38:02 PM,-6.5383972E+1,7.5422638E+1,3.8618052E+3,2.2767677E+1
13369622,1/10/2021,4:38:02 PM,-8.3605293E+1,8.2303673E+1,3.8653770E+3,2.2767677E+1
13369623,1/10/2021,4:38:02 PM,-9.7011940E+1,8.6201141E+1,3.8635911E+3,2.2767677E+1
13369624,1/10/2021,4:38:02 PM,-1.0930135E+2,8.8378342E+1,3.8635911E+3,2.2833958E+1
13369625,1/10/2021,4:38:02 PM,-1.1959574E+2,8.8432098E+1,3.8573408E+3,2.2900238E+1
13369626,1/10/2021,4:38:03 PM,-1.2645866E+2,8.6443047E+1,3.8662698E+3,2.2900238E+1
13369627,1/10/2021,4:38:03 PM,-1.3143295E+2,7.9320099E+1,3.8519834E+3,2.2966522E+1
13369628,1/10/2021,4:38:03 PM,-1.2792168E+2,6.9374847E+1,3.8600195E+3,2.2988613E+1
13369629,1/10/2021,4:38:03 PM,-1.2361240E+2,5.7736217E+1,3.8510906E+3,2.2988613E+1
13369630,1/10/2021,4:38:03 PM,-1.0847675E+2,4.1205597E+1,3.8484116E+3,2.3010708E+1
13369631,1/10/2021,4:38:03 PM,-9.4511490E+1,2.8626196E+1,3.8546621E+3,2.3032803E+1
13369632,1/10/2021,4:38:03 PM,-8.0439835E+1,1.6055264E+1,3.8475188E+3,2.3076992E+1
13369633,1/10/2021,4:38:03 PM,-6.2883522E+1,3.5171633E+0,3.8510906E+3,2.3099083E+1
13369634,1/10/2021,4:38:03 PM,-4.4608997E+1,-8.1153793E+0,3.8421614E+3,2.3099083E+1
13369635,1/10/2021,4:38:03 PM,-2.7052685E+1,-1.6847654E+1,3.8528762E+3,2.3143272E+1
13369636,1/10/2021,4:38:04 PM,-7.4918165E+0,-2.7389759E+1,3.8475188E+3,2.3143272E+1
13369637,1/10/2021,4:38:04 PM,3.8111875E+0,-3.0185181E+1,3.8555549E+3,2.3165367E+1
13369638,1/10/2021,4:38:04 PM,1.8599283E+1,-3.7576920E+1,3.8546621E+3,2.3165367E+1
13369639,1/10/2021,4:38:04 PM,2.9925535E+1,-4.5183697E+1,3.8546621E+3,2.3165367E+1
13369640,1/10/2021,4:38:04 PM,4.0459324E+1,-5.5155823E+1,3.8510906E+3,2.3143272E+1
13369641,1/10/2021,4:38:04 PM,5.0993114E+1,-6.2762600E+1,3.8537690E+3,2.3143272E+1
13369642,1/10/2021,4:38:04 PM,5.7669830E+1,-6.8138405E+1,3.8582336E+3,2.3165367E+1
13369643,1/10/2021,4:38:04 PM,6.4373154E+1,-7.6847229E+1,3.8528762E+3,2.3187458E+1
13369644,1/10/2021,4:38:04 PM,6.9852852E+1,-8.7518211E+1,3.8493047E+3,2.3165367E+1
13369645,1/10/2021,4:38:04 PM,7.1635078E+1,-9.6334541E+1,3.8448403E+3,2.3143272E+1
13369646,1/10/2021,4:38:05 PM,7.0438065E+1,-1.0208665E+2,3.8430542E+3,2.3143272E+1
13369647,1/10/2021,4:38:05 PM,6.8788834E+1,-1.0326933E+2,3.8457332E+3,2.3143272E+1
13369648,1/10/2021,4:38:05 PM,6.5171165E+1,-1.0291991E+2,3.8421614E+3,2.3143272E+1
13369649,1/10/2021,4:38:05 PM,5.8388042E+1,-9.6791489E+1,3.8457332E+3,2.3143272E+1
13369650,1/10/2021,4:38:05 PM,4.8359665E+1,-9.0931847E+1,3.8385896E+3,2.3143272E+1
13369651,1/10/2021,4:38:05 PM,4.0645527E+1,-8.1201630E+1,3.8403757E+3,2.3143272E+1
13369652,1/10/2021,4:38:05 PM,3.0058538E+1,-6.6525665E+1,3.8466260E+3,2.3099083E+1
13369653,1/10/2021,4:38:05 PM,1.8372976E+1,-5.0021923E+1,3.8457332E+3,2.3076992E+1
13369654,1/10/2021,4:38:05 PM,6.6602697E+0,-3.3303150E+1,3.8528762E+3,2.3054897E+1
13369655,1/10/2021,4:38:05 PM,-7.9470625E+0,-1.5265529E+1,3.8501978E+3,2.3032803E+1
13369656,1/10/2021,4:38:06 PM,-1.8333504E+1,5.7263619E-1,3.8564480E+3,2.3010708E+1
13369657,1/10/2021,4:38:06 PM,-2.9313723E+1,1.7775660E+1,3.8582336E+3,2.2966522E+1
13369658,1/10/2021,4:38:06 PM,-4.3305576E+1,3.4915894E+1,3.8635911E+3,2.2944427E+1
13369659,1/10/2021,4:38:06 PM,-5.6951618E+1,5.0129440E+1,3.8644841E+3,2.2988613E+1
13369660,1/10/2021,4:38:06 PM,-6.9799652E+1,6.1606800E+1,3.8653770E+3,2.3054897E+1
13369661,1/10/2021,4:38:06 PM,-7.7487183E+1,7.0396248E+1,3.8653770E+3,2.3054897E+1
13369662,1/10/2021,4:38:06 PM,-8.8872192E+1,7.7304169E+1,3.8635911E+3,2.3032803E+1
13369663,1/10/2021,4:38:06 PM,-9.5814911E+1,8.2464951E+1,3.8653770E+3,2.3032803E+1
13369664,1/10/2021,4:38:06 PM,-1.0267784E+2,8.4454002E+1,3.8644841E+3,2.3076992E+1
13369665,1/10/2021,4:38:06 PM,-1.0318324E+2,8.1577934E+1,3.8609124E+3,2.3121178E+1
13369666,1/10/2021,4:38:07 PM,-1.0049659E+2,7.4508751E+1,3.8582336E+3,2.3121178E+1
13369667,1/10/2021,4:38:07 PM,-9.4112488E+1,6.5531143E+1,3.8573408E+3,2.3187458E+1
13369668,1/10/2021,4:38:07 PM,-8.6690956E+1,5.6741688E+1,3.8528762E+3,2.3231647E+1
13369669,1/10/2021,4:38:07 PM,-7.8870415E+1,4.8059757E+1,3.8510906E+3,2.3253742E+1
13369670,1/10/2021,4:38:07 PM,-7.0092255E+1,4.1931332E+1,3.8582336E+3,2.3297928E+1
13369671,1/10/2021,4:38:07 PM,-5.7590031E+1,3.2012959E+1,3.8493047E+3,2.3320023E+1
13369672,1/10/2021,4:38:07 PM,-4.3544979E+1,2.3734207E+1,3.8546621E+3,2.3297928E+1
13369673,1/10/2021,4:38:07 PM,-2.8329506E+1,1.7145468E+1,3.8546621E+3,2.3275833E+1
13369674,1/10/2021,4:38:07 PM,-1.4952056E+1,1.1707738E+1,3.8564480E+3,2.3253742E+1
13369675,1/10/2021,4:38:07 PM,-4.8628502E+0,9.7985497E+0,3.8618052E+3,2.3165367E+1
13369676,1/10/2021,4:38:08 PM,3.4049585E-1,7.0756960E+0,3.8564480E+3,2.3165367E+1
13369677,1/10/2021,4:38:08 PM,9.2996416E+0,3.3746190E+0,3.8653770E+3,2.3143272E+1
13369678,1/10/2021,4:38:08 PM,1.8017727E+1,-3.8070569E+0,3.8564480E+3,2.3121178E+1
13369679,1/10/2021,4:38:08 PM,2.6627077E+1,-1.0798347E+1,3.8635911E+3,2.3099083E+1
13369680,1/10/2021,4:38:08 PM,3.3995407E+1,-1.9198244E+1,3.8582336E+3,2.3010708E+1
13369681,1/10/2021,4:38:08 PM,4.0086918E+1,-3.0480850E+1,3.8564480E+3,2.2988613E+1
13369682,1/10/2021,4:38:08 PM,4.4475994E+1,-4.1205597E+1,3.8537690E+3,2.2944427E+1
13369683,1/10/2021,4:38:08 PM,5.0780312E+1,-5.1930336E+1,3.8510906E+3,2.2922333E+1
13369684,1/10/2021,4:38:08 PM,5.6339809E+1,-6.0585396E+1,3.8519834E+3,2.2922333E+1
13369685,1/10/2021,4:38:08 PM,6.0968292E+1,-6.9993065E+1,3.8448403E+3,2.2922333E+1
13369686,1/10/2021,4:38:09 PM,6.3362335E+1,-7.5745178E+1,3.8439475E+3,2.2922333E+1
13369687,1/10/2021,4:38:09 PM,6.3282532E+1,-7.6363403E+1,3.8475188E+3,2.2900238E+1
13369688,1/10/2021,4:38:09 PM,6.3974144E+1,-7.7008499E+1,3.8475188E+3,2.2900238E+1
13369689,1/10/2021,4:38:09 PM,6.6687393E+1,-7.7035378E+1,3.8466260E+3,2.2900238E+1
13369690,1/10/2021,4:38:09 PM,6.2697323E+1,-7.2627213E+1,3.8493047E+3,2.2900238E+1
13369691,1/10/2021,4:38:09 PM,5.6233406E+1,-6.6149361E+1,3.8475188E+3,2.2900238E+1
13369692,1/10/2021,4:38:09 PM,5.0939911E+1,-5.8058762E+1,3.8528762E+3,2.2944427E+1
13369693,1/10/2021,4:38:09 PM,4.3997189E+1,-4.8919884E+1,3.8501978E+3,2.2966522E+1
13369694,1/10/2021,4:38:09 PM,3.4660419E+1,-3.7872589E+1,3.8582336E+3,2.2966522E+1
13369695,1/10/2021,4:38:09 PM,2.2237997E+1,-2.7981100E+1,3.8537690E+3,2.2966522E+1
13369696,1/10/2021,4:38:10 PM,7.9733772E+0,-1.8017632E+1,3.8564480E+3,2.2966522E+1
13369697,1/10/2021,4:38:10 PM,-1.1602184E+1,-7.0624008E+0,3.8564480E+3,2.2900238E+1
13369698,1/10/2021,4:38:10 PM,-2.8542311E+1,1.6400615E+0,3.8564480E+3,2.2833958E+1
13369699,1/10/2021,4:38:10 PM,-4.4901604E+1,1.0620192E+1,3.8609124E+3,2.2856052E+1
13369700,1/10/2021,4:38:10 PM,-6.6527794E+1,1.7778318E+1,3.8519834E+3,2.2856052E+1
13369701,1/10/2021,4:38:10 PM,-8.7010155E+1,2.3223505E+1,3.8519834E+3,2.2856052E+1
13369702,1/10/2021,4:38:10 PM,-1.0209264E+2,2.8411163E+1,3.8510906E+3,2.2811863E+1
13369703,1/10/2021,4:38:10 PM,-1.1355743E+2,3.4082645E+1,3.8510906E+3,2.2789772E+1
13369704,1/10/2021,4:38:10 PM,-1.2183018E+2,3.8060745E+1,3.8528762E+3,2.2811863E+1
13369705,1/10/2021,4:38:10 PM,-1.2382522E+2,3.8544567E+1,3.8475188E+3,2.2878147E+1
13369706,1/10/2021,4:38:11 PM,-1.2034055E+2,3.7953228E+1,3.8501978E+3,2.2878147E+1
13369707,1/10/2021,4:38:11 PM,-1.1009937E+2,3.5050289E+1,3.8510906E+3,2.2878147E+1
13369708,1/10/2021,4:38:11 PM,-9.5495712E+1,2.9217533E+1,3.8484116E+3,2.2900238E+1
13369709,1/10/2021,4:38:11 PM,-7.7380783E+1,2.3626690E+1,3.8528762E+3,2.2966522E+1
13369710,1/10/2021,4:38:11 PM,-5.8281647E+1,1.8748865E+1,3.8555549E+3,2.3076992E+1
13369711,1/10/2021,4:38:11 PM,-3.7001263E+1,9.5618954E+0,3.8501978E+3,2.3099083E+1
13369712,1/10/2021,4:38:11 PM,-1.8722963E+1,6.6023874E+0,3.8582336E+3,2.3165367E+1
13369713,1/10/2021,4:38:11 PM,-6.1576576E+0,5.0531192E+0,3.8582336E+3,2.3231647E+1
13369714,1/10/2021,4:38:11 PM,5.2242355E+0,3.4426877E+0,3.8582336E+3,2.3231647E+1
13369715,1/10/2021,4:38:11 PM,1.2694248E+1,3.4258707E+0,3.8600195E+3,2.3253742E+1
13369716,1/10/2021,4:38:12 PM,1.6244112E+1,4.5742340E+0,3.8600195E+3,2.3297928E+1
13369717,1/10/2021,4:38:12 PM,1.9170315E+1,6.5784564E+0,3.8618052E+3,2.3320023E+1
13369718,1/10/2021,4:38:12 PM,1.8462448E+1,8.2536488E+0,3.8582336E+3,2.3364208E+1
13369719,1/10/2021,4:38:12 PM,1.6062538E+1,1.0681349E+1,3.8635911E+3,2.3342117E+1
13369720,1/10/2021,4:38:12 PM,1.3612633E+1,1.0442037E+1,3.8618052E+3,2.3297928E+1
13369721,1/10/2021,4:38:12 PM,1.4078404E+1,6.3045754E+0,3.8582336E+3,2.3297928E+1
13369722,1/10/2021,4:38:12 PM,1.4702065E+1,4.8515379E-1,3.8573408E+3,2.3297928E+1
13369723,1/10/2021,4:38:12 PM,1.5223099E+1,-5.9535828E+0,3.8555549E+3,2.3253742E+1
13369724,1/10/2021,4:38:12 PM,1.7962465E+1,-1.2138501E+1,3.8546621E+3,2.3231647E+1
13369725,1/10/2021,4:38:12 PM,2.2158197E+1,-1.9389694E+1,3.8564480E+3,2.3165367E+1
13369726,1/10/2021,4:38:13 PM,2.5217251E+1,-2.5024403E+1,3.8537690E+3,2.3165367E+1
13369727,1/10/2021,4:38:13 PM,3.0377745E+1,-3.2658054E+1,3.8510906E+3,2.3121178E+1
13369728,1/10/2021,4:38:13 PM,3.1415163E+1,-3.6958702E+1,3.8493047E+3,2.3076992E+1
13369729,1/10/2021,4:38:13 PM,2.8941317E+1,-3.7308132E+1,3.8510906E+3,2.3076992E+1
13369730,1/10/2021,4:38:13 PM,2.5696058E+1,-3.4485832E+1,3.8528762E+3,2.3032803E+1
13369731,1/10/2021,4:38:13 PM,1.9704504E+1,-3.0507730E+1,3.8537690E+3,2.3032803E+1
13369732,1/10/2021,4:38:13 PM,1.2396891E+1,-2.6879057E+1,3.8546621E+3,2.3032803E+1
13369733,1/10/2021,4:38:13 PM,3.8579459E+0,-2.3008474E+1,3.8510906E+3,2.3032803E+1
13369734,1/10/2021,4:38:13 PM,-6.4444885E+0,-1.6839678E+1,3.8537690E+3,2.3032803E+1
13369735,1/10/2021,4:38:13 PM,-1.9138737E+1,-9.8995934E+0,3.8510906E+3,2.3076992E+1
13369736,1/10/2021,4:38:14 PM,-2.8169905E+1,-3.8486993E+0,3.8564480E+3,2.3076992E+1
13369737,1/10/2021,4:38:14 PM,-3.4687019E+1,-1.1807455E+0,3.8537690E+3,2.3099083E+1
13369738,1/10/2021,4:38:14 PM,-4.1204140E+1,1.0522661E+0,3.8564480E+3,2.3121178E+1
13369739,1/10/2021,4:38:14 PM,-4.6364628E+1,-5.7877067E-2,3.8501978E+3,2.3143272E+1
13369740,1/10/2021,4:38:14 PM,-4.8519268E+1,-1.4346577E+0,3.8510906E+3,2.3231647E+1
13369741,1/10/2021,4:38:14 PM,-4.6870037E+1,-2.0845120E+0,3.8546621E+3,2.3253742E+1
13369742,1/10/2021,4:38:14 PM,-3.9927315E+1,-7.0092196E+0,3.8510906E+3,2.3253742E+1
13369743,1/10/2021,4:38:14 PM,-3.0883154E+1,-1.2614470E+1,3.8537690E+3,2.3253742E+1
13369744,1/10/2021,4:38:14 PM,-2.2690207E+1,-1.8403191E+1,3.8457332E+3,2.3253742E+1
13369745,1/10/2021,4:38:14 PM,-1.7891417E+1,-2.0142202E+1,3.8475188E+3,2.3253742E+1
13369746,1/10/2021,4:38:15 PM,-1.4233663E+1,-1.7323624E+1,3.8493047E+3,2.3275833E+1
13369747,1/10/2021,4:38:15 PM,-1.0839056E+1,-1.3140959E+1,3.8546621E+3,2.3231647E+1
13369748,1/10/2021,4:38:15 PM,-8.2970486E+0,-8.2642851E+0,3.8537690E+3,2.3209553E+1
13369749,1/10/2021,4:38:15 PM,-9.7680454E+0,-3.3297734E+0,3.8528762E+3,2.3209553E+1
13369750,1/10/2021,4:38:15 PM,-1.3020552E+1,2.6602952E+0,3.8537690E+3,2.3143272E+1
13369751,1/10/2021,4:38:15 PM,-1.7633532E+1,1.0442037E+1,3.8573408E+3,2.3121178E+1
13369752,1/10/2021,4:38:15 PM,-2.1280380E+1,1.8086765E+1,3.8626982E+3,2.3076992E+1
13369753,1/10/2021,4:38:15 PM,-2.3754225E+1,2.2228981E+1,3.8618052E+3,2.3032803E+1
13369754,1/10/2021,4:38:15 PM,-2.3727625E+1,2.1960190E+1,3.8600195E+3,2.2988613E+1
13369755,1/10/2021,4:38:15 PM,-2.4818245E+1,2.1126940E+1,3.8582336E+3,2.2878147E+1
13369756,1/10/2021,4:38:16 PM,-2.3381817E+1,1.9001474E+1,3.8582336E+3,2.2856052E+1
13369757,1/10/2021,4:38:16 PM,-1.7886152E+1,1.5265529E+1,3.8600195E+3,2.2767677E+1
13369758,1/10/2021,4:38:16 PM,-1.0004877E+1,9.1098595E+0,3.8582336E+3,2.2613022E+1
13369759,1/10/2021,4:38:16 PM,-3.6122673E+0,2.3263569E+0,3.8564480E+3,2.2613022E+1
13369760,1/10/2021,4:38:16 PM,4.5973592E+0,-6.2115092E+0,3.8510906E+3,2.2568832E+1
13369761,1/10/2021,4:38:16 PM,9.8233061E+0,-1.0136247E+1,3.8537690E+3,2.2524647E+1
13369762,1/10/2021,4:38:16 PM,1.4091561E+1,-1.2691581E+1,3.8546621E+3,2.2524647E+1
13369763,1/10/2021,4:38:16 PM,1.8601915E+1,-1.4643314E+1,3.8564480E+3,2.2524647E+1
13369764,1/10/2021,4:38:16 PM,2.2849810E+1,-1.8411169E+1,3.8537690E+3,2.2546738E+1
13369765,1/10/2021,4:38:16 PM,2.2583803E+1,-2.0669994E+1,3.8510906E+3,2.2635113E+1
13369766,1/10/2021,4:38:17 PM,2.0175537E+1,-2.0253881E+1,3.8528762E+3,2.2635113E+1
13369767,1/10/2021,4:38:17 PM,1.8680861E+1,-1.6727999E+1,3.8573408E+3,2.2723488E+1
13369768,1/10/2021,4:38:17 PM,1.7975624E+1,-1.4233822E+1,3.8600195E+3,2.2833958E+1
13369769,1/10/2021,4:38:17 PM,1.5628345E+1,-1.4353479E+1,3.8582336E+3,2.2833958E+1
13369770,1/10/2021,4:38:17 PM,1.2683722E+1,-1.6765224E+1,3.8537690E+3,2.2856052E+1
13369771,1/10/2021,4:38:17 PM,8.8128185E+0,-1.6549843E+1,3.8546621E+3,2.2900238E+1
13369772,1/10/2021,4:38:17 PM,3.9657276E+0,-1.5252234E+1,3.8564480E+3,2.2988613E+1
13369773,1/10/2021,4:38:17 PM,-1.8528919E+0,-1.2962804E+1,3.8582336E+3,2.3076992E+1
13369774,1/10/2021,4:38:17 PM,-7.0628858E+0,-1.3109050E+1,3.8555549E+3,2.3076992E+1
13369775,1/10/2021,4:38:17 PM,-1.4420498E+1,-1.4792220E+1,3.8493047E+3,2.3099083E+1
13369776,1/10/2021,4:38:18 PM,-2.3940428E+1,-1.2986733E+1,3.8501978E+3,2.3121178E+1
13369777,1/10/2021,4:38:18 PM,-3.2425983E+1,-1.0436718E+1,3.8519834E+3,2.3121178E+1
13369778,1/10/2021,4:38:18 PM,-4.2028751E+1,-6.6449318E+0,3.8510906E+3,2.3143272E+1
13369779,1/10/2021,4:38:18 PM,-5.0594105E+1,-3.9375889E+0,3.8528762E+3,2.3143272E+1
13369780,1/10/2021,4:38:18 PM,-5.7350628E+1,-2.9646034E+0,3.8493047E+3,2.3121178E+1
13369781,1/10/2021,4:38:18 PM,-6.5729774E+1,-1.2775629E+0,3.8457332E+3,2.3121178E+1
13369782,1/10/2021,4:38:18 PM,-7.3098106E+1,3.1664078E+0,3.8501978E+3,2.3076992E+1
13369783,1/10/2021,4:38:18 PM,-7.8498001E+1,8.1393108E+0,3.8546621E+3,2.3032803E+1
13369784,1/10/2021,4:38:18 PM,-8.1158051E+1,9.5432816E+0,3.8510906E+3,2.3032803E+1
13369785,1/10/2021,4:38:18 PM,-8.3365891E+1,8.0542212E+0,3.8493047E+3,2.2988613E+1
13369786,1/10/2021,4:38:19 PM,-8.1902870E+1,6.7512937E+0,3.8501978E+3,2.2966522E+1
13369787,1/10/2021,4:38:19 PM,-7.6369965E+1,5.8365850E+0,3.8528762E+3,2.3010708E+1
13369788,1/10/2021,4:38:19 PM,-7.1927689E+1,4.1722269E+0,3.8537690E+3,2.3099083E+1
13369789,1/10/2021,4:38:19 PM,-6.7272606E+1,2.6698130E-1,3.8528762E+3,2.3099083E+1
13369790,1/10/2021,4:38:19 PM,-6.1686504E+1,-6.4322090E+0,3.8457332E+3,2.3209553E+1
13369791,1/10/2021,4:38:19 PM,-5.5116188E+1,-1.1276974E+1,3.8475188E+3,2.3320023E+1
13369792,1/10/2021,4:38:19 PM,-4.4608997E+1,-1.4808174E+1,3.8475188E+3,2.3342117E+1
13369793,1/10/2021,4:38:19 PM,-3.3995407E+1,-1.6858292E+1,3.8501978E+3,2.3430492E+1
13369794,1/10/2021,4:38:19 PM,-2.3727625E+1,-1.8086765E+1,3.8519834E+3,2.3452583E+1
13369795,1/10/2021,4:38:19 PM,-1.5728342E+1,-2.0190063E+1,3.8493047E+3,2.3474678E+1
13369796,1/10/2021,4:38:20 PM,-3.9387820E+0,-2.2659044E+1,3.8484116E+3,2.3496773E+1
13369797,1/10/2021,4:38:20 PM,1.1425876E+1,-2.3492296E+1,3.8528762E+3,2.3518867E+1
13369798,1/10/2021,4:38:20 PM,2.6520674E+1,-2.3142868E+1,3.8564480E+3,2.3518867E+1
13369799,1/10/2021,4:38:20 PM,3.8889896E+1,-2.1825794E+1,3.8582336E+3,2.3518867E+1
13369800,1/10/2021,4:38:20 PM,4.8545868E+1,-2.1906431E+1,3.8564480E+3,2.3474678E+1
13369801,1/10/2021,4:38:20 PM,5.8068840E+1,-2.1530125E+1,3.8582336E+3,2.3430492E+1
13369802,1/10/2021,4:38:20 PM,6.9294243E+1,-2.1315092E+1,3.8600195E+3,2.3320023E+1
13369803,1/10/2021,4:38:20 PM,7.7620186E+1,-1.8506895E+1,3.8600195E+3,2.3121178E+1
13369804,1/10/2021,4:38:20 PM,8.1849663E+1,-1.2797943E+1,3.8644841E+3,2.3099083E+1
13369805,1/10/2021,4:38:20 PM,8.2062469E+1,-8.1552649E+0,3.8618052E+3,2.3076992E+1
13369806,1/10/2021,4:38:21 PM,7.8524605E+1,-2.7932298E+0,3.8626982E+3,2.3032803E+1
13369807,1/10/2021,4:38:21 PM,7.4800537E+1,2.1469750E+0,3.8618052E+3,2.2944427E+1
13369808,1/10/2021,4:38:21 PM,6.9773048E+1,7.5330505E+0,3.8635911E+3,2.2833958E+1
13369809,1/10/2021,4:38:21 PM,6.1500298E+1,1.1768896E+1,3.8609124E+3,2.2833958E+1
13369810,1/10/2021,4:38:21 PM,5.0833511E+1,1.7980404E+1,3.8618052E+3,2.2811863E+1
13369811,1/10/2021,4:38:21 PM,4.0938133E+1,2.4056757E+1,3.8653770E+3,2.2789772E+1
13369812,1/10/2021,4:38:21 PM,3.2745186E+1,2.7954220E+1,3.8635911E+3,2.2767677E+1
13369813,1/10/2021,4:38:21 PM,2.3036013E+1,3.0776520E+1,3.8644841E+3,2.2723488E+1
13369814,1/10/2021,4:38:21 PM,1.2841611E+1,3.2174229E+1,3.8635911E+3,2.2723488E+1
13369815,1/10/2021,4:38:21 PM,1.3900651E+0,3.3168758E+1,3.8618052E+3,2.2745583E+1
13369816,1/10/2021,4:38:22 PM,-8.7680836E+0,3.3410667E+1,3.8635911E+3,2.2767677E+1
13369817,1/10/2021,4:38:22 PM,-1.7438801E+1,3.1072189E+1,3.8600195E+3,2.2745583E+1
13369818,1/10/2021,4:38:22 PM,-2.4312836E+1,2.8249889E+1,3.8626982E+3,2.2767677E+1
13369819,1/10/2021,4:38:22 PM,-3.3170792E+1,2.4271790E+1,3.8582336E+3,2.2767677E+1
13369820,1/10/2021,4:38:22 PM,-4.1230736E+1,1.7376804E+1,3.8546621E+3,2.2811863E+1
13369821,1/10/2021,4:38:22 PM,-5.0407906E+1,1.1540218E+1,3.8546621E+3,2.2856052E+1
13369822,1/10/2021,4:38:22 PM,-5.6925018E+1,4.2467022E+0,3.8528762E+3,2.2833958E+1
13369823,1/10/2021,4:38:22 PM,-6.2803722E+1,-4.3540111E+0,3.8493047E+3,2.2811863E+1
13369824,1/10/2021,4:38:22 PM,-6.6208580E+1,-1.3093096E+1,3.8493047E+3,2.2811863E+1
13369825,1/10/2021,4:38:22 PM,-7.1023270E+1,-2.0589357E+1,3.8457332E+3,2.2789772E+1
13369826,1/10/2021,4:38:23 PM,-7.1581886E+1,-2.9808876E+1,3.8421614E+3,2.2789772E+1
13369827,1/10/2021,4:38:23 PM,-7.5039948E+1,-3.5534111E+1,3.8421614E+3,2.2833958E+1
13369828,1/10/2021,4:38:23 PM,-7.5119743E+1,-4.0399223E+1,3.8394829E+3,2.2900238E+1
13369829,1/10/2021,4:38:23 PM,-7.3736519E+1,-4.4619236E+1,3.8421614E+3,2.2900238E+1
13369830,1/10/2021,4:38:23 PM,-7.0863670E+1,-4.7011471E+1,3.8403757E+3,2.2988613E+1
13369831,1/10/2021,4:38:23 PM,-6.9640045E+1,-4.7764084E+1,3.8394829E+3,2.3054897E+1
13369832,1/10/2021,4:38:23 PM,-6.7432205E+1,-4.6178219E+1,3.8430542E+3,2.3054897E+1
13369833,1/10/2021,4:38:23 PM,-6.2537724E+1,-4.3140888E+1,3.8448403E+3,2.3121178E+1
13369834,1/10/2021,4:38:23 PM,-5.7111217E+1,-3.9673489E+1,3.8457332E+3,2.3143272E+1
13369835,1/10/2021,4:38:23 PM,-5.2615742E+1,-3.6232971E+1,3.8466260E+3,2.3165367E+1
13369836,1/10/2021,4:38:24 PM,-4.6231628E+1,-3.1314102E+1,3.8493047E+3,2.3209553E+1
13369837,1/10/2021,4:38:24 PM,-4.0831730E+1,-2.8384285E+1,3.8519834E+3,2.3187458E+1
13369838,1/10/2021,4:38:24 PM,-3.6043644E+1,-2.6610268E+1,3.8510906E+3,2.3187458E+1
13369839,1/10/2021,4:38:24 PM,-3.2266376E+1,-2.4809370E+1,3.8510906E+3,2.3187458E+1
13369840,1/10/2021,4:38:24 PM,-2.8223104E+1,-2.3572933E+1,3.8501978E+3,2.3209553E+1
13369841,1/10/2021,4:38:24 PM,-2.3594622E+1,-2.0965666E+1,3.8528762E+3,2.3209553E+1
13369842,1/10/2021,4:38:24 PM,-2.0961174E+1,-1.7278418E+1,3.8519834E+3,2.3231647E+1
13369843,1/10/2021,4:38:24 PM,-1.8841379E+1,-1.3688719E+1,3.8537690E+3,2.3275833E+1
13369844,1/10/2021,4:38:24 PM,-1.6173061E+1,-1.1157317E+1,3.8501978E+3,2.3297928E+1
13369845,1/10/2021,4:38:24 PM,-1.3565268E+1,-7.6633434E+0,3.8501978E+3,2.3342117E+1
13369846,1/10/2021,4:38:25 PM,-9.2706947E+0,-2.7876241E+0,3.8528762E+3,2.3386303E+1
13369847,1/10/2021,4:38:25 PM,-4.3699083E+0,3.2120543E+0,3.8564480E+3,2.3364208E+1
13369848,1/10/2021,4:38:25 PM,9.9562049E-1,8.3334208E+0,3.8582336E+3,2.3364208E+1
13369849,1/10/2021,4:38:25 PM,6.7023735E+0,1.3529178E+1,3.8582336E+3,2.3364208E+1
13369850,1/10/2021,4:38:25 PM,1.1015366E+1,1.7278418E+1,3.8600195E+3,2.3364208E+1
13369851,1/10/2021,4:38:25 PM,1.6188850E+1,2.1718279E+1,3.8618052E+3,2.3342117E+1
13369852,1/10/2021,4:38:25 PM,2.1546387E+1,2.6072685E+1,3.8653770E+3,2.3342117E+1
13369853,1/10/2021,4:38:25 PM,2.4233034E+1,2.9540083E+1,3.8671626E+3,2.3297928E+1
13369854,1/10/2021,4:38:25 PM,2.7265490E+1,2.9378811E+1,3.8653770E+3,2.3297928E+1
13369855,1/10/2021,4:38:25 PM,2.9845734E+1,2.7120970E+1,3.8626982E+3,2.3231647E+1
13369856,1/10/2021,4:38:26 PM,3.1441761E+1,2.5642620E+1,3.8662698E+3,2.3187458E+1
13369857,1/10/2021,4:38:26 PM,3.4873222E+1,2.2417133E+1,3.8653770E+3,2.3143272E+1
13369858,1/10/2021,4:38:26 PM,3.5857445E+1,1.7203966E+1,3.8618052E+3,2.3054897E+1
13369859,1/10/2021,4:38:26 PM,3.5006226E+1,1.1838031E+1,3.8591267E+3,2.3032803E+1
13369860,1/10/2021,4:38:26 PM,3.2106777E+1,7.5091190E+0,3.8564480E+3,2.2900238E+1
13369861,1/10/2021,4:38:26 PM,2.8116703E+1,7.1315355E+0,3.8600195E+3,2.2767677E+1
13369862,1/10/2021,4:38:26 PM,2.2770008E+1,6.1264200E+0,3.8564480E+3,2.2767677E+1
13369863,1/10/2021,4:38:26 PM,1.4909952E+1,7.0384698E+0,3.8564480E+3,2.2723488E+1
13369864,1/10/2021,4:38:26 PM,6.6813216E+0,7.5942078E+0,3.8564480E+3,2.2723488E+1
13369865,1/10/2021,4:38:26 PM,-2.8744188E-1,8.1499462E+0,3.8546621E+3,2.2811863E+1
13369866,1/10/2021,4:38:27 PM,-7.0023618E+0,9.1018820E+0,3.8573408E+3,2.2878147E+1
13369867,1/10/2021,4:38:27 PM,-1.0925895E+1,8.7748203E+0,3.8573408E+3,2.2878147E+1
13369868,1/10/2021,4:38:27 PM,-1.2765298E+1,6.2673488E+0,3.8573408E+3,2.2922333E+1
13369869,1/10/2021,4:38:27 PM,-9.3259573E+0,5.9023935E-1,3.8555549E+3,2.2944427E+1
13369870,1/10/2021,4:38:27 PM,-6.7313194E+0,-4.5237832E+0,3.8546621E+3,2.3010708E+1
13369871,1/10/2021,4:38:27 PM,-3.7303517E+0,-8.9609528E+0,3.8564480E+3,2.3076992E+1
13369872,1/10/2021,4:38:27 PM,4.7431865E-1,-1.3529178E+1,3.8573408E+3,2.3054897E+1
13369873,1/10/2021,4:38:27 PM,3.3737214E+0,-2.0144861E+1,3.8564480E+3,2.3054897E+1
13369874,1/10/2021,4:38:27 PM,5.0942636E+0,-2.7255365E+1,3.8528762E+3,2.3054897E+1
13369875,1/10/2021,4:38:27 PM,6.0024004E+0,-3.4700863E+1,3.8493047E+3,2.2988613E+1
13369876,1/10/2021,4:38:28 PM,3.6788383E+0,-3.9727245E+1,3.8475188E+3,2.2944427E+1
13369877,1/10/2021,4:38:28 PM,-2.5312832E-1,-4.2818336E+1,3.8475188E+3,2.2944427E+1
13369878,1/10/2021,4:38:28 PM,-4.5656586E+0,-4.4323566E+1,3.8484116E+3,2.2900238E+1
13369879,1/10/2021,4:38:28 PM,-1.0370653E+1,-4.4323566E+1,3.8457332E+3,2.2878147E+1
13369880,1/10/2021,4:38:28 PM,-1.5520454E+1,-4.3812862E+1,3.8439475E+3,2.2856052E+1
13369881,1/10/2021,4:38:28 PM,-2.0774971E+1,-4.0022915E+1,3.8448403E+3,2.2833958E+1
13369882,1/10/2021,4:38:28 PM,-2.6733479E+1,-3.3034363E+1,3.8466260E+3,2.2856052E+1
13369883,1/10/2021,4:38:28 PM,-3.1228958E+1,-2.5938292E+1,3.8510906E+3,2.2922333E+1
13369884,1/10/2021,4:38:28 PM,-3.2159973E+1,-2.2739683E+1,3.8466260E+3,2.2922333E+1
13369885,1/10/2021,4:38:28 PM,-3.1521566E+1,-1.8387238E+1,3.8501978E+3,2.2966522E+1
13369886,1/10/2021,4:38:29 PM,-3.1361961E+1,-1.1316859E+1,3.8528762E+3,2.3010708E+1
13369887,1/10/2021,4:38:29 PM,-3.2319580E+1,-4.7231851E+0,3.8546621E+3,2.3010708E+1
13369888,1/10/2021,4:38:29 PM,-3.3011192E+1,1.5423626E+0,3.8564480E+3,2.3010708E+1
13369889,1/10/2021,4:38:29 PM,-3.0670349E+1,3.5660129E+0,3.8564480E+3,2.3032803E+1
13369890,1/10/2021,4:38:29 PM,-2.6946283E+1,4.3532100E+0,3.8546621E+3,2.3054897E+1
13369891,1/10/2021,4:38:29 PM,-2.7584696E+1,7.4346657E+0,3.8564480E+3,2.3076992E+1
13369892,1/10/2021,4:38:29 PM,-2.9978737E+1,1.1760918E+1,3.8582336E+3,2.3054897E+1
13369893,1/10/2021,4:38:29 PM,-3.6336250E+1,1.7140148E+1,3.8582336E+3,2.3032803E+1
13369894,1/10/2021,4:38:29 PM,-4.3278973E+1,2.0831268E+1,3.8564480E+3,2.3032803E+1
13369895,1/10/2021,4:38:29 PM,-4.9476887E+1,2.3895481E+1,3.8555549E+3,2.3032803E+1
13369896,1/10/2021,4:38:30 PM,-5.5754601E+1,2.7389759E+1,3.8564480E+3,2.3054897E+1
13369897,1/10/2021,4:38:30 PM,-6.3654938E+1,3.1314102E+1,3.8573408E+3,2.3054897E+1
13369898,1/10/2021,4:38:30 PM,-7.1954285E+1,3.3571945E+1,3.8564480E+3,2.3054897E+1
13369899,1/10/2021,4:38:30 PM,-7.5199547E+1,3.1099070E+1,3.8546621E+3,2.3054897E+1
13369900,1/10/2021,4:38:30 PM,-7.3098106E+1,2.6207081E+1,3.8537690E+3,2.3054897E+1
13369901,1/10/2021,4:38:30 PM,-6.8709030E+1,2.0669994E+1,3.8564480E+3,2.3076992E+1
13369902,1/10/2021,4:38:30 PM,-6.4399750E+1,1.4765630E+1,3.8537690E+3,2.3076992E+1
13369903,1/10/2021,4:38:30 PM,-6.0675686E+1,7.3947802E+0,3.8528762E+3,2.3121178E+1
13369904,1/10/2021,4:38:30 PM,-5.4131966E+1,-1.0044471E+0,3.8510906E+3,2.3121178E+1
13369905,1/10/2021,4:38:30 PM,-4.7269043E+1,-9.2959919E+0,3.8457332E+3,2.3165367E+1
13369906,1/10/2021,4:38:31 PM,-4.0326321E+1,-1.3611608E+1,3.8510906E+3,2.3231647E+1
13369907,1/10/2021,4:38:31 PM,-3.5591434E+1,-1.4489090E+1,3.8510906E+3,2.3253742E+1
13369908,1/10/2021,4:38:31 PM,-3.2798386E+1,-1.7326283E+1,3.8528762E+3,2.3342117E+1
13369909,1/10/2021,4:38:31 PM,-3.3942207E+1,-2.0171452E+1,3.8430542E+3,2.3386303E+1
13369910,1/10/2021,4:38:31 PM,-2.9606331E+1,-2.3089109E+1,3.8448403E+3,2.3320023E+1
13369911,1/10/2021,4:38:31 PM,-1.5730973E+1,-2.2847198E+1,3.8528762E+3,2.3253742E+1
13369912,1/10/2021,4:38:31 PM,-3.9300644E+0,-2.1207577E+1,3.8546621E+3,2.3253742E+1
13369913,1/10/2021,4:38:31 PM,6.1023965E+0,-2.2766562E+1,3.8546621E+3,2.3231647E+1
13369914,1/10/2021,4:38:31 PM,1.8720331E+1,-2.6529631E+1,3.8537690E+3,2.3209553E+1
13369915,1/10/2021,4:38:31 PM,3.1654566E+1,-3.1851685E+1,3.8528762E+3,2.3121178E+1
13369916,1/10/2021,4:38:32 PM,4.8732071E+1,-3.6421124E+1,3.8528762E+3,2.2966522E+1
13369917,1/10/2021,4:38:32 PM,6.6048393E+1,-3.8571102E+1,3.8600540E+3,2.2988613E+1
13369918,1/10/2021,4:38:32 PM,8.2540535E+1,-4.1178345E+1,3.8600540E+3,2.2988613E+1
13369919,1/10/2021,4:38:32 PM,9.3021027E+1,-4.5478954E+1,3.8600540E+3,2.2966522E+1
13369920,1/10/2021,4:38:32 PM,1.0214491E+2,-5.0290264E+1,3.8546965E+3,2.2922333E+1
13369921,1/10/2021,4:38:32 PM,1.0900777E+2,-5.2682480E+1,3.8564827E+3,2.2878147E+1
13369922,1/10/2021,4:38:32 PM,1.1326382E+2,-5.1123508E+1,3.8564827E+3,2.2900238E+1
13369923,1/10/2021,4:38:32 PM,1.1193379E+2,-4.5586472E+1,3.8618401E+3,2.2944427E+1
13369924,1/10/2021,4:38:32 PM,1.0424633E+2,-3.9404343E+1,3.8627329E+3,2.2944427E+1
13369925,1/10/2021,4:38:32 PM,9.0015198E+1,-3.7845371E+1,3.8475535E+3,2.2944427E+1
13369926,1/10/2021,4:38:33 PM,7.8816498E+1,-3.1394455E+1,3.8546965E+3,2.2966522E+1
13369927,1/10/2021,4:38:33 PM,7.0676834E+1,-2.0992355E+1,3.8600540E+3,2.2944427E+1
13369928,1/10/2021,4:38:33 PM,5.2907875E+1,-9.3331165E+0,3.8564827E+3,2.2878147E+1
13369929,1/10/2021,4:38:33 PM,3.4766510E+1,2.5201130E+0,3.8618401E+3,2.2833958E+1
13369930,1/10/2021,4:38:33 PM,2.5217024E+1,1.0154750E+1,3.8573755E+3,2.2811863E+1
13369931,1/10/2021,4:38:33 PM,1.2012565E+1,1.4358642E+1,3.8546965E+3,2.2723488E+1
13369932,1/10/2021,4:38:33 PM,6.6680918E+0,2.1664326E+1,3.8564827E+3,2.2701397E+1
13369933,1/10/2021,4:38:33 PM,-9.6889954E+0,3.3706036E+1,3.8716619E+3,2.2657207E+1
13369934,1/10/2021,4:38:33 PM,-3.3862103E+1,4.5962776E+1,3.8564827E+3,2.2635113E+1
13369935,1/10/2021,4:38:33 PM,-5.6046696E+1,5.1069748E+1,3.8564827E+3,2.2635113E+1
13369936,1/10/2021,4:38:34 PM,-6.6048393E+1,5.6176727E+1,3.8618401E+3,2.2613022E+1
13369937,1/10/2021,4:38:34 PM,-7.6076675E+1,6.3649036E+1,3.8654116E+3,2.2613022E+1
13369938,1/10/2021,4:38:34 PM,-9.0334404E+1,6.7492706E+1,3.8636257E+3,2.2767677E+1
13369939,1/10/2021,4:38:34 PM,-1.1576423E+2,7.2707199E+1,3.8546965E+3,2.2833958E+1
13369940,1/10/2021,4:38:34 PM,-1.3265538E+2,7.5395073E+1,3.8671973E+3,2.2856052E+1
13369941,1/10/2021,4:38:34 PM,-1.4449249E+2,7.1013832E+1,3.8502319E+3,2.3010708E+1
13369942,1/10/2021,4:38:34 PM,-1.4693971E+2,6.3030819E+1,3.8555894E+3,2.3054897E+1
13369943,1/10/2021,4:38:34 PM,-1.5332378E+2,5.7977608E+1,3.8529109E+3,2.3054897E+1
13369944,1/10/2021,4:38:34 PM,-1.5829800E+2,4.9725811E+1,3.8511248E+3,2.3054897E+1
13369945,1/10/2021,4:38:34 PM,-1.5824481E+2,3.7818493E+1,3.8457676E+3,2.3143272E+1
13369946,1/10/2021,4:38:35 PM,-1.4667371E+2,2.4836027E+1,3.8439817E+3,2.3320023E+1
13369947,1/10/2021,4:38:35 PM,-1.2914415E+2,1.0875341E+1,3.8466604E+3,2.3342117E+1
13369948,1/10/2021,4:38:35 PM,-1.0959298E+2,-2.3415349E+0,3.8439817E+3,2.3408398E+1
13369949,1/10/2021,4:38:35 PM,-9.9564690E+1,-1.2840347E+1,3.8430889E+3,2.3474678E+1
13369950,1/10/2021,4:38:35 PM,-8.9908798E+1,-1.8987974E+1,3.8413030E+3,2.3496773E+1
13369951,1/10/2021,4:38:35 PM,-7.4214661E+1,-2.8625938E+1,3.8439817E+3,2.3540958E+1
13369952,1/10/2021,4:38:35 PM,-5.2296066E+1,-3.2926548E+1,3.8520181E+3,2.3540958E+1
13369953,1/10/2021,4:38:35 PM,-3.1893684E+1,-4.4538197E+1,3.8475535E+3,2.3452583E+1
13369954,1/10/2021,4:38:35 PM,-1.7507030E+1,-5.2064270E+1,3.8448745E+3,2.3430492E+1
13369955,1/10/2021,4:38:35 PM,-7.4522638E+0,-5.6445515E+1,3.8457676E+3,2.3408398E+1
13369956,1/10/2021,4:38:36 PM,3.1304461E-1,-5.6606785E+1,3.8493391E+3,2.3386303E+1
13369957,1/10/2021,4:38:36 PM,1.8541189E+1,-5.8407665E+1,3.8564827E+3,2.3364208E+1
13369958,1/10/2021,4:38:36 PM,3.7399933E+1,-6.3568398E+1,3.8538037E+3,2.3253742E+1
13369959,1/10/2021,4:38:36 PM,5.0620247E+1,-7.0960075E+1,3.8457676E+3,2.3187458E+1
